source_object_id,permit_number,date_of_permit_issuance,estimated_project_value,work_type,primary_work_scope,permit_status,community,district,net_new_units,number_of_storeys,type_of_structure,latitude,longitude
1,BPRES-2022-11543,2022-09-13,500000,New Building,New Building,Completed,HEAD OF CHEZZETCOOK,District 02,1,1,Dwelling - Single Detached,44.74653224916645,-63.237872678413055
2,BPCOM-2024-11686,2025-09-03,10000,New Building,New Building,Completed,HALIFAX,District 09,0,2,Accessory Structure,44.64442176198298,-63.62378610783741
3,BPRES-2024-12070,2025-03-10,350000,New Building,New Building,Amendment Applicant Revisions,EAST PETPESWICK,District 02,1,1,Dwelling - Single Detached,44.700359962956696,-63.145418723442255
4,BPCOM-2021-10846,,90000,Renovation,Renovation,Withdrawn,HALIFAX,District 08,0,3,Commercial,44.666071745523354,-63.61443667427447
5,BPRES-2021-17583,2021-12-01,120000,New Building,New Building,Issued,WELLINGTON,District 01,1,3,Dwelling - Single Detached,44.8990631551204,-63.62374729097356
6,BPRES-2023-12340,2023-10-04,1100000,New Building,New Building,Completed,HEAD OF CHEZZETCOOK,District 02,4,1,Dwelling - Townhouse,44.754207535824115,-63.23315920056453
7,BPRES-2025-10564,2025-08-12,735000,New Building,New Building,Completed,FALL RIVER,District 01,1,2,Dwelling - Single Detached,44.836830699217614,-63.643849868234206
8,BP-2021-04479,2021-03-30,375000,New Building,New Building,Completed,MIDDLE SACKVILLE,District 14,1,2,Dwelling - Single Detached,44.78735393379536,-63.74275200344525
9,BPCOM-2023-02744,2023-03-30,40000,Renovation,Renovation,Expired,HALIFAX,District 11,0,1,Commercial,44.59410970063679,-63.63911984370211
10,BPCOM-2026-03805,2026-05-01,150000,Renovation,Renovation,Issued,WESTPHAL,District 04,0,1,Commercial,44.70509876780222,-63.4496445064686
11,BPRES-2022-04195,2022-05-02,219100,Renovation,Renovation,Completed,HALIFAX,District 08,0,1,Dwelling - Single Detached,44.66813163661252,-63.612967056339166
12,BPRES-2023-03954,2023-06-22,20000,Addition,Addition,Expired,DARTMOUTH,District 05,0,2,Dwelling - Single Detached,44.67123114172632,-63.58098350937029
13,BPRES-2024-03970,2024-04-16,60000,New Building,New Building,Expired,EAST LAWRENCETOWN,District 02,0,1,Accessory Structure,44.65418539313267,-63.34022328063946
14,BPRES-2025-02460,2025-02-27,250000,New Building,New Building,Completed,BEECHVILLE,District 12,1,3,Dwelling - Single Detached,44.639066279794605,-63.681276055362126
15,BPRES-2026-00092,,20000,Renovation,Renovation,Application Incomplete,TERENCE BAY,District 13,0,1,Accessory Structure,44.46369295218445,-63.72099067729344
16,BP-2021-01856,2021-02-26,150000,Renovation,Renovation,Expired (Closed),HALIFAX,District 07,0,1,Commercial,44.64384331054259,-63.58029407392168
17,BP-2021-07215,2021-05-19,375000,New Building,New Building,Completed,MIDDLE SACKVILLE,District 14,1,1,Dwelling - Single Detached,44.7867814029062,-63.766188591721885
18,BPCOM-2022-05232,,340000,New Building,New Building,Withdrawn,DARTMOUTH,District 06,0,2,Commercial,44.69643031933263,-63.594307756795004
19,BPCOM-2023-16193,2024-01-11,40000,Renovation,Renovation,Completed,LOWER SACKVILLE,District 15,0,1,Commercial,44.77180517627832,-63.69509574671013
20,BPCOM-2025-07991,2026-04-15,7000000,New Building,New Building,Issued,HALIFAX,District 10,0,2,Institutional and Governmental,44.67032139188415,-63.64862172576427
21,BPRES-2021-13383,2021-08-23,425000,New Building,New Building,Completed,MIDDLE SACKVILLE,District 14,1,2,Dwelling - Single Detached,44.79068615553283,-63.76617406650804
22,BPRES-2022-01225,2022-03-17,300000,New Building,New Building,Completed,TIMBERLEA,District 12,1,3,Dwelling - Single Detached,44.64015246111085,-63.721727919076926
23,BPRES-2022-07916,,82000,New Building,New Building,Withdrawn,,District 01,1,1,Dwelling - Single Detached,44.93497791968403,-63.49659001594762
24,BPRES-2022-15416,2023-01-27,67000,New Building,New Building,Expired,WAVERLEY,District 01,1,2,Dwelling - Backyard Suite,44.782272587961565,-63.59248524616501
25,BPRES-2023-08053,2024-04-05,60000,New Building,New Building,Completed,RIVER LAKE,District 02,1,1,Dwelling - Seasonal,44.92390947977502,-62.74544940993426
26,BPRES-2023-16373,2024-03-18,700000,New Building,New Building,Completed,BEDFORD,District 16,1,2,Dwelling - Single Detached,44.720652554286524,-63.71756149354174
27,BPRES-2024-07687,,90000,New Building,New Building,Withdrawn,WEST DOVER,District 13,0,2,Accessory Structure,44.49307941165518,-63.87181058314614
28,BPRES-2024-17077,,250000,Addition,Addition,Applicant Revisions,DARTMOUTH,District 03,2,2,Dwelling - Multiple Units,44.6642035194943,-63.54609986012296
29,BPRES-2025-06384,2026-01-26,50000,New Building,New Building,Completed,DARTMOUTH,District 06,2,3,Dwelling - Semi-Detached,44.714085258343616,-63.539417717757935
30,BPRES-2025-14976,2026-05-26,9000,Renovation,Renovation,Issued,HALIFAX,District 09,1,2,Dwelling - Multiple Units,44.64837459685214,-63.59588690443603
31,BPRES-2026-04144,2026-06-12,400000,New Building,New Building,Issued,UPPER TANTALLON,District 13,1,3,Dwelling - Single Detached,44.69442995060911,-63.88190225368967
32,BP-2021-00603,2021-01-22,180000,New Building,New Building,Completed,MIDDLE SACKVILLE,District 14,1,2,Dwelling - Single Detached,44.781785579591926,-63.748903855617954
33,BP-2021-05982,2021-04-20,2000,Renovation,Renovation,Expired,DARTMOUTH,District 03,0,1,Dwelling - Single Detached,44.6656032835218,-63.54129870338368
34,BP-2021-08749,2021-06-17,30000,New Building,New Building,Completed,HEAD OF ST MARGARETS BAY,District 13,0,1,Accessory Structure,44.67094237469761,-63.918977023101164
35,BPCOM-2021-19241,,900000,Renovation,Renovation,Applicant Revisions,HALIFAX,District 09,0,2,Commercial,44.64456804856731,-63.61829827347219
36,BPCOM-2022-12674,2022-10-24,300000,Renovation,Renovation,Completed,DARTMOUTH,District 06,0,1,Commercial,44.702325673140116,-63.56429052094754
37,BPCOM-2023-09948,2023-09-19,35000,Renovation,Renovation,Expired,LOWER SACKVILLE,District 15,0,1,Commercial,44.758844372095425,-63.66836308427226
38,BPCOM-2024-05976,2024-05-24,30000,Renovation,Renovation,Completed,PORTERS LAKE,District 02,0,1,Commercial,44.7427789750993,-63.27980364660476
39,BPCOM-2025-01421,2025-03-06,40000,Renovation,Renovation,Completed,HALIFAX,District 08,0,8,Mixed Use - Residential & Other Use(s),44.661916025421164,-63.59744163976179
40,BPCOM-2025-16123,2025-10-31,209405,Renovation,Renovation,Completed,DARTMOUTH,District 05,0,2,Commercial,44.665018321337655,-63.56975704658656
41,BPRES-2021-11261,2021-06-25,450000,New Building,New Building,Completed,BEAVER BANK,District 15,1,2,Dwelling - Single Detached,44.81474750507468,-63.696744891283956
42,BPRES-2021-15721,2021-10-14,16000,New Building,New Building,Expired (Closed),HALIFAX,District 08,0,1,Accessory Structure,44.663851841376186,-63.59479398978238
43,BPRES-2021-19656,2022-08-10,400000,New Building,New Building,Completed,BOUTILIERS POINT,District 13,1,2,Dwelling - Single Detached,44.674107030911166,-63.927231121863876
44,BPRES-2022-02843,2022-04-21,200000,New Building,New Building,Completed,BEECHVILLE,District 12,1,3,Dwelling - Single Detached,44.63847099975497,-63.68077970796554
45,BPRES-2022-05916,2022-05-16,40000,New Building,New Building,Completed,MIDDLE SACKVILLE,District 14,0,1,Accessory Structure,44.803550892975714,-63.73783471980768
46,BPRES-2022-09662,2022-08-04,200000,New Building,New Building,Completed,EAST PENNANT,District 11,1,2,Dwelling - Backyard Suite,44.46381682179589,-63.635749279022285
47,BPRES-2022-13449,2022-10-14,490000,New Building,New Building,Completed,BEDFORD,District 16,1,2,Dwelling - Single Detached,44.70585199096138,-63.72129727005634
48,BPRES-2023-01878,2023-11-14,800000,New Building,New Building,Issued,HALIFAX,District 11,4,2,Dwelling - Multiple Units,44.62400723395196,-63.619706120061466
49,BPRES-2023-06145,2023-07-25,230000,Renovation,Renovation,Expired,MIDDLE SACKVILLE,District 14,0,1,Dwelling - Single Detached,44.80123517974788,-63.73700438509463
50,BPRES-2023-10267,2023-08-04,10500,Renovation,Renovation,Completed,HALIFAX,District 11,0,2,Dwelling - Single Detached,44.6071039957073,-63.602297903772346
51,BPRES-2023-14283,2024-01-15,45000,New Building,New Building,Issued,PROSPECT BAY,District 13,0,1,Accessory Structure,44.50797035974365,-63.77980515682817
52,BPRES-2024-02044,2024-05-10,291000,Addition,Addition,Completed,BEAVER BANK,District 15,0,2,Dwelling - Single Detached,44.8560719368504,-63.68499837788377
53,BPRES-2024-05741,2024-05-13,35000,New Building,New Building,Completed,UPPER HAMMONDS PLAINS,District 14,0,1,Accessory Structure,44.745364519597466,-63.822846831729784
54,BPRES-2024-09665,2024-07-23,15871,Renovation,Renovation,Completed,DARTMOUTH,District 06,0,1,Dwelling - Single Detached,44.68763892004272,-63.538683748575515
55,BPRES-2024-15237,2025-08-07,3000,Renovation,Renovation,Issued,HALIFAX,District 07,0,2,Dwelling - Single Detached,44.62396154705991,-63.57377488916391
56,BPRES-2025-00290,2025-09-03,680000,New Building,New Building,Issued,,District 02,6,1,Dwelling - Townhouse,44.75066882081569,-63.29687412921254
57,BPRES-2025-04571,2025-04-17,100000,New Building,New Building,Completed,LUCASVILLE,District 14,0,2,Accessory Structure,44.75891995334493,-63.749689534411395
58,BPRES-2025-08424,2025-06-05,40000,New Building,New Building,Issued,BROOKSIDE,District 13,0,1,Accessory Structure,44.531667929116864,-63.71044574818629
59,BPRES-2025-12805,2025-12-18,375000,New Building,New Building,Issued,FALL RIVER,District 01,1,1,Dwelling - Single Detached,44.82109893809082,-63.616594145571675
60,BPRES-2025-16967,2025-12-08,400000,New Building,New Building,Issued,MIDDLE SACKVILLE,District 14,1,2,Dwelling - Single Detached,44.79518525974702,-63.75449417807844
61,BPRES-2026-02375,2026-03-06,700000,New Building,New Building,Issued,HAMMONDS PLAINS,District 14,1,2,Dwelling - Single Detached,44.69428036156861,-63.79803816373263
62,BPRES-2026-06298,2026-06-24,28000,New Building,New Building,Issued,DARTMOUTH,District 06,0,1,Accessory Structure,44.706702079243165,-63.546201246817134
63,BP-2020-00593,2021-02-03,75000,New Building,New Building,Completed,HUBLEY,District 13,1,1,Dwelling - Single Detached,44.681048703950125,-63.82448432340363
64,BP-2021-01133,2021-03-05,180003,Addition,Addition,Expired,DARTMOUTH,District 05,0,2,Dwelling - Single Detached,44.683701905433225,-63.5621277143999
65,BP-2021-02528,,800000,New Building,New Building,Withdrawn,MIDDLE SACKVILLE,District 14,0,3,Commercial,44.777416919257696,-63.73322808706184
66,BP-2021-03838,2021-08-25,22100,Addition,Addition,Expired (Closed),UPPER TANTALLON,District 13,0,1,Commercial,44.68866967010135,-63.883655701208376
67,BP-2021-05092,2021-12-16,1000000,New Building,New Building,Completed,LOWER SACKVILLE,District 15,0,1,Commercial,44.7753645849725,-63.696100899643206
68,BP-2021-06575,2022-01-14,25000,New Building,New Building,Completed,DARTMOUTH,District 03,0,1,Accessory Structure,44.662581966489704,-63.507635569772596
69,BP-2021-07969,,28000,Renovation,Renovation,Withdrawn,UPPER TANTALLON,District 13,1,3,Dwelling - Single Detached,44.73036236107354,-63.88663535154684
70,BP-2021-09460,2021-06-25,60000,Renovation,Renovation,Completed,HALIFAX,District 11,1,2,Dwelling - Multiple Units,44.6160786755619,-63.619798707417765
71,BPCOM-2021-15018,2021-10-04,35000,Renovation,Renovation,Completed,HALIFAX,District 09,0,15,Commercial,44.64812268837553,-63.60444247316049
72,BPCOM-2022-01942,2023-10-26,120000,New Building,New Building,Completed,HAMMONDS PLAINS,District 14,0,1,Accessory Structure,44.725934175814565,-63.748752104185165
73,BPCOM-2022-09255,,1600000,New Building,New Building,Withdrawn,DARTMOUTH,District 05,3,2,Dwelling - Multiple Units,44.665794517670534,-63.55956710178893
74,BPCOM-2022-15838,2023-01-10,75000,Renovation,Renovation,Completed,HALIFAX,District 07,0,3,Commercial,44.644602087679004,-63.57971982979965
75,BPCOM-2023-05984,2023-05-17,13525,Renovation,Renovation,Completed,SEAFORTH,District 02,0,1,Commercial,44.66936871456202,-63.25574881088257
76,BPCOM-2023-13873,2023-11-01,503970,Renovation,Renovation,Completed,DARTMOUTH,District 03,0,1,Commercial,44.66688051356636,-63.54885060662835
77,BPCOM-2024-02267,2024-04-12,550000,New Building,New Building,Completed,HALIFAX,District 11,6,2,Dwelling - Multiple Units,44.60210501811543,-63.611887680411755
78,BPCOM-2024-07997,2024-07-29,580000,New Building,New Building,Completed,DARTMOUTH,District 06,0,1,Commercial,44.68841244509001,-63.597703005532246
79,BPCOM-2024-16927,2025-01-17,8800000,New Building,New Building,Issued,LOWER SACKVILLE,District 15,44,5,Dwelling - Multiple Units,44.752547223163646,-63.662490626635474
80,BPCOM-2025-03626,2025-07-04,1000000,Renovation,Renovation,Completed,DARTMOUTH,District 05,0,1,Commercial,44.67942850107609,-63.58349029232841
81,BPCOM-2025-12621,2025-08-27,350000,Renovation,Renovation,Completed,HALIFAX,District 08,0,10,Commercial,44.658343562106154,-63.60322178206833
82,BPCOM-2026-00374,,80000,Renovation,Renovation,Withdrawn,HALIFAX,District 07,0,22,Mixed Use - Residential & Other Use(s),44.64386987195683,-63.56984458600852
83,BPCOM-2026-07955,,500000,Renovation,Renovation,Submitted,DARTMOUTH,District 05,0,2,Commercial,44.68656042112191,-63.55952448193897
84,BPRES-2021-12359,2021-08-13,40000,New Building,New Building,Expired,WEST CHEZZETCOOK,District 02,0,1,Accessory Structure,44.72604341394606,-63.26656506373151
85,BPRES-2021-14512,2021-10-20,234000,New Building,New Building,Completed,BEDFORD,District 16,1,2,Dwelling - Backyard Suite,44.7031723346302,-63.70938121187818
86,BPRES-2021-16820,,40000,Addition,Addition,Amendment Applicant Revisions,TANTALLON,District 13,0,1,Dwelling - Seasonal,44.67759023081248,-63.895939104461824
87,BPRES-2021-18665,2021-12-08,12000,New Building,New Building,Completed,LANTZ,District 01,0,1,Accessory Structure,44.977897071622145,-63.47408292762221
88,BPRES-2022-00300,2022-01-14,36565,Renovation,Renovation,Completed,HALIFAX,District 12,0,2,Dwelling - Single Detached,44.6664421800863,-63.664694210609085
89,BPRES-2022-02090,2022-03-17,250000,New Building,New Building,Completed,BEECHVILLE,District 12,1,2,Dwelling - Single Detached,44.637322117623405,-63.679030777995784
90,BPRES-2022-03434,2022-03-25,400000,New Building,New Building,Completed,MIDDLE SACKVILLE,District 14,1,2,Dwelling - Single Detached,44.78883745022041,-63.74135790591074
91,BPRES-2022-05148,2022-05-12,8500,Renovation,Renovation,Completed,TIMBERLEA,District 12,1,3,Dwelling - Multiple Units,44.64188145850474,-63.70568139877423
92,BPRES-2022-06767,2022-06-06,150000,Addition,Addition,Expired,ENFIELD,District 01,0,2,Dwelling - Single Detached,44.928360675429566,-63.53164431327557
93,BPRES-2022-08749,2022-06-28,30100,Renovation,Renovation,Completed,LAWRENCETOWN,District 02,0,2,Dwelling - Single Detached,44.64961493055038,-63.40430939712018
94,BPRES-2022-10579,2023-01-23,85000,New Building,New Building,Completed,LOWER SACKVILLE,District 15,0,2,Accessory Structure,44.76417739170997,-63.63791573794555
95,BPRES-2022-12576,2023-03-20,330000,New Building,New Building,Completed,TIMBERLEA,District 12,1,3,Dwelling - Single Detached,44.639871872367245,-63.72178078701806
96,BPRES-2022-14364,2022-11-09,5000,New Building,New Building,Completed,FLETCHERS LAKE,District 01,0,1,Accessory Structure,44.84433717786696,-63.60193702568406
97,BPRES-2023-00710,2023-01-27,113865,Renovation,Renovation,Expired,HALIFAX,District 07,0,2,Dwelling - Single Detached,44.62663682100079,-63.57683645133167
98,BPRES-2023-02887,2023-04-20,600000,New Building,New Building,Completed,LOWER SACKVILLE,District 15,1,1,Dwelling - Single Detached,44.75766415745806,-63.684989750811305
99,BPRES-2023-05029,2023-05-09,250000,Addition,Addition,Expired,HAMMONDS PLAINS,District 14,0,2,Dwelling - Single Detached,44.76769465231365,-63.76945998470684
100,BPRES-2023-06994,,160000,New Building,New Building,Application Incomplete,,District 02,1,1,Dwelling - Single Detached,44.943021891237414,-62.26364125531362
101,BPRES-2023-08950,2023-11-07,72500,Addition,Addition,Completed,LAWRENCETOWN,District 02,1,1,Dwelling - Multiple Units,44.68710019824455,-63.39943120637814
102,BPRES-2023-11429,2023-08-30,425000,New Building,New Building,Completed,HUBLEY,District 13,1,1,Dwelling - Single Detached,44.670685319358064,-63.82178280908707
103,BPRES-2023-13218,2023-10-12,400000,New Building,New Building,Completed,HALIFAX,District 11,4,2,Dwelling - Semi-Detached,44.60094476480313,-63.60512399568898
104,BPRES-2023-15319,2024-01-22,775000,New Building,New Building,Completed,HAMMONDS PLAINS,District 14,1,2,Dwelling - Single Detached,44.72254729152527,-63.83360898036793
105,BPRES-2024-00854,2024-01-26,150000,Renovation,Renovation,Completed,LOWER SACKVILLE,District 15,0,2,Dwelling - Multiple Units,44.76499996104856,-63.68210423295168
106,BPRES-2024-03153,2024-04-09,265000,New Building,New Building,Completed,EAST SHIP HARBOUR,District 02,1,1,Dwelling - Single Detached,44.777304736513116,-62.77902637890484
107,BPRES-2024-04838,2024-04-24,500000,New Building,New Building,Completed,BEECHVILLE,District 12,2,2,Dwelling - Semi-Detached,44.639863982343655,-63.67852566027336
108,BPRES-2024-06753,2024-06-17,7000,New Building,New Building,Completed,LEWIS LAKE,District 13,1,2,Dwelling - Single Detached,44.679384756811324,-63.83350350788922
109,BPRES-2024-08604,2025-06-02,150000,New Building,New Building,Completed,DARTMOUTH,District 03,1,2,Dwelling - Backyard Suite,44.6652217902339,-63.53999066937383
110,BPRES-2024-10761,2024-09-09,299000,New Building,New Building,Completed,COLE HARBOUR,District 04,2,1,Dwelling - Single Detached,44.658137828792064,-63.455986180273584
111,BPRES-2024-13749,2024-12-05,137000,Renovation,Renovation,Completed,LOWER SACKVILLE,District 15,1,1,Dwelling - Backyard Suite,44.77865753352579,-63.686358066355325
112,BPRES-2024-16202,2024-11-26,700000,New Building,New Building,Completed,MIDDLE SACKVILLE,District 14,1,2,Dwelling - Single Detached,44.80256406317024,-63.76538415374711
113,BPRES-2024-18232,2024-12-20,209000,New Building,New Building,Issued,DUNCANS COVE,District 11,0,1,Accessory Structure,44.49602979542013,-63.52550624403131
114,BPRES-2025-01363,2025-05-16,286000,New Building,New Building,Completed,BEAVER BANK,District 15,1,1,Dwelling - Single Detached,44.83632433747058,-63.66153961476289
115,BPRES-2025-03643,2025-05-21,450000,New Building,New Building,Issued,OSTREA LAKE,District 02,1,2,Dwelling - Single Detached,44.757335141676876,-63.10612294299823
116,BPRES-2025-05453,2025-05-06,198000,Addition,Addition,Completed,LAKE LOON,District 04,0,1,Dwelling - Single Detached,44.70891118028248,-63.48504642963357
117,BPRES-2025-07457,2025-05-26,23000,Renovation,Renovation,Completed,MIDDLE SACKVILLE,District 14,1,2,Dwelling - Multiple Units,44.792574140805506,-63.712561836469845
118,BPRES-2025-09460,2025-08-06,382000,New Building,New Building,Completed,,District 02,1,1,Dwelling - Backyard Suite,44.72490622964744,-63.23104687754933
119,BPRES-2025-11830,2025-08-18,400000,New Building,New Building,Issued,HALIFAX,District 11,4,3,Dwelling - Multiple Units,44.58664726070412,-63.5887556860014
120,BPRES-2025-13918,2025-09-17,350000,New Building,New Building,Issued,DARTMOUTH,District 06,2,3,Dwelling - Semi-Detached,44.713711844045854,-63.53987284401951
121,BPRES-2025-15977,2025-10-22,375000,New Building,New Building,Issued,FALL RIVER,District 01,1,2,Dwelling - Single Detached,44.840470774552,-63.64136164962753
122,BPRES-2025-18108,,5000,Renovation,Renovation,Applicant Revisions,DARTMOUTH,District 05,1,3,Dwelling - Multiple Units,44.68610934343934,-63.58353504122579
123,BPRES-2026-01287,2026-03-09,500000,New Building,New Building,Issued,BEDFORD,District 16,1,3,Dwelling - Single Detached,44.70965725292719,-63.72634282851633
124,BPRES-2026-03191,,20000,Renovation,Renovation,Application Incomplete,EASTERN PASSAGE,District 03,1,2,Dwelling - Multiple Units,44.62562748619983,-63.51272553524135
125,BPRES-2026-05181,,70000,New Building,New Building,Applicant Revisions,WHITES LAKE,District 13,0,1,Accessory Structure,44.54351137446391,-63.73885468379963
126,BPRES-2026-07542,,50000,Addition,Addition,In Review,HAMMONDS PLAINS,District 14,0,2,Dwelling - Single Detached,44.72405203488428,-63.82214117476142
127,BP-2020-00283,2021-01-19,31000,Addition,Addition,Expired (Closed),COLE HARBOUR,District 04,0,1,Dwelling - Single Detached,44.648887952688234,-63.46677775086221
128,BP-2021-00279,2021-09-28,10439629,New Building,New Building,Completed,HALIFAX,District 08,92,12,Mixed Use - Residential & Other Use(s),44.65613129771794,-63.59982635322202
129,BP-2021-00833,2021-02-10,10000,New Building,New Building,Cancelled,LOWER SACKVILLE,District 15,0,1,Accessory Structure,44.77811009328242,-63.68771012881632
130,BP-2021-01533,2021-02-23,28700,Renovation,Renovation,Completed,WELLINGTON,District 01,0,1,Dwelling - Single Detached,44.86465856625577,-63.61598220052856
131,BP-2021-02142,2021-02-23,450000,New Building,New Building,Completed,BEDFORD,District 16,1,2,Dwelling - Single Detached,44.70292364311553,-63.7177323535899
132,BP-2021-02865,2021-03-05,350000,New Building,New Building,Completed,UPPER TANTALLON,District 13,1,2,Dwelling - Single Detached,44.70412106720298,-63.88922857001702
133,BP-2021-03491,2021-03-23,500000,New Building,New Building,Completed,MONTAGUE GOLD MINES,District 01,1,2,Dwelling - Single Detached,44.72464230972395,-63.52412207894702
134,BP-2021-04230,2021-06-09,250000,New Building,New Building,Completed,HALIFAX,District 11,2,3,Dwelling - Semi-Detached,44.6010065029411,-63.60151620636814
135,BP-2021-04773,2021-04-09,6000,New Building,New Building,Completed,LUCASVILLE,District 14,0,1,Accessory Structure,44.764848504478344,-63.716435905217025
136,BP-2021-05586,,41500,New Building,New Building,Applicant Revisions,COW BAY,District 03,0,1,Accessory Structure,44.620752326572436,-63.442826682749576
137,BP-2021-06228,2021-05-06,630000,New Building,New Building,Completed,BEDFORD,District 16,1,2,Dwelling - Single Detached,44.7044627622407,-63.71093861004966
138,BP-2021-06919,2022-08-18,37500,Addition,Addition,Issued,HUBLEY,District 13,1,2,Dwelling - Semi-Detached,44.677089370714796,-63.815900669016656
139,BP-2021-07563,2021-06-29,120000,Addition,Addition,Completed,HAMMONDS PLAINS,District 14,0,2,Dwelling - Single Detached,44.738759712180666,-63.80039605912332
140,BP-2021-08397,2021-10-06,5000,Renovation,Renovation,Completed,DARTMOUTH,District 05,0,2,Commercial,44.682296996113045,-63.59640279614357
141,BP-2021-09186,2023-10-26,17286648,New Building,New Building,Issued,DARTMOUTH,District 05,103,12,Dwelling - Multiple Units,44.672691681840114,-63.59162368835915
142,BP-2021-09948,2021-06-25,106000,New Building,New Building,Completed,MIDDLE SACKVILLE,District 14,0,1,Accessory Structure,44.78232457856171,-63.75447255611646
143,BPCOM-2021-12879,2021-08-10,175000,Renovation,Renovation,Completed,BEDFORD,District 16,0,1,Commercial,44.696047105383656,-63.689574004280416
144,BPCOM-2021-17142,2021-11-29,10000,Renovation,Renovation,Expired (Closed),HALIFAX,District 09,0,1,Commercial,44.649368575944415,-63.61874247106554
145,BPCOM-2022-00129,2022-02-04,63000,Renovation,Renovation,Completed,DARTMOUTH,District 05,0,3,Commercial,44.666297319359415,-63.569186544964545
146,BPCOM-2022-03658,2022-05-04,353000,Renovation,Renovation,Completed,DARTMOUTH,District 06,0,1,Commercial,44.69737772483023,-63.56364339220288
147,BPCOM-2022-07462,2022-06-27,30000,Renovation,Renovation,Expired,HALIFAX,District 11,0,1,Commercial,44.62362795833286,-63.61927663250155
148,BPCOM-2022-10862,2022-09-15,80000,Renovation,Renovation,Expired,HALIFAX,District 07,0,17,Commercial,44.648913137170794,-63.573131087533255
149,BPCOM-2022-14284,2022-12-20,341080,Renovation,Renovation,Completed,HALIFAX,District 07,0,9,Commercial,44.647297148804824,-63.57684441289074
150,BPCOM-2023-01100,2023-03-31,12864303.26,New Building,New Building,Issued,DARTMOUTH,District 06,176,6,Mixed Use - Residential & Other Use(s),44.67343034334863,-63.54058916033984
151,BPCOM-2023-03953,2023-11-09,99821132.85,New Building,New Building,Issued,HALIFAX,District 07,462,21,Mixed Use - Residential & Other Use(s),44.645176808228285,-63.571415720517095
152,BPCOM-2023-08005,2023-08-08,85000,Renovation,Renovation,Completed,HAMMONDS PLAINS,District 14,0,1,Commercial,44.728049278595066,-63.74950387572457
153,BPCOM-2023-11975,2023-10-11,100000,Renovation,Renovation,Completed,BEDFORD,District 16,0,2,Commercial,44.716515972343345,-63.70681589808718
154,BPCOM-2023-15274,2023-11-29,2224000,Renovation,Renovation,Completed,HALIFAX,District 09,0,3,Commercial,44.649368575944415,-63.61874247106554
155,BPCOM-2024-00681,2024-01-26,260000,Renovation,Renovation,Completed,DARTMOUTH,District 06,0,1,Commercial,44.69783067202637,-63.563675212453205
156,BPCOM-2024-04325,2024-04-18,41000,Renovation,Renovation,Completed,SHAD BAY,District 13,0,2,Institutional and Governmental,44.5218299293384,-63.776421123961974
157,BPCOM-2024-06741,2025-03-04,350000,New Building,New Building,Issued,HAMMONDS PLAINS,Unidentified,1,1,Mixed Use - Residential & Other Use(s),44.72530224921251,-63.74092918383541
158,BPCOM-2024-09664,2024-09-04,129000,New Building,New Building,Completed,HAMMONDS PLAINS,District 14,0,1,Accessory Structure,44.732159042555125,-63.80676177826914
159,BPCOM-2024-15054,2024-10-24,208939.87,Renovation,Renovation,Completed,HALIFAX,District 07,0,16,Commercial,44.64966610556248,-63.57564691094759
160,BPCOM-2024-18851,2025-01-06,52000,Renovation,Renovation,Completed,HALIFAX,District 07,0,7,Commercial,44.64340647269803,-63.57650149878513
161,BPCOM-2025-02767,2025-05-28,67650,Renovation,Renovation,Issued,HALIFAX,District 08,0,2,Institutional and Governmental,44.652821030827866,-63.58656093960488
162,BPCOM-2025-05004,2025-06-30,1000000,Renovation,Renovation,Amendment Review,HALIFAX,District 07,0,3,Mixed Use - Residential & Other Use(s),44.64029103611846,-63.5875114006309
163,BPCOM-2025-10310,2025-08-14,323500,Renovation,Renovation,Issued,HALIFAX,District 09,0,12,Dwelling - Multiple Units,44.632044907556,-63.633897037773195
164,BPCOM-2025-14602,,70000,Addition,Addition,Withdrawn,HALIFAX,District 11,2,3,Dwelling - Multiple Units,44.60958254240611,-63.61625840707493
165,BPCOM-2025-17935,2025-12-08,20000,Renovation,Renovation,Completed,BEDFORD,District 16,0,4,Mixed Use - Residential & Other Use(s),44.719261163581116,-63.67127402848263
166,BPCOM-2026-01619,,45000000,New Building,New Building,Applicant Revisions,,District 15,424,4,Mixed Use - Residential & Other Use(s),44.81701636697849,-63.681614419967005
167,BPCOM-2026-05515,2026-05-20,6000,Renovation,Renovation,Issued,HALIFAX,District 08,0,2,Commercial,44.651165631403956,-63.58303656406624
168,BPRES-2021-10607,2022-01-21,600000,New Building,New Building,Completed,HALIFAX,District 11,2,2,Dwelling - Semi-Detached,44.61810285078784,-63.617903718320605
169,BPRES-2021-11847,2021-09-08,700000,New Building,New Building,Amendment Applicant Revisions,EAST PETPESWICK,District 02,1,3,Dwelling - Single Detached,44.693621413329694,-63.14993803214328
170,BPRES-2021-12961,2022-11-01,20000,New Building,New Building,Completed,CONROD SETTLEMENT,District 02,0,1,Accessory Structure,44.76648247204703,-63.236798622952215
171,BPRES-2021-14017,2021-09-08,20000,Renovation,Renovation,Completed,HALIFAX,District 11,0,2,Dwelling - Single Detached,44.62659195289071,-63.59608740493234
172,BPRES-2021-15143,2021-10-19,402000,New Building,New Building,Completed,,District 13,1,2,Dwelling - Single Detached,44.66267504731725,-63.96793568019195
173,BPRES-2021-16338,2021-11-02,30000,Addition,Addition,Completed,FALL RIVER,District 01,0,1,Dwelling - Single Detached,44.791881835336056,-63.61942995937361
174,BPRES-2021-17203,2021-11-08,400000,New Building,New Building,Completed,BEDFORD,District 16,1,2,Dwelling - Single Detached,44.704956446536656,-63.716567201368186
175,BPRES-2021-18012,2021-11-16,675000,New Building,New Building,Completed,BEDFORD,District 16,1,3,Dwelling - Single Detached,44.70394568072134,-63.71730504984958
176,BPRES-2021-19121,2021-12-13,32000,New Building,New Building,Expired (Closed),SEABRIGHT,District 13,0,1,Accessory Structure,44.62574125229648,-63.92383752769038
177,BPRES-2021-20190,2022-01-14,450000,New Building,New Building,Completed,WHITES LAKE,District 11,1,1,Dwelling - Single Detached,44.51562470321932,-63.746440172755385
178,BPRES-2022-00765,,16500,Renovation,Renovation,Withdrawn,EASTERN PASSAGE,District 03,1,2,Dwelling - Single Detached,44.62489559290553,-63.50802598379322
179,BPRES-2022-01614,2022-03-03,120000,Addition,Addition,Expired,HAMMONDS PLAINS,District 14,0,2,Dwelling - Single Detached,44.74491110100877,-63.79512498855108
180,BPRES-2022-02414,2022-04-27,750000,New Building,New Building,Cancelled,HALIFAX,District 11,1,2,Dwelling - Single Detached,44.61445283924494,-63.5753690182227
181,BPRES-2022-02995,2022-04-06,71000,New Building,New Building,Expired,MILL LAKE,District 01,0,1,Accessory Structure,45.12507757346294,-62.905089549470226
182,BPRES-2022-03822,2022-04-11,170000,New Building,New Building,Completed,HUBLEY,District 13,1,1,Dwelling - Single Detached,44.67935254609275,-63.80780243705468
183,BPRES-2022-04681,2022-07-07,85000,Addition,Addition,Expired,DARTMOUTH,District 06,0,1,Dwelling - Single Detached,44.72628550731608,-63.539773202001896
184,BPRES-2022-05546,2022-05-02,200000,New Building,New Building,Issued,TIMBERLEA,District 12,1,3,Dwelling - Single Detached,44.63910298219539,-63.72187526798269
185,BPRES-2022-06371,,55000,Addition,Addition,Application Incomplete,UPPER SACKVILLE,District 14,0,1,Dwelling - Single Detached,44.82436361730261,-63.75854585218874
186,BPRES-2022-07329,2022-06-14,35000,New Building,New Building,Completed,DARTMOUTH,District 06,0,1,Accessory Structure,44.72792234562012,-63.5437203637696
187,BPRES-2022-08294,2022-08-19,15000,Renovation,Renovation,Completed,HALIFAX,District 07,0,2,Dwelling - Single Detached,44.62793884574399,-63.57735777688424
188,BPRES-2022-09139,2022-07-20,400000,New Building,New Building,Completed,PORTERS LAKE,District 02,1,1,Dwelling - Single Detached,44.75214970286763,-63.33782309589594
189,BPRES-2022-10124,,50000,New Building,New Building,Withdrawn,WEST PORTERS LAKE,District 02,1,1,Dwelling - Single Detached,44.68878903595779,-63.30977280197957
190,BPRES-2022-11054,2022-08-25,680000,New Building,New Building,Completed,HAMMONDS PLAINS,District 14,1,2,Dwelling - Single Detached,44.71070659337335,-63.7696502917574
191,BPRES-2022-12041,2023-07-12,15000,Renovation,Renovation,Completed,HALIFAX,District 11,1,2,Dwelling - Multiple Units,44.59101674312366,-63.599510537107506
192,BPRES-2022-13103,2022-10-21,42000,New Building,New Building,Expired,PROSPECT,District 13,0,1,Accessory Structure,44.476525770793614,-63.78002358250363
193,BPRES-2022-13824,2023-10-12,11795327,New Building,New Building,Issued,HAMMONDS PLAINS,District 14,105,3,Dwelling - Multiple Units,44.74324008807364,-63.803837467442186
194,BPRES-2022-14880,2022-11-25,400000,Renovation,Renovation,Completed,WILLIAMSWOOD,District 11,0,2,Dwelling - Single Detached,44.53774036935277,-63.642766037935445
195,BPRES-2023-00054,,60500,New Building,New Building,Withdrawn,BEDFORD,District 16,1,1,Dwelling - Backyard Suite,44.706681711997845,-63.665887643338536
196,BPRES-2023-01192,2025-08-07,35000,Addition,Addition,Issued,HARRIETSFIELD,District 11,0,2,Dwelling - Single Detached,44.56333646396723,-63.638623786276156
197,BPRES-2023-02450,,700000,New Building,New Building,Withdrawn,FALL RIVER,District 01,1,1,Dwelling - Single Detached,44.82608263996672,-63.63956365373893
198,BPRES-2023-03516,2024-11-19,608000,New Building,New Building,Issued,HALIFAX,District 11,4,3,Dwelling - Multiple Units,44.61577774013249,-63.62095392239779
199,BPRES-2023-04451,2023-08-03,110500,New Building,New Building,Completed,HALIFAX,District 09,1,2,Dwelling - Backyard Suite,44.648948823768656,-63.60023128442157
200,BPRES-2023-05635,2023-05-17,1105000,New Building,New Building,Completed,BEDFORD,District 16,1,2,Dwelling - Single Detached,44.70727767931559,-63.701381388980636
201,BPRES-2023-06590,2023-06-28,50000,New Building,New Building,Completed,BEAVER BANK,District 15,0,2,Accessory Structure,44.810005226596694,-63.681172072526444
202,BPRES-2023-07613,2023-07-20,35000,Addition,Addition,Expired,GRAND LAKE,District 01,0,1,Dwelling - Single Detached,44.8935150520348,-63.58639291583744
203,BPRES-2023-08637,2023-07-14,400000,New Building,New Building,Completed,HALIFAX,District 11,3,3,Dwelling - Multiple Units,44.586218066598654,-63.58779524726457
204,BPRES-2023-09826,2023-08-16,25000,New Building,New Building,Expired,HACKETTS COVE,District 13,0,1,Accessory Structure,44.57297375645958,-63.92687031143158
205,BPRES-2023-10942,,36000,Renovation,Renovation,Withdrawn,DARTMOUTH,District 05,-35,4,Dwelling - Multiple Units,44.66769361516129,-63.556170854054095
206,BPRES-2023-11861,2023-10-17,470000,New Building,New Building,Completed,COW BAY,District 03,1,1,Dwelling - Single Detached,44.62544035493202,-63.4427303616495
207,BPRES-2023-12845,2023-11-21,12225488,New Building,New Building,Issued,UPPER HAMMONDS PLAINS,District 14,46,2,Dwelling - Townhouse,44.74806436000856,-63.812560598787144
208,BPRES-2023-13761,,35000,New Building,New Building,Applicant Revisions,ELDERBANK,District 01,1,1,Dwelling - Single Detached,44.96631246574896,-63.261464271801586
209,BPRES-2023-14832,2023-11-29,130000,Renovation,Renovation,Completed,HALIFAX,District 08,1,3,Dwelling - Multiple Units,44.66394712259573,-63.60563498702959
210,BPRES-2023-15879,2024-03-15,726100,New Building,New Building,Completed,HAMMONDS PLAINS,District 14,2,2,Dwelling - Multiple Units,44.72016194921792,-63.83499653451718
211,BPRES-2024-00312,2024-01-31,275000,New Building,New Building,Completed,HALIFAX,District 11,4,3,Dwelling - Semi-Detached,44.5933096565026,-63.602257670700595
212,BPRES-2024-01503,2024-03-07,35000,New Building,New Building,Expired,MIDDLE SACKVILLE,District 14,0,1,Accessory Structure,44.802990566538924,-63.73775108248127
213,BPRES-2024-02548,2024-03-22,500000,New Building,New Building,Completed,BEDFORD,District 16,1,3,Dwelling - Single Detached,44.70741844210144,-63.72553099857605
214,BPRES-2024-03498,2024-05-02,88000,Addition,Addition,Issued,HALIFAX,District 09,0,3,Dwelling - Single Detached,44.64517162793205,-63.59157862671329
215,BPRES-2024-04261,2024-10-28,11500,Addition,Addition,Completed,WHITES LAKE,District 13,0,1,Dwelling - Single Detached,44.519859115453094,-63.75438102718641
216,BPRES-2024-05314,2024-05-15,575000,New Building,New Building,Completed,FALL RIVER,District 01,1,2,Dwelling - Single Detached,44.83602020787363,-63.63097310626141
217,BPRES-2024-06257,2024-05-27,575000,New Building,New Building,Completed,BEDFORD,District 16,1,3,Dwelling - Single Detached,44.70808093511708,-63.72106688166614
218,BPRES-2024-07247,2024-10-17,5000,Renovation,Renovation,Completed,HALIFAX,District 08,2,2,Dwelling - Multiple Units,44.667107788032475,-63.61138612747721
219,BPRES-2024-08288,2024-07-19,200000,New Building,New Building,Issued,MCGRATHS COVE,District 13,1,1,Dwelling - Single Detached,44.51063159348259,-63.85368889489465
220,BPRES-2024-09076,2024-08-02,500000,New Building,New Building,Completed,HALIFAX,District 11,4,2,Dwelling - Semi-Detached,44.60228993117769,-63.603290904600534
221,BPRES-2024-10157,2024-09-09,3000,Addition,Addition,Completed,BEDFORD,District 16,0,2,Dwelling - Single Detached,44.72458719347187,-63.64706752984426
222,BPRES-2024-11478,2024-09-24,166000,Renovation,Renovation,Issued,HALIFAX,District 09,0,2,Dwelling - Single Detached,44.643003863141516,-63.59115991109639
223,BPRES-2024-12793,2024-11-14,280000,New Building,New Building,Amendment Application Incomplete,WAVERLEY,District 01,1,2,Dwelling - Backyard Suite,44.77860543535367,-63.59540594133898
224,BPRES-2024-14536,2024-10-09,675000,New Building,New Building,Completed,BEDFORD,District 16,1,2,Dwelling - Single Detached,44.70858767181306,-63.721166880327786
225,BPRES-2024-15660,2024-11-25,90400,Renovation,Renovation,Issued,HALIFAX,District 08,0,2,Dwelling - Multiple Units,44.65086623886144,-63.5958492609304
226,BPRES-2024-16712,2024-11-18,584000,New Building,New Building,Issued,HALIFAX,District 11,4,2,Dwelling - Multiple Units,44.60274212632483,-63.60397705653575
227,BPRES-2024-17764,2024-12-18,4000,Renovation,Renovation,Completed,LAWRENCETOWN,District 02,0,1,Dwelling - Single Detached,44.656159000836226,-63.36140374758545
228,BPRES-2024-18803,2025-01-15,250000,New Building,New Building,Completed,HEAD OF CHEZZETCOOK,District 02,1,1,Dwelling - Single Detached,44.740013230962,-63.25271659753559
229,BPRES-2025-00816,2025-02-28,430000,New Building,New Building,Issued,WHITES LAKE,District 13,1,1,Dwelling - Single Detached,44.52995723247819,-63.762009148657974
230,BPRES-2025-01760,2025-03-11,325000,New Building,New Building,Completed,MUSQUODOBOIT HARBOUR,District 02,1,2,Dwelling - Single Detached,44.819198046280476,-63.191695730154734
231,BPRES-2025-03038,2025-03-24,750000,New Building,New Building,Issued,DARTMOUTH,District 06,2,2,Dwelling - Semi-Detached,44.714641658339,-63.538189615465704
232,BPRES-2025-04058,2025-04-11,650000,New Building,New Building,Completed,DARTMOUTH,District 06,1,3,Dwelling - Single Detached,44.71331799681873,-63.54445910436503
233,BPRES-2025-05070,2025-04-17,150000,Addition,Addition,Completed,PORTERS LAKE,District 02,0,1,Dwelling - Single Detached,44.73236575427716,-63.29507635098099
234,BPRES-2025-05835,2025-05-22,9000,Renovation,Renovation,Completed,WESTPHAL,District 04,1,2,Dwelling - Multiple Units,44.69458137535023,-63.491366156453864
235,BPRES-2025-06850,2025-10-06,30000,Renovation,Renovation,Issued,MIDDLE SACKVILLE,District 14,1,1,Dwelling - Multiple Units,44.77756163439983,-63.704133430734316
236,BPRES-2025-08013,2025-06-05,90000,New Building,New Building,Issued,UPPER TANTALLON,District 13,0,1,Accessory Structure,44.71965410641999,-63.876748767513924
237,BPRES-2025-08943,2025-06-23,250000,New Building,New Building,Issued,BEAVER BANK,District 15,1,2,Dwelling - Single Detached,44.84573249428636,-63.66794465705123
238,BPRES-2025-10086,,10000,New Building,New Building,Cancelled,HATCHET LAKE,District 13,1,1,Dwelling - Single Detached,44.58488581482697,-63.70334024265283
239,BPRES-2025-11283,2025-08-06,40000,New Building,New Building,Issued,BEAVER BANK,District 15,0,1,Accessory Structure,44.83682855161296,-63.66064987837463
240,BPRES-2025-12272,2025-08-19,43982,Renovation,Renovation,Completed,HALIFAX,District 07,0,2,Dwelling - Single Detached,44.6279905530733,-63.57718555864436
241,BPRES-2025-13371,2025-09-23,240000,New Building,New Building,Issued,TIMBERLEA,District 12,1,2,Dwelling - Single Detached,44.644514172239674,-63.72528379869315
242,BPRES-2025-14509,2025-09-17,50000,New Building,New Building,Issued,LAKE EGMONT,District 01,0,1,Accessory Structure,44.99122096193891,-63.29936182467985
243,BPRES-2025-15552,2025-10-21,30000,New Building,New Building,Completed,LAWRENCETOWN,District 02,0,1,Accessory Structure,44.700026934906276,-63.40653593708559
244,BPRES-2025-16380,2026-02-17,700000,New Building,New Building,Amendment Review,HERRING COVE,District 11,2,3,Dwelling - Semi-Detached,44.57970285905239,-63.575232732164835
245,BPRES-2025-17494,,25000,Renovation,Renovation,Applicant Revisions,HALIFAX,District 10,1,3,Dwelling - Multiple Units,44.66103633474058,-63.634001460752906
246,BPRES-2025-18758,2026-04-07,25000,Renovation,Renovation,Completed,HALIFAX,District 09,1,2,Dwelling - Single Detached,44.64754517475797,-63.60875758238557
247,BPRES-2026-00617,2026-01-27,250000,Addition,Addition,Issued,HALIFAX,District 09,0,2,Dwelling - Single Detached,44.64939420896553,-63.61147768068476
248,BPRES-2026-01819,2026-02-26,450000,New Building,New Building,Issued,BEDFORD,District 16,1,3,Dwelling - Single Detached,44.70945675956017,-63.72697379498229
249,BPRES-2026-02897,2026-03-17,52900,New Building,New Building,Issued,MIDDLE SACKVILLE,District 14,0,1,Accessory Structure,44.79480560248601,-63.75403542317718
250,BPRES-2026-03666,2026-04-09,425000,New Building,New Building,Issued,EASTERN PASSAGE,District 03,1,2,Dwelling - Single Detached,44.62127061434688,-63.45772749632458
251,BPRES-2026-04617,2026-05-22,600000,New Building,New Building,Issued,WEST CHEZZETCOOK,District 02,1,2,Dwelling - Single Detached,44.71694196452347,-63.28790163791094
252,BPRES-2026-05749,,15000,Renovation,Renovation,Applicant Revisions,LAWRENCETOWN,District 02,0,1,Dwelling - Single Detached,44.648109083666746,-63.40942007201405
253,BPRES-2026-06924,2026-06-12,600000,New Building,New Building,Issued,HALIFAX,District 11,4,3,Dwelling - Semi-Detached,44.59840573450449,-63.60022050504024
254,BPRES-2026-08218,,70000,Renovation,Renovation,In Review,HALIFAX,District 09,2,2,Dwelling - Multiple Units,44.63926262349892,-63.628487980908695
255,BP-2020-00116,,24800,New Building,New Building,Withdrawn,FALL RIVER,District 01,0,1,Accessory Structure,44.81975056303445,-63.6127991179957
256,BP-2020-00472,2021-02-10,24762,Renovation,Renovation,Completed,COLE HARBOUR,District 04,1,2,Dwelling - Single Detached,44.67746267831607,-63.50236962997597
257,BP-2021-00072,2021-02-09,250000,New Building,New Building,Completed,HALIFAX,District 16,1,2,Dwelling - Single Detached,44.695754376672454,-63.67633084480003
258,BP-2021-00444,2021-03-29,95500,Addition,Addition,Completed,,District 01,0,2,Dwelling - Single Detached,44.89776516460348,-63.58716682099386
259,BP-2021-00721,2021-11-25,17000000,New Building,New Building,Completed,DARTMOUTH,District 03,90,10,Dwelling - Multiple Units,44.66867351425253,-63.53759005686093
260,BP-2021-00959,2021-02-03,425000,New Building,New Building,Completed,BEDFORD,District 16,1,3,Dwelling - Single Detached,44.70306288682174,-63.71647844369824
261,BP-2021-01332,2021-03-24,21000,Addition,Addition,Expired,FALL RIVER,District 01,0,3,Dwelling - Single Detached,44.80555943795183,-63.6383270589081
262,BP-2021-01649,2021-03-02,20000,New Building,New Building,Completed,WILLIAMSWOOD,District 11,0,1,Accessory Structure,44.51923699074955,-63.63828016920531
263,BP-2021-01984,2021-02-18,425000,New Building,New Building,Completed,BEDFORD,District 16,1,2,Dwelling - Single Detached,44.70243774192139,-63.71603775194592
264,BP-2021-02345,2023-02-14,350000,New Building,New Building,Issued,TERENCE BAY,District 13,1,2,Dwelling - Single Detached,44.48827645596291,-63.72801537027825
265,BP-2021-03045,2021-03-24,31500,Renovation,Renovation,Completed,HALIFAX,District 08,0,12,Dwelling - Multiple Units,44.65452967071038,-63.5979599755388
266,BP-2021-03340,2021-05-05,10000,Addition,Addition,Completed,HALIFAX,District 09,0,1,Dwelling - Single Detached,44.64736903898252,-63.6159714746502
267,BP-2021-03689,2021-04-09,54000,Addition,Addition,Completed,COOKS BROOK,District 01,0,1,Dwelling - Seasonal,45.001150156514264,-63.269266716540805
268,BP-2021-04011,2021-04-09,200000,New Building,New Building,Completed,MIDDLE SACKVILLE,District 14,1,3,Dwelling - Single Detached,44.79250085519812,-63.76694162433166
269,BP-2021-04364,2021-04-09,30000,Renovation,Renovation,Completed,DARTMOUTH,District 05,0,1,Dwelling - Single Detached,44.68237877930116,-63.56375362601421
270,BP-2021-04659,2021-04-19,25000,Renovation,Renovation,Expired,HALIFAX,District 07,0,2,Dwelling - Single Detached,44.63176656743246,-63.585968625166416
271,BP-2021-04927,,9158,Renovation,Renovation,Withdrawn,INGRAMPORT,District 13,0,1,Dwelling - Single Detached,44.65425577426393,-63.97018750682269
272,BP-2021-05412,2021-07-15,50000,Addition,Addition,Expired,TIMBERLEA,District 12,1,1,Dwelling - Multiple Units,44.653976571205085,-63.728996359590425
273,BP-2021-05741,,33000,Addition,Addition,Applicant Revisions,BEDFORD,District 16,0,2,Dwelling - Single Detached,44.728767783258206,-63.67891386669071
274,BP-2021-06101,,35000,Renovation,Renovation,Withdrawn,HALIFAX,District 08,1,1,Dwelling - Multiple Units,44.66721740145169,-63.610206610828364
275,BP-2021-06371,2021-07-29,306600,New Building,New Building,Completed,BOUTILIERS POINT,District 13,1,1,Dwelling - Single Detached,44.6652747939832,-63.955766832235064
276,BP-2021-06793,2021-07-15,440000,New Building,New Building,Expired,EASTERN PASSAGE,District 03,4,2,Dwelling - Semi-Detached,44.615324191554485,-63.46709315785258
277,BP-2021-07041,2021-05-21,160000,New Building,New Building,Completed,TIMBERLEA,District 12,1,3,Dwelling - Single Detached,44.64022325722826,-63.722824719403114
278,BP-2021-07392,2021-07-05,750000,Renovation,Renovation,Completed,,District 12,0,5,Commercial,44.63719007097541,-63.67018363363748
279,BP-2021-08126,2021-05-21,400000,New Building,New Building,Completed,UPPER TANTALLON,District 13,1,1,Dwelling - Single Detached,44.704807575916114,-63.88729719808582
280,BP-2021-08533,2021-10-01,400000,New Building,New Building,Expired,DARTMOUTH,District 06,1,2,Dwelling - Single Detached,44.70487707061285,-63.551162542473016
281,BP-2021-08967,2021-06-14,20000,New Building,New Building,Expired,BEDFORD,District 16,0,1,Accessory Structure,44.721425109577474,-63.67406695241261
282,BP-2021-09335,2021-08-13,374000,Renovation,Renovation,Completed,DARTMOUTH,District 06,0,1,Industrial,44.71190408258585,-63.609775195229204
283,BP-2021-09723,2021-09-09,12000,Renovation,Renovation,Completed,HALIFAX,District 09,-1,2,Mixed Use - Residential & Other Use(s),44.64177967933298,-63.609704961634336
284,BP-2021-10202,,1600000,New Building,New Building,Cancelled,HALIFAX,District 09,8,3,Dwelling - Multiple Units,44.64561399174555,-63.599598296962476
285,BPCOM-2021-11784,2021-10-05,100000,Renovation,Renovation,Completed,DARTMOUTH,District 06,0,1,Commercial,44.696330898163936,-63.59195967391766
286,BPCOM-2021-13986,2021-11-22,66500,Renovation,Renovation,Expired (Closed),DARTMOUTH,District 06,0,2,Industrial,44.69505277404231,-63.57199181568655
287,BPCOM-2021-16070,2021-11-19,233160,Addition,Addition,Completed,DARTMOUTH,District 06,0,1,Commercial,44.71296129355503,-63.5816049295358
288,BPCOM-2021-18271,2022-03-15,13347566,New Building,New Building,Completed,BEDFORD,District 16,75,4,Dwelling - Multiple Units,44.72174360790854,-63.70790907968481
289,BPCOM-2021-19899,2022-01-12,45000,Renovation,Renovation,Completed,DARTMOUTH,District 06,0,2,Commercial,44.69463887722785,-63.57745154907489
290,BPCOM-2022-01119,2022-03-24,20000,Renovation,Renovation,Completed,HALIFAX,District 08,0,2,Commercial,44.67345196969005,-63.60302054297188
291,BPCOM-2022-02581,2022-04-22,33400,Renovation,Renovation,Completed,FALL RIVER,District 01,0,1,Commercial,44.818383751207776,-63.61028050309607
292,BPCOM-2022-04352,2022-05-02,180000,Renovation,Renovation,Completed,HALIFAX,District 09,0,3,Commercial,44.649368575944415,-63.61874247106554
293,BPCOM-2022-06126,2022-12-02,1250000,New Building,New Building,Issued,BEDFORD,District 16,0,2,Commercial,44.70961567447068,-63.70859553628308
294,BPCOM-2022-08493,2022-08-05,1676804,New Building,New Building,Completed,DARTMOUTH,District 06,0,1,Institutional and Governmental,44.716532256732734,-63.563801701638205
295,BPCOM-2022-10018,2022-12-21,2089000,Renovation,Renovation,Issued,HALIFAX,District 07,16,4,Mixed Use - Residential & Other Use(s),44.64508099994872,-63.57240737964622
296,BPCOM-2022-11856,2022-10-13,120000,New Building,New Building,Completed,DARTMOUTH,District 06,0,1,Accessory Structure,44.70096274934312,-63.61041573314116
297,BPCOM-2022-13421,2023-05-30,2025000,Renovation,Renovation,Amendment Application Incomplete,HALIFAX,District 07,30,6,Mixed Use - Residential & Other Use(s),44.64488495044452,-63.572702349435126
298,BPCOM-2022-15238,2022-12-09,70000,Renovation,Renovation,Expired,DARTMOUTH,District 06,0,1,Commercial,44.70670327948983,-63.58607802065527
299,BPCOM-2023-00508,2023-03-15,4360000,New Building,New Building,Amendment Application Incomplete,BEECHVILLE,District 12,0,2,Commercial,44.646306125322,-63.68163142052831
300,BPCOM-2023-01737,2023-03-24,15000,Renovation,Renovation,Completed,HALIFAX,District 11,0,7,Commercial,44.61101900926144,-63.617951382854386
301,BPCOM-2023-03473,2024-06-28,12000000,New Building,New Building,Issued,HALIFAX,District 07,55,8,Mixed Use - Residential & Other Use(s),44.634544628156696,-63.57634527367375
302,BPCOM-2023-05041,,500000,Renovation,Renovation,Withdrawn,HALIFAX,District 07,0,15,Institutional and Governmental,44.63967064614977,-63.58410130608267
303,BPCOM-2023-07000,2023-06-20,48000,Renovation,Renovation,Expired,HALIFAX,District 12,0,2,Commercial,44.659599010760246,-63.664351713023834
304,BPCOM-2023-09000,2023-08-28,1000000,Renovation,Renovation,Expired,LOWER SACKVILLE,District 15,0,1,Commercial,44.77380234469004,-63.691051584934236
305,BPCOM-2023-11026,2023-09-15,36000,Renovation,Renovation,Completed,DARTMOUTH,District 05,6,4,Dwelling - Multiple Units,44.66769361516129,-63.556170854054095
306,BPCOM-2023-13121,,4000,Renovation,Renovation,Application Incomplete,HAMMONDS PLAINS,District 14,0,2,Commercial,44.724060584717854,-63.7373503177884
307,BPCOM-2023-14828,2026-02-06,20000,Renovation,Renovation,Issued,HALIFAX,District 07,4,3,Mixed Use - Residential & Other Use(s),44.64023710145979,-63.58445845802331
308,BPCOM-2023-15777,2025-02-11,45241000,New Building,New Building,Issued,HALIFAX,District 08,175,10,Mixed Use - Residential & Other Use(s),44.65322980320521,-63.58436638914168
309,BPCOM-2024-00056,,1,Renovation,Renovation,Application Incomplete,DARTMOUTH,District 05,17,2,Dwelling - Multiple Units,44.67927177116255,-63.54921455016904
310,BPCOM-2024-01323,,1000000,New Building,New Building,Applicant Revisions,WESTPHAL,District 04,0,1,Commercial,44.69728440353738,-63.493581683777485
311,BPCOM-2024-03269,2024-06-28,6718080,Addition,Addition,Completed,DARTMOUTH,District 06,0,4,Commercial,44.70492427811145,-63.5752142928766
312,BPCOM-2024-05189,,1400000,New Building,New Building,Withdrawn,HALIFAX,District 07,6,3,Dwelling - Multiple Units,44.63451806397701,-63.577769187373356
313,BPCOM-2024-06233,,43800000,New Building,New Building,Applicant Revisions,HALIFAX,District 07,438,30,Mixed Use - Residential & Other Use(s),44.64052863483248,-63.585674355809445
314,BPCOM-2024-07353,2024-07-09,5900000,New Building,New Building,Issued,HAMMONDS PLAINS,District 14,29,3,Dwelling - Multiple Units,44.72584964463061,-63.74186992341029
315,BPCOM-2024-08869,2024-08-26,30000,Renovation,Renovation,Completed,TIMBERLEA,District 12,0,1,Commercial,44.64688142215451,-63.71606752224993
316,BPCOM-2024-10573,2024-09-09,475000,Renovation,Renovation,Issued,HALIFAX,District 07,0,3,Commercial,44.63814265626324,-63.57463999138187
317,BPCOM-2024-12823,2024-11-08,550000,New Building,New Building,Completed,UPPER SACKVILLE,District 14,0,1,Commercial,44.81483430721447,-63.76568513237929
318,BPCOM-2024-16088,2025-05-22,51145219,New Building,New Building,Issued,HALIFAX,District 07,0,6,Commercial,44.649589441800885,-63.581092092925175
319,BPCOM-2024-18125,2024-12-05,40000,Renovation,Renovation,Completed,LOWER SACKVILLE,District 15,0,2,Commercial,44.75422432476129,-63.665321224316905
320,BPCOM-2025-00738,2025-02-21,2000,Renovation,Renovation,Issued,HUBBARDS,District 13,2,2,Mixed Use - Residential & Other Use(s),44.638174429997456,-64.0640936442444
321,BPCOM-2025-01943,2025-02-21,1100000,Renovation,Renovation,Completed,BEDFORD,District 16,0,1,Commercial,44.715028738779154,-63.67539480648722
322,BPCOM-2025-03172,2025-06-12,1050000,New Building,New Building,Issued,LANTZ,District 01,0,2,Commercial,44.97319686276429,-63.475581778682916
323,BPCOM-2025-04226,,345600,New Building,New Building,Applicant Revisions,TIMBERLEA,District 12,0,1,Commercial,44.64296567476923,-63.72348995195499
324,BPCOM-2025-06572,2025-05-21,42000,Renovation,Renovation,Completed,DARTMOUTH,District 05,0,17,Commercial,44.66895577567242,-63.57660656241076
325,BPCOM-2025-09240,2025-06-24,40000,Renovation,Renovation,Completed,COLE HARBOUR,District 04,0,1,Commercial,44.67496501855238,-63.492580415135265
326,BPCOM-2025-11715,2025-10-14,200000,Renovation,Renovation,Issued,BEDFORD,District 16,0,1,Commercial,44.71336448807936,-63.714994954799224
327,BPCOM-2025-13742,2025-10-03,1660000,New Building,New Building,Issued,HALIFAX,District 10,123,9,Mixed Use - Residential & Other Use(s),44.65754080126738,-63.62996915416649
328,BPCOM-2025-15364,2025-11-06,100000,Renovation,Renovation,Completed,HALIFAX,District 08,0,2,Commercial,44.65391207651713,-63.585581794965655
329,BPCOM-2025-17005,2025-12-11,50000,Renovation,Renovation,Issued,BEDFORD,District 16,0,3,Dwelling - Multiple Units,44.71892634527585,-63.67139367419538
330,BPCOM-2025-18772,2026-01-12,10000,Renovation,Renovation,Completed,DARTMOUTH,District 05,0,2,Commercial,44.688152355248185,-63.59089467002008
331,BPCOM-2026-01229,2026-02-17,30000,Renovation,Renovation,Issued,DARTMOUTH,District 06,0,1,Commercial,44.69734284092677,-63.60107998066235
332,BPCOM-2026-02698,,30000,Renovation,Renovation,Applicant Revisions,LAKE ECHO,District 02,0,1,Commercial,44.73885065193028,-63.38178435811418
333,BPCOM-2026-04694,2026-05-22,950000,Renovation,Renovation,Issued,DARTMOUTH,District 06,0,2,Commercial,44.69629267415171,-63.57885367445931
334,BPCOM-2026-07006,,800000,New Building,New Building,In Review,HALIFAX,District 07,5,4,Dwelling - Multiple Units,44.63963244733463,-63.59160079532732
335,BPRES-2021-10373,2021-09-08,210500,New Building,New Building,Issued,EAST PETPESWICK,District 02,0,2,Accessory Structure,44.68803533692804,-63.14545739302243
336,BPRES-2021-10900,2021-12-21,600000,New Building,New Building,Completed,HALIFAX,District 11,2,2,Dwelling - Semi-Detached,44.61814372516504,-63.61771729654196
337,BPRES-2021-11587,2021-08-04,25000,Renovation,Renovation,Expired,HALIFAX,District 09,0,2,Dwelling - Single Detached,44.652000204313765,-63.629919892879606
338,BPRES-2021-12113,2021-08-27,300000,New Building,New Building,Completed,ELMSDALE,District 01,1,2,Dwelling - Single Detached,44.946991857383956,-63.49256954362033
339,BPRES-2021-12740,2021-08-24,450500,New Building,New Building,Completed,MIDDLE SACKVILLE,District 14,1,2,Dwelling - Single Detached,44.779236598154945,-63.74246606278608
340,BPRES-2021-13192,2021-08-24,37500,New Building,New Building,Completed,SALMON RIVER BRIDGE,District 02,0,1,Accessory Structure,44.78001850269438,-63.023930788465464
341,BPRES-2021-13682,2021-09-02,180000,New Building,New Building,Completed,HALIFAX,District 11,2,3,Dwelling - Semi-Detached,44.60216471351604,-63.61349980902069
342,BPRES-2021-14302,2021-11-04,40000,Addition,Addition,Completed,HALIFAX,District 07,0,1,Dwelling - Single Detached,44.62799609237809,-63.575868465171055
343,BPRES-2021-14836,2021-10-08,100000,Renovation,Renovation,Amendment Application Incomplete,HALIFAX,District 09,2,3,Dwelling - Multiple Units,44.64351208484271,-63.618344528873344
344,BPRES-2021-15985,2021-10-15,725000,New Building,New Building,Completed,FALL RIVER,District 01,1,2,Dwelling - Single Detached,44.82507571733683,-63.64041659049143
345,BPRES-2021-16548,2021-10-18,550000,New Building,New Building,Completed,HUBLEY,District 13,1,2,Dwelling - Single Detached,44.66133975677966,-63.822415185791066
346,BPRES-2021-17038,2021-10-22,675000,New Building,New Building,Completed,BEDFORD,District 16,1,3,Dwelling - Single Detached,44.704132661684525,-63.716006630573006
347,BPRES-2021-17306,2021-11-02,42500,New Building,New Building,Completed,MIDDLE SACKVILLE,District 14,0,1,Accessory Structure,44.8016255657255,-63.72465533483034
348,BPRES-2021-17844,2021-11-30,200000,New Building,New Building,Completed,TIMBERLEA,District 12,1,3,Dwelling - Single Detached,44.640127611095465,-63.723817625137215
349,BPRES-2021-18277,2021-11-08,675000,New Building,New Building,Completed,BEDFORD,District 16,1,2,Dwelling - Single Detached,44.70446595291427,-63.71698935537708
350,BPRES-2021-18916,2021-12-13,15000,New Building,New Building,Completed,DARTMOUTH,District 06,0,1,Accessory Structure,44.680965813267285,-63.5036780232651
351,BPRES-2021-19336,,24000,Renovation,Renovation,Withdrawn,HALIFAX,District 08,11,4,Dwelling - Multiple Units,44.659609409572646,-63.59726745304489
352,BPRES-2021-19953,2021-12-24,450000,New Building,New Building,Completed,UPPER TANTALLON,District 13,1,1,Dwelling - Single Detached,44.70292332416967,-63.883854884076335
353,BPRES-2022-00068,2022-02-23,249500,Addition,Addition,Completed,HALIFAX,District 10,0,2,Dwelling - Single Detached,44.68931731909792,-63.6627969445275
354,BPRES-2022-00543,2022-02-03,425000,New Building,New Building,Completed,BEAVER BANK,District 15,1,2,Dwelling - Single Detached,44.817633715642174,-63.69931544940531
355,BPRES-2022-01050,2022-03-03,318000,New Building,New Building,Completed,TIMBERLEA,District 12,1,3,Dwelling - Single Detached,44.639358332893494,-63.7224443449491
356,BPRES-2022-01447,2022-05-18,469500,New Building,New Building,Completed,OYSTER POND,District 02,2,1,Dwelling - Multiple Units,44.752543846445676,-63.013357045291976
357,BPRES-2022-01840,2022-06-24,400000,New Building,New Building,Amendment Review,PORTERS LAKE,District 02,1,2,Dwelling - Seasonal,44.76378289508291,-63.34789678039358
358,BPRES-2022-02170,2022-03-17,100000,New Building,New Building,Completed,BEAVER BANK,District 15,0,2,Accessory Structure,44.80133137119532,-63.67312837559484
359,BPRES-2022-02608,,1500,Renovation,Renovation,Withdrawn,HALIFAX,District 11,1,3,Dwelling - Multiple Units,44.63320804941336,-63.62465068034589
360,BPRES-2022-02865,2022-03-17,275000,New Building,New Building,Completed,BEECHVILLE,District 12,1,2,Dwelling - Single Detached,44.63921550772541,-63.6801997428272
361,BPRES-2022-03265,2022-03-25,300000,New Building,New Building,Expired,TIMBERLEA,District 12,1,3,Dwelling - Single Detached,44.63984720206098,-63.723945419410704
362,BPRES-2022-03647,2022-04-12,500000,New Building,New Building,Completed,MUSQUODOBOIT HARBOUR,District 02,1,2,Dwelling - Single Detached,44.77931128185663,-63.128268964932744
363,BPRES-2022-04038,2023-10-12,440000,New Building,New Building,Completed,PORTERS LAKE,District 02,1,1,Dwelling - Single Detached,44.743930927844644,-63.336063947119
364,BPRES-2022-04450,2022-04-26,200000,New Building,New Building,Completed,BEDFORD,District 16,1,1,Dwelling - Single Detached,44.73065289082772,-63.680188038985804
365,BPRES-2022-04885,2022-05-26,350000,New Building,New Building,Issued,MCGRATHS COVE,District 13,1,1,Dwelling - Single Detached,44.51033152964005,-63.84915780440995
366,BPRES-2022-05377,2022-05-06,17000,New Building,New Building,Completed,LUCASVILLE,District 14,0,1,Accessory Structure,44.756426526359306,-63.74804150241979
367,BPRES-2022-05732,2022-09-20,22000,Renovation,Renovation,Issued,DARTMOUTH,District 05,0,2,Dwelling - Multiple Units,44.684297217256784,-63.583022449367355
368,BPRES-2022-06140,2022-07-07,100000,Addition,Addition,Amendment Review,HALIFAX,District 09,0,2,Dwelling - Single Detached,44.64591263098053,-63.63026430052743
369,BPRES-2022-06550,2022-05-27,30000,New Building,New Building,Completed,COLE HARBOUR,District 04,0,1,Accessory Structure,44.643985246977714,-63.470918813293316
370,BPRES-2022-06985,,17438.08,New Building,New Building,Cancelled,HALIFAX,District 11,0,1,Accessory Structure,44.62496198643694,-63.62112550100585
371,BPRES-2022-07680,2022-06-20,37000,New Building,New Building,Completed,MIDDLE SACKVILLE,District 14,0,1,Accessory Structure,44.817106126283626,-63.71423456941481
372,BPRES-2022-08088,2022-06-22,250000,New Building,New Building,Completed,BEECHVILLE,District 12,1,3,Dwelling - Single Detached,44.637631693477296,-63.67761620350719
373,BPRES-2022-08532,2022-09-27,147000,New Building,New Building,Completed,HALIFAX,District 09,1,1,Dwelling - Backyard Suite,44.64694776022075,-63.60394842449982
374,BPRES-2022-08954,2022-07-08,72000,New Building,New Building,Completed,FALL RIVER,District 01,0,2,Accessory Structure,44.83099624067746,-63.59540427882387
375,BPRES-2022-09398,2022-07-26,360000,Renovation,Renovation,Expired,HALIFAX,District 09,0,2,Dwelling - Single Detached,44.640349902271765,-63.622960623755105
376,BPRES-2022-09916,2022-08-25,629000,New Building,New Building,Completed,INGRAMPORT,District 13,1,2,Dwelling - Multiple Units,44.66243739551414,-63.96786986820335
377,BPRES-2022-10321,2022-08-11,500000,New Building,New Building,Completed,BROOKSIDE,District 13,1,2,Dwelling - Single Detached,44.53050638584822,-63.70875176303637
378,BPRES-2022-10789,2022-08-19,53595,Renovation,Renovation,Completed,DARTMOUTH,District 06,0,1,Dwelling - Single Detached,44.68543519308367,-63.520392457084306
379,BPRES-2022-11310,2024-06-18,23000,Renovation,Renovation,Completed,DARTMOUTH,District 03,1,2,Dwelling - Multiple Units,44.660163862681465,-63.5463621040402
380,BPRES-2022-11866,2022-09-16,300000,New Building,New Building,Cancelled,PORTERS LAKE,District 02,1,1,Dwelling - Single Detached,44.7542056313296,-63.29023729309309
381,BPRES-2022-12327,2022-10-07,577000,New Building,New Building,Completed,STILLWATER LAKE,District 13,1,2,Dwelling - Single Detached,44.693821766557356,-63.837118578572145
382,BPRES-2022-12773,2022-10-13,350000,New Building,New Building,Expired,WEST CHEZZETCOOK,District 02,1,1,Dwelling - Single Detached,44.703238699528086,-63.272712765605675
383,BPRES-2022-13258,2022-11-01,1000000,New Building,New Building,Completed,STILLWATER LAKE,District 13,1,1,Dwelling - Single Detached,44.710255950660354,-63.84510735722919
384,BPRES-2022-13630,,10303,Renovation,Renovation,Withdrawn,HALIFAX,District 10,0,2,Dwelling - Single Detached,44.657673873727205,-63.64593821137773
385,BPRES-2022-14140,2022-11-24,90000,Addition,Addition,Expired,WINDSOR JUNCTION,District 01,0,2,Dwelling - Single Detached,44.78577413138145,-63.6309390303575
386,BPRES-2022-14701,2022-11-29,425000,New Building,New Building,Completed,OAKFIELD,District 01,1,1,Dwelling - Single Detached,44.92364720991396,-63.55872246815283
387,BPRES-2022-15131,2023-02-23,16000,Renovation,Renovation,Completed,SEAFORTH,District 02,1,1,Dwelling - Backyard Suite,44.64335241763795,-63.27651622798525
388,BPRES-2022-15750,2022-12-23,27000,New Building,New Building,Completed,HAMMONDS PLAINS,District 14,0,1,Accessory Structure,44.743050465783746,-63.802068360670916
389,BPRES-2023-00469,2023-02-01,800000,New Building,New Building,Completed,BEECHVILLE,District 12,4,2,Dwelling - Townhouse,44.63786522914897,-63.67832841801914
390,BPRES-2023-00947,2023-02-03,30000,Renovation,Renovation,Completed,HALIFAX,District 07,0,2,Dwelling - Semi-Detached,44.63534065942792,-63.57804989516227
391,BPRES-2023-01437,2023-05-25,20000,New Building,New Building,Completed,HALIFAX,District 08,0,1,Accessory Structure,44.659291371158396,-63.61614837552781
392,BPRES-2023-02268,2023-04-17,500000,New Building,New Building,Expired,HEAD OF ST MARGARETS BAY,District 13,1,2,Dwelling - Single Detached,44.682865142846715,-63.918467580366816
393,BPRES-2023-02681,2023-07-14,24716,New Building,New Building,Completed,SEABRIGHT,District 13,0,1,Dwelling - Backyard Suite,44.61776490821743,-63.92856085469331
394,BPRES-2023-03265,2023-04-20,50000,Renovation,Renovation,Issued,DARTMOUTH,District 05,0,2,Dwelling - Single Detached,44.6709104603684,-63.581059203845186
395,BPRES-2023-03679,2023-04-25,300000,New Building,New Building,Completed,TANTALLON,District 13,1,2,Dwelling - Single Detached,44.65957090834013,-63.898938357820256
396,BPRES-2023-04261,2023-04-26,400000,New Building,New Building,Completed,HALIFAX,District 11,2,3,Dwelling - Semi-Detached,44.60071678111183,-63.60387206755926
397,BPRES-2023-04766,2023-05-25,25000,New Building,New Building,Expired,HALIFAX,District 08,0,1,Accessory Structure,44.65461967419584,-63.61196676323374
398,BPRES-2023-05281,2023-05-19,450000,New Building,New Building,Completed,EASTERN PASSAGE,District 03,3,1,Dwelling - Townhouse,44.60899868872262,-63.487591236570914
399,BPRES-2023-05899,2023-05-19,600000,New Building,New Building,Completed,BOUTILIERS POINT,District 13,1,3,Dwelling - Single Detached,44.66040599112164,-63.94801109133469
400,BPRES-2023-06800,2024-06-13,30000,New Building,New Building,Completed,EAST CHEZZETCOOK,District 02,0,1,Accessory Structure,44.7419166097384,-63.230978070413066
401,BPRES-2023-07247,2023-07-21,200000,Addition,Addition,Completed,HALIFAX,District 11,0,2,Dwelling - Single Detached,44.634798754546246,-63.61956665655564
402,BPRES-2023-07790,2024-10-22,17000,New Building,New Building,Issued,LAKE ECHO,District 02,0,1,Accessory Structure,44.7368109097476,-63.37676226577108
403,BPRES-2023-08367,2023-07-17,475000,New Building,New Building,Completed,PORTUGUESE COVE,District 11,2,2,Dwelling - Multiple Units,44.51647358419042,-63.544011325805705
404,BPRES-2023-08786,2023-08-18,490577,Renovation,Renovation,Expired,DARTMOUTH,District 05,0,4,Dwelling - Multiple Units,44.6629938676759,-63.55632519031463
405,BPRES-2023-09232,2023-07-21,49000,Addition,Addition,Completed,MIDDLE MUSQUODOBOIT,District 01,0,2,Dwelling - Single Detached,45.04465181339786,-63.155046242461474
406,BPRES-2023-10540,2023-08-16,20893,Renovation,Renovation,Expired,HALIFAX,District 09,0,11,Dwelling - Multiple Units,44.63481296161696,-63.637547695146615
407,BPRES-2023-11203,2023-10-10,300000,New Building,New Building,Completed,NORTH PRESTON,District 04,1,1,Dwelling - Single Detached,44.718227695319236,-63.4593214727711
408,BPRES-2023-11606,2023-08-31,28000,New Building,New Building,Completed,TIMBERLEA,District 12,0,1,Accessory Structure,44.64068463752524,-63.71561207660245
409,BPRES-2023-12164,2023-09-19,200000,New Building,New Building,Completed,COW BAY,District 03,1,2,Dwelling - Single Detached,44.620456148203644,-63.44140725315121
410,BPRES-2023-12612,2023-10-30,300000,New Building,New Building,Expired,WYSES CORNER,District 01,1,1,Dwelling - Single Detached,44.9613072380623,-63.2962816717848
411,BPRES-2023-13051,,237500,Addition,Addition,Cancelled,HALIFAX,District 08,1,2,Dwelling - Multiple Units,44.6525430200497,-63.58792319468508
412,BPRES-2023-13460,2023-10-25,650000,New Building,New Building,Completed,HAMMONDS PLAINS,District 14,1,2,Dwelling - Single Detached,44.72538573360183,-63.831133425078846
413,BPRES-2023-14008,2023-10-25,40000,New Building,New Building,Expired,OAKFIELD,District 01,0,1,Accessory Structure,44.91643063898146,-63.56273345480644
414,BPRES-2023-14568,2025-02-05,5000,Renovation,Renovation,Issued,DARTMOUTH,District 05,1,2,Dwelling - Multiple Units,44.67399124200243,-63.56741762940221
415,BPRES-2023-15110,2023-12-01,7000,New Building,New Building,Expired,LOWER EAST CHEZZETCOOK,District 02,0,1,Accessory Structure,44.68874317938565,-63.2090779956256
416,BPRES-2023-15585,2023-12-01,28000,New Building,New Building,Completed,PORTERS LAKE,District 02,0,1,Accessory Structure,44.75059159063924,-63.33630345972013
417,BPRES-2023-16110,2023-12-18,200000,New Building,New Building,Completed,MIDDLE SACKVILLE,District 14,1,2,Dwelling - Single Detached,44.7943278488523,-63.755927259337206
418,BPRES-2024-00060,2024-01-17,575000,New Building,New Building,Completed,HAMMONDS PLAINS,District 14,1,2,Dwelling - Single Detached,44.72222066585976,-63.828768049024
419,BPRES-2024-00544,2024-04-08,70000,Renovation,Renovation,Completed,TIMBERLEA,District 12,0,1,Dwelling - Single Detached,44.65413158994878,-63.73837950231282
420,BPRES-2024-01127,2024-02-12,375000,New Building,New Building,Completed,ENFIELD,District 01,1,2,Dwelling - Single Detached,44.937909209824895,-63.54901767246401
421,BPRES-2024-01806,2024-03-01,700000,New Building,New Building,Completed,HAMMONDS PLAINS,District 14,1,2,Dwelling - Single Detached,44.72388533378908,-63.842691036985784
422,BPRES-2024-02258,,60000,Addition,Addition,Cancelled,DARTMOUTH,District 06,0,1,Dwelling - Single Detached,44.68009831597681,-63.534741868287746
423,BPRES-2024-02864,2024-03-26,600000,New Building,New Building,Completed,BEDFORD,District 16,1,2,Dwelling - Single Detached,44.7078720692344,-63.72488166698158
424,BPRES-2024-03313,2024-04-08,500000,New Building,New Building,Completed,BEECHVILLE,District 12,2,3,Dwelling - Semi-Detached,44.63920786498132,-63.678357807830636
425,BPRES-2024-03724,2024-04-11,200000,New Building,New Building,Completed,BEECHVILLE,District 12,1,3,Dwelling - Single Detached,44.63844436732747,-63.67886948398122
426,BPRES-2024-04137,2024-04-19,270000,New Building,New Building,Completed,HALIFAX,District 11,1,3,Dwelling - Single Detached,44.60767382603231,-63.60391963608279
427,BPRES-2024-04516,2024-05-21,229500,Renovation,Renovation,Completed,HALIFAX,District 09,0,3,Dwelling - Single Detached,44.640623788499475,-63.60316591464508
428,BPRES-2024-05018,2024-05-13,80500,Addition,Addition,Completed,HALIFAX,District 07,0,2,Dwelling - Single Detached,44.63415883810162,-63.58721424258667
429,BPRES-2024-05564,2024-07-24,37000,Renovation,Renovation,Completed,DARTMOUTH,District 06,0,2,Dwelling - Single Detached,44.68952895901124,-63.50287242776168
430,BPRES-2024-05943,2024-05-22,300000,New Building,New Building,Completed,,District 02,1,1,Dwelling - Single Detached,44.69875333709625,-63.1885912179363
431,BPRES-2024-06564,2024-06-07,140000,New Building,New Building,Amendment Review,THREE FATHOM HARBOUR,District 02,1,1,Dwelling - Single Detached,44.64508644247972,-63.311718927617235
432,BPRES-2024-06977,2024-06-04,550000,New Building,New Building,Completed,BEAVER BANK,District 15,1,1,Dwelling - Single Detached,44.82664397011656,-63.674335853702885
433,BPRES-2024-07425,2024-06-17,350000,New Building,New Building,Completed,DARTMOUTH,District 06,1,2,Dwelling - Single Detached,44.714588290000755,-63.54391408205298
434,BPRES-2024-08024,2024-06-27,60000,Renovation,Renovation,Issued,HALIFAX,District 11,0,2,Dwelling - Semi-Detached,44.606109357012656,-63.6076612878075
435,BPRES-2024-08412,2024-07-31,400000,New Building,New Building,Completed,HALIFAX,District 11,4,3,Dwelling - Multiple Units,44.601949423103704,-63.60359332330784
436,BPRES-2024-08860,2025-09-19,810000,Addition,Addition,Issued,SEAFORTH,District 02,0,2,Dwelling - Single Detached,44.67708578548114,-63.25532091467319
437,BPRES-2024-09382,2024-08-01,35000,Renovation,Renovation,Completed,TERENCE BAY,District 13,0,1,Dwelling - Single Detached,44.50519065242946,-63.73768735569155
438,BPRES-2024-09975,2024-09-18,500000,New Building,New Building,Issued,HALIFAX,District 11,4,3,Dwelling - Multiple Units,44.62100408081362,-63.61967489440684
439,BPRES-2024-10438,2024-08-14,20000,New Building,New Building,Completed,ANTRIM,District 01,0,1,Accessory Structure,44.961511237946254,-63.36523786428867
440,BPRES-2024-11101,2024-08-23,60000,New Building,New Building,Issued,BAYSIDE,District 13,0,2,Accessory Structure,44.5323166543179,-63.801414326741885
441,BPRES-2024-11738,2024-09-06,100000,Renovation,Renovation,Completed,HATCHET LAKE,District 13,1,1,Dwelling - Multiple Units,44.56039093076683,-63.73429162302267
442,BPRES-2024-12496,2024-11-12,400000,New Building,New Building,Completed,HALIFAX,District 11,4,3,Dwelling - Multiple Units,44.60093805082723,-63.60368611386903
443,BPRES-2024-13433,2024-10-04,800000,New Building,New Building,Completed,BEDFORD,District 16,1,2,Dwelling - Single Detached,44.707294734947716,-63.72689946709223
444,BPRES-2024-14143,2024-10-25,105000,Addition,Addition,Completed,LOWER SACKVILLE,District 15,1,1,Dwelling - Multiple Units,44.781372151242266,-63.676616740471474
445,BPRES-2024-14875,2024-10-09,18000,New Building,New Building,Completed,BEAVER BANK,District 15,0,1,Accessory Structure,44.869755067357545,-63.69504296165032
446,BPRES-2024-15393,2024-10-29,320000,Renovation,Renovation,Completed,HALIFAX,District 09,0,2,Dwelling - Single Detached,44.65309406545232,-63.603543646607235
447,BPRES-2024-15947,2024-11-18,1400000,New Building,New Building,Completed,DARTMOUTH,District 06,4,3,Dwelling - Townhouse,44.714492248137645,-63.539919288044686
448,BPRES-2024-16462,2024-11-04,12000,New Building,New Building,Completed,PROSPECT,District 13,0,1,Accessory Structure,44.47027387545944,-63.79113450037739
449,BPRES-2024-16873,2024-11-21,77376,Addition,Addition,Issued,DARTMOUTH,District 06,0,2,Dwelling - Single Detached,44.676151604138504,-63.545984779087966
450,BPRES-2024-17432,2024-11-27,560000,New Building,New Building,Completed,MIDDLE SACKVILLE,District 14,1,1,Dwelling - Single Detached,44.79506637737055,-63.77128580916418
451,BPRES-2024-17945,2025-03-25,680000,New Building,New Building,Completed,HALIFAX,District 11,4,2,Dwelling - Multiple Units,44.60294192047462,-63.603445708600745
452,BPRES-2024-18457,2024-12-20,350000,Addition,Addition,Issued,WEST PORTERS LAKE,District 02,1,2,Dwelling - Multiple Units,44.674705218736214,-63.310105749327946
453,BPRES-2025-00073,2025-01-07,575000,New Building,New Building,Completed,MIDDLE SACKVILLE,District 14,1,3,Dwelling - Single Detached,44.79419734963182,-63.75932859214415
454,BPRES-2025-00549,2025-02-27,10000,Renovation,Renovation,Completed,HALIFAX,District 11,1,3,Dwelling - Semi-Detached,44.611777603444544,-63.61324288334748
455,BPRES-2025-01114,2025-01-30,50000,New Building,New Building,Issued,MURCHYVILLE,District 01,0,1,Accessory Structure,44.99989413281802,-63.15712951741639
456,BPRES-2025-01563,2025-02-06,600000,New Building,New Building,Completed,HAMMONDS PLAINS,District 14,1,1,Dwelling - Single Detached,44.69937392150036,-63.80775676454159
457,BPRES-2025-02078,,72000,Renovation,Renovation,Withdrawn,FALL RIVER,District 01,1,2,Dwelling - Backyard Suite,44.80832261261586,-63.60681175179178
458,BPRES-2025-02787,2025-04-11,800000,New Building,New Building,Issued,HALIFAX,District 07,1,2,Dwelling - Single Detached,44.63354379246906,-63.587980701782904
459,BPRES-2025-03346,2025-04-03,480000,New Building,New Building,Issued,GAETZ BROOK,District 02,1,2,Dwelling - Single Detached,44.78452516936661,-63.196235462756164
460,BPRES-2025-03892,2025-07-29,500000,New Building,New Building,Issued,HALIFAX,District 09,1,1,Dwelling - Single Detached,44.64690954751669,-63.625974435449315
461,BPRES-2025-04351,2025-05-16,10000,Renovation,Renovation,Issued,DARTMOUTH,District 03,0,3,Dwelling - Semi-Detached,44.66382453658013,-63.540074544494246
462,BPRES-2025-04771,2025-04-11,20000,New Building,New Building,Issued,LOWER SACKVILLE,District 15,0,1,Accessory Structure,44.773366863998504,-63.67684417511981
463,BPRES-2025-05302,2025-05-05,760000,New Building,New Building,Issued,HALIFAX,District 11,4,2,Dwelling - Semi-Detached,44.58748826806939,-63.58989186357794
464,BPRES-2025-05691,2025-05-09,1800000,New Building,New Building,Completed,BEDFORD,District 16,6,2,Dwelling - Townhouse,44.71795800074717,-63.71841082096911
465,BPRES-2025-06045,2025-07-04,144000,New Building,New Building,Completed,CLAM BAY,District 02,0,1,Accessory Structure,44.73030684251211,-62.93295021190321
466,BPRES-2025-06562,2025-08-07,150000,Addition,Addition,Completed,LAKE ECHO,District 02,1,2,Dwelling - Multiple Units,44.73308918446926,-63.40089126047798
467,BPRES-2025-07117,2025-05-27,200000,New Building,New Building,Completed,BEECHVILLE,District 12,1,3,Dwelling - Single Detached,44.63727012502201,-63.67514617691716
468,BPRES-2025-07677,2025-05-28,625000,New Building,New Building,Completed,BOUTILIERS POINT,District 13,1,1,Dwelling - Single Detached,44.670328689639994,-63.92587054927094
469,BPRES-2025-08196,2025-06-06,375000,New Building,New Building,Issued,EAST PETPESWICK,District 02,1,1,Dwelling - Single Detached,44.737114511313436,-63.14429245720792
470,BPRES-2025-08708,2025-06-23,55000,New Building,New Building,Completed,HALIFAX,District 12,0,1,Accessory Structure,44.67752496895176,-63.66563962042061
471,BPRES-2025-09235,2025-07-07,90000,New Building,New Building,Issued,WEST DOVER,District 13,1,1,Dwelling - Single Detached,44.50419072978247,-63.88358698223703
472,BPRES-2025-09718,2025-07-16,95000,Addition,Addition,Completed,HEAD OF CHEZZETCOOK,District 02,0,2,Dwelling - Single Detached,44.74375224114073,-63.26735225061478
473,BPRES-2025-10332,2025-07-09,23000,New Building,New Building,Completed,MIDDLE SACKVILLE,District 14,0,1,Accessory Structure,44.78753561414964,-63.75114561310854
474,BPRES-2025-10887,2025-08-05,769000,New Building,New Building,Completed,UPPER SACKVILLE,District 14,1,2,Dwelling - Single Detached,44.802782801281886,-63.76178163724506
475,BPRES-2025-11520,,12000,Renovation,Renovation,Applicant Revisions,HALIFAX,District 09,0,2,Dwelling - Single Detached,44.64938396310754,-63.62237947084498
476,BPRES-2025-12015,2025-08-18,27500,New Building,New Building,Issued,DARTMOUTH,District 06,0,1,Accessory Structure,44.674862638887966,-63.52380210583421
477,BPRES-2025-12540,2025-10-24,30000,Renovation,Renovation,Issued,DARTMOUTH,District 06,1,2,Dwelling - Multiple Units,44.681487049266046,-63.50364258521437
478,BPRES-2025-13218,,60000,Renovation,Renovation,Withdrawn,HALIFAX,District 08,1,1,Dwelling - Single Detached,44.66768648002358,-63.61300914400568
479,BPRES-2025-13648,2025-09-11,650000,New Building,New Building,Completed,BROOKSIDE,District 13,1,2,Dwelling - Single Detached,44.526139429579246,-63.70886818337695
480,BPRES-2025-14249,2025-09-24,25000,Renovation,Renovation,Completed,HUBLEY,District 13,0,2,Dwelling - Single Detached,44.6552540156893,-63.828943831793424
481,BPRES-2025-14742,2025-10-03,65312,Renovation,Renovation,Issued,BEDFORD,District 16,0,3,Dwelling - Single Detached,44.74004610279143,-63.64750889999757
482,BPRES-2025-15239,2025-12-08,125000,Renovation,Renovation,Amendment Review,HALIFAX,District 09,1,2,Dwelling - Multiple Units,44.64811619734187,-63.59587327003678
483,BPRES-2025-15795,,80000,Addition,Addition,Applicant Revisions,HALIFAX,District 10,0,2,Dwelling - Single Detached,44.654620895238914,-63.65005632779433
484,BPRES-2025-16159,2025-11-03,375000,New Building,New Building,Issued,PORTERS LAKE,District 02,1,1,Dwelling - Single Detached,44.77477238384603,-63.35867544018788
485,BPRES-2025-16721,2025-12-08,347000,Addition,Addition,Issued,WEST CHEZZETCOOK,District 02,0,3,Dwelling - Single Detached,44.7208083474777,-63.26758540111593
486,BPRES-2025-17272,2026-06-17,5000,Renovation,Renovation,Amendment Review,COLE HARBOUR,District 04,0,1,Dwelling - Single Detached,44.6814481205862,-63.487647922084314
487,BPRES-2025-17852,2025-12-02,50000,Renovation,Renovation,Completed,LOWER SACKVILLE,District 15,1,2,Dwelling - Multiple Units,44.78258565970262,-63.6801692982449
488,BPRES-2025-18420,2025-12-09,300000,New Building,New Building,Issued,TIMBERLEA,District 12,1,1,Dwelling - Single Detached,44.645032171360896,-63.723650730388655
489,BPRES-2025-19035,2026-05-07,400000,New Building,New Building,Issued,,District 11,1,2,Dwelling - Single Detached,44.486977250522834,-63.55091813774287
490,BPRES-2026-00303,2026-03-13,65000,New Building,New Building,Issued,MUSQUODOBOIT HARBOUR,District 02,0,1,Accessory Structure,44.823254044045555,-63.203477906961865
491,BPRES-2026-00916,2026-03-03,280000,Renovation,Renovation,Issued,HALIFAX,District 07,1,3,Dwelling - Multiple Units,44.629919911954566,-63.57304256340063
492,BPRES-2026-01554,2026-03-30,750000,Addition,Addition,Issued,HALIFAX,District 07,-1,2,Dwelling - Single Detached,44.64069177460851,-63.57759240396996
493,BPRES-2026-02129,2026-03-06,65000,New Building,New Building,Completed,LOWER EAST CHEZZETCOOK,District 02,0,2,Accessory Structure,44.68807113971022,-63.20927382525361
494,BPRES-2026-02679,2026-03-30,410000,New Building,New Building,Issued,TIMBERLEA,District 12,1,3,Dwelling - Single Detached,44.64378270243958,-63.72407662955373
495,BPRES-2026-02964,2026-04-21,400000,New Building,New Building,Issued,HALIFAX,District 11,4,3,Dwelling - Semi-Detached,44.59787214060092,-63.60041034833653
496,BPRES-2026-03486,2026-03-30,425000,New Building,New Building,Issued,DARTMOUTH,District 06,1,3,Dwelling - Single Detached,44.71628412516,-63.53788377686952
497,BPRES-2026-03931,2026-04-13,450000,New Building,New Building,Issued,MIDDLE SACKVILLE,District 14,1,1,Dwelling - Single Detached,44.787405553084305,-63.73688135250406
498,BPRES-2026-04413,2026-05-07,155000,New Building,New Building,Issued,UPPER TANTALLON,District 13,0,1,Accessory Structure,44.68734843691877,-63.868832148368504
499,BPRES-2026-04841,2026-05-25,130000,New Building,New Building,Issued,HALIFAX,District 11,1,1,Dwelling - Backyard Suite,44.621401948900356,-63.61684036373362
500,BPRES-2026-05535,2026-06-16,1100000,New Building,New Building,Issued,HALIFAX,District 11,4,2,Dwelling - Semi-Detached,44.59837803847681,-63.60094045263223
501,BPRES-2026-06004,,40000,New Building,New Building,Applicant Revisions,SOUTHWEST COVE,District 02,0,1,Accessory Structure,44.729957940707536,-62.820690001389295
502,BPRES-2026-06636,2026-06-11,50000,New Building,New Building,Issued,LUCASVILLE,District 14,1,2,Dwelling - Backyard Suite,44.76080018404982,-63.725376461393246
503,BPRES-2026-07196,2026-06-04,2637.95,Renovation,Renovation,Issued,HALIFAX,District 10,0,1,Dwelling - Single Detached,44.649285786359776,-63.63953581318005
504,BPRES-2026-07927,,40000,Addition,Addition,In Review,DARTMOUTH,District 05,0,2,Dwelling - Single Detached,44.65823188684827,-63.552556555777954
505,BPRES-2026-08570,,305000,New Building,New Building,In Review,,District 02,1,1,Dwelling - Single Detached,44.78606255146722,-63.3740068756635
506,BP-2020-00083,2021-01-26,287000,New Building,New Building,Completed,UPPER SACKVILLE,District 14,1,1,Dwelling - Single Detached,44.8145133009025,-63.75883799730349
507,BP-2020-00408,2021-04-21,6700000,New Building,New Building,Completed,BEECHVILLE,Unidentified,0,3,Commercial,44.64014791977936,-63.67710837588923
508,BP-2020-00537,2021-12-13,10121260,New Building,New Building,Completed,HAMMONDS PLAINS,District 14,55,4,Dwelling - Multiple Units,44.72534762014277,-63.749573737743965
509,BP-2020-00689,2021-02-03,80000,New Building,New Building,Completed,HEAD OF ST MARGARETS BAY,District 13,0,1,Accessory Structure,44.66718509284246,-63.91615317967341
510,BP-2021-00197,2021-08-19,154000,Renovation,Renovation,Expired (Closed),HALIFAX,District 09,0,1,Commercial,44.64626980116062,-63.62094261375594
511,BP-2021-00535,2021-02-10,20000,Renovation,Renovation,Expired,LOWER SACKVILLE,District 15,1,2,Dwelling - Multiple Units,44.77033625000957,-63.701933922646816
512,BP-2021-00672,2021-04-08,260000,New Building,New Building,Completed,TIMBERLEA,District 12,1,2,Dwelling - Single Detached,44.64158528392882,-63.71955632076832
513,BP-2021-00759,2021-02-26,41000,Renovation,Renovation,Completed,HALIFAX,District 11,1,1,Dwelling - Multiple Units,44.63437451561544,-63.62069231622709
514,BP-2021-00908,2023-03-28,630000,Addition,Addition,Expired,HALIFAX,District 11,0,2,Dwelling - Single Detached,44.63357166499364,-63.610990550729625
515,BP-2021-01066,2021-03-09,325000,New Building,New Building,Completed,BEDFORD,District 16,1,2,Dwelling - Single Detached,44.730093090454716,-63.6583849654086
516,BP-2021-01241,2021-02-03,150000,New Building,New Building,Completed,LUCASVILLE,District 14,1,3,Dwelling - Single Detached,44.769646742555814,-63.71171048206413
517,BP-2021-01424,2021-03-23,332600,Renovation,Renovation,Expired,HALIFAX,District 07,0,13,Institutional and Governmental,44.639144138205666,-63.58018177825839
518,BP-2021-01579,2021-02-18,280000,New Building,New Building,Completed,HALIFAX,District 11,2,2,Dwelling - Semi-Detached,44.59948939147905,-63.6009463865135
519,BP-2021-01742,2021-03-19,12000,Addition,Addition,Completed,DARTMOUTH,District 06,0,1,Accessory Structure,44.69278743253364,-63.537912226108425
520,BP-2021-01934,2021-02-17,6500,Renovation,Renovation,Expired,UPPER TANTALLON,District 13,0,2,Commercial,44.68924568991089,-63.879852523628315
521,BP-2021-02072,2021-02-25,465000,New Building,New Building,Completed,BEDFORD,District 16,1,2,Dwelling - Single Detached,44.7024986408755,-63.71621172259223
522,BP-2021-02238,2021-03-05,161000,New Building,New Building,Completed,SEAFORTH,District 02,1,2,Dwelling - Single Detached,44.673469203412104,-63.252715832421686
523,BP-2021-02449,2021-02-23,150000,Addition,Addition,Completed,HAMMONDS PLAINS,District 14,0,2,Dwelling - Single Detached,44.744913475571096,-63.788990105903615
524,BP-2021-02613,2021-09-10,8200000,New Building,New Building,Cancelled,DARTMOUTH,District 03,41,6,Dwelling - Multiple Units,44.667197502359,-63.54738304948326
525,BP-2021-02776,2021-04-28,300000,New Building,New Building,Completed,HALIFAX,District 11,2,3,Dwelling - Semi-Detached,44.596506530973954,-63.60126369584752
526,BP-2021-02942,2022-03-11,21500,New Building,New Building,Withdrawn,HAMMONDS PLAINS,District 14,0,1,Accessory Structure,44.718024912439695,-63.75304897345631
527,BP-2021-03140,2021-04-13,200000,New Building,New Building,Completed,TIMBERLEA,District 12,1,2,Dwelling - Single Detached,44.64185954777348,-63.72022719963026
528,BP-2021-03287,2021-03-22,500000,New Building,New Building,Completed,MIDDLE SACKVILLE,District 14,1,2,Dwelling - Single Detached,44.79026905748498,-63.762848249334944
529,BP-2021-03398,2021-10-07,5000000,New Building,New Building,Expired,DARTMOUTH,District 05,42,8,Mixed Use - Residential & Other Use(s),44.667680275667514,-63.56262669495563
530,BP-2021-03603,,30000,Renovation,Renovation,Applicant Revisions,HALIFAX,District 09,1,2,Dwelling - Multiple Units,44.652238722664364,-63.607213889816414
531,BP-2021-03785,2021-03-22,100000,Renovation,Renovation,Completed,LOWER SACKVILLE,District 15,0,1,Commercial,44.77380234469004,-63.691051584934236
532,BP-2021-03913,2021-04-08,260000,New Building,New Building,Completed,TIMBERLEA,District 12,1,2,Dwelling - Single Detached,44.64147452557565,-63.720064860120296
533,BP-2021-04128,2022-03-07,10000,Renovation,Renovation,Completed,HATCHET LAKE,District 13,0,2,Commercial,44.57220269237169,-63.71324954841427
534,BP-2021-04290,2021-04-26,300000,Renovation,Renovation,Expired,HALIFAX,Unidentified,0,2,Commercial,44.66296323799452,-63.65749499462163
535,BP-2021-04415,2021-03-25,160000,New Building,New Building,Completed,TIMBERLEA,District 12,1,3,Dwelling - Single Detached,44.63978127496783,-63.72339160662568
536,BP-2021-04583,2021-05-27,12000,Addition,Addition,Completed,HALIFAX,District 09,0,1,Dwelling - Single Detached,44.64356595398878,-63.59667133614472
537,BP-2021-04699,2021-04-06,400000,New Building,New Building,Completed,UPPER TANTALLON,District 13,1,1,Dwelling - Single Detached,44.70506680937618,-63.89018682666794
538,BP-2021-04850,2021-04-19,500000,New Building,New Building,Completed,TIMBERLEA,District 12,1,2,Dwelling - Single Detached,44.64129169867872,-63.72082285924184
539,BP-2021-05002,2021-07-08,120000,Addition,Addition,Expired,HALIFAX,District 11,0,2,Dwelling - Single Detached,44.62817599471773,-63.60869838860568
540,BP-2021-05278,2021-05-05,200000,New Building,New Building,Amendment Application Incomplete,HALIFAX,District 11,1,2,Dwelling - Single Detached,44.60746537552067,-63.6002867432782
541,BP-2021-05493,2021-04-23,375000,New Building,New Building,Completed,BEAVER BANK,District 15,1,2,Dwelling - Single Detached,44.83484242558641,-63.66076375016158
542,BP-2021-05675,2021-04-28,1500,New Building,New Building,Expired,WEST LOON LAKE,District 01,0,1,Accessory Structure,45.26001145424358,-62.719213245797754
543,BP-2021-06026,2022-09-12,87000,Addition,Addition,Completed,OSTREA LAKE,District 02,0,2,Dwelling - Single Detached,44.776437123694436,-63.10363318934597
544,BP-2021-06155,2021-10-07,2100000,New Building,New Building,Completed,HALIFAX,District 10,14,3,Dwelling - Multiple Units,44.66229149862515,-63.63278112078907
545,BP-2021-06280,2021-06-15,950000,New Building,New Building,Completed,LAKESIDE,District 12,9,2,Dwelling - Multiple Units,44.633636428481644,-63.7029206826077
546,BP-2021-06487,2021-05-10,300000,New Building,New Building,Completed,BEDFORD,District 16,2,2,Dwelling - Semi-Detached,44.70551803257251,-63.71170665999317
547,BP-2021-06676,2021-08-25,350000,Renovation,Renovation,Completed,HALIFAX,District 08,0,3,Dwelling - Multiple Units,44.6529718787992,-63.583595648080845
548,BP-2021-06838,2023-02-02,450000,New Building,New Building,Issued,HALIFAX,District 11,2,2,Dwelling - Semi-Detached,44.63265482858234,-63.62995967900027
549,BP-2021-07002,2021-06-21,440000,New Building,New Building,Expired,EASTERN PASSAGE,District 03,4,2,Dwelling - Semi-Detached,44.61520419083185,-63.46683688056002
550,BP-2021-07127,2021-06-29,180000,New Building,New Building,Completed,LUCASVILLE,District 14,1,2,Dwelling - Single Detached,44.765991576676484,-63.71040441653281
551,BP-2021-07297,2021-05-13,180000,New Building,New Building,Completed,LUCASVILLE,District 14,1,3,Dwelling - Single Detached,44.769896555147426,-63.7080125508658
552,BP-2021-07439,2021-10-06,46000,Renovation,Renovation,Expired,DARTMOUTH,District 05,1,1,Dwelling - Backyard Suite,44.672231398343506,-63.58785764090423
553,BP-2021-07645,2021-06-07,47000,New Building,New Building,Issued,MIDDLE SACKVILLE,District 14,0,1,Accessory Structure,44.81649246833482,-63.73224134711209
554,BP-2021-07896,2021-05-21,375000,New Building,New Building,Completed,MIDDLE SACKVILLE,District 14,1,1,Dwelling - Single Detached,44.78919283719495,-63.746752116685386
555,BP-2021-08058,2021-06-29,434000,New Building,New Building,Expired,MINEVILLE,District 02,1,2,Dwelling - Single Detached,44.70026350021058,-63.37647791595478
556,BP-2021-08274,2021-05-27,100000,Addition,Addition,Expired,ENFIELD,District 01,0,2,Dwelling - Single Detached,44.937333743590294,-63.52417980378898
557,BP-2021-08469,2021-10-01,1400000,Addition,Addition,Expired (Closed),HALIFAX,District 07,0,3,Commercial,44.64035618807411,-63.57469434447622
558,BP-2021-08633,,544000,New Building,New Building,Applicant Revisions,WILLIAMSWOOD,District 11,1,2,Dwelling - Single Detached,44.48590779555123,-63.60508213360387
559,BP-2021-08877,2021-06-03,327000,New Building,New Building,Completed,EAST CHEZZETCOOK,District 02,1,1,Dwelling - Single Detached,44.72904858855028,-63.23243762915437
560,BP-2021-09097,2021-06-28,500000,New Building,New Building,Completed,FALL RIVER,District 01,1,2,Dwelling - Single Detached,44.82045216805678,-63.64103301373193
561,BP-2021-09261,2021-06-03,25500,New Building,New Building,Completed,HAMMONDS PLAINS,District 14,0,1,Accessory Structure,44.71717044728014,-63.82956502393022
562,BP-2021-09414,2021-07-29,300000,New Building,New Building,Issued,WEST CHEZZETCOOK,District 02,1,2,Dwelling - Single Detached,44.70571147567509,-63.28259110758409
563,BP-2021-09635,,125000,Addition,Addition,Applicant Revisions,BEDFORD,District 16,0,2,Dwelling - Single Detached,44.70813128328365,-63.66856256586588
564,BP-2021-09810,,25000,New Building,New Building,Withdrawn,BEAVER BANK,District 15,0,2,Accessory Structure,44.84278728401738,-63.67101968104272
565,BP-2021-10025,2021-11-22,800000,New Building,New Building,Completed,BEDFORD,District 16,4,2,Dwelling - Townhouse,44.74374644202427,-63.655087064261934
566,BP-2021-10284,2021-07-15,300000,New Building,New Building,Issued,DARTMOUTH,District 03,2,2,Dwelling - Multiple Units,44.63658385190093,-63.52553819926943
567,BPCOM-2021-11345,2021-08-24,35000,Renovation,Renovation,Expired,DARTMOUTH,District 06,0,1,Commercial,44.69766277604728,-63.584039441276076
568,BPCOM-2021-12367,2024-07-03,185000,Renovation,Renovation,Completed,DARTMOUTH,District 06,0,1,Commercial,44.716415538060204,-63.56003919723857
569,BPCOM-2021-13538,,15000,Renovation,Renovation,Withdrawn,HALIFAX,District 07,0,4,Institutional and Governmental,44.631329104661084,-63.581701595014245
570,BPCOM-2021-14585,2022-02-08,5000000,New Building,New Building,Completed,DARTMOUTH,District 06,0,2,Commercial,44.69549730162727,-63.54820763595794
571,BPCOM-2021-15436,2024-06-18,30000,New Building,New Building,Amendment Requested,EASTERN PASSAGE,District 03,0,1,Commercial,44.61105770675491,-63.49514640448933
572,BPCOM-2021-16529,2022-01-20,2262000,Renovation,Renovation,Completed,DARTMOUTH,District 05,0,4,Commercial,44.67683054734693,-63.56189923719206
573,BPCOM-2021-17697,2024-03-22,1250000,Renovation,Renovation,Completed,HALIFAX,District 07,0,4,Commercial,44.641079711074255,-63.57069561889085
574,BPCOM-2021-18816,2021-12-20,400000,Renovation,Renovation,Completed,DARTMOUTH,District 06,0,2,Commercial,44.693981334609255,-63.600132743478255
575,BPCOM-2021-19580,2022-01-27,65000,Renovation,Renovation,Completed,HALIFAX,District 07,0,18,Commercial,44.648540302187236,-63.57454400877032
576,BPCOM-2021-20224,2022-02-10,70000,Renovation,Renovation,Expired,DARTMOUTH,District 05,0,2,Commercial,44.67310468422332,-63.582076440647334
577,BPCOM-2022-00678,2022-02-07,120000,Renovation,Renovation,Expired,DARTMOUTH,District 05,0,2,Dwelling - Multiple Units,44.67639117483808,-63.593202504939356
578,BPCOM-2022-01534,,42000,Renovation,Renovation,Applicant Revisions,HALIFAX,District 07,0,2,Commercial,44.64080139025332,-63.566144957345685
579,BPCOM-2022-02309,2024-07-08,200000,Renovation,Renovation,Issued,DARTMOUTH,District 05,0,2,Institutional and Governmental,44.67528262814111,-63.55971064427688
580,BPCOM-2022-03107,2022-04-13,250000,Renovation,Renovation,Completed,DARTMOUTH,District 06,0,2,Commercial,44.70298997813389,-63.593308936518106
581,BPCOM-2022-03946,2022-04-25,250000,Renovation,Renovation,Expired (Closed),,District 12,0,2,Commercial,,
582,BPCOM-2022-04908,2022-08-23,104000,New Building,New Building,Completed,UPPER SACKVILLE,District 14,0,1,Mixed Use - Residential & Other Use(s),44.81399147943283,-63.75970339630495
583,BPCOM-2022-05728,2022-05-30,150000,Renovation,Renovation,Completed,HALIFAX,District 08,0,2,Commercial,44.662780881268496,-63.61257706924641
584,BPCOM-2022-06998,2022-09-13,14000,Renovation,Renovation,Expired,HALIFAX,District 11,0,10,Commercial,44.61101900926144,-63.617951382854386
585,BPCOM-2022-07840,2022-08-02,17500,Renovation,Renovation,Expired,HALIFAX,District 12,0,1,Commercial,44.67211616467121,-63.6652719039595
586,BPCOM-2022-08920,,150000,New Building,New Building,Applicant Revisions,GOODWOOD,District 13,0,1,Commercial,44.60036192217542,-63.67777978956337
587,BPCOM-2022-09660,2022-09-12,3100000,New Building,New Building,Completed,BEECHVILLE,District 12,0,2,Commercial,44.64187288234979,-63.67754668951761
588,BPCOM-2022-10365,,65000,New Building,New Building,Applicant Revisions,MUSQUODOBOIT HARBOUR,District 02,0,1,Commercial,44.80980431888975,-63.19754941143794
589,BPCOM-2022-11349,2022-11-22,25000,Renovation,Renovation,Expired,DARTMOUTH,District 06,1,2,Mixed Use - Residential & Other Use(s),44.6847282862804,-63.502394794154476
590,BPCOM-2022-12234,2022-10-24,13000,New Building,New Building,Completed,ELMSDALE,District 01,0,1,Industrial,44.961888234505615,-63.48832477883962
591,BPCOM-2022-12921,2022-11-24,7500000,New Building,New Building,Completed,DARTMOUTH,District 06,45,6,Mixed Use - Residential & Other Use(s),44.682289203730534,-63.53846230713893
592,BPCOM-2022-13875,,500000,New Building,New Building,Application Incomplete,DARTMOUTH,District 06,0,2,Industrial,44.672249342682164,-63.506713304010646
593,BPCOM-2022-14618,2023-03-15,3060000,New Building,New Building,Completed,HALIFAX,District 11,17,4,Dwelling - Multiple Units,44.61870678822849,-63.62157919362275
594,BPCOM-2022-15557,2023-01-20,91800,Renovation,Renovation,Expired,DARTMOUTH,District 06,0,1,Commercial,44.69490509180009,-63.57587017120275
595,BPCOM-2023-00111,2023-01-27,100000,New Building,New Building,Expired,UPPER HAMMONDS PLAINS,District 14,0,1,Commercial,44.755037536790425,-63.84773482406153
596,BPCOM-2023-00978,2023-02-13,429750,Renovation,Renovation,Completed,HALIFAX,District 07,0,18,Commercial,44.64630242810192,-63.57479442574708
597,BPCOM-2023-01334,2023-06-13,22500000,New Building,New Building,Issued,DARTMOUTH,District 03,140,9,Dwelling - Multiple Units,44.66276671226124,-63.5532881661451
598,BPCOM-2023-02244,2023-03-21,505000,Renovation,Renovation,Completed,DARTMOUTH,District 06,0,2,Commercial,44.69771172938676,-63.54840453471994
599,BPCOM-2023-03207,,12500000,Addition,Addition,Withdrawn,HALIFAX,District 07,69,10,Dwelling - Multiple Units,44.64122376732497,-63.57129164602773
600,BPCOM-2023-03724,2023-05-15,1260000,Addition,Addition,Completed,BEAVER BANK,District 15,0,1,Industrial,44.79220564382563,-63.67883737061738
601,BPCOM-2023-04647,,14000,Renovation,Renovation,Withdrawn,EASTERN PASSAGE,District 03,0,1,Commercial,44.61094760363434,-63.49272847700553
602,BPCOM-2023-05699,2023-05-23,5000,Renovation,Renovation,Expired,HALIFAX,District 10,0,3,Mixed Use - Residential & Other Use(s),44.681296436369976,-63.65931102488349
603,BPCOM-2023-06589,2024-04-10,9203177,New Building,New Building,Completed,TIMBERLEA,District 12,0,2,Commercial,44.63628718020411,-63.71823047243111
604,BPCOM-2023-07571,2023-07-18,850000,Renovation,Renovation,Completed,HALIFAX,District 09,0,2,Commercial,44.645380246349674,-63.62030807128708
605,BPCOM-2023-08387,2023-10-23,80000,Renovation,Renovation,Completed,BEDFORD,District 16,0,1,Commercial,44.708166275810235,-63.71056815854703
606,BPCOM-2023-09451,2023-08-22,503000,Renovation,Renovation,Completed,HALIFAX,District 09,0,3,Commercial,44.649368575944415,-63.61874247106554
607,BPCOM-2023-10348,2023-12-15,48000,Renovation,Renovation,Expired,HALIFAX,District 08,0,3,Commercial,44.65905155642769,-63.59848833103718
608,BPCOM-2023-11585,2024-03-20,21775000,New Building,New Building,Issued,HALIFAX,District 09,188,11,Mixed Use - Residential & Other Use(s),44.64438641484217,-63.598827148876616
609,BPCOM-2023-12630,2024-01-12,29600000,New Building,New Building,Issued,DARTMOUTH,District 03,148,10,Dwelling - Multiple Units,44.66794334546069,-63.53618491780239
610,BPCOM-2023-13614,2023-11-01,625000,Renovation,Renovation,Expired,DARTMOUTH,District 06,0,2,Commercial,44.716415538060204,-63.56003919723857
611,BPCOM-2023-14346,2023-11-22,280000,Renovation,Renovation,Completed,LOWER SACKVILLE,District 15,0,1,Commercial,44.7753645849725,-63.696100899643206
612,BPCOM-2023-14990,2024-06-17,320000,New Building,New Building,Completed,BEDFORD,District 16,0,1,Commercial,44.708026880724994,-63.6646761985088
613,BPCOM-2023-15521,,72000000,New Building,New Building,Applicant Revisions,WESTPHAL,District 04,300,7,Mixed Use - Residential & Other Use(s),44.695045287418765,-63.49869829502031
614,BPCOM-2023-15955,,300000,New Building,New Building,Application Incomplete,HALIFAX,District 08,36,5,Mixed Use - Residential & Other Use(s),44.64773071296165,-63.59163700736554
615,BPCOM-2023-16435,2024-08-29,5200000,New Building,New Building,Issued,HALIFAX,District 08,33,10,Mixed Use - Residential & Other Use(s),44.65670999528505,-63.597365758251364
616,BPCOM-2024-00412,2024-01-18,40000,Renovation,Renovation,Completed,HALIFAX,District 07,0,3,Dwelling - Multiple Units,44.64122376732497,-63.57129164602773
617,BPCOM-2024-01178,,230000,Renovation,Renovation,Withdrawn,HALIFAX,District 10,0,1,Commercial,44.674966757659945,-63.66077295027532
618,BPCOM-2024-01782,2024-10-31,230000,New Building,New Building,Issued,,District 14,0,1,Commercial,44.76269854872019,-63.85207180413724
619,BPCOM-2024-02821,2024-03-25,1356900,Renovation,Renovation,Completed,DARTMOUTH,District 05,0,1,Commercial,44.68914035459205,-63.561349955456414
620,BPCOM-2024-03712,2024-06-05,1210000,Renovation,Renovation,Completed,BEECHVILLE,District 12,0,3,Commercial,44.64088885195961,-63.67083372093114
621,BPCOM-2024-04749,,100,New Building,New Building,Withdrawn,COLE HARBOUR,District 04,0,1,Accessory Structure,44.67081206317394,-63.491114694280974
622,BPCOM-2024-05519,2024-05-17,110000,Renovation,Renovation,Expired,HALIFAX,District 09,0,12,Commercial,44.64699302345943,-63.59394044584647
623,BPCOM-2024-06233,,43800000,New Building,New Building,Applicant Revisions,HALIFAX,District 07,438,30,Mixed Use - Residential & Other Use(s),44.64052863483248,-63.585674355809445
624,BPCOM-2024-06478,2024-06-19,225000,Renovation,Renovation,Completed,DARTMOUTH,District 06,0,2,Commercial,44.702332946330586,-63.56309160441555
625,BPCOM-2024-06988,2024-08-29,200000,Renovation,Renovation,Completed,HALIFAX,District 08,0,2,Commercial,44.655947438343894,-63.597200394287064
626,BPCOM-2024-07563,2024-06-27,761300,New Building,New Building,Completed,HAMMONDS PLAINS,District 14,0,2,Institutional and Governmental,44.733520023262244,-63.80556809086313
627,BPCOM-2024-08584,2024-07-05,98725,Renovation,Renovation,Completed,MIDDLE SACKVILLE,District 14,0,1,Commercial,44.79443268298501,-63.724084748458324
628,BPCOM-2024-09283,2024-07-23,10000,New Building,New Building,Issued,EASTERN PASSAGE,District 03,0,2,Accessory Structure,44.61101572300302,-63.48610509048542
629,BPCOM-2024-10138,,25000,Renovation,Renovation,Applicant Revisions,HALIFAX,District 08,0,3,Commercial,44.65282158678462,-63.59011597500092
630,BPCOM-2024-10928,2025-01-22,100000,Renovation,Renovation,Completed,HALIFAX,District 08,0,1,Commercial,44.653591907232595,-63.59130533108129
631,BPCOM-2024-12284,2024-09-16,148000,Renovation,Renovation,Issued,HALIFAX,District 07,0,13,Commercial,44.6467703874081,-63.57258908888308
632,BPCOM-2024-13823,2024-10-08,372741,Renovation,Renovation,Completed,HAMMONDS PLAINS,District 14,0,1,Commercial,44.73407223496039,-63.78376456984394
633,BPCOM-2024-15645,2025-02-19,13630000,New Building,New Building,Issued,DARTMOUTH,District 05,97,12,Mixed Use - Residential & Other Use(s),44.68643786258165,-63.5636903768702
634,BPCOM-2024-16494,2024-11-19,2000,Renovation,Renovation,Amendment Applicant Revisions,HALIFAX,District 11,0,2,Commercial,44.62235162546875,-63.61805134361858
635,BPCOM-2024-17612,2025-07-23,11550000,New Building,New Building,Issued,LOWER SACKVILLE,District 15,67,5,Mixed Use - Residential & Other Use(s),44.762477118951104,-63.67267803092538
636,BPCOM-2024-18379,2025-04-14,3000000,Addition,Addition,Issued,HALIFAX,District 12,0,2,Institutional and Governmental,44.67341591846049,-63.66567077378375
637,BPCOM-2025-00302,2025-02-03,300000,Renovation,Renovation,Issued,HALIFAX,District 08,0,1,Commercial,44.66759725050205,-63.606756116651994
638,BPCOM-2025-01110,2025-02-11,1300000,Renovation,Renovation,Completed,HALIFAX,District 12,0,4,Commercial,44.65513999799687,-63.66995983206623
639,BPCOM-2025-01688,2025-12-09,25000,Renovation,Renovation,Completed,BEDFORD,District 16,0,1,Commercial,44.70106241171123,-63.68605024980754
640,BPCOM-2025-02436,2025-05-06,400000,Renovation,Renovation,Issued,COLE HARBOUR,District 04,0,1,Commercial,44.67218897411352,-63.492122596919884
641,BPCOM-2025-03019,2026-06-18,52000000,New Building,New Building,Issued,DARTMOUTH,District 05,162,14,Mixed Use - Residential & Other Use(s),44.68604177953048,-63.6064647097428
642,BPCOM-2025-03374,2025-03-28,30000,Renovation,Renovation,Completed,LOWER SACKVILLE,District 15,0,1,Commercial,44.77380234469004,-63.691051584934236
643,BPCOM-2025-03904,2025-11-26,29300000,New Building,New Building,Issued,DARTMOUTH,District 05,133,8,Dwelling - Multiple Units,44.66960570720053,-63.58053027923062
644,BPCOM-2025-04375,,50000000,New Building,New Building,Applicant Revisions,DARTMOUTH,District 05,178,22,Mixed Use - Residential & Other Use(s),44.670017136676435,-63.57675368026548
645,BPCOM-2025-05872,,150000,New Building,New Building,Applicant Revisions,HAMMONDS PLAINS,District 14,0,1,Commercial,44.73323606888739,-63.785405282676464
646,BPCOM-2025-07176,,70000000,New Building,New Building,Applicant Revisions,HALIFAX,District 07,256,11,Mixed Use - Residential & Other Use(s),44.63895314523291,-63.59298408006415
647,BPCOM-2025-08512,2025-06-30,13250,Renovation,Renovation,Completed,HALIFAX,District 07,0,2,Commercial,44.64259451247255,-63.57803845696203
648,BPCOM-2025-09857,2025-07-14,1040376,Renovation,Renovation,Completed,HALIFAX,District 09,0,3,Commercial,44.649368575944415,-63.61874247106554
649,BPCOM-2025-11009,2025-12-08,9590991,New Building,New Building,Issued,DARTMOUTH,District 06,0,2,Commercial,44.70753707389368,-63.575862437518566
650,BPCOM-2025-12266,2025-08-19,200000,Renovation,Renovation,Completed,DARTMOUTH,District 05,0,3,Commercial,44.68656042112191,-63.55952448193897
651,BPCOM-2025-13081,2025-09-23,200000,Renovation,Renovation,Issued,BEECHVILLE,District 12,0,1,Commercial,44.6391256270986,-63.66081365560008
652,BPCOM-2025-14123,2025-11-03,330000,Renovation,Renovation,Issued,DARTMOUTH,District 06,0,2,Commercial,44.6933881031654,-63.54353467019817
653,BPCOM-2025-15028,2025-10-06,128000,Renovation,Renovation,Issued,HALIFAX,District 09,0,8,Commercial,44.64442181557708,-63.62301022716679
654,BPCOM-2025-15680,2025-10-17,210000,Renovation,Renovation,Issued,HALIFAX,District 09,0,6,Commercial,44.64386901012016,-63.623099234855225
655,BPCOM-2025-16464,2025-12-01,10000,Renovation,Renovation,Issued,DARTMOUTH,District 06,0,7,Commercial,44.682289203730534,-63.53846230713893
656,BPCOM-2025-17414,2026-06-05,9000000,New Building,New Building,Issued,DARTMOUTH,District 06,0,2,Industrial,44.73054589813318,-63.57746612502671
657,BPCOM-2025-18412,2026-02-11,40000,Addition,Addition,Issued,UPPER HAMMONDS PLAINS,District 14,0,1,Accessory Structure,44.75287303759587,-63.82670965490243
658,BPCOM-2025-19038,2026-01-08,30000,Renovation,Renovation,Completed,HALIFAX,District 10,0,1,Commercial,44.66110853877551,-63.65653701425347
659,BPCOM-2026-00803,,100000,Renovation,Renovation,Applicant Revisions,HALIFAX,District 08,0,3,Commercial,44.655619023463125,-63.59918171995882
660,BPCOM-2026-01444,,34000000,New Building,New Building,Applicant Revisions,HALIFAX,District 10,164,9,Dwelling - Multiple Units,44.65296740262956,-63.631067895658454
661,BPCOM-2026-02123,2026-03-03,80000,Renovation,Renovation,Issued,HALIFAX,District 10,0,3,Commercial,44.66346496285606,-63.65438428116704
662,BPCOM-2026-03024,2026-03-24,40000,Renovation,Renovation,Issued,LOWER SACKVILLE,District 15,0,1,Commercial,44.77380234469004,-63.691051584934236
663,BPCOM-2026-04237,,600000,Renovation,Renovation,In Review,MYERS POINT,District 02,0,2,Commercial,44.776047230256644,-63.040182269879416
664,BPCOM-2026-05247,,22000,New Building,New Building,Applicant Revisions,,District 02,0,1,Commercial,44.79723011525248,-63.39320962588997
665,BPCOM-2026-06386,,3200000,New Building,New Building,Applicant Revisions,MIDDLE SACKVILLE,District 14,0,3,Commercial,44.79358999331149,-63.71691723445903
666,BPCOM-2026-07411,,7000,Renovation,Renovation,Application Incomplete,LOWER SACKVILLE,District 15,0,1,Commercial,44.76956932626812,-63.689150762146326
667,BPCOM-2026-08669,,561487,Renovation,Renovation,In Review,BEDFORD,District 16,0,6,Commercial,44.72250658592156,-63.69308496285072
668,BPRES-2021-10495,2021-06-30,2500,Renovation,Renovation,Completed,LOWER SACKVILLE,District 15,0,1,Dwelling - Single Detached,44.777538247574384,-63.675608641741555
669,BPRES-2021-10733,,125000,New Building,New Building,Withdrawn,WEST PORTERS LAKE,District 02,2,1,Dwelling - Semi-Detached,44.69438674381957,-63.30498023154604
670,BPRES-2021-11057,2021-07-15,10000,Renovation,Renovation,Completed,HALIFAX,District 09,0,2,Dwelling - Single Detached,44.642633447011505,-63.63708897535506
671,BPRES-2021-11448,2021-07-16,28700,New Building,New Building,Completed,HAMMONDS PLAINS,District 14,0,1,Accessory Structure,44.756606707658236,-63.789296290083485
672,BPRES-2021-11696,2021-07-29,85000,New Building,New Building,Completed,HUBLEY,District 13,1,1,Dwelling - Single Detached,44.68122694798813,-63.824988591256684
673,BPRES-2021-12036,,391000,New Building,New Building,Withdrawn,DARTMOUTH,District 06,4,3,Dwelling - Multiple Units,44.67968422276241,-63.51358222464237
674,BPRES-2021-12233,2021-10-06,100000,New Building,New Building,Issued,HALIFAX,District 11,1,1,Dwelling - Backyard Suite,44.62005888537837,-63.57967512598974
675,BPRES-2021-12496,2021-08-05,400000,New Building,New Building,Completed,UPPER SACKVILLE,District 14,1,2,Dwelling - Single Detached,44.839296586089176,-63.79096930153217
676,BPRES-2021-12818,2021-08-06,158000,New Building,New Building,Expired,,District 06,2,3,Dwelling - Single Detached,44.698856623343275,-63.536467629193325
677,BPRES-2021-13062,2021-08-06,28000,New Building,New Building,Completed,LINDSAY LAKE,District 01,0,1,Accessory Structure,45.0509738863061,-63.020295488906385
678,BPRES-2021-13321,2021-10-19,40000,Addition,Addition,Expired (Closed),TIMBERLEA,District 12,0,1,Dwelling - Single Detached,44.648564923319505,-63.72423968986292
679,BPRES-2021-13568,2021-08-27,445500,New Building,New Building,Completed,UPPER TANTALLON,District 13,1,3,Dwelling - Single Detached,44.72247484635071,-63.865791155579714
680,BPRES-2021-13845,2021-10-04,84000,New Building,New Building,Completed,HUBLEY,District 13,1,1,Dwelling - Single Detached,44.68058857039773,-63.8261446531185
681,BPRES-2021-14179,2021-09-17,500000,New Building,New Building,Completed,PORTERS LAKE,District 02,1,2,Dwelling - Single Detached,44.71885205797935,-63.31001001301922
682,BPRES-2021-14366,2021-10-28,62500,Addition,Addition,Completed,FALL RIVER,District 01,0,2,Dwelling - Single Detached,44.82861329430955,-63.607868220883816
683,BPRES-2021-14643,2022-02-17,325000,Addition,Addition,Withdrawn,HALIFAX,District 08,0,3,Dwelling - Multiple Units,44.65371814293894,-63.592683055083285
684,BPRES-2021-14982,2022-04-28,324000,New Building,New Building,Completed,WILLIAMSWOOD,District 11,1,1,Dwelling - Single Detached,44.53903854156358,-63.65292069442492
685,BPRES-2021-15286,2021-11-04,15000,Renovation,Renovation,Completed,EAST PRESTON,District 04,0,2,Dwelling - Single Detached,44.72746554403197,-63.40288566044246
686,BPRES-2021-15631,2025-09-02,332000,New Building,New Building,Issued,FERGUSONS COVE,District 11,1,1,Dwelling - Single Detached,44.59934532916764,-63.555851157778434
687,BPRES-2021-15851,2021-10-15,21000,New Building,New Building,Expired (Closed),MINEVILLE,District 02,0,1,Accessory Structure,44.699521063972675,-63.37701386234269
688,BPRES-2021-16203,2021-10-18,278000,New Building,New Building,Completed,UPPER SACKVILLE,District 14,1,1,Dwelling - Single Detached,44.80804897379695,-63.758092963120646
689,BPRES-2021-16440,2021-11-29,10000,Renovation,Renovation,Expired,DARTMOUTH,District 05,0,1,Dwelling - Single Detached,44.68204202145747,-63.568027795003125
690,BPRES-2021-16675,2021-10-18,16000,Renovation,Renovation,Completed,HALIFAX,District 09,0,2,Dwelling - Single Detached,44.645667577246385,-63.63402849778278
691,BPRES-2021-16947,2021-12-03,435000,Addition,Addition,Completed,FALL RIVER,District 01,0,3,Dwelling - Single Detached,44.8376625200525,-63.652191418805295
692,BPRES-2021-17137,2021-11-15,550000,New Building,New Building,Completed,BEDFORD,District 16,1,2,Dwelling - Single Detached,44.70307999774661,-63.71827429511671
693,BPRES-2021-17254,2021-11-08,400000,New Building,New Building,Completed,BEDFORD,District 16,1,3,Dwelling - Single Detached,44.70425273036346,-63.71514937686643
694,BPRES-2021-17431,2022-01-07,215000,New Building,New Building,Expired,GAETZ BROOK,District 02,1,2,Dwelling - Single Detached,44.76658080986981,-63.21715608992813
695,BPRES-2021-17693,2022-05-05,98000,Renovation,Renovation,Completed,WAVERLEY,District 01,0,3,Dwelling - Multiple Units,44.78348789641891,-63.599298112630485
696,BPRES-2021-17926,2025-11-04,34000,New Building,New Building,Issued,MIDDLE SACKVILLE,District 14,0,1,Accessory Structure,44.81840404738517,-63.742164687859145
697,BPRES-2021-18159,2021-11-16,400000,New Building,New Building,Completed,BEDFORD,District 16,1,3,Dwelling - Single Detached,44.70380999711888,-63.71567572436529
698,BPRES-2021-18473,2021-12-15,30000,Renovation,Renovation,Completed,FALL RIVER,District 01,1,2,Dwelling - Multiple Units,44.817893997855684,-63.62064385792214
699,BPRES-2021-18795,2022-02-01,300000,New Building,New Building,Completed,HERRING COVE,District 11,1,2,Dwelling - Single Detached,44.57429967551275,-63.57166780853555
700,BPRES-2021-19001,,150,Renovation,Renovation,Applicant Revisions,DARTMOUTH,District 03,1,2,Dwelling - Semi-Detached,44.65884971765216,-63.5485908081975
701,BPRES-2021-19207,2021-11-29,1410000,New Building,New Building,Completed,DARTMOUTH,District 05,26,1,Dwelling - Multiple Units,44.66628235272606,-63.572100359068564
702,BPRES-2021-19496,2022-02-23,550500,New Building,New Building,Completed,MUSQUODOBOIT HARBOUR,District 02,1,2,Dwelling - Single Detached,44.791169685902126,-63.17483693654978
703,BPRES-2021-19772,2022-01-27,223500,New Building,New Building,Completed,CLAM BAY,District 02,1,1,Dwelling - Single Detached,44.734405804175466,-62.93295039255154
704,BPRES-2021-20065,2022-01-14,78516.22,Renovation,Renovation,Expired (Closed),HALIFAX,District 08,0,2,Dwelling - Multiple Units,44.650936584887745,-63.59595751872439
705,BPRES-2021-20337,2022-06-28,74000,New Building,New Building,Expired,HARRIGAN COVE,District 02,1,1,Dwelling - Single Detached,44.91936187253273,-62.304568793752736
706,BPRES-2022-00196,2022-01-27,4000,New Building,New Building,Completed,HATCHET LAKE,District 13,0,1,Accessory Structure,44.56964375229622,-63.70892939052552
707,BPRES-2022-00391,,300000,New Building,New Building,Applicant Revisions,LOWER PROSPECT,District 13,1,1,Dwelling - Single Detached,44.45553998715163,-63.72460778467646
708,BPRES-2022-00636,2022-02-04,640000,New Building,New Building,Completed,TANTALLON,District 13,1,2,Dwelling - Single Detached,44.6503237738972,-63.8996038172876
709,BPRES-2022-00883,2022-02-17,456500,New Building,New Building,Completed,WELLINGTON,District 01,1,2,Dwelling - Single Detached,44.86745516719321,-63.60706821796829
710,BPRES-2022-01141,,10,Renovation,Renovation,Application Incomplete,HEAD OF JEDDORE,District 02,0,2,Dwelling - Single Detached,44.760197032693306,-63.06318599513258
711,BPRES-2022-01298,2022-03-30,400000,New Building,New Building,Cancelled,HALIFAX,District 10,2,3,Dwelling - Multiple Units,44.67900624907778,-63.655257860362184
712,BPRES-2022-01514,2022-03-02,45000,Renovation,Renovation,Expired,HALIFAX,District 09,0,2,Dwelling - Multiple Units,44.64764978344551,-63.598806595538505
713,BPRES-2022-01730,2022-05-16,125600,Renovation,Renovation,Completed,COLE HARBOUR,District 04,0,1,Dwelling - Single Detached,44.67958075664308,-63.488473887949496
714,BPRES-2022-01969,2022-06-27,166500,Addition,Addition,Expired,UPPER HAMMONDS PLAINS,District 14,0,1,Dwelling - Single Detached,44.77001305326333,-63.8557078323866
715,BPRES-2022-02141,2022-03-17,275000,New Building,New Building,Completed,BEECHVILLE,District 12,1,2,Dwelling - Single Detached,44.63776528650159,-63.67944232698887
716,BPRES-2022-02308,2022-05-26,290000,New Building,New Building,Completed,OSTREA LAKE,District 02,1,2,Dwelling - Single Detached,44.76265243910899,-63.10657458657986
717,BPRES-2022-02475,2022-03-16,180000,New Building,New Building,Completed,HALIFAX,District 11,4,3,Dwelling - Semi-Detached,44.601672932087794,-63.6139776771773
718,BPRES-2022-02773,2022-03-24,10000,Renovation,Renovation,Expired (Closed),HALIFAX,District 11,0,1,Dwelling - Single Detached,44.61154907893197,-63.61284633556958
719,BPRES-2022-02855,2022-03-21,275000,New Building,New Building,Completed,BEECHVILLE,District 12,1,2,Dwelling - Single Detached,44.638647595254135,-63.68026182345373
720,BPRES-2022-02897,2022-04-05,218000,New Building,New Building,Completed,CLAM HARBOUR,District 02,1,1,Dwelling - Single Detached,44.73539161718601,-62.88555558111125
721,BPRES-2022-03125,,150000,New Building,New Building,Withdrawn,HARRIETSFIELD,District 11,1,2,Dwelling - Single Detached,44.551432107310184,-63.641386583857305
722,BPRES-2022-03312,2022-03-24,15000,New Building,New Building,Expired (Closed),WINDSOR JUNCTION,District 01,0,1,Accessory Structure,44.79758484496217,-63.64140866112366
723,BPRES-2022-03513,,20000,New Building,New Building,Application Incomplete,HERRING COVE,District 11,0,1,Accessory Structure,44.56750067154182,-63.56711492087631
724,BPRES-2022-03760,2022-04-21,37000,New Building,New Building,Completed,LOWER SACKVILLE,District 15,0,1,Accessory Structure,44.76626666323323,-63.67503334819873
725,BPRES-2022-03964,,187500,Renovation,Renovation,Withdrawn,HALIFAX,District 09,0,2,Dwelling - Backyard Suite,44.64020816612108,-63.60744047467574
726,BPRES-2022-04103,2022-04-13,315000,New Building,New Building,Completed,PORTERS LAKE,District 02,1,1,Dwelling - Single Detached,44.75496515267673,-63.28796888126119
727,BPRES-2022-04329,2022-04-19,475000,New Building,New Building,Completed,BEAVER BANK,District 15,1,3,Dwelling - Single Detached,44.829025914738985,-63.67702852304821
728,BPRES-2022-04556,2022-09-16,375000,New Building,New Building,Completed,BEAVER BANK,District 15,1,1,Dwelling - Single Detached,44.84723085817678,-63.685904283284174
729,BPRES-2022-04789,2022-05-02,87000,Renovation,Renovation,Completed,HALIFAX,District 09,0,1,Dwelling - Single Detached,44.65223453220604,-63.608016280071965
730,BPRES-2022-05041,2022-06-17,600000,New Building,New Building,Completed,EAST LAWRENCETOWN,District 02,1,2,Dwelling - Single Detached,44.67482290947893,-63.31707649637334
731,BPRES-2022-05255,2022-06-22,60000,New Building,New Building,Completed,STILLWATER LAKE,District 13,1,2,Dwelling - Backyard Suite,44.68941562690662,-63.811037156473105
732,BPRES-2022-05458,2022-05-17,200000,Addition,Addition,Issued,HAMMONDS PLAINS,District 14,0,2,Dwelling - Single Detached,44.71815849090847,-63.826177125394636
733,BPRES-2022-05637,2022-05-04,119008,Renovation,Renovation,Expired (Closed),DARTMOUTH,District 03,0,2,Dwelling - Townhouse,44.66831729747364,-63.508462849151265
734,BPRES-2022-05774,2022-05-17,8000,New Building,New Building,Expired,LAWRENCETOWN,District 02,0,1,Accessory Structure,44.65488052369541,-63.396847331992916
735,BPRES-2022-05998,2023-06-01,149500,Addition,Addition,Completed,,District 01,2,2,Dwelling - Multiple Units,44.87855384270267,-63.60384523754119
736,BPRES-2022-06251,2024-01-23,360000,New Building,New Building,Expired,HATCHET LAKE,District 13,1,1,Dwelling - Single Detached,44.54898080576886,-63.730702851368825
737,BPRES-2022-06452,2022-05-18,500000,New Building,New Building,Completed,BEAR COVE,District 11,1,2,Dwelling - Single Detached,44.53871639749932,-63.54550468734608
738,BPRES-2022-06662,2022-05-27,33000,New Building,New Building,Expired,LAKE LOON,District 04,0,1,Accessory Structure,44.70757687765703,-63.500370788381446
739,BPRES-2022-06870,2022-05-27,37000,New Building,New Building,Completed,STILLWATER LAKE,District 13,0,1,Accessory Structure,44.692122163866124,-63.81528048894943
740,BPRES-2022-07140,,150000,Addition,Addition,Withdrawn,BEAVER BANK,District 15,0,2,Dwelling - Single Detached,44.84612010156236,-63.68110978017226
741,BPRES-2022-07480,,100000,Renovation,Renovation,Applicant Revisions,HALIFAX,District 10,1,2,Dwelling - Multiple Units,44.65592404952668,-63.63297653780822
742,BPRES-2022-07816,,240000,New Building,New Building,Application Incomplete,WEST PETPESWICK,District 02,1,2,Dwelling - Single Detached,44.77721569598183,-63.15770385775764
743,BPRES-2022-08004,2022-06-22,250000,New Building,New Building,Completed,BEECHVILLE,District 12,1,3,Dwelling - Single Detached,44.6376234374564,-63.6769711171826
744,BPRES-2022-08174,2022-08-02,320000,New Building,New Building,Expired,WEST PETPESWICK,District 02,1,2,Dwelling - Single Detached,44.738289702031274,-63.17522438532553
745,BPRES-2022-08428,2022-06-24,27579,New Building,New Building,Completed,UPPER TANTALLON,District 13,0,1,Accessory Structure,44.6860075511826,-63.85486475448082
746,BPRES-2022-08662,2022-08-26,109119,Addition,Addition,Issued,LOWER SACKVILLE,District 15,0,1,Dwelling - Single Detached,44.785932890093264,-63.6900431950606
747,BPRES-2022-08864,2022-07-04,25000,New Building,New Building,Expired,CLAM BAY,District 02,0,1,Accessory Structure,44.73114247809361,-62.92712056082379
748,BPRES-2022-09059,,125000,New Building,New Building,Applicant Revisions,DARTMOUTH,District 06,0,2,Accessory Structure,44.68099438951713,-63.545765438957055
749,BPRES-2022-09282,2022-10-05,65000,Addition,Addition,Expired,DARTMOUTH,District 03,0,2,Dwelling - Single Detached,44.664630026115816,-63.54706010714572
750,BPRES-2022-09512,2022-09-22,30000,Renovation,Renovation,Completed,DARTMOUTH,District 06,1,1,Dwelling - Multiple Units,44.688006549967966,-63.54077197151008
751,BPRES-2022-09849,2022-08-03,120000,New Building,New Building,Completed,EAST PENNANT,District 11,1,2,Dwelling - Single Detached,44.465552673112846,-63.632021185886
752,BPRES-2022-10009,2022-08-03,350000,New Building,New Building,Issued,LAKE CHARLOTTE,District 02,1,1,Dwelling - Single Detached,44.78031316964383,-62.9826897133624
753,BPRES-2022-10184,2023-04-12,100000,New Building,New Building,Completed,EAST PRESTON,District 04,1,1,Dwelling - Single Detached,44.711480998650266,-63.411026896146645
754,BPRES-2022-10436,2022-08-19,105000,New Building,New Building,Completed,HALIFAX,District 12,1,1,Dwelling - Backyard Suite,44.678593761591806,-63.67436340685444
755,BPRES-2022-10693,2022-08-24,9000,Addition,Addition,Completed,LOWER SACKVILLE,District 15,0,1,Dwelling - Single Detached,44.781969499002734,-63.686502413709825
756,BPRES-2022-10904,2022-08-30,534394.57,New Building,New Building,Completed,HATCHET LAKE,District 13,1,1,Dwelling - Single Detached,44.572413719387875,-63.709978503135225
757,BPRES-2022-11173,,30000,New Building,New Building,Withdrawn,BEDFORD,District 16,0,1,Accessory Structure,44.72411816969577,-63.673495906909416
758,BPRES-2022-11405,2022-10-03,419000,New Building,New Building,Issued,FALL RIVER,District 01,2,1,Dwelling - Multiple Units,44.82860671195575,-63.61493156612818
759,BPRES-2022-11739,2022-11-29,8000,New Building,New Building,Expired,DARTMOUTH,District 06,0,1,Accessory Structure,44.69767192984363,-63.54643677851076
760,BPRES-2022-11995,2022-11-16,1800000,New Building,New Building,Issued,UPPER TANTALLON,District 13,2,2,Dwelling - Multiple Units,44.739076579005534,-63.872325901869104
761,BPRES-2022-12109,2022-11-14,232500,New Building,New Building,Completed,BEAVER BANK,District 15,1,2,Dwelling - Single Detached,44.87405373392587,-63.70109750397582
762,BPRES-2022-12421,2023-03-27,3500000,New Building,New Building,Completed,DARTMOUTH,District 05,12,3,Dwelling - Multiple Units,44.689507107532776,-63.5834804441812
763,BPRES-2022-12625,2022-09-26,20000,New Building,New Building,Expired,MIDDLE PORTERS LAKE,District 02,0,1,Accessory Structure,44.705419706815746,-63.294578097237476
764,BPRES-2022-12961,2022-10-05,20000,New Building,New Building,Expired,STILLWATER LAKE,District 13,0,1,Accessory Structure,44.693821766557356,-63.837118578572145
765,BPRES-2022-13162,2022-12-20,4500,Renovation,Renovation,Expired,DARTMOUTH,District 05,0,3,Dwelling - Single Detached,44.674589872750495,-63.559738233016034
766,BPRES-2022-13355,2022-10-20,375000,New Building,New Building,Completed,BEAVER BANK,District 15,1,2,Dwelling - Single Detached,44.827385507935254,-63.67567168917238
767,BPRES-2022-13539,2022-11-08,375000,New Building,New Building,Completed,BEAVER BANK,District 15,1,2,Dwelling - Single Detached,44.82714824729219,-63.67438246241905
768,BPRES-2022-13711,2022-12-07,600000,New Building,New Building,Issued,HALIFAX,District 08,5,3,Dwelling - Multiple Units,44.673026735314934,-63.612517571160716
769,BPRES-2022-14008,,160000,Renovation,Renovation,Withdrawn,HALIFAX,District 09,-1,2,Dwelling - Single Detached,44.64897787485654,-63.60909620590142
770,BPRES-2022-14224,2022-11-04,385000,Renovation,Renovation,Expired,HALIFAX,District 09,0,1,Dwelling - Single Detached,44.652575255968024,-63.60612869463154
771,BPRES-2022-14597,,50000,Renovation,Renovation,Withdrawn,LOWER SACKVILLE,District 15,1,2,Dwelling - Semi-Detached,44.77216270607952,-63.69825874073746
772,BPRES-2022-14798,2023-02-27,110000,New Building,New Building,Issued,MIDDLE SACKVILLE,District 14,1,1,Dwelling - Backyard Suite,44.80158163799273,-63.73700108254359
773,BPRES-2022-14986,2022-11-29,20000,New Building,New Building,Completed,FALL RIVER,District 01,0,1,Accessory Structure,44.79263448126779,-63.62180467939497
774,BPRES-2022-15210,2022-12-07,900000,New Building,New Building,Completed,MIDDLE SACKVILLE,District 14,1,1,Dwelling - Single Detached,44.782809786831145,-63.744369433754585
775,BPRES-2022-15611,2023-01-17,200000,New Building,New Building,Completed,INDIAN HARBOUR,District 13,2,2,Dwelling - Multiple Units,44.534519859792034,-63.93903126438104
776,BPRES-2022-15919,2023-08-03,200000,New Building,New Building,Issued,PROSPECT BAY,District 13,1,2,Dwelling - Seasonal,44.51857336491305,-63.77232366619579
777,BPRES-2023-00334,2023-05-10,135000,Addition,Addition,Issued,PORTUGUESE COVE,District 11,0,2,Dwelling - Single Detached,44.52288523886033,-63.5380674065671
778,BPRES-2023-00628,2023-04-12,55000,New Building,New Building,Issued,HEAD OF ST MARGARETS BAY,District 13,0,1,Accessory Structure,44.6634587607562,-63.93125759138753
779,BPRES-2023-00885,2023-02-03,30000,Renovation,Renovation,Completed,HALIFAX,District 07,0,2,Dwelling - Semi-Detached,44.63528756656435,-63.5780507358761
780,BPRES-2023-01037,2023-04-05,15000,New Building,New Building,Expired,WAVERLEY,District 01,0,1,Accessory Structure,44.73933865854797,-63.54903639411129
781,BPRES-2023-01373,2023-03-06,500,Renovation,Renovation,Completed,DARTMOUTH,District 05,1,3,Dwelling - Semi-Detached,44.66684873351215,-63.58001965530327
782,BPRES-2023-01641,2023-04-14,26500,Renovation,Renovation,Issued,LOWER SACKVILLE,District 15,1,1,Dwelling - Semi-Detached,44.77833699933919,-63.69668811305445
783,BPRES-2023-02037,2023-03-02,20000,New Building,New Building,Expired,EAST DOVER,District 13,0,1,Accessory Structure,44.49708758873382,-63.84571122315334
784,BPRES-2023-02356,2023-09-19,22000000,Addition,Addition,Issued,HALIFAX,District 07,71,9,Dwelling - Multiple Units,44.6403300005738,-63.570035027251244
785,BPRES-2023-02529,2023-03-16,225000,New Building,New Building,Completed,MUSHABOOM,District 02,1,2,Dwelling - Single Detached,44.857278730786064,-62.555589425344195
786,BPRES-2023-02806,2023-08-09,10500,Renovation,Renovation,Completed,HALIFAX,District 07,1,3,Dwelling - Multiple Units,44.640048743601156,-63.59597715081022
787,BPRES-2023-03024,2024-01-24,4000000,New Building,New Building,Issued,HALIFAX,District 11,1,3,Dwelling - Single Detached,44.609623754763575,-63.564904957530885
788,BPRES-2023-03370,,350000,New Building,New Building,Withdrawn,DARTMOUTH,District 05,2,2,Dwelling - Multiple Units,44.66747869426138,-63.55960530086572
789,BPRES-2023-03603,2025-05-28,500000,New Building,New Building,Completed,DARTMOUTH,District 03,4,3,Dwelling - Multiple Units,44.65818391392042,-63.54749288250745
790,BPRES-2023-03865,2023-04-11,600000,New Building,New Building,Completed,BOUTILIERS POINT,District 13,1,2,Dwelling - Single Detached,44.66239823936172,-63.9409704054662
791,BPRES-2023-04120,2023-05-02,500000,New Building,New Building,Completed,EAST LAWRENCETOWN,District 02,1,1,Dwelling - Single Detached,44.65457523729939,-63.34090148763949
792,BPRES-2023-04373,,1400000,New Building,New Building,Application Incomplete,BEDFORD,District 16,4,3,Dwelling - Multiple Units,44.737264455213655,-63.65040600395546
793,BPRES-2023-04602,2023-06-16,5000,Renovation,Renovation,Expired,BEDFORD,District 16,0,1,Accessory Structure,44.72623355598612,-63.712425277510995
794,BPRES-2023-04882,2024-02-12,150000,New Building,New Building,Issued,QUEENSLAND,District 13,1,2,Dwelling - Backyard Suite,44.64320863654061,-64.01273062562493
795,BPRES-2023-05131,2023-05-17,49000,Renovation,Renovation,Expired,HALIFAX,District 08,0,3,Dwelling - Single Detached,44.65019547377156,-63.58303924244873
796,BPRES-2023-05447,2023-05-17,159277.61,Addition,Addition,Issued,EASTERN PASSAGE,District 03,0,1,Dwelling - Single Detached,44.60383280745795,-63.47259985640654
797,BPRES-2023-05736,,,Renovation,Renovation,Cancelled,COLE HARBOUR,District 04,1,2,Dwelling - Multiple Units,44.6410102714624,-63.47155392924886
798,BPRES-2023-06029,2023-07-07,40000,New Building,New Building,Completed,WILLIAMSWOOD,District 11,0,1,Accessory Structure,44.539286286265146,-63.641403195049996
799,BPRES-2023-06272,2023-06-07,200000,New Building,New Building,Issued,HACKETTS COVE,District 13,1,1,Dwelling - Single Detached,44.55271467607919,-63.93120083931898
800,BPRES-2023-06457,2023-08-18,500000,New Building,New Building,Completed,LOWER SACKVILLE,District 15,1,1,Dwelling - Single Detached,44.77074766310111,-63.698075172173695
801,BPRES-2023-06652,2023-06-06,360000,New Building,New Building,Completed,BEDFORD,District 16,1,3,Dwelling - Single Detached,44.7067980978961,-63.72403235011632
802,BPRES-2023-06884,2023-06-12,95000,Addition,Addition,Issued,BOUTILIERS POINT,District 13,0,2,Dwelling - Single Detached,44.659115680523136,-63.94560244294035
803,BPRES-2023-07149,2023-06-27,63539.33,New Building,New Building,Expired,HAMMONDS PLAINS,District 14,0,1,Accessory Structure,44.76673736527971,-63.77883814348207
804,BPRES-2023-07371,2023-06-21,95000,Addition,Addition,Expired,HALIFAX,District 09,0,2,Dwelling - Single Detached,44.644717403916346,-63.63607857019754
805,BPRES-2023-07664,2023-06-27,400000,New Building,New Building,Completed,PORTERS LAKE,District 02,2,1,Dwelling - Semi-Detached,44.75469047681648,-63.28542760478908
806,BPRES-2023-07962,2023-06-26,500000,New Building,New Building,Completed,PROSPECT,District 13,1,1,Dwelling - Single Detached,44.47064465285612,-63.792491578566526
807,BPRES-2023-08215,2023-07-06,600000,New Building,New Building,Completed,HAMMONDS PLAINS,District 14,1,2,Dwelling - Single Detached,44.719640856361615,-63.768388472406144
808,BPRES-2023-08534,2023-07-27,60000,New Building,New Building,Completed,EAST CHEZZETCOOK,District 02,0,1,Accessory Structure,44.72250508143338,-63.23443342954375
809,BPRES-2023-08728,2023-07-24,500000,New Building,New Building,Completed,BEDFORD,District 16,2,1,Dwelling - Single Detached,44.727212632705076,-63.645397863399225
810,BPRES-2023-08818,,400000,New Building,New Building,Withdrawn,DARTMOUTH,District 05,1,2,Dwelling - Backyard Suite,44.67068250276282,-63.567809840475306
811,BPRES-2023-09035,2024-05-15,40000,Renovation,Renovation,Expired,DARTMOUTH,District 05,1,2,Dwelling - Multiple Units,44.67159211180506,-63.58177617106752
812,BPRES-2023-09560,2023-07-21,100000,New Building,New Building,Completed,HAMMONDS PLAINS,District 14,0,2,Accessory Structure,44.7201997170737,-63.73338886810019
813,BPRES-2023-09988,2023-10-06,300000,Renovation,Renovation,Completed,HALIFAX,District 09,1,3,Dwelling - Multiple Units,44.64327788303292,-63.61864176797388
814,BPRES-2023-10221,2023-09-01,454000,New Building,New Building,Completed,HALIFAX,District 11,2,3,Dwelling - Semi-Detached,44.601680372747566,-63.60590426636453
815,BPRES-2023-10434,,65000,New Building,New Building,Applicant Revisions,HALIFAX,District 09,1,2,Dwelling - Backyard Suite,44.635696459155206,-63.62424590624905
816,BPRES-2023-10732,,80000,Renovation,Renovation,Withdrawn,LAKE LOON,District 04,1,2,Dwelling - Multiple Units,44.709935224796006,-63.508908588695355
817,BPRES-2023-11077,2023-09-05,250000,New Building,New Building,Completed,ENFIELD,District 01,1,1,Dwelling - Backyard Suite,44.92664544566769,-63.54642189330476
818,BPRES-2023-11329,2023-09-11,650000,New Building,New Building,Completed,BEAVER BANK,District 15,4,3,Dwelling - Multiple Units,44.836847915931564,-63.6797848177091
819,BPRES-2023-11541,2024-06-04,690000,New Building,New Building,Issued,PORTUGUESE COVE,District 11,2,2,Dwelling - Multiple Units,44.52931794683499,-63.55368597663858
820,BPRES-2023-11709,2023-09-18,65000,Renovation,Renovation,Completed,LAWRENCETOWN,District 02,0,1,Accessory Structure,44.69052333220258,-63.40631760019662
821,BPRES-2023-12024,2023-09-27,205500,New Building,New Building,Completed,BEAVER BANK,District 15,1,2,Dwelling - Single Detached,44.84904366726929,-63.67348811577146
822,BPRES-2023-12260,2023-09-26,29995,New Building,New Building,Completed,UPPER SACKVILLE,District 14,0,1,Accessory Structure,44.80433869634072,-63.75369033631751
823,BPRES-2023-12496,2023-10-26,145000,Renovation,Renovation,Completed,DARTMOUTH,District 05,0,2,Dwelling - Single Detached,44.670504378015146,-63.56258696793814
824,BPRES-2023-12723,2023-10-03,100000,New Building,New Building,Completed,FALL RIVER,District 01,0,1,Accessory Structure,44.79629616191324,-63.631189476831764
825,BPRES-2023-12960,,50000,New Building,New Building,Application Incomplete,LOWER SACKVILLE,District 15,0,1,Accessory Structure,44.76213800116235,-63.65673555039009
826,BPRES-2023-13156,2023-10-06,600000,New Building,New Building,Completed,HAMMONDS PLAINS,District 14,1,2,Dwelling - Single Detached,44.723846834388326,-63.83997672497257
827,BPRES-2023-13345,2023-11-28,45000,Renovation,Renovation,Expired,HALIFAX,District 09,0,2,Dwelling - Single Detached,44.633516314756456,-63.632437239337634
828,BPRES-2023-13642,,1500000,New Building,New Building,Withdrawn,BEDFORD,District 16,0,2,Dwelling - Multiple Units,44.725612494266706,-63.66920643820639
829,BPRES-2023-13903,2023-11-27,150000,Renovation,Renovation,Completed,HALIFAX,District 08,0,2,Dwelling - Townhouse,44.654649294131076,-63.5879620541115
830,BPRES-2023-14176,2023-11-02,50000,New Building,New Building,Completed,BLACK POINT,District 13,0,1,Accessory Structure,44.6489169103132,-63.983782224982306
831,BPRES-2023-14464,2023-11-15,9000,New Building,New Building,Completed,LAKE ECHO,District 02,0,1,Accessory Structure,44.72710858737274,-63.38676302078752
832,BPRES-2023-14693,2023-12-11,27480,Renovation,Renovation,Completed,HALIFAX,District 08,0,10,Dwelling - Multiple Units,44.65146563750886,-63.590281357115074
833,BPRES-2023-14966,2023-12-01,1517696,New Building,New Building,Completed,DARTMOUTH,District 03,5,3,Dwelling - Townhouse,44.66034186026561,-63.534639040860114
834,BPRES-2023-15241,2024-02-21,20000,New Building,New Building,Completed,COW BAY,District 03,0,1,Accessory Structure,44.62544035493202,-63.4427303616495
835,BPRES-2023-15428,2023-12-15,246500,New Building,New Building,Completed,HALIFAX,District 09,1,1,Dwelling - Backyard Suite,44.65213450387259,-63.60265157713129
836,BPRES-2023-15687,2023-12-11,20000,New Building,New Building,Issued,WINDSOR JUNCTION,District 01,1,1,Dwelling - Single Detached,44.78449888734655,-63.64615984509401
837,BPRES-2023-16008,2024-01-02,15500,Renovation,Renovation,Completed,HALIFAX,District 09,0,3,Dwelling - Single Detached,44.64176208016765,-63.60739271874501
838,BPRES-2023-16250,2024-01-05,35000,Renovation,Renovation,Completed,HALIFAX,District 08,1,1,Dwelling - Multiple Units,44.6600650184492,-63.617383695697754
839,BPRES-2023-16512,2024-01-15,1190000,New Building,New Building,Issued,OYSTER POND,District 02,1,2,Dwelling - Single Detached,44.776943120031405,-63.01040907492682
840,BPRES-2024-00211,2024-03-26,68431,Addition,Addition,Completed,TANTALLON,District 13,0,3,Dwelling - Single Detached,44.67879193523236,-63.89585285816517
841,BPRES-2024-00460,2024-01-29,15000000,New Building,New Building,Completed,DARTMOUTH,District 06,4,3,Dwelling - Townhouse,44.714691583202615,-63.54154207753895
842,BPRES-2024-00695,2025-05-30,800000,New Building,New Building,Issued,COLE HARBOUR,District 04,4,3,Dwelling - Townhouse,44.67525196976847,-63.49451669491396
843,BPRES-2024-00972,2024-01-31,700000,New Building,New Building,Completed,HAMMONDS PLAINS,District 14,1,2,Dwelling - Single Detached,44.69640609299538,-63.802905162746804
844,BPRES-2024-01358,,7000,New Building,New Building,Application Incomplete,BAYSIDE,District 13,0,1,Accessory Structure,44.53053931032882,-63.80288136916664
845,BPRES-2024-01621,2024-05-09,100000,Renovation,Renovation,Issued,COW BAY,District 03,0,3,Dwelling - Single Detached,44.63877513024799,-63.422069813308326
846,BPRES-2024-01915,2024-05-23,3350,Renovation,Renovation,Completed,BEECHVILLE,District 12,0,1,Dwelling - Single Detached,44.63444432350652,-63.6862524413984
847,BPRES-2024-02156,2024-03-13,780000,New Building,New Building,Completed,HAMMONDS PLAINS,District 14,2,2,Dwelling - Single Detached,44.72413918959487,-63.842555909341115
848,BPRES-2024-02410,2024-03-13,124000,Addition,Addition,Expired,HALIFAX,District 08,0,2,Dwelling - Single Detached,44.66712483975897,-63.610108400539715
849,BPRES-2024-02754,2024-09-18,150000,Addition,Addition,Issued,BEDFORD,District 16,1,2,Dwelling - Multiple Units,44.731453077231734,-63.65067608316122
850,BPRES-2024-02978,2024-04-11,147500,New Building,New Building,Amendment Requested,WEST QUODDY,District 02,1,1,Dwelling - Single Detached,44.926032131882785,-62.34617856504636
851,BPRES-2024-03235,2024-03-26,600000,New Building,New Building,Issued,UPPER TANTALLON,District 13,1,2,Dwelling - Single Detached,44.72309538183625,-63.87440611453339
852,BPRES-2024-03395,2024-04-09,385000,New Building,New Building,Completed,DARTMOUTH,District 06,1,3,Dwelling - Single Detached,44.71428544311155,-63.54446127587838
853,BPRES-2024-03624,,48500,New Building,New Building,Applicant Revisions,WESTPHAL,District 04,1,1,Dwelling - Backyard Suite,44.69093422646114,-63.455172617035025
854,BPRES-2024-03818,2024-04-11,15750,Renovation,Renovation,Completed,HAMMONDS PLAINS,District 14,0,1,Accessory Structure,44.72673480800531,-63.81956350050299
855,BPRES-2024-04021,2024-04-23,200000,New Building,New Building,Completed,BEECHVILLE,District 12,1,3,Dwelling - Single Detached,44.638919697934405,-63.678329759481414
856,BPRES-2024-04198,2024-04-19,270000,New Building,New Building,Issued,HALIFAX,District 11,1,3,Dwelling - Single Detached,44.607582523921465,-63.60370899175534
857,BPRES-2024-04374,2024-10-22,200000,New Building,New Building,Completed,BEECHVILLE,District 12,1,3,Dwelling - Single Detached,44.63712020249094,-63.67589907204613
858,BPRES-2024-04698,2024-04-22,650000,New Building,New Building,Completed,TANTALLON,District 13,1,2,Dwelling - Single Detached,44.64938590433995,-63.89957089370665
859,BPRES-2024-04918,2024-05-23,325000,New Building,New Building,Expired,HUBLEY,District 13,1,2,Dwelling - Single Detached,44.6681539370945,-63.79218907977076
860,BPRES-2024-05172,2024-05-01,500000,New Building,New Building,Completed,BEAVER BANK,District 15,1,3,Dwelling - Single Detached,44.82750142466353,-63.67500165799392
861,BPRES-2024-05445,2024-07-26,80000,New Building,New Building,Completed,WELLINGTON,District 01,0,2,Accessory Structure,44.862022500975435,-63.6197330388248
862,BPRES-2024-05661,2024-07-12,500,New Building,New Building,Completed,TERENCE BAY,District 13,2,2,Dwelling - Semi-Detached,44.465864813051,-63.71785680217616
863,BPRES-2024-05834,2024-06-04,350000,New Building,New Building,Completed,BOUTILIERS POINT,District 13,1,1,Dwelling - Single Detached,44.67005113052702,-63.9264668687972
864,BPRES-2024-06150,2024-08-07,350000,New Building,New Building,Completed,EAST CHEZZETCOOK,District 02,1,2,Dwelling - Single Detached,44.725512980170016,-63.22794894593348
865,BPRES-2024-06428,2025-10-06,150000,New Building,New Building,Issued,HALIFAX,District 07,1,3,Dwelling - Backyard Suite,44.64272375440247,-63.59024767553266
866,BPRES-2024-06688,,7000,Addition,Addition,Withdrawn,,Unidentified,0,1,Accessory Structure,,
867,BPRES-2024-06847,2025-10-24,180000,New Building,New Building,Completed,MIDDLE SACKVILLE,District 14,1,2,Dwelling - Single Detached,44.79554104494303,-63.75832618953187
868,BPRES-2024-07114,,100000,Renovation,Renovation,Application Incomplete,DARTMOUTH,District 06,2,2,Dwelling - Multiple Units,44.68315747861043,-63.5216671472909
869,BPRES-2024-07319,2024-06-10,250000,New Building,New Building,Completed,UPPER TANTALLON,District 13,1,1,Dwelling - Backyard Suite,44.69539045681258,-63.87025277471869
870,BPRES-2024-07557,2024-07-31,5300,Renovation,Renovation,Issued,HALIFAX,District 11,1,2,Dwelling - Multiple Units,44.610776612922635,-63.60692205871736
871,BPRES-2024-07890,2024-06-24,45000,New Building,New Building,Completed,FALL RIVER,District 01,0,1,Accessory Structure,44.806126609505675,-63.6371619362376
872,BPRES-2024-08156,2024-06-24,17000,New Building,New Building,Issued,HALIFAX,District 10,0,1,Accessory Structure,44.68028269595194,-63.65975331275361
873,BPRES-2024-08401,2024-07-29,400000,New Building,New Building,Completed,HALIFAX,District 11,4,3,Dwelling - Semi-Detached,44.60075732524088,-63.603240529019956
874,BPRES-2024-08457,2024-07-11,25000,New Building,New Building,Completed,HEAD OF JEDDORE,District 02,0,1,Accessory Structure,44.76591724919327,-63.06763046580196
875,BPRES-2024-08724,2024-08-20,43500,Addition,Addition,Issued,DARTMOUTH,District 06,0,1,Dwelling - Single Detached,44.692272907562625,-63.54077615127575
876,BPRES-2024-09049,2024-07-31,250000,New Building,New Building,Completed,HAMMONDS PLAINS,District 14,1,1,Dwelling - Backyard Suite,44.75801028965394,-63.798687233950645
877,BPRES-2024-09127,2024-09-09,403230,New Building,New Building,Issued,HARTLIN SETTLEMENT,District 02,1,1,Dwelling - Single Detached,44.76225549547267,-63.006170165573344
878,BPRES-2024-09496,2024-07-30,10000,Renovation,Renovation,Completed,HALIFAX,District 11,0,1,Accessory Structure,44.629533552924265,-63.60436865783086
879,BPRES-2024-09826,2024-07-26,400000,New Building,New Building,Completed,MIDDLE SACKVILLE,District 14,1,1,Dwelling - Single Detached,44.806132535322305,-63.76506826024744
880,BPRES-2024-10070,2024-08-01,700000,New Building,New Building,Completed,UPPER TANTALLON,District 13,1,2,Dwelling - Single Detached,44.725233951195236,-63.8719980196845
881,BPRES-2024-10349,2024-08-08,48000,New Building,New Building,Completed,GAETZ BROOK,District 02,0,1,Accessory Structure,44.78066074667966,-63.20154774702222
882,BPRES-2024-10623,2024-11-19,250000,Addition,Addition,Issued,GRAND LAKE,District 01,0,2,Dwelling - Single Detached,44.876822647561404,-63.58414678943608
883,BPRES-2024-10949,2024-08-19,34000,New Building,New Building,Issued,EAST PRESTON,District 04,0,1,Accessory Structure,44.71382731302322,-63.43231436326831
884,BPRES-2024-11293,2024-08-26,350000,New Building,New Building,Completed,DARTMOUTH,District 06,1,3,Dwelling - Single Detached,44.71420438572104,-63.54387568830336
885,BPRES-2024-11636,2024-08-28,40000,New Building,New Building,Issued,COLE HARBOUR,District 04,0,1,Accessory Structure,44.6763915924568,-63.479924554737664
886,BPRES-2024-11889,2024-10-29,300000,New Building,New Building,Completed,BEAVER BANK,District 15,1,2,Dwelling - Single Detached,44.82690489868842,-63.672463268655626
887,BPRES-2024-12290,2024-09-10,850000,New Building,New Building,Completed,FALL RIVER,District 01,1,2,Dwelling - Single Detached,44.825592312416084,-63.64033979354504
888,BPRES-2024-12674,2024-09-19,300000,New Building,New Building,Completed,OYSTER POND,District 02,1,1,Dwelling - Single Detached,44.77885726555623,-62.998127171326246
889,BPRES-2024-13207,2024-10-24,755825,New Building,New Building,Completed,DARTMOUTH,District 03,5,2,Dwelling - Townhouse,44.65973585414285,-63.53275443637023
890,BPRES-2024-13682,2024-09-24,96500,New Building,New Building,Issued,UPPER SACKVILLE,District 14,0,1,Accessory Structure,44.81051792431409,-63.761256862896936
891,BPRES-2024-13989,2024-09-25,36859,Renovation,Renovation,Issued,HALIFAX,District 11,0,1,Dwelling - Single Detached,44.59670745295439,-63.63413222574334
892,BPRES-2024-14420,2024-12-02,50000,Addition,Addition,Issued,HALIFAX,District 10,0,1,Dwelling - Single Detached,44.689965438844425,-63.661831289202695
893,BPRES-2024-14708,2024-10-17,22000,New Building,New Building,Issued,HEAD OF JEDDORE,District 02,0,1,Accessory Structure,44.77705143752278,-63.07682281715696
894,BPRES-2024-15084,2024-11-18,128529,Renovation,Renovation,Completed,COLE HARBOUR,District 04,1,2,Dwelling - Single Detached,44.670787293348745,-63.47288311192706
895,BPRES-2024-15295,2024-10-15,54400,Renovation,Renovation,Completed,HAMMONDS PLAINS,District 14,0,1,Dwelling - Single Detached,44.74611582670977,-63.72475373147448
896,BPRES-2024-15470,2024-12-02,500,New Building,New Building,Issued,MINEVILLE,District 02,1,2,Dwelling - Backyard Suite,44.68822674056719,-63.377818399931904
897,BPRES-2024-15789,2024-10-31,400000,New Building,New Building,Completed,TIMBERLEA,District 12,1,2,Dwelling - Single Detached,44.646066069996266,-63.72595147307784
898,BPRES-2024-16070,2024-11-28,19000,New Building,New Building,Issued,LOWER SACKVILLE,District 15,0,1,Accessory Structure,44.76759471610277,-63.66227645893617
899,BPRES-2024-16295,2026-03-10,16500,Renovation,Renovation,Issued,HAMMONDS PLAINS,District 14,1,1,Dwelling - Backyard Suite,44.733910652327395,-63.73271220528522
900,BPRES-2024-16639,2024-11-22,350000,New Building,New Building,Completed,BEAVER BANK,District 15,2,3,Dwelling - Multiple Units,44.82754005650561,-63.6725921376268
901,BPRES-2024-16750,2024-11-22,351000,New Building,New Building,Issued,BEAVER BANK,District 15,2,2,Dwelling - Multiple Units,44.82714904357596,-63.67289735098744
902,BPRES-2024-16981,2024-12-20,167500,New Building,New Building,Completed,PLEASANT HARBOUR,District 02,1,1,Dwelling - Single Detached,44.79017993846234,-62.73208599934988
903,BPRES-2024-17291,2024-11-25,815000,New Building,New Building,Completed,,District 06,2,2,Dwelling - Semi-Detached,,
904,BPRES-2024-17649,,470000,New Building,New Building,Application Incomplete,,District 01,3,2,Dwelling - Multiple Units,44.9202062963788,-63.55140069310704
905,BPRES-2024-17873,2025-02-19,285000,New Building,New Building,Issued,CHASWOOD,District 01,1,1,Dwelling - Single Detached,45.04581642423063,-63.202439400858104
906,BPRES-2024-18056,2024-12-20,1250000,New Building,New Building,Issued,DARTMOUTH,District 06,5,3,Dwelling - Townhouse,44.71485393034996,-63.53955904242116
907,BPRES-2024-18333,2026-04-30,26000,Addition,Addition,Issued,HALIFAX,District 07,0,2,Dwelling - Single Detached,44.641534053914384,-63.594087203086076
908,BPRES-2024-18649,2025-01-20,30000,Renovation,Renovation,Issued,BEDFORD,District 16,0,2,Dwelling - Semi-Detached,44.73810952260735,-63.64819332507504
909,BPRES-2024-19023,,15000,Addition,Addition,Applicant Revisions,EASTERN PASSAGE,District 03,0,1,Dwelling - Single Detached,44.611235110059525,-63.47950823927516
910,BPRES-2025-00181,2025-01-21,500000,New Building,New Building,Completed,BEAVER BANK,District 15,4,2,Dwelling - Multiple Units,44.823237474378395,-63.686019166401394
911,BPRES-2025-00408,2025-02-11,400000,New Building,New Building,Issued,HALIFAX,District 08,1,2,Dwelling - Backyard Suite,44.65373408258651,-63.58806281749416
912,BPRES-2025-00645,2025-02-06,200000,New Building,New Building,Cancelled,EASTERN PASSAGE,District 03,1,2,Dwelling - Backyard Suite,44.629626838635886,-63.50870223556847
913,BPRES-2025-00953,2025-01-31,400000,New Building,New Building,Completed,HALIFAX,District 11,4,3,Dwelling - Multiple Units,44.60192261578163,-63.6040358524255
914,BPRES-2025-01272,2025-02-03,400000,New Building,New Building,Issued,HALIFAX,District 11,4,3,Dwelling - Multiple Units,44.60170760798896,-63.60428874846862
915,BPRES-2025-01494,2025-02-13,400000,New Building,New Building,Amendment Review,HALIFAX,District 11,4,3,Dwelling - Multiple Units,44.60153425933768,-63.60448303732041
916,BPRES-2025-01705,2025-06-06,100000,New Building,New Building,Issued,COLLEGE LAKE,District 01,0,2,Accessory Structure,45.2287674511209,-62.79832817991868
917,BPRES-2025-01941,2025-04-16,1000000,New Building,New Building,Issued,HALIFAX,District 10,4,3,Dwelling - Semi-Detached,44.65274299636792,-63.64058546629801
918,BPRES-2025-02255,2025-02-25,250000,New Building,New Building,Completed,BEECHVILLE,District 12,1,3,Dwelling - Single Detached,44.636641142704796,-63.676117219207235
919,BPRES-2025-02559,2025-03-03,400000,New Building,New Building,Completed,PORTERS LAKE,District 02,1,1,Dwelling - Single Detached,44.751872222528895,-63.336407423176354
920,BPRES-2025-02920,2025-03-07,400000,New Building,New Building,Issued,BEAVER BANK,District 15,1,2,Dwelling - Single Detached,44.83594632849378,-63.66052749511722
921,BPRES-2025-03181,,25000,Renovation,Renovation,Withdrawn,HALIFAX,District 10,1,1,Dwelling - Multiple Units,44.64996476810855,-63.64606657249509
922,BPRES-2025-03482,2025-05-05,2400000,New Building,New Building,Completed,BEDFORD,District 16,6,2,Dwelling - Townhouse,44.718987586647216,-63.718352841416504
923,BPRES-2025-03800,2025-04-22,1322382,New Building,New Building,Completed,DARTMOUTH,District 06,4,3,Dwelling - Townhouse,44.67503765828833,-63.5427009443724
924,BPRES-2025-03951,2025-04-15,550000,New Building,New Building,Issued,MUSQUODOBOIT HARBOUR,District 02,1,2,Dwelling - Single Detached,44.78995430789373,-63.17179333755259
925,BPRES-2025-04213,2025-05-21,40000,New Building,New Building,Issued,WELLINGTON,District 01,0,2,Accessory Structure,44.864123319336,-63.61870722027884
926,BPRES-2025-04500,2025-04-07,150000,New Building,New Building,Issued,BEAVER BANK,District 15,1,1,Dwelling - Backyard Suite,44.817060206468916,-63.67942522798628
927,BPRES-2025-04670,2025-04-24,125000,New Building,New Building,Completed,EASTERN PASSAGE,District 03,1,1,Dwelling - Backyard Suite,44.62672679675586,-63.50575488214391
928,BPRES-2025-04953,2025-04-11,40000,New Building,New Building,Completed,PORTUGUESE COVE,District 11,0,1,Accessory Structure,44.52853193898618,-63.54802687132949
929,BPRES-2025-05238,2025-04-25,22038,Renovation,Renovation,Completed,HALIFAX,District 09,0,1,Dwelling - Single Detached,44.65619580953254,-63.61887230058101
930,BPRES-2025-05380,2026-03-04,350000,Addition,Addition,Issued,DARTMOUTH,District 06,0,2,Dwelling - Single Detached,44.69396585386557,-63.54116822807668
931,BPRES-2025-05611,2025-05-02,95000,Addition,Addition,Issued,SHIP HARBOUR,District 02,0,1,Accessory Structure,44.77648922826766,-62.90268437443473
932,BPRES-2025-05781,2025-05-14,54000,New Building,New Building,Amendment Applicant Revisions,WAVERLEY,District 06,0,1,Accessory Structure,44.73883683294438,-63.55602480552214
933,BPRES-2025-05937,2025-05-08,20000,New Building,New Building,Completed,ELMSDALE,District 01,0,1,Accessory Structure,44.94884334734298,-63.503140229753235
934,BPRES-2025-06226,,1080000,Addition,Addition,Withdrawn,HALIFAX,District 07,11,3,Dwelling - Multiple Units,44.63955525373685,-63.594688999922205
935,BPRES-2025-06449,,450000,Addition,Addition,Applicant Revisions,HEAD OF ST MARGARETS BAY,District 13,0,2,Dwelling - Single Detached,44.67567031806775,-63.902681664586794
936,BPRES-2025-06717,2025-05-22,15000,Renovation,Renovation,Issued,HALIFAX,District 11,0,3,Dwelling - Multiple Units,44.60549342173004,-63.61809103033232
937,BPRES-2025-07011,2025-06-09,75000,Renovation,Renovation,Completed,TIMBERLEA,District 12,1,2,Dwelling - Multiple Units,44.64024885763664,-63.70627728474477
938,BPRES-2025-07257,2025-07-22,350000,New Building,New Building,Issued,LAWRENCETOWN,District 02,1,2,Dwelling - Single Detached,44.66897164128453,-63.3820186835855
939,BPRES-2025-07597,2025-07-22,300000,Addition,Addition,Issued,DARTMOUTH,District 05,0,2,Dwelling - Single Detached,44.672911309965436,-63.5882710256086
940,BPRES-2025-07830,2025-08-21,650000,New Building,New Building,Issued,PORTERS LAKE,District 02,1,2,Dwelling - Single Detached,44.73637279097073,-63.29043729048496
941,BPRES-2025-08110,2025-10-06,25000,New Building,New Building,Issued,DUNCANS COVE,District 11,0,1,Accessory Structure,44.49865134566369,-63.529244450456744
942,BPRES-2025-08323,2025-07-07,100000,New Building,New Building,Issued,DARTMOUTH,District 06,1,2,Dwelling - Backyard Suite,44.67429166313227,-63.50762702646853
943,BPRES-2025-08591,2025-07-24,750000,New Building,New Building,Issued,HALIFAX,District 10,4,3,Dwelling - Multiple Units,44.6560875459586,-63.634642426078486
944,BPRES-2025-08795,2025-06-12,345000,New Building,New Building,Completed,DARTMOUTH,District 06,1,2,Dwelling - Single Detached,44.714911000253075,-63.5445063821605
945,BPRES-2025-09087,2025-09-10,25000,New Building,New Building,Issued,BROOKSIDE,District 13,0,1,Accessory Structure,44.5534679334006,-63.708675994726995
946,BPRES-2025-09351,2025-07-10,80000,Addition,Addition,Issued,HALIFAX,District 08,0,2,Dwelling - Single Detached,44.65579576077722,-63.613228376787276
947,BPRES-2025-09646,,200000,New Building,New Building,Application Incomplete,HUBLEY,District 13,1,1,Dwelling - Backyard Suite,44.658329838909125,-63.81469822364563
948,BPRES-2025-09922,2025-07-09,900000,New Building,New Building,Completed,LAKE LOON,District 04,1,2,Dwelling - Single Detached,44.7136395630163,-63.50039230062576
949,BPRES-2025-10239,2025-08-05,450000,New Building,New Building,Completed,MIDDLE MUSQUODOBOIT,District 01,2,1,Dwelling - Semi-Detached,44.99757812895596,-63.18156862668164
950,BPRES-2025-10457,,75000,New Building,New Building,Withdrawn,TANTALLON,District 13,1,2,Dwelling - Backyard Suite,44.65814738655936,-63.90757192388665
951,BPRES-2025-10734,2025-08-29,900000,New Building,New Building,Issued,DARTMOUTH,District 03,4,3,Dwelling - Multiple Units,44.649058790995134,-63.53678933553765
952,BPRES-2025-11115,2025-07-30,275000,New Building,New Building,Issued,BEECHVILLE,District 12,1,3,Dwelling - Single Detached,44.63776874371937,-63.67539091427918
953,BPRES-2025-11369,2025-07-30,275000,New Building,New Building,Issued,BEECHVILLE,District 12,1,3,Dwelling - Single Detached,44.63692636593557,-63.67495436947122
954,BPRES-2025-11640,2025-10-09,125000,Renovation,Renovation,Completed,BEDFORD,District 16,3,3,Dwelling - Multiple Units,44.70865940060274,-63.66779453596418
955,BPRES-2025-11925,2025-08-18,400000,New Building,New Building,Issued,HALIFAX,District 11,4,2,Dwelling - Semi-Detached,44.58695190247293,-63.58914512932151
956,BPRES-2025-12131,2025-08-29,225000,New Building,New Building,Issued,LOWER THREE FATHOM HARBOUR,District 02,1,1,Dwelling - Single Detached,44.63955717122824,-63.2978047411455
957,BPRES-2025-12421,2025-08-21,500000,New Building,New Building,Cancelled,DARTMOUTH,District 06,1,2,Dwelling - Single Detached,44.71528865845226,-63.53929190807958
958,BPRES-2025-12665,2026-01-13,34000,Renovation,Renovation,Issued,LOWER SACKVILLE,District 15,1,1,Dwelling - Multiple Units,44.77983288555162,-63.69384079569576
959,BPRES-2025-13027,2025-09-02,20000,New Building,New Building,Issued,HEAD OF ST MARGARETS BAY,District 13,0,2,Accessory Structure,44.67144635239312,-63.91544660801696
960,BPRES-2025-13312,2025-10-28,100000,Addition,Addition,Issued,EASTERN PASSAGE,District 03,0,2,Dwelling - Single Detached,44.61060113945069,-63.48284546072272
961,BPRES-2025-13474,,50000,Renovation,Renovation,Applicant Revisions,LOWER SACKVILLE,District 15,1,1,Dwelling - Backyard Suite,44.76577940458926,-63.6918393597552
962,BPRES-2025-13739,2025-09-19,160000,Renovation,Renovation,Issued,BEDFORD,District 16,0,1,Dwelling - Single Detached,44.71665687891946,-63.657709459704606
963,BPRES-2025-14118,2025-09-29,100000,New Building,New Building,Issued,MIDDLE SACKVILLE,District 14,0,1,Accessory Structure,44.81676042074243,-63.72727422823873
964,BPRES-2025-14335,2025-10-15,650000,New Building,New Building,Issued,DARTMOUTH,District 06,0,1,Accessory Structure,44.68813493085266,-63.5056681054683
965,BPRES-2025-14639,2025-10-14,750000,New Building,New Building,Issued,BEDFORD,District 16,1,2,Dwelling - Single Detached,44.710326920344556,-63.72619360201613
966,BPRES-2025-14886,2025-10-08,400000,New Building,New Building,Issued,STILLWATER LAKE,District 13,1,2,Dwelling - Single Detached,44.694937810849716,-63.833434092063676
967,BPRES-2025-15062,2025-11-28,600000,New Building,New Building,Issued,TERENCE BAY,District 13,1,1,Dwelling - Seasonal,44.487958222632685,-63.72767501357266
968,BPRES-2025-15407,,,New Building,New Building,Withdrawn,TIMBERLEA,District 12,4,2,Dwelling - Multiple Units,44.6534255441836,-63.727797352174065
969,BPRES-2025-15683,2025-11-13,60000,Renovation,Renovation,Issued,LOWER SACKVILLE,District 15,0,2,Dwelling - Semi-Detached,44.78264005977093,-63.68022539331872
970,BPRES-2025-15872,2025-10-30,500000,New Building,New Building,Issued,HERRING COVE,District 11,2,2,Dwelling - Semi-Detached,44.580225293570145,-63.57524150801547
971,BPRES-2025-16092,2025-10-27,200000,New Building,New Building,Issued,MIDDLE SACKVILLE,District 14,1,1,Dwelling - Single Detached,44.8031389088239,-63.766120907343236
972,BPRES-2025-16300,2025-11-20,30000,New Building,New Building,Issued,HACKETTS COVE,District 13,0,1,Accessory Structure,44.543217939520304,-63.9351441194148
973,BPRES-2025-16551,2026-06-08,13000,Addition,Addition,Issued,LOWER PROSPECT,District 13,0,2,Dwelling - Single Detached,44.455953283264456,-63.724769167853765
974,BPRES-2025-16868,2025-11-13,5000,Renovation,Renovation,Issued,BROOKSIDE,District 13,0,2,Dwelling - Single Detached,44.54373845270514,-63.71876244389126
975,BPRES-2025-17130,,90000,Renovation,Renovation,Applicant Revisions,BEDFORD,District 16,1,2,Dwelling - Backyard Suite,44.695298345892056,-63.69300925256026
976,BPRES-2025-17422,2025-12-05,400000,New Building,New Building,Issued,PROSPECT,District 13,1,1,Dwelling - Single Detached,44.49256772736127,-63.811446221203866
977,BPRES-2025-17655,2025-11-26,550000,New Building,New Building,Issued,FALL RIVER,District 01,1,2,Dwelling - Single Detached,44.83968916066771,-63.64253703606695
978,BPRES-2025-17983,2026-07-06,80000,New Building,New Building,Issued,OAKFIELD,District 01,0,1,Accessory Structure,44.91891825622064,-63.56548581518615
979,BPRES-2025-18276,2025-12-10,280000,New Building,New Building,Issued,TIMBERLEA,District 12,1,2,Dwelling - Single Detached,44.64401867263416,-63.72364710633103
980,BPRES-2025-18579,2026-01-22,15000,Addition,Addition,Issued,DARTMOUTH,District 06,0,1,Dwelling - Single Detached,44.678371417136965,-63.54270291962137
981,BPRES-2025-18934,2026-01-16,32000,Renovation,Renovation,Issued,OYSTER POND,District 02,0,1,Dwelling - Single Detached,44.757452842169485,-63.008313451484696
982,BPRES-2026-00016,,15000,Renovation,Renovation,Application Incomplete,INDIAN HARBOUR,District 13,1,2,Dwelling - Seasonal,44.51137637448938,-63.937069731878374
983,BPRES-2026-00217,2026-01-26,60000,New Building,New Building,Issued,,District 15,0,2,Accessory Structure,44.848367368742345,-63.685086512999405
984,BPRES-2026-00516,,50000,New Building,New Building,Application Incomplete,PORTERS LAKE,District 02,1,2,Dwelling - Backyard Suite,44.739344127853535,-63.326589744113164
985,BPRES-2026-00703,2026-05-22,400000,New Building,New Building,Amendment Review,FALL RIVER,District 01,1,1,Dwelling - Single Detached,44.808742871094076,-63.63206891212711
986,BPRES-2026-01084,,25000,Renovation,Renovation,Cancelled,HALIFAX,District 07,0,3,Dwelling - Multiple Units,44.634747462609425,-63.577480735806745
987,BPRES-2026-01432,2026-06-18,225000,New Building,New Building,Issued,DARTMOUTH,District 05,1,2,Dwelling - Backyard Suite,44.674916980602696,-63.573798905502834
988,BPRES-2026-01676,2026-02-17,110000,Addition,Addition,Issued,OWLS HEAD,District 02,0,2,Dwelling - Single Detached,44.73653273342835,-62.83987194701276
989,BPRES-2026-01965,2026-03-23,85000,Addition,Addition,Completed,DARTMOUTH,District 06,0,1,Dwelling - Single Detached,44.68527238414571,-63.497157595635
990,BPRES-2026-02274,2026-04-16,200000,Renovation,Renovation,Issued,DARTMOUTH,District 05,4,3,Dwelling - Multiple Units,44.66659936636743,-63.55553280746552
991,BPRES-2026-02518,2026-03-13,200000,New Building,New Building,Issued,MIDDLE SACKVILLE,District 14,1,1,Dwelling - Single Detached,44.802640848872855,-63.76304711898238
992,BPRES-2026-02794,2026-03-24,400000,New Building,New Building,Amendment Review,WESTPHAL,District 04,1,2,Dwelling - Single Detached,44.704423097321005,-63.46340830539126
993,BPRES-2026-02960,2026-04-23,400000,New Building,New Building,Issued,HALIFAX,District 11,4,3,Dwelling - Semi-Detached,44.59872948928852,-63.6005320293106
994,BPRES-2026-03094,2026-05-05,80000,Addition,Addition,Issued,COLE HARBOUR,District 04,1,1,Dwelling - Multiple Units,44.669528092432394,-63.50199489685483
995,BPRES-2026-03389,2026-04-10,400000,New Building,New Building,Issued,WEST PETPESWICK,District 02,1,2,Dwelling - Single Detached,44.73729071254201,-63.17106760676283
996,BPRES-2026-03584,2026-04-21,934119,New Building,New Building,Issued,DARTMOUTH,District 03,6,2,Dwelling - Townhouse,44.66224565944951,-63.537613133041795
997,BPRES-2026-03835,2026-04-09,34000,New Building,New Building,Completed,WINDSOR JUNCTION,District 01,0,1,Accessory Structure,44.78899898997393,-63.638865310463494
998,BPRES-2026-04029,2026-04-16,5000,Renovation,Renovation,Completed,MIDDLE SACKVILLE,District 14,0,2,Dwelling - Single Detached,44.79649290574537,-63.764797599574706
999,BPRES-2026-04320,2026-05-04,800000,New Building,New Building,Issued,LAKEVIEW,District 01,2,2,Dwelling - Multiple Units,44.76100246385315,-63.62522696405082
1000,BPRES-2026-04492,2026-05-01,795000,New Building,New Building,Issued,BEDFORD,District 16,1,3,Dwelling - Single Detached,44.70521801972678,-63.7234497540752
1001,BPRES-2026-04706,2026-05-11,520000,New Building,New Building,Amendment Review,BEECHVILLE,District 12,1,3,Dwelling - Single Detached,44.63592847601247,-63.675687392853455
1002,BPRES-2026-04998,2026-05-04,90000,Renovation,Renovation,Issued,HALIFAX,District 11,0,2,Dwelling - Single Detached,44.62438679554018,-63.611101522563224
1003,BPRES-2026-05353,2026-05-13,153000,New Building,New Building,Issued,WHITES LAKE,District 13,0,2,Accessory Structure,44.50435496235632,-63.77370575150415
1004,BPRES-2026-05621,2026-05-22,40000,New Building,New Building,Issued,MINEVILLE,District 02,0,1,Accessory Structure,44.71255933186531,-63.38752603389538
1005,BPRES-2026-05859,,20000,Renovation,Renovation,Applicant Revisions,OAKFIELD,District 01,2,2,Dwelling - Multiple Units,44.91143221387109,-63.55888574020158
1006,BPRES-2026-06100,2026-06-08,32000,New Building,New Building,Issued,COLE HARBOUR,District 04,0,1,Accessory Structure,44.685342649084326,-63.48568274236012
1007,BPRES-2026-06465,2026-06-22,5000,New Building,New Building,Issued,HALIFAX,District 08,0,1,Accessory Structure,44.662276714831634,-63.607241951704445
1008,BPRES-2026-06806,,900000,New Building,New Building,Applicant Revisions,BEDFORD,District 16,1,1,Dwelling - Single Detached,44.726420891227335,-63.659148507440236
1009,BPRES-2026-07037,2026-06-03,75000,New Building,New Building,Issued,MIDDLE SACKVILLE,District 14,0,1,Accessory Structure,44.777050738257266,-63.73491531549083
1010,BPRES-2026-07326,,2000,Renovation,Renovation,Application Incomplete,HALIFAX,District 07,1,3,Dwelling - Multiple Units,44.642853391695155,-63.58842676519517
1011,BPRES-2026-07765,2026-06-15,24000,New Building,New Building,Issued,WEST PORTERS LAKE,District 02,0,1,Accessory Structure,44.70036144141113,-63.30662743879842
1012,BPRES-2026-08071,,34000,New Building,New Building,In Review,HACKETTS COVE,District 13,0,1,Accessory Structure,44.54124771564958,-63.93569411695699
1013,BPRES-2026-08379,,750000,New Building,New Building,In Review,BLACK POINT,District 13,1,2,Dwelling - Single Detached,44.65652610128656,-63.981305339220526
1014,BPRES-2026-08871,,3750,Renovation,Renovation,In Review,DARTMOUTH,District 05,0,3,Dwelling - Multiple Units,44.68610934343934,-63.58353504122579
1015,BP-2020-00044,2021-01-12,234000,New Building,New Building,Completed,WHITES LAKE,District 13,1,2,Dwelling - Single Detached,44.53126667770634,-63.76151779621096
1016,BP-2020-00098,,32330,Renovation,Renovation,Applicant Revisions,WHITES LAKE,District 13,0,1,Dwelling - Single Detached,44.51193835010282,-63.77169507965989
1017,BP-2020-00253,2021-01-20,110000,Renovation,Renovation,Completed,HALIFAX,District 08,0,4,Commercial,44.65301630700389,-63.597780425646086
1018,BP-2020-00425,,10000,Renovation,Renovation,Applicant Revisions,FLETCHERS LAKE,District 01,0,1,Dwelling - Single Detached,44.839020674830515,-63.60552181294414
1019,BP-2020-00508,2021-01-22,250000,New Building,New Building,Completed,HALIFAX,District 16,1,2,Dwelling - Single Detached,44.69561402222941,-63.67602548616438
1020,BP-2020-00559,2023-02-13,15000000,New Building,New Building,Issued,HALIFAX,District 07,350,23,Mixed Use - Residential & Other Use(s),44.64565149126535,-63.57239533124643
1021,BP-2020-00632,2021-02-17,50000,Addition,Addition,Expired,BEAVER BANK,District 15,0,2,Accessory Structure,44.823100736960235,-63.67935177234496
1022,BP-2021-00026,2021-01-26,20000,New Building,New Building,Expired (Closed),MIDDLE SACKVILLE,District 14,0,1,Accessory Structure,44.79069130672531,-63.724177852928875
1023,BP-2021-00114,2021-04-30,86000,Renovation,Renovation,Completed,HALIFAX,District 07,1,1,Dwelling - Single Detached,44.6310280836625,-63.58812741778887
1024,BP-2021-00228,,95000,Addition,Addition,Applicant Revisions,HALIFAX,District 11,0,2,Dwelling - Single Detached,44.62324361797139,-63.594110430754014
1025,BP-2021-00319,2021-01-27,55000,Addition,Addition,Expired (Closed),GRAND DESERT,District 02,0,1,Dwelling - Single Detached,44.68567604533635,-63.247779329710085
1026,BP-2021-00373,2021-02-18,18000,New Building,New Building,Expired (Closed),WILLIAMSWOOD,District 11,0,1,Accessory Structure,44.53955486335066,-63.648450943105985
1027,BP-2021-00691,2021-03-24,30000,New Building,New Building,Amendment Applicant Revisions,TANTALLON,District 13,1,2,Dwelling - Backyard Suite,44.657560649551606,-63.90675771547217
1028,BP-2021-00739,2022-06-01,47563000,New Building,New Building,Issued,DARTMOUTH,District 05,220,27,Mixed Use - Residential & Other Use(s),44.663776757623694,-63.564629491082115
1029,BP-2021-00797,,41000,Renovation,Renovation,Applicant Revisions,BEDFORD,District 16,0,3,Commercial,44.7106380484647,-63.670093047046876
1030,BP-2021-01017,2021-02-10,400000,New Building,New Building,Completed,PORTERS LAKE,District 02,1,1,Dwelling - Single Detached,44.75793849388061,-63.32550100932001
1031,BP-2021-01095,,152000,New Building,New Building,Withdrawn,DARTMOUTH,District 06,1,3,Dwelling - Single Detached,44.69834610590258,-63.53524291339284
1032,BP-2021-01187,2021-03-09,435000,Renovation,Renovation,Completed,DARTMOUTH,District 06,0,1,Commercial,44.70621106243371,-63.56195763456913
1033,BP-2021-01280,2021-02-18,175000,New Building,New Building,Expired,HALIFAX,District 11,1,2,Dwelling - Single Detached,44.60855300018841,-63.60470883756077
1034,BP-2021-01399,2021-02-10,172000,New Building,New Building,Completed,BEAVER BANK,District 15,1,2,Dwelling - Single Detached,44.81975757871881,-63.68954174152334
1035,BP-2021-01544,2021-06-09,26000,Renovation,Renovation,Completed,DARTMOUTH,District 06,0,1,Commercial,44.69519296834722,-63.58277866139642
1036,BP-2021-01611,2021-02-10,420000,New Building,New Building,Completed,WELLINGTON,District 01,1,2,Dwelling - Single Detached,44.86683931675458,-63.59760122284113
1037,BP-2021-01707,2021-02-10,365000,New Building,New Building,Completed,BEDFORD,District 16,1,2,Dwelling - Single Detached,44.70294911219233,-63.71268490914438
1038,BP-2021-01888,,405000,New Building,New Building,Withdrawn,COLE HARBOUR,District 04,1,2,Dwelling - Single Detached,44.646363286006704,-63.46549224398345
1039,BP-2021-01961,2021-02-25,466000,New Building,New Building,Completed,LUCASVILLE,District 14,1,2,Dwelling - Single Detached,44.76696160015146,-63.71517406967665
1040,BP-2021-02120,2021-02-22,365000,New Building,New Building,Completed,BEDFORD,District 16,1,2,Dwelling - Single Detached,44.703219049042026,-63.71247335953101
1041,BP-2021-02194,2021-03-18,525000,New Building,New Building,Completed,LOWER SACKVILLE,District 15,1,1,Dwelling - Single Detached,44.77287528860566,-63.63858149487806
1042,BP-2021-02304,2021-02-23,30000,New Building,New Building,Completed,MIDDLE SACKVILLE,District 14,0,1,Accessory Structure,44.78391989341778,-63.739278407986376
1043,BP-2021-02416,2021-02-26,78975,Renovation,Renovation,Completed,HALIFAX,District 09,0,2,Commercial,44.6554410728958,-63.62735803598994
1044,BP-2021-02485,2022-04-19,13000000,New Building,New Building,Completed,HALIFAX,District 07,101,9,Dwelling - Multiple Units,44.63593716166372,-63.58042389868965
1045,BP-2021-02569,2021-02-23,440000,New Building,New Building,Completed,BEDFORD,District 16,1,2,Dwelling - Single Detached,44.70256256238442,-63.71297990366027
1046,BP-2021-02644,2021-03-22,400000,New Building,New Building,Completed,OAKFIELD,District 01,1,3,Dwelling - Single Detached,44.9205250334155,-63.56603671321373
1047,BP-2021-02824,2021-05-06,240000,Renovation,Renovation,Expired,DARTMOUTH,District 05,0,1,Commercial,44.67545213790126,-63.572425637961864
1048,BP-2021-02888,2021-06-02,100000,Renovation,Renovation,Expired,HALIFAX,District 08,0,5,Commercial,44.653491773404276,-63.58571287065244
1049,BP-2021-02995,2021-09-09,9000000,New Building,New Building,Completed,LOWER SACKVILLE,District 15,60,5,Mixed Use - Residential & Other Use(s),44.76705591012046,-63.68226975975913
1050,BP-2021-03114,2021-03-16,100000,New Building,New Building,Expired,HALIFAX,District 10,0,1,Accessory Structure,44.67039039223867,-63.66125694105181
1051,BP-2021-03193,2021-03-09,157850,New Building,New Building,Completed,DARTMOUTH,District 06,1,3,Dwelling - Single Detached,44.698548001512556,-63.535871983622066
1052,BP-2021-03254,2021-06-28,90000,New Building,New Building,Completed,WAVERLEY,District 01,1,1,Dwelling - Single Detached,44.78726951261765,-63.60715479559708
1053,BP-2021-03313,2025-07-21,150000,Renovation,Renovation,Completed,LOWER SACKVILLE,District 15,2,2,Dwelling - Multiple Units,44.76549890647406,-63.68618386148074
1054,BP-2021-03373,2021-03-09,132600,New Building,New Building,Completed,DARTMOUTH,District 06,1,3,Dwelling - Single Detached,44.69801426319309,-63.535696109450626
1055,BP-2021-03468,2021-11-18,200000,Addition,Addition,Expired (Closed),HALIFAX,District 11,1,2,Dwelling - Multiple Units,44.625360541348314,-63.60005512409371
1056,BP-2021-03556,2021-03-23,3500,Renovation,Renovation,Completed,HALIFAX,District 09,0,1,Accessory Structure,44.64356883818782,-63.61068797055195
1057,BP-2021-03630,,200000,Addition,Addition,Withdrawn,HALIFAX,District 10,-2,2,Mixed Use - Residential & Other Use(s),44.66534579250775,-63.636127411451426
1058,BP-2021-03818,2021-03-16,530000,New Building,New Building,Completed,BEDFORD,District 16,1,2,Dwelling - Single Detached,44.70261672940907,-63.71500703799524
1059,BP-2021-03892,2021-06-29,550000,New Building,New Building,Expired (Closed),HAMMONDS PLAINS,District 14,1,2,Dwelling - Single Detached,44.71758884858786,-63.76905514646311
1060,BP-2021-03934,2021-05-21,450000,New Building,New Building,Completed,UPPER TANTALLON,District 13,1,2,Dwelling - Single Detached,44.72798026522493,-63.89062742914101
1061,BP-2021-04083,,650000,New Building,New Building,Withdrawn,PORTUGUESE COVE,District 11,1,2,Dwelling - Single Detached,44.527697345986745,-63.53620398519656
1062,BP-2021-04159,2021-03-22,157600,New Building,New Building,Completed,DARTMOUTH,District 06,1,3,Dwelling - Single Detached,44.6992970064064,-63.53591253809982
1063,BP-2021-04261,2021-04-26,25000,New Building,New Building,Completed,DARTMOUTH,District 06,0,1,Accessory Structure,44.67801980827204,-63.54305935674017
1064,BP-2021-04394,2021-06-09,250000,New Building,New Building,Completed,HALIFAX,District 11,2,3,Dwelling - Semi-Detached,44.60080975766714,-63.601679039334705
1065,BP-2021-04451,2021-03-25,625000,New Building,New Building,Completed,BEDFORD,District 16,1,2,Dwelling - Single Detached,44.70325989902137,-63.71726930981729
1066,BP-2021-04508,2021-03-30,725000,New Building,New Building,Completed,BEDFORD,District 16,1,3,Dwelling - Single Detached,44.705499373876236,-63.710891860299334
1067,BP-2021-04614,2023-03-15,250000,New Building,New Building,Completed,TIMBERLEA,District 12,1,2,Dwelling - Single Detached,44.639981681132696,-63.72234317675647
1068,BP-2021-04681,2021-04-09,350000,Renovation,Renovation,Expired,HALIFAX,District 07,0,15,Dwelling - Multiple Units,44.635440067048854,-63.58023934634638
1069,BP-2021-04712,2021-03-31,400000,New Building,New Building,Completed,FALL RIVER,District 01,1,2,Dwelling - Single Detached,44.837667810245115,-63.63405281468905
1070,BP-2021-04820,2021-04-19,200000,New Building,New Building,Completed,GLEN HAVEN,District 13,1,2,Dwelling - Single Detached,44.63399770331372,-63.89548727566049
1071,BP-2021-04878,2021-05-19,25000,Renovation,Renovation,Expired,DARTMOUTH,District 05,0,15,Commercial,44.66548509985846,-63.56902048157545
1072,BP-2021-04959,2021-05-06,210000,New Building,New Building,Amendment Application Incomplete,HALIFAX,District 11,1,2,Dwelling - Single Detached,44.60679783500747,-63.60002763472218
1073,BP-2021-05042,2021-05-19,140000,New Building,New Building,Completed,BEAVER BANK,District 15,1,1,Dwelling - Single Detached,44.84640451933718,-63.67727617779138
1074,BP-2021-05187,2021-10-29,400000,New Building,New Building,Expired,SEABRIGHT,District 13,2,2,Dwelling - Semi-Detached,44.61930301593931,-63.93652566290414
1075,BP-2021-05358,2021-04-20,68900,Addition,Addition,Completed,TANTALLON,District 13,0,1,Dwelling - Single Detached,44.65356107262232,-63.916019125577115
1076,BP-2021-05462,,308666,New Building,New Building,Withdrawn,PEGGYS COVE,District 13,0,1,Institutional and Governmental,44.49206084462427,-63.91749053220027
1077,BP-2021-05559,2021-05-25,150000,New Building,New Building,Expired,MIDDLE SACKVILLE,District 14,1,2,Dwelling - Single Detached,44.80200675876693,-63.72479210730084
1078,BP-2021-05617,2021-12-08,10000,Renovation,Renovation,Expired (Closed),HALIFAX,District 12,0,1,Commercial,44.64729898682776,-63.66358384901584
1079,BP-2021-05709,2021-04-19,15000,New Building,New Building,Expired,HAMMONDS PLAINS,District 14,0,1,Accessory Structure,44.76514654533099,-63.79544085948705
1080,BP-2021-05776,2021-05-19,550000,New Building,New Building,Completed,WAVERLEY,District 01,1,2,Dwelling - Single Detached,44.77013748145632,-63.5752900977406
1081,BP-2021-05923,2021-04-23,500000,New Building,New Building,Completed,TIMBERLEA,District 12,1,3,Dwelling - Single Detached,44.64117514246321,-63.721050699426804
1082,BP-2021-06009,2022-08-24,340000,Renovation,Renovation,Completed,WESTPHAL,District 04,0,3,Commercial,44.70182745901364,-63.47131238385773
1083,BP-2021-06061,2021-04-19,37000,New Building,New Building,Completed,KETCH HARBOUR,District 11,0,1,Accessory Structure,44.482683911377705,-63.56421621312465
1084,BP-2021-06124,2021-05-04,300000,New Building,New Building,Expired,HALIFAX,Unidentified,2,3,Dwelling - Semi-Detached,44.59664419104842,-63.60149796422731
1085,BP-2021-06192,,1700,Renovation,Renovation,Withdrawn,DARTMOUTH,District 05,0,1,Commercial,44.6699696548828,-63.56416508380757
1086,BP-2021-06261,2021-06-30,600000,New Building,New Building,Completed,BROOKSIDE,District 13,2,2,Dwelling - Multiple Units,44.55071452362802,-63.70825489932401
1087,BP-2021-06436,2021-05-04,20000,New Building,New Building,Issued,DARTMOUTH,District 03,0,1,Accessory Structure,44.66228961149586,-63.54938212350358
1088,BP-2021-06510,2021-05-05,400000,New Building,New Building,Completed,MIDDLE SACKVILLE,District 14,1,1,Dwelling - Single Detached,44.7824117609316,-63.74300367882864
1089,BP-2021-06618,,28500,New Building,New Building,Withdrawn,,District 13,1,1,Dwelling - Single Detached,44.63441685624386,-63.85996801808645
1090,BP-2021-06720,2021-05-25,258000,Addition,Addition,Expired,HUBLEY,District 13,0,3,Dwelling - Single Detached,44.671069547124645,-63.81428511211231
1091,BP-2021-06798,2025-10-06,170000,New Building,New Building,Completed,TIMBERLEA,District 12,1,3,Dwelling - Single Detached,44.64060803811395,-63.72314013699848
1092,BP-2021-06879,2021-05-28,71793.59,New Building,New Building,Expired,HUBLEY,District 13,0,1,Accessory Structure,44.67652561428956,-63.7929820708789
1093,BP-2021-06953,2021-05-18,750000,New Building,New Building,Completed,BEDFORD,District 16,1,3,Dwelling - Single Detached,44.704484659322596,-63.71128098411586
1094,BP-2021-07023,2021-05-20,160000,New Building,New Building,Completed,TIMBERLEA,District 12,1,3,Dwelling - Single Detached,44.639930744299406,-63.72270582168611
1095,BP-2021-07182,2021-05-21,475000,New Building,New Building,Completed,SEABRIGHT,District 13,1,1,Dwelling - Single Detached,44.61320872974095,-63.93202936368198
1096,BP-2021-07272,2021-05-26,100000,Addition,Addition,Completed,LAKE LOON,District 04,0,1,Dwelling - Single Detached,44.702394291153986,-63.49811975518299
1097,BP-2021-07353,2021-07-22,725000,New Building,New Building,Completed,COLE HARBOUR,District 04,1,2,Dwelling - Single Detached,44.65905516131485,-63.45743733610291
1098,BP-2021-07410,2021-06-25,500000,New Building,New Building,Completed,TIMBERLEA,District 12,1,2,Dwelling - Single Detached,44.64066467537816,-63.7224886547092
1099,BP-2021-07517,,1,Renovation,Renovation,Applicant Revisions,DARTMOUTH,District 05,1,2,Dwelling - Multiple Units,44.67529837573252,-63.589440678023536
1100,BP-2021-07603,2022-07-13,35000,New Building,New Building,Withdrawn,EAST CHEZZETCOOK,District 02,0,1,Accessory Structure,44.746914555238256,-63.22898936883067
1101,BP-2021-07713,2021-07-26,34900,Renovation,Renovation,Completed,HALIFAX,District 10,1,2,Dwelling - Multiple Units,44.65797478894609,-63.636282225563605
1102,BP-2021-07839,2021-07-22,433500,New Building,New Building,Issued,HALIFAX,District 11,2,2,Dwelling - Single Detached,44.62049029249608,-63.57923212636686
1103,BP-2021-07934,2021-07-28,300000,New Building,New Building,Issued,WINDSOR JUNCTION,District 01,1,2,Dwelling - Single Detached,44.791113445076185,-63.655530340310754
1104,BP-2021-08020,2021-12-02,18000000,New Building,New Building,Completed,HALIFAX,District 09,128,7,Dwelling - Multiple Units,44.64948558175645,-63.60271634031852
1105,BP-2021-08079,2021-05-21,375000,New Building,New Building,Completed,BROOKSIDE,District 13,1,1,Dwelling - Single Detached,44.52714795389751,-63.70690075637304
1106,BP-2021-08235,2021-08-06,25000,Renovation,Renovation,Expired,DARTMOUTH,District 03,0,3,Dwelling - Multiple Units,44.66353590462685,-63.549467693166875
1107,BP-2021-08324,2022-01-21,13440000,New Building,New Building,Completed,HALIFAX,District 08,84,7,Dwelling - Multiple Units,44.65560901381264,-63.592184988970196
1108,BP-2021-08432,,113394,Renovation,Renovation,Withdrawn,HALIFAX,District 07,0,2,Dwelling - Multiple Units,44.64086654625517,-63.57525728068456
1109,BP-2021-08493,2021-05-27,355000,New Building,New Building,Completed,WESTPHAL,District 04,1,1,Dwelling - Single Detached,44.702755966726755,-63.44982041470233
1110,BP-2021-08558,,185925,Renovation,Renovation,Withdrawn,DARTMOUTH,District 05,0,1,Commercial,44.68656042112191,-63.55952448193897
1111,BP-2021-08687,2021-06-17,356024,New Building,New Building,Completed,ENFIELD,District 01,1,1,Dwelling - Single Detached,44.913158972702114,-63.55583213979927
1112,BP-2021-08843,2021-06-25,75000,New Building,New Building,Completed,MIDDLE SACKVILLE,District 14,0,1,Accessory Structure,44.78814252307977,-63.76313985482951
1113,BP-2021-08926,2021-05-27,25000,Renovation,Renovation,Expired,HALIFAX,District 12,0,1,Dwelling - Single Detached,44.67482125858048,-63.664874951928304
1114,BP-2021-09034,2021-10-20,11500,New Building,New Building,Issued,HUBLEY,District 13,0,2,Accessory Structure,44.677089370714796,-63.815900669016656
1115,BP-2021-09134,2021-07-12,285000,Renovation,Renovation,Completed,HALIFAX,District 08,0,2,Dwelling - Single Detached,44.66151660363623,-63.59755536175116
1116,BP-2021-09220,2021-06-25,15000,Renovation,Renovation,Completed,BEDFORD,District 16,1,1,Dwelling - Multiple Units,44.70919312222864,-63.66956967887255
1117,BP-2021-09317,2021-08-04,550000,New Building,New Building,Completed,MUSQUODOBOIT HARBOUR,District 02,1,1,Dwelling - Single Detached,44.79516844168168,-63.18539042942781
1118,BP-2021-09376,2021-07-22,300000,Renovation,Renovation,Completed,HALIFAX,District 07,0,2,Dwelling - Multiple Units,44.63333641013905,-63.573052552551374
1119,BP-2021-09451,2021-06-14,30000,Addition,Addition,Expired,WHITES LAKE,District 13,0,2,Dwelling - Single Detached,44.532077135664956,-63.76568031873176
1120,BP-2021-09529,2021-07-16,350000,New Building,New Building,Expired,PORTUGUESE COVE,District 11,1,2,Dwelling - Single Detached,44.51856619558506,-63.57822450326209
1121,BP-2021-09681,2021-07-30,97000,Renovation,Renovation,Expired,COLE HARBOUR,District 04,0,2,Commercial,44.671918996382026,-63.48618640295478
1122,BP-2021-09774,,19950000,New Building,New Building,Withdrawn,HALIFAX,District 08,0,11,Commercial,44.65938322100367,-63.596387624036076
1123,BP-2021-09862,2021-07-30,2808000,New Building,New Building,Completed,HALIFAX,District 07,1,3,Dwelling - Single Detached,44.63148612967539,-63.59266531732904
1124,BP-2021-09989,2021-11-04,600000,New Building,New Building,Completed,BEDFORD,District 16,3,1,Dwelling - Townhouse,44.74299922320313,-63.65530448169265
1125,BP-2021-10091,,13838000,New Building,New Building,Withdrawn,DARTMOUTH,District 03,60,6,Mixed Use - Residential & Other Use(s),44.66730899734973,-63.549911756867814
1126,BP-2021-10250,2021-06-25,300000,New Building,New Building,Completed,TIMBERLEA,District 12,1,2,Dwelling - Single Detached,44.64078812220614,-63.722740446954774
1127,BPCOM-2021-10622,2021-07-28,50000,Renovation,Renovation,Completed,LOWER SACKVILLE,District 15,0,2,Commercial,44.76520760988264,-63.677683633362456
1128,BPCOM-2021-11118,2022-04-22,60000,Renovation,Renovation,Completed,BEDFORD,District 16,0,3,Mixed Use - Residential & Other Use(s),44.71991199179288,-63.67203978558194
1129,BPCOM-2021-11566,2021-08-20,400000,Renovation,Renovation,Completed,DARTMOUTH,District 05,0,4,Commercial,44.66397924747747,-63.56816627051918
1130,BPCOM-2021-12056,2021-09-02,70000,Renovation,Renovation,Completed,HAMMONDS PLAINS,District 14,1,3,Mixed Use - Residential & Other Use(s),44.72685219361737,-63.74895203727655
1131,BPCOM-2021-12526,2021-09-29,1225000,New Building,New Building,Expired,BEDFORD,District 16,0,2,Commercial,44.69583150641794,-63.69003468971675
1132,BPCOM-2021-13221,2021-11-24,3800000,Addition,Addition,Completed,,District 12,0,2,Commercial,,
1133,BPCOM-2021-13780,2021-10-01,130000,Renovation,Renovation,Completed,DARTMOUTH,District 03,0,1,Commercial,44.65499498390853,-63.52985970456462
1134,BPCOM-2021-14430,2022-10-13,30000,New Building,New Building,Completed,MIDDLE SACKVILLE,District 14,0,1,Accessory Structure,44.79735099394277,-63.731518887844295
1135,BPCOM-2021-14795,2023-08-03,9331109,New Building,New Building,Issued,HALIFAX,District 08,105,10,Commercial,44.66003167963594,-63.5967625375812
1136,BPCOM-2021-15235,2022-05-06,150000,Addition,Addition,Cancelled,HALIFAX,District 08,0,3,Mixed Use - Residential & Other Use(s),44.65361755315686,-63.590812237354456
1137,BPCOM-2021-15873,2022-02-17,4400000,New Building,New Building,Completed,DARTMOUTH,District 06,0,2,Commercial,44.71386901746924,-63.56304310539542
1138,BPCOM-2021-16223,2021-11-22,68000,Renovation,Renovation,Completed,DARTMOUTH,District 06,0,2,Commercial,44.705857336714395,-63.61315024192393
1139,BPCOM-2021-16886,2021-11-22,500000,Renovation,Renovation,Expired (Closed),DARTMOUTH,District 05,0,1,Commercial,44.67545213790126,-63.572425637961864
1140,BPCOM-2021-17473,2021-12-15,260000,Renovation,Renovation,Expired,HALIFAX,District 08,0,4,Commercial,44.65301630700389,-63.597780425646086
1141,BPCOM-2021-18089,2021-12-03,100000,Renovation,Renovation,Completed,HALIFAX,District 08,0,1,Commercial,44.659157223313315,-63.60447037414356
1142,BPCOM-2021-18475,2022-10-05,21464000,New Building,New Building,Amendment Review,DARTMOUTH,District 05,117,9,Mixed Use - Residential & Other Use(s),44.67153041391625,-63.5813558280057
1143,BPCOM-2021-19100,2022-02-01,55000,Renovation,Renovation,Completed,BEDFORD,District 16,0,1,Commercial,44.709417434913064,-63.6676604951107
1144,BPCOM-2021-19397,2021-12-20,50000,New Building,New Building,Completed,HALIFAX,District 09,0,1,Accessory Structure,44.64792555836938,-63.5941881502007
1145,BPCOM-2021-19732,2022-06-24,19500000,New Building,New Building,Issued,LOWER SACKVILLE,District 15,125,7,Dwelling - Multiple Units,44.7694601177433,-63.694170609634504
1146,BPCOM-2021-20067,2021-12-17,23000,New Building,New Building,Completed,LOWER SACKVILLE,District 15,0,1,Accessory Structure,44.77757157303841,-63.69563302215143
1147,BPCOM-2021-20331,2022-07-21,11500000,New Building,New Building,Completed,DARTMOUTH,District 06,64,5,Dwelling - Multiple Units,44.690745692354646,-63.53191239954584
1148,BPCOM-2022-00438,2022-05-02,70000,Renovation,Renovation,Completed,HALIFAX,District 07,0,2,Commercial,44.64640478449228,-63.574288696857636
1149,BPCOM-2022-00810,2022-03-01,138661,Addition,Addition,Expired,BEDFORD,District 16,0,2,Commercial,44.73043504493107,-63.655285146481354
1150,BPCOM-2022-01249,2022-04-29,450000,Renovation,Renovation,Completed,HALIFAX,District 07,0,14,Commercial,44.64147528260163,-63.57833465393063
1151,BPCOM-2022-01638,2022-06-15,9269750,New Building,New Building,Completed,DARTMOUTH,District 06,44,6,Dwelling - Multiple Units,44.6980683913267,-63.5471163493985
1152,BPCOM-2022-02085,2022-09-22,9400000,New Building,New Building,Issued,HALIFAX,District 07,47,8,Mixed Use - Residential & Other Use(s),44.63867305879671,-63.57002926751025
1153,BPCOM-2022-02467,2022-03-28,150000,Renovation,Renovation,Completed,HALIFAX,District 09,0,10,Mixed Use - Residential & Other Use(s),44.646341188916466,-63.59036974217032
1154,BPCOM-2022-02914,2022-08-16,4646000,Addition,Addition,Completed,HALIFAX,District 12,0,1,Institutional and Governmental,44.65869538564644,-63.66681345639965
1155,BPCOM-2022-03227,2022-05-17,4582675,New Building,New Building,Completed,DARTMOUTH,District 06,0,1,Commercial,44.71288215331805,-63.56722834283958
1156,BPCOM-2022-03812,2022-05-17,3351889,New Building,New Building,Completed,DARTMOUTH,District 06,0,2,Commercial,44.71302114869004,-63.563905532836365
1157,BPCOM-2022-04179,2022-05-05,2700000,Renovation,Renovation,Amendment Requested,HALIFAX,District 07,0,10,Mixed Use - Residential & Other Use(s),44.62903356180259,-63.57139806847075
1158,BPCOM-2022-04669,2022-07-20,10000,Renovation,Renovation,Expired,DARTMOUTH,District 03,0,4,Mixed Use - Residential & Other Use(s),44.65713294521382,-63.52775434252773
1159,BPCOM-2022-05076,2022-08-03,30000,Renovation,Renovation,Completed,DARTMOUTH,District 03,0,1,Commercial,44.66999762564716,-63.53081923641672
1160,BPCOM-2022-05476,2022-06-28,15000000,New Building,New Building,Completed,BEAVER BANK,District 15,82,4,Dwelling - Multiple Units,44.80278551102184,-63.68937480131794
1161,BPCOM-2022-05857,2022-09-15,1500000,New Building,New Building,Completed,DARTMOUTH,District 03,0,1,Commercial,44.6694515158012,-63.5244206643276
1162,BPCOM-2022-06508,2022-06-13,65000,Renovation,Renovation,Expired,DARTMOUTH,District 05,0,2,Commercial,44.666568957217635,-63.56354627648518
1163,BPCOM-2022-07136,2022-07-12,333000,Renovation,Renovation,Completed,BEDFORD,District 16,0,1,Commercial,44.75124242182759,-63.642616540602894
1164,BPCOM-2022-07665,2022-08-23,244800,New Building,New Building,Completed,EAST CHEZZETCOOK,District 02,0,1,Commercial,44.746914555238256,-63.22898936883067
1165,BPCOM-2022-08131,2022-06-27,554465,Renovation,Renovation,Completed,DARTMOUTH,District 06,0,3,Commercial,44.701092117261766,-63.581063027012256
1166,BPCOM-2022-08734,2022-12-13,17500000,New Building,New Building,Issued,HALIFAX,District 09,73,7,Mixed Use - Residential & Other Use(s),44.64890987317465,-63.60349721925497
1167,BPCOM-2022-09166,2022-08-11,4986525,Renovation,Renovation,Completed,BEDFORD,District 16,0,6,Commercial,44.72359477197514,-63.69310111651545
1168,BPCOM-2022-09490,2022-10-11,2550000,Renovation,Renovation,Completed,DARTMOUTH,District 06,0,2,Commercial,44.71296702742929,-63.557745209257014
1169,BPCOM-2022-09812,2022-07-29,210000,Renovation,Renovation,Expired,HALIFAX,District 07,0,15,Mixed Use - Residential & Other Use(s),44.635440067048854,-63.58023934634638
1170,BPCOM-2022-10177,2022-08-11,800000,Renovation,Renovation,Issued,BEECHVILLE,District 12,0,2,Commercial,44.642077926004035,-63.68965869921953
1171,BPCOM-2022-10609,2022-11-22,31000000,New Building,New Building,Issued,HALIFAX,District 08,142,21,Dwelling - Multiple Units,44.653563439755004,-63.58541888860875
1172,BPCOM-2022-11115,2022-11-25,2970545,New Building,New Building,Cancelled,BEECHVILLE,District 12,0,2,Commercial,44.65106183050596,-63.67836493135539
1173,BPCOM-2022-11597,2022-09-21,35000,Renovation,Renovation,Expired,HALIFAX,District 08,0,10,Commercial,44.658343562106154,-63.60322178206833
1174,BPCOM-2022-11993,2022-09-23,68000,Renovation,Renovation,Completed,HALIFAX,District 08,0,1,Commercial,44.662687661077754,-63.601629862901206
1175,BPCOM-2022-12569,2022-10-19,40000,Renovation,Renovation,Completed,BEDFORD,District 16,0,1,Commercial,44.70828592460972,-63.66570184412501
1176,BPCOM-2022-12760,2022-10-31,600000,New Building,New Building,Issued,LOWER SACKVILLE,District 15,0,1,Accessory Structure,44.753627947434154,-63.65313949690969
1177,BPCOM-2022-13119,2022-10-14,200000,Renovation,Renovation,Completed,HALIFAX,District 07,0,8,Mixed Use - Residential & Other Use(s),44.6500745680104,-63.57808127207631
1178,BPCOM-2022-13680,2022-12-16,100000,Renovation,Renovation,Completed,LOWER SACKVILLE,District 15,0,2,Commercial,44.75519814875188,-63.65304622650445
1179,BPCOM-2022-14078,2023-01-10,1155000,Renovation,Renovation,Completed,HALIFAX,District 07,0,4,Commercial,44.64575460670193,-63.57273639264129
1180,BPCOM-2022-14443,2022-12-14,5000,Renovation,Renovation,Completed,WEST DOVER,District 13,0,2,Mixed Use - Residential & Other Use(s),44.4949964080125,-63.87637002576844
1181,BPCOM-2022-14856,,75000,Renovation,Renovation,Applicant Revisions,DARTMOUTH,District 05,0,2,Commercial,44.66765332123149,-63.566947714972564
1182,BPCOM-2022-15432,2023-03-23,14200000,New Building,New Building,Completed,HALIFAX,District 16,71,6,Mixed Use - Residential & Other Use(s),44.6991967974668,-63.68390913970403
1183,BPCOM-2022-15700,2023-09-05,175000,Renovation,Renovation,Completed,HALIFAX,District 09,0,2,Mixed Use - Residential & Other Use(s),44.64453411054719,-63.600751458519596
1184,BPCOM-2023-00055,2023-06-19,10000000,Renovation,Renovation,Completed,DARTMOUTH,District 05,99,17,Mixed Use - Residential & Other Use(s),44.67900086408493,-63.55049243318275
1185,BPCOM-2023-00279,2023-02-03,116800,Renovation,Renovation,Completed,DARTMOUTH,District 06,0,2,Industrial,44.703088560302064,-63.59814678567786
1186,BPCOM-2023-00834,2023-04-06,1700,Renovation,Renovation,Completed,HALIFAX,District 09,0,2,Commercial,44.64652003343783,-63.59270067481493
1187,BPCOM-2023-01031,2023-06-23,1600000,New Building,New Building,Expired,DARTMOUTH,District 06,0,1,Commercial,44.69962541211675,-63.60680609994102
1188,BPCOM-2023-01177,2023-02-23,4000,Renovation,Renovation,Completed,HALIFAX,District 07,0,4,Commercial,44.64721239909804,-63.57138562893462
1189,BPCOM-2023-01559,2023-09-29,26300000,New Building,New Building,Completed,DARTMOUTH,District 06,0,2,Industrial,44.71586240408278,-63.56861719392867
1190,BPCOM-2023-02020,2023-12-18,470000,New Building,New Building,Expired,HACKETTS COVE,District 13,0,1,Commercial,44.57081562512314,-63.931691701212145
1191,BPCOM-2023-02473,2023-03-22,1185000,Renovation,Renovation,Issued,DARTMOUTH,District 06,0,2,Commercial,44.71386901746924,-63.56304310539542
1192,BPCOM-2023-03033,2024-06-26,27800000,New Building,New Building,Issued,HALIFAX,District 16,159,7,Mixed Use - Residential & Other Use(s),44.69834788845807,-63.682559131508654
1193,BPCOM-2023-03361,2023-04-25,1940000,Renovation,Renovation,Completed,HALIFAX,District 07,0,21,Commercial,44.64669334286695,-63.57504938328099
1194,BPCOM-2023-03568,2023-04-17,700000,Renovation,Renovation,Completed,DARTMOUTH,District 06,0,1,Commercial,44.70296764968086,-63.562680081324075
1195,BPCOM-2023-03836,2023-04-11,98000,Renovation,Renovation,Expired,HALIFAX,District 08,0,1,Commercial,44.657424073254106,-63.5998052562714
1196,BPCOM-2023-04318,2023-04-25,277293,Renovation,Renovation,Expired,HALIFAX,District 07,0,4,Institutional and Governmental,44.63784709198573,-63.59514537400519
1197,BPCOM-2023-04838,2023-06-07,2244000,Renovation,Renovation,Completed,DARTMOUTH,District 05,0,1,Commercial,44.68914035459205,-63.561349955456414
1198,BPCOM-2023-05279,2023-10-04,600000,New Building,New Building,Issued,FALL RIVER,District 01,1,2,Mixed Use - Residential & Other Use(s),44.80250671938642,-63.60531287593
1199,BPCOM-2023-05869,2023-11-28,300000,Renovation,Renovation,Completed,DARTMOUTH,District 06,0,2,Industrial,44.70337858646126,-63.59396664420321
1200,BPCOM-2023-06334,2023-06-06,125000,Renovation,Renovation,Completed,DARTMOUTH,District 06,0,3,Commercial,44.69420606351045,-63.57991685378375
1201,BPCOM-2023-06882,2024-02-06,17100000,New Building,New Building,Completed,DARTMOUTH,District 05,95,6,Dwelling - Multiple Units,44.68762282303974,-63.568145178883526
1202,BPCOM-2023-07404,,1000,Renovation,Renovation,Withdrawn,HALIFAX,District 11,2,3,Mixed Use - Residential & Other Use(s),44.621665806800785,-63.61791001631827
1203,BPCOM-2023-07751,2024-10-31,18000000,New Building,New Building,Issued,HALIFAX,District 08,115,11,Mixed Use - Residential & Other Use(s),44.65632363356863,-63.596854373251645
1204,BPCOM-2023-08213,2023-07-11,248418,Renovation,Renovation,Completed,HALIFAX,District 10,0,2,Commercial,44.65833879106969,-63.629812461153236
1205,BPCOM-2023-08669,2023-09-12,23000,Renovation,Renovation,Completed,BEDFORD,District 16,0,2,Commercial,44.708166275810235,-63.71056815854703
1206,BPCOM-2023-09054,2023-08-03,65000,Renovation,Renovation,Expired,DARTMOUTH,District 06,0,3,Commercial,44.700519488130425,-63.581704253848066
1207,BPCOM-2023-09810,2024-01-26,12500000,New Building,New Building,Issued,MIDDLE SACKVILLE,District 14,50,4,Dwelling - Multiple Units,44.78104166972629,-63.70641286476978
1208,BPCOM-2023-10151,2023-08-18,1500000,Renovation,Renovation,Completed,DARTMOUTH,Unidentified,0,1,Commercial,44.672117408109976,-63.53308563077851
1209,BPCOM-2023-10885,2023-08-28,100000,Renovation,Renovation,Completed,MIDDLE SACKVILLE,District 14,0,1,Commercial,44.79634266932693,-63.72977656028287
1210,BPCOM-2023-11230,2024-05-17,27400000,New Building,New Building,Issued,DARTMOUTH,District 05,96,9,Mixed Use - Residential & Other Use(s),44.67386221120372,-63.58456750124827
1211,BPCOM-2023-11831,2025-09-03,20000000,New Building,New Building,Issued,HALIFAX,District 16,102,8,Mixed Use - Residential & Other Use(s),44.69952856866314,-63.66221727606138
1212,BPCOM-2023-12370,2023-11-08,265000,Renovation,Renovation,Completed,DARTMOUTH,District 06,0,1,Commercial,44.70433534488461,-63.56374580687946
1213,BPCOM-2023-12807,2024-02-08,8000000,Renovation,Renovation,Expired,HALIFAX,District 07,0,15,Institutional and Governmental,44.63967064614977,-63.58410130608267
1214,BPCOM-2023-13362,2023-11-09,2600000,Renovation,Renovation,Completed,DARTMOUTH,District 06,0,1,Commercial,44.71288215331805,-63.56722834283958
1215,BPCOM-2023-13698,2023-11-07,12367,New Building,New Building,Expired,BEDFORD,District 16,0,1,Accessory Structure,44.72625999671462,-63.667783525908874
1216,BPCOM-2023-14194,2023-11-01,50000,Renovation,Renovation,Completed,DARTMOUTH,District 06,0,2,Commercial,44.70212887553781,-63.56300908648515
1217,BPCOM-2023-14495,2023-11-22,200000,Renovation,Renovation,Completed,DARTMOUTH,District 03,0,3,Institutional and Governmental,44.657839157330265,-63.550177335674206
1218,BPCOM-2023-14896,2024-06-03,4200,Renovation,Renovation,Issued,MUSQUODOBOIT HARBOUR,District 02,0,1,Mixed Use - Residential & Other Use(s),44.78309538340588,-63.153661710650596
1219,BPCOM-2023-15001,2024-06-17,120000,New Building,New Building,Completed,BEDFORD,District 16,0,1,Commercial,44.708026880724994,-63.6646761985088
1220,BPCOM-2023-15434,2024-03-04,1082650,New Building,New Building,Issued,BEDFORD,District 16,0,2,Commercial,44.71218948260301,-63.716029414994885
1221,BPCOM-2023-15683,,110000,Renovation,Renovation,Withdrawn,HALIFAX,District 08,0,2,Mixed Use - Residential & Other Use(s),44.659193604746854,-63.59858715865956
1222,BPCOM-2023-15910,,75000000,New Building,New Building,Applicant Revisions,WESTPHAL,District 04,300,7,Mixed Use - Residential & Other Use(s),44.69612255880197,-63.49739314894034
1223,BPCOM-2023-16054,2024-05-16,1500000,New Building,New Building,Completed,DARTMOUTH,District 05,17,4,Dwelling - Multiple Units,44.68090787265751,-63.54747735112492
1224,BPCOM-2023-16326,2024-10-09,28000000,Addition,Addition,Issued,DARTMOUTH,District 05,138,9,Mixed Use - Residential & Other Use(s),44.667387113979714,-63.563202755527705
1225,BPCOM-2023-16462,2024-12-05,10591000,New Building,New Building,Cancelled,HALIFAX,Unidentified,50,5,Dwelling - Multiple Units,44.65730803892346,-63.59638113443537
1226,BPCOM-2024-00289,2024-01-11,125000,Renovation,Renovation,Completed,HALIFAX,District 07,0,10,Mixed Use - Residential & Other Use(s),44.64876025766245,-63.57178250895293
1227,BPCOM-2024-00573,2024-01-30,8500,Renovation,Renovation,Completed,HALIFAX,District 07,0,1,Commercial,44.641754868888675,-63.57748576097392
1228,BPCOM-2024-00827,2024-05-15,25000000,New Building,New Building,Issued,LOWER SACKVILLE,District 15,65,6,Dwelling - Multiple Units,44.763225791418265,-63.674053721804945
1229,BPCOM-2024-01285,2024-07-16,30000,New Building,New Building,Completed,COLE HARBOUR,District 04,0,1,Accessory Structure,44.6772057500572,-63.49227067851961
1230,BPCOM-2024-01580,2024-03-04,97298,Renovation,Renovation,Expired,HALIFAX,District 08,0,1,Commercial,44.66099681965111,-63.61375998895126
1231,BPCOM-2024-02042,2024-03-12,25000,Renovation,Renovation,Expired,FALL RIVER,District 01,0,2,Mixed Use - Residential & Other Use(s),44.811512493503955,-63.60841535514641
1232,BPCOM-2024-02582,2024-08-02,60000,New Building,New Building,Amendment Applicant Revisions,UPPER SACKVILLE,District 14,1,2,Mixed Use - Residential & Other Use(s),44.83178152558272,-63.78386775264511
1233,BPCOM-2024-03010,2024-05-01,4000000,Renovation,Renovation,Completed,BEDFORD,District 16,0,1,Commercial,44.75289281442478,-63.64343709455144
1234,BPCOM-2024-03622,2024-05-22,25000,New Building,New Building,Expired,UPPER MUSQUODOBOIT,District 01,0,1,Agriculture,45.14610510168613,-62.936686980741136
1235,BPCOM-2024-04070,2024-05-14,350000,Renovation,Renovation,Expired,DARTMOUTH,District 06,0,2,Commercial,44.698337822981415,-63.60573205671217
1236,BPCOM-2024-04610,2024-05-01,50000,Renovation,Renovation,Completed,HALIFAX,District 07,0,10,Commercial,44.64247540620814,-63.579561888871126
1237,BPCOM-2024-05010,2024-07-03,80000,Renovation,Renovation,Completed,COLE HARBOUR,District 04,0,1,Commercial,44.66982313641441,-63.499408105175235
1238,BPCOM-2024-05379,2024-05-16,95000,Renovation,Renovation,Completed,HALIFAX,District 09,0,3,Commercial,44.649368575944415,-63.61874247106554
1239,BPCOM-2024-05823,2024-05-14,50800,Renovation,Renovation,Completed,COLE HARBOUR,District 04,0,1,Commercial,44.67295910645267,-63.49260182464277
1240,BPCOM-2024-06225,2024-06-07,500000,Renovation,Renovation,Completed,LOWER SACKVILLE,District 15,0,1,Commercial,44.7695036022651,-63.687428905970364
1241,BPCOM-2024-06233,,43800000,New Building,New Building,Applicant Revisions,HALIFAX,District 07,438,30,Mixed Use - Residential & Other Use(s),44.64052863483248,-63.585674355809445
1242,BPCOM-2024-06233,,43800000,New Building,New Building,Applicant Revisions,HALIFAX,District 07,438,30,Mixed Use - Residential & Other Use(s),44.64052863483248,-63.585674355809445
1243,BPCOM-2024-06575,2024-12-06,11190000,New Building,New Building,Issued,HALIFAX,District 09,79,7,Dwelling - Multiple Units,44.65018673038598,-63.595605678633945
1244,BPCOM-2024-06799,2024-08-09,1365000,Renovation,Renovation,Completed,DARTMOUTH,District 06,0,1,Commercial,44.72378005281988,-63.57348218129636
1245,BPCOM-2024-07226,2024-08-20,60000,New Building,New Building,Completed,HATCHET LAKE,District 13,0,2,Commercial,44.584080591407265,-63.70391090786604
1246,BPCOM-2024-07405,2024-09-25,94300000,New Building,New Building,Amendment Review,DARTMOUTH,District 05,348,33,Mixed Use - Residential & Other Use(s),44.66820579963576,-63.57754855675269
1247,BPCOM-2024-07738,2024-08-19,68200,Renovation,Renovation,Issued,HALIFAX,Unidentified,0,3,Institutional and Governmental,44.61384640036699,-63.615415098143096
1248,BPCOM-2024-08333,2024-12-20,350000,Renovation,Renovation,Completed,FALL RIVER,District 01,0,1,Accessory Structure,44.82763739591934,-63.58918158179464
1249,BPCOM-2024-08706,2024-11-05,2091600,Addition,Addition,Amendment Applicant Revisions,HALIFAX,District 08,12,3,Mixed Use - Residential & Other Use(s),44.65412452485966,-63.586713215805844
1250,BPCOM-2024-09135,2024-08-14,180000,Renovation,Renovation,Issued,DARTMOUTH,District 06,0,1,Commercial,44.70404653374414,-63.56375550876313
1251,BPCOM-2024-09515,2024-07-29,22800,Renovation,Renovation,Completed,HALIFAX,District 08,0,12,Dwelling - Multiple Units,44.65452967071038,-63.5979599755388
1252,BPCOM-2024-09888,,57000,New Building,New Building,Withdrawn,EAST DOVER,District 13,31,1,Mixed Use - Residential & Other Use(s),44.51512750956825,-63.86005780138003
1253,BPCOM-2024-10371,2024-09-09,400000,Renovation,Renovation,Issued,HALIFAX,District 10,0,1,Commercial,44.684633204798146,-63.67424831358334
1254,BPCOM-2024-10778,2024-12-13,1383750,Addition,Addition,Completed,DARTMOUTH,District 06,0,1,Commercial,44.69616742095974,-63.57193871665344
1255,BPCOM-2024-11306,2025-07-15,12000000,New Building,New Building,Amendment Applicant Revisions,HALIFAX,District 10,122,7,Mixed Use - Residential & Other Use(s),44.659746321145526,-63.6331241252725
1256,BPCOM-2024-12081,2024-09-26,850000,Renovation,Renovation,Issued,DARTMOUTH,District 06,0,3,Commercial,44.69578993880605,-63.57444423888489
1257,BPCOM-2024-13218,2024-10-18,400000,Renovation,Renovation,Completed,DARTMOUTH,District 06,0,1,Commercial,44.68102990758489,-63.54312468462552
1258,BPCOM-2024-14691,2025-05-06,130000,New Building,New Building,Issued,GOFFS,District 01,0,1,Commercial,44.856610681624375,-63.53576085660858
1259,BPCOM-2024-15265,2024-11-05,9000,Renovation,Renovation,Completed,DARTMOUTH,District 05,2,4,Dwelling - Multiple Units,44.66769361516129,-63.556170854054095
1260,BPCOM-2024-15937,2026-01-05,18000000,New Building,New Building,Issued,HALIFAX,District 08,86,10,Mixed Use - Residential & Other Use(s),44.65569905743456,-63.59709814171158
1261,BPCOM-2024-16170,2024-11-06,150000,Renovation,Renovation,Completed,DARTMOUTH,District 05,0,7,Dwelling - Multiple Units,44.666918282205884,-63.57139625207966
1262,BPCOM-2024-16761,2024-11-12,150000,Renovation,Renovation,Completed,DARTMOUTH,District 06,0,1,Commercial,44.68189255869089,-63.54135457009608
1263,BPCOM-2024-17154,2024-11-25,205000,Renovation,Renovation,Issued,HALIFAX,District 07,0,18,Commercial,44.64630242810192,-63.57479442574708
1264,BPCOM-2024-18201,2025-03-24,507000,Renovation,Renovation,Completed,DARTMOUTH,District 06,0,2,Commercial,44.700292327041744,-63.60518526717371
1265,BPCOM-2024-18568,,1095000,New Building,New Building,Withdrawn,SHIP HARBOUR,District 02,1,1,Mixed Use - Residential & Other Use(s),44.81354171745056,-62.85535079143644
1266,BPCOM-2024-18955,2025-03-21,175000,Renovation,Renovation,Completed,DARTMOUTH,District 06,0,2,Commercial,44.71441325293642,-63.60760387595518
1267,BPCOM-2025-00492,2025-01-30,450000,Renovation,Renovation,Completed,HALIFAX,District 11,0,1,Commercial,44.63104591710083,-63.63158528151305
1268,BPCOM-2025-01038,2025-05-12,17280000,New Building,New Building,Issued,HALIFAX,District 10,96,9,Dwelling - Multiple Units,44.65485628622615,-63.631775653619655
1269,BPCOM-2025-01319,2025-04-09,270000,New Building,New Building,Issued,HATCHET LAKE,District 13,0,1,Commercial,44.57863694794698,-63.707633140230286
1270,BPCOM-2025-01603,2025-10-16,7000000,New Building,New Building,Issued,HALIFAX,District 08,26,7,Dwelling - Multiple Units,44.661588526462616,-63.59760279592931
1271,BPCOM-2025-01830,2025-09-09,24265000,New Building,New Building,Issued,DARTMOUTH,District 05,65,7,Dwelling - Multiple Units,44.67060943756154,-63.56441460024709
1272,BPCOM-2025-02090,2025-05-08,50000,Renovation,Renovation,Completed,DARTMOUTH,District 06,0,1,Commercial,44.712444233864325,-63.59957159698863
1273,BPCOM-2025-02584,2025-03-13,368000,Renovation,Renovation,Completed,UPPER TANTALLON,District 13,0,1,Commercial,44.68526567228456,-63.87549430469479
1274,BPCOM-2025-02987,2026-01-23,28620000,New Building,New Building,Issued,HALIFAX,District 08,159,10,Dwelling - Multiple Units,44.65455780501638,-63.5969622042749
1275,BPCOM-2025-03112,2025-03-17,300000,Renovation,Renovation,Completed,PORTERS LAKE,District 02,0,1,Commercial,44.7427789750993,-63.27980364660476
1276,BPCOM-2025-03264,2025-09-25,19400000,New Building,New Building,Issued,LOWER SACKVILLE,District 15,65,6,Dwelling - Multiple Units,44.76324370889452,-63.673087961406274
1277,BPCOM-2025-03540,,24840000,New Building,New Building,Applicant Revisions,HALIFAX,District 10,138,15,Dwelling - Multiple Units,44.661112386422026,-63.65357522607201
1278,BPCOM-2025-03714,2025-04-02,450000,Renovation,Renovation,Completed,DARTMOUTH,District 06,0,2,Commercial,44.700292327041744,-63.60518526717371
1279,BPCOM-2025-04059,,30800000,New Building,New Building,Applicant Revisions,BEDFORD,District 16,155,11,Mixed Use - Residential & Other Use(s),44.7084901410985,-63.71355367137599
1280,BPCOM-2025-04330,2026-04-21,4406250,New Building,New Building,Issued,HALIFAX,District 16,0,3,Commercial,44.69943485499798,-63.68265038808149
1281,BPCOM-2025-04738,2025-04-29,550000,Renovation,Renovation,Issued,HALIFAX,District 12,0,1,Commercial,44.65691862761092,-63.67559218069956
1282,BPCOM-2025-05244,2025-05-09,45000,Renovation,Renovation,Issued,HALIFAX,District 12,0,1,Commercial,44.64729898682776,-63.66358384901584
1283,BPCOM-2025-06233,2025-08-12,1500000,New Building,New Building,Issued,TIMBERLEA,District 12,0,1,Commercial,44.63580945855398,-63.71475951536789
1284,BPCOM-2025-06758,2025-05-15,1200000,Renovation,Renovation,Completed,BEDFORD,District 16,0,6,Commercial,44.72359477197514,-63.69310111651545
1285,BPCOM-2025-08212,2025-06-11,150000,Renovation,Renovation,Completed,HALIFAX,District 07,0,12,Mixed Use - Residential & Other Use(s),44.640363716144236,-63.568314476413825
1286,BPCOM-2025-08970,2025-08-25,4200,Renovation,Renovation,Completed,MIDDLE SACKVILLE,District 14,0,3,Commercial,44.78012342139025,-63.698674968457915
1287,BPCOM-2025-09531,,2250000,New Building,New Building,Withdrawn,BEDFORD,District 16,0,3,Commercial,44.724657065125726,-63.66999521653281
1288,BPCOM-2025-10136,2025-07-08,77000,Renovation,Renovation,Completed,BEDFORD,District 16,0,3,Commercial,44.70777158221398,-63.70810354889524
1289,BPCOM-2025-10611,2025-08-11,6800,New Building,New Building,Completed,DARTMOUTH,District 05,0,1,Accessory Structure,44.68409317362331,-63.588938249432395
1290,BPCOM-2025-11429,2025-12-23,17325000,New Building,New Building,Amendment Review,BEAVER BANK,District 15,76,4,Dwelling - Multiple Units,44.80475467364561,-63.6890516359267
1291,BPCOM-2025-11988,2025-08-07,255000,Renovation,Renovation,Issued,DARTMOUTH,District 06,0,1,Commercial,44.692548777261536,-63.59471313899227
1292,BPCOM-2025-12513,2025-09-18,550000,Renovation,Renovation,Completed,BEDFORD,District 16,0,1,Commercial,44.72435249132653,-63.669199222257056
1293,BPCOM-2025-12880,2025-08-27,85000,Renovation,Renovation,Completed,DARTMOUTH,District 03,0,2,Commercial,44.65688450209084,-63.53129847357066
1294,BPCOM-2025-13374,,26900000,New Building,New Building,Applicant Revisions,HALIFAX,District 08,174,12,Dwelling - Multiple Units,44.650445053674915,-63.58198391427322
1295,BPCOM-2025-13967,2025-10-06,38000,Renovation,Renovation,Completed,HALIFAX,District 08,0,2,Commercial,44.659446193833375,-63.59434108599033
1296,BPCOM-2025-14278,2025-10-22,25000,Renovation,Renovation,Completed,DARTMOUTH,District 06,0,5,Commercial,44.690423862407975,-63.53181434264693
1297,BPCOM-2025-14882,,1000000,Renovation,Renovation,Application Incomplete,HALIFAX,District 07,0,10,Mixed Use - Residential & Other Use(s),44.64171756521886,-63.58055965460019
1298,BPCOM-2025-15209,2025-12-11,9450,Renovation,Renovation,Issued,DARTMOUTH,District 05,0,2,Commercial,44.66703247716916,-63.56476081671695
1299,BPCOM-2025-15591,2026-04-07,693150,Renovation,Renovation,Issued,DARTMOUTH,District 05,0,2,Commercial,44.66440814349242,-63.570051670461794
1300,BPCOM-2025-15894,,12000,Renovation,Renovation,Applicant Revisions,HALIFAX,District 08,0,3,Commercial,44.65597329575839,-63.59916888383111
1301,BPCOM-2025-16295,2025-10-28,1000000,Renovation,Renovation,Issued,HALIFAX,District 07,0,18,Commercial,44.64630242810192,-63.57479442574708
1302,BPCOM-2025-16700,,1750000,New Building,New Building,Application Incomplete,HALIFAX,District 08,4,4,Mixed Use - Residential & Other Use(s),44.66213886484702,-63.60091640470993
1303,BPCOM-2025-17217,2025-11-21,100000,New Building,New Building,Completed,UPPER SACKVILLE,District 14,0,1,Accessory Structure,44.8171615637201,-63.76792518687043
1304,BPCOM-2025-17710,2026-01-27,10000,Renovation,Renovation,Completed,HALIFAX,District 08,0,2,Commercial,44.65184070289598,-63.58293514898436
1305,BPCOM-2025-18123,2025-12-30,400000,New Building,New Building,Issued,HALIFAX,District 09,3,4,Dwelling - Multiple Units,44.64218485663042,-63.59398883370147
1306,BPCOM-2025-18629,2026-04-01,2217600,New Building,New Building,Issued,DARTMOUTH,District 03,0,2,Industrial,44.64408567860675,-63.54220385220822
1307,BPCOM-2025-18846,2026-01-22,200000,Renovation,Renovation,Issued,DARTMOUTH,District 06,0,1,Commercial,44.70466584176091,-63.594563065306524
1308,BPCOM-2026-00166,2026-02-27,900000,Renovation,Renovation,Issued,DARTMOUTH,District 06,0,1,Commercial,44.70260821452669,-63.56720033613534
1309,BPCOM-2026-01065,2026-06-03,45000,New Building,New Building,Issued,TIMBERLEA,District 12,0,1,Commercial,44.64296567476923,-63.72348995195499
1310,BPCOM-2026-01407,2026-02-18,275000,Renovation,Renovation,Issued,HALIFAX,District 07,0,18,Commercial,44.65178326639569,-63.57414191035051
1311,BPCOM-2026-01526,2026-06-11,10000000,New Building,New Building,Issued,HAMMONDS PLAINS,District 14,46,3,Mixed Use - Residential & Other Use(s),44.734262864132795,-63.75764837717945
1312,BPCOM-2026-01818,2026-02-24,330000,Renovation,Renovation,Issued,HALIFAX,District 09,0,1,Commercial,44.64626980116062,-63.62094261375594
1313,BPCOM-2026-02455,2026-06-09,80000,Addition,Addition,Issued,UPPER TANTALLON,District 13,0,1,Commercial,44.69130541772101,-63.877960011014075
1314,BPCOM-2026-02888,2026-04-21,45000,Renovation,Renovation,Completed,COLE HARBOUR,District 04,0,1,Commercial,44.67102549758628,-63.495004520651925
1315,BPCOM-2026-03350,2026-04-14,30000,Renovation,Renovation,Completed,HALIFAX,District 08,0,2,Institutional and Governmental,44.653343983870506,-63.581070624866285
1316,BPCOM-2026-03967,,50000,Renovation,Renovation,Application Incomplete,DARTMOUTH,District 05,0,1,Commercial,44.663776757623694,-63.564629491082115
1317,BPCOM-2026-04572,2026-05-19,208575,Renovation,Renovation,Issued,LOWER SACKVILLE,District 15,0,5,Commercial,44.76705591012046,-63.68226975975913
1318,BPCOM-2026-05065,2026-05-15,300000,Renovation,Renovation,Issued,HALIFAX,District 07,0,22,Mixed Use - Residential & Other Use(s),44.6465003408563,-63.57317260332729
1319,BPCOM-2026-05390,,250000,Renovation,Renovation,Applicant Revisions,HALIFAX,District 07,0,1,Commercial,44.634544628156696,-63.57634527367375
1320,BPCOM-2026-05903,2026-05-14,150000,Renovation,Renovation,Completed,INDIAN HARBOUR,District 13,0,3,Commercial,44.520811745646334,-63.936393147064706
1321,BPCOM-2026-06653,2026-06-04,250000,Renovation,Renovation,Issued,LOWER SACKVILLE,District 15,0,1,Commercial,44.7834204047283,-63.692356679266375
1322,BPCOM-2026-07077,2026-06-08,256000,Renovation,Renovation,Issued,BEDFORD,District 16,0,1,Commercial,44.715028738779154,-63.67539480648722
1323,BPCOM-2026-07695,,12000,New Building,New Building,Application Incomplete,MUSQUODOBOIT HARBOUR,District 02,0,1,Commercial,44.785335933561306,-63.1498790175879
1324,BPCOM-2026-08225,,50000,Renovation,Renovation,Application Incomplete,HALIFAX,District 08,0,12,Mixed Use - Residential & Other Use(s),44.65613129771794,-63.59982635322202
1325,BPRES-2021-10327,2022-07-19,350000,Addition,Addition,Issued,HALIFAX,District 08,0,3,Dwelling - Multiple Units,44.66638959535726,-63.60012433323014
1326,BPRES-2021-10448,,72000,Renovation,Renovation,Withdrawn,HAMMONDS PLAINS,District 14,1,3,Dwelling - Multiple Units,44.72686695197085,-63.749016604869055
1327,BPRES-2021-10547,2021-06-25,30000,New Building,New Building,Completed,,District 01,0,1,Accessory Structure,44.91542303359834,-63.557347158737144
1328,BPRES-2021-10663,2021-06-29,618000,New Building,New Building,Completed,GRAND LAKE,District 01,1,1,Dwelling - Single Detached,44.87584987558856,-63.583146195617125
1329,BPRES-2021-10792,2021-07-05,555000,New Building,New Building,Expired,TIMBERLEA,District 12,2,1,Dwelling - Single Detached,44.67937464685217,-63.77695490319073
1330,BPRES-2021-10988,2021-07-23,600000,New Building,New Building,Completed,MIDDLE SACKVILLE,District 14,1,1,Dwelling - Single Detached,44.790234714253366,-63.766651061287476
1331,BPRES-2021-11156,2021-07-14,275000,New Building,New Building,Completed,ENFIELD,District 01,1,2,Dwelling - Single Detached,44.94020975510373,-63.51935147205063
1332,BPRES-2021-11341,2021-07-15,412500,New Building,New Building,Completed,HAMMONDS PLAINS,District 14,1,1,Dwelling - Single Detached,44.72725141090987,-63.83825399023654
1333,BPRES-2021-11504,2021-08-04,761000,New Building,New Building,Completed,HEAD OF ST MARGARETS BAY,District 13,1,1,Dwelling - Single Detached,44.668542942776874,-63.91752997889639
1334,BPRES-2021-11669,,15000,New Building,New Building,Withdrawn,,District 02,1,1,Dwelling - Seasonal,44.92395367260834,-62.745509071416876
1335,BPRES-2021-11806,2021-10-04,303000,New Building,New Building,Completed,PORTUGUESE COVE,District 11,1,1,Dwelling - Single Detached,44.523214812078635,-63.541426848857746
1336,BPRES-2021-11913,2021-10-06,,Renovation,Renovation,Completed,DARTMOUTH,District 05,0,1,Dwelling - Single Detached,44.67900884370272,-63.586086252922044
1337,BPRES-2021-12068,2021-07-28,400000,New Building,New Building,Completed,TANTALLON,District 13,1,1,Dwelling - Single Detached,44.655842768113594,-63.921178209288726
1338,BPRES-2021-12158,,24500,Renovation,Renovation,Withdrawn,HALIFAX,District 09,1,1,Dwelling - Backyard Suite,44.64748531011222,-63.599405451062715
1339,BPRES-2021-12293,,15000,New Building,New Building,Withdrawn,LAKE CHARLOTTE,District 02,1,1,Dwelling - Seasonal,44.775419957211334,-62.96738138479852
1340,BPRES-2021-12432,2021-10-04,605000,New Building,New Building,Issued,INDIAN HARBOUR,District 13,1,1,Dwelling - Single Detached,44.51714624319314,-63.937447195065374
1341,BPRES-2021-12640,2022-07-15,125000,Addition,Addition,Completed,HALIFAX,District 10,0,1,Dwelling - Single Detached,44.65580721616653,-63.63717727391748
1342,BPRES-2021-12796,2022-02-10,1100000,New Building,New Building,Completed,BEDFORD,District 16,4,3,Dwelling - Semi-Detached,44.737297836051624,-63.64968318919997
1343,BPRES-2021-13017,2021-08-17,250000,New Building,New Building,Completed,HERRING COVE,District 11,1,2,Dwelling - Single Detached,44.57622380095626,-63.57125907931828
1344,BPRES-2021-13131,2021-08-27,500000,New Building,New Building,Completed,MIDDLE PORTERS LAKE,District 02,1,3,Dwelling - Single Detached,44.69507325530337,-63.2955353700613
1345,BPRES-2021-13260,2021-08-17,50000,New Building,New Building,Expired,,District 01,0,1,Accessory Structure,,
1346,BPRES-2021-13347,2021-10-06,25000,New Building,New Building,Expired,LUCASVILLE,District 14,0,1,Accessory Structure,44.76193016106432,-63.716775029610226
1347,BPRES-2021-13495,2022-01-06,138900,Addition,Addition,Expired,HALIFAX,District 07,0,1,Dwelling - Single Detached,44.63418877510904,-63.58522105406992
1348,BPRES-2021-13618,2021-09-07,180000,New Building,New Building,Completed,HALIFAX,District 11,2,3,Dwelling - Semi-Detached,44.60226507686255,-63.61337539052401
1349,BPRES-2021-13784,2021-10-18,350000,New Building,New Building,Completed,HERRING COVE,District 11,1,3,Dwelling - Single Detached,44.5805084470271,-63.574630458017175
1350,BPRES-2021-13878,,24000,New Building,New Building,Applicant Revisions,HALIFAX,District 07,0,1,Accessory Structure,44.63163086034317,-63.59287496219274
1351,BPRES-2021-14098,2021-09-17,25000,New Building,New Building,Completed,COW BAY,District 03,0,1,Accessory Structure,44.628660756680105,-63.4276514225718
1352,BPRES-2021-14238,2021-09-20,18000,Addition,Addition,Completed,COLE HARBOUR,District 04,0,2,Dwelling - Single Detached,44.683207938275984,-63.484442137078425
1353,BPRES-2021-14339,2021-09-22,229100,Addition,Addition,Completed,SEABRIGHT,District 13,0,1,Dwelling - Single Detached,44.62159352203895,-63.93261026332256
1354,BPRES-2021-14465,,4500,Addition,Addition,Application Incomplete,HALIFAX,District 09,0,2,Dwelling - Single Detached,44.64724342103788,-63.610571301978695
1355,BPRES-2021-14573,2021-10-18,300000,New Building,New Building,Completed,HALIFAX,District 08,1,3,Dwelling - Single Detached,44.65378509934568,-63.5873588959516
1356,BPRES-2021-14725,2021-10-13,1801072,New Building,New Building,Completed,BLACK POINT,District 13,1,3,Dwelling - Single Detached,44.64445608870034,-63.981805723903584
1357,BPRES-2021-14923,2021-09-27,60000,Renovation,Renovation,Expired (Closed),DARTMOUTH,District 06,0,2,Dwelling - Single Detached,44.700613575220814,-63.546393436819606
1358,BPRES-2021-15087,2021-10-13,173000,New Building,New Building,Completed,BEDFORD,District 16,1,1,Dwelling - Backyard Suite,44.73003901240248,-63.654517569978125
1359,BPRES-2021-15224,2021-10-29,155000,Addition,Addition,Expired (Closed),FALL RIVER,District 01,0,2,Dwelling - Single Detached,44.82045036155683,-63.63581307598714
1360,BPRES-2021-15378,2021-10-06,278500,New Building,New Building,Completed,COLE HARBOUR,District 04,1,2,Dwelling - Single Detached,44.65648507664279,-63.44915766899987
1361,BPRES-2021-15571,2021-10-18,300000,New Building,New Building,Completed,PORTERS LAKE,District 02,3,1,Dwelling - Townhouse,44.748546681778244,-63.289323365320215
1362,BPRES-2021-15665,2021-11-19,23500,Addition,Addition,Expired,HALIFAX,District 10,0,1,Dwelling - Single Detached,44.67975150512827,-63.65825485729446
1363,BPRES-2021-15803,2021-09-28,600000,New Building,New Building,Completed,HALIFAX,District 11,1,3,Dwelling - Single Detached,44.622997555238626,-63.597168069092774
1364,BPRES-2021-15881,2021-11-22,25000,New Building,New Building,Expired,DARTMOUTH,District 06,0,1,Accessory Structure,44.67540123802863,-63.534758897591246
1365,BPRES-2021-16093,2021-10-15,38000,Addition,Addition,Expired,HAMMONDS PLAINS,District 14,0,3,Dwelling - Single Detached,44.757325067048,-63.77504223044128
1366,BPRES-2021-16276,2021-10-07,35000,Addition,Addition,Expired (Closed),FALL RIVER,District 01,0,1,Dwelling - Single Detached,44.79631903983861,-63.624367642755104
1367,BPRES-2021-16401,2021-10-14,25000,New Building,New Building,Completed,TANTALLON,District 13,0,1,Accessory Structure,44.654452092699806,-63.90540870792676
1368,BPRES-2021-16488,,35000,New Building,New Building,Withdrawn,HATCHET LAKE,District 13,0,1,Accessory Structure,44.584694445786354,-63.70171724793917
1369,BPRES-2021-16612,2021-11-04,460000,New Building,New Building,Completed,EAST PETPESWICK,District 02,1,3,Dwelling - Single Detached,44.69640455040388,-63.152409487591065
1370,BPRES-2021-16732,2022-05-06,25000,New Building,New Building,Expired,WESTPHAL,District 04,0,1,Accessory Structure,44.689717279743505,-63.45543290284868
1371,BPRES-2021-16890,2021-10-18,600000,New Building,New Building,Completed,MIDDLE SACKVILLE,District 14,1,2,Dwelling - Single Detached,44.786293888852924,-63.7404287969529
1372,BPRES-2021-17010,2021-11-01,300000,New Building,New Building,Completed,PORTERS LAKE,District 02,1,2,Dwelling - Single Detached,44.75561461673286,-63.28657585140463
1373,BPRES-2021-17074,2021-12-20,200000,New Building,New Building,Completed,MUSQUODOBOIT HARBOUR,District 02,1,1,Dwelling - Single Detached,44.81582709942426,-63.18721288148789
1374,BPRES-2021-17173,2022-04-13,420000,New Building,New Building,Completed,HALIFAX,District 11,2,3,Dwelling - Semi-Detached,44.63032205133088,-63.6235469065801
1375,BPRES-2021-17231,2021-11-04,400000,New Building,New Building,Completed,BEDFORD,District 16,1,3,Dwelling - Single Detached,44.70461104104533,-63.715917515223225
1376,BPRES-2021-17276,2021-11-03,425000,New Building,New Building,Completed,BEDFORD,District 16,1,2,Dwelling - Single Detached,44.703592092380795,-63.71783131973051
1377,BPRES-2021-17366,2021-11-03,15000,Renovation,Renovation,Expired (Closed),HALIFAX,District 08,0,2,Dwelling - Multiple Units,44.65267132068841,-63.59745442187627
1378,BPRES-2021-17531,2021-12-01,1200,New Building,New Building,Expired,FLETCHERS LAKE,District 01,0,1,Accessory Structure,44.842545453512805,-63.603546701484404
1379,BPRES-2021-17669,2021-11-22,185000,New Building,New Building,Completed,HALIFAX,District 11,4,3,Dwelling - Semi-Detached,44.60191816561593,-63.61368928198048
1380,BPRES-2021-17776,2021-12-01,375000,New Building,New Building,Completed,TIMBERLEA,District 12,1,3,Dwelling - Single Detached,44.63932524203517,-63.724196655648605
1381,BPRES-2021-17879,2022-05-05,650000,New Building,New Building,Completed,HALIFAX,District 11,3,3,Dwelling - Multiple Units,44.61640400591903,-63.61909223437774
1382,BPRES-2021-17973,2021-12-01,200000,New Building,New Building,Completed,PORTERS LAKE,District 02,1,1,Dwelling - Single Detached,44.756002108399834,-63.286776987823266
1383,BPRES-2021-18083,,165000,New Building,New Building,Withdrawn,FALL RIVER,District 01,1,2,Dwelling - Backyard Suite,44.80251679305043,-63.61852861625143
1384,BPRES-2021-18202,2021-12-01,20000,New Building,New Building,Expired (Closed),OLDHAM,District 01,0,1,Accessory Structure,44.91989855957352,-63.49520300511637
1385,BPRES-2021-18391,2021-11-30,20000,New Building,New Building,Completed,COLE HARBOUR,District 04,0,1,Accessory Structure,44.677383947808046,-63.48301510657298
1386,BPRES-2021-18549,2021-11-30,28025,New Building,New Building,Completed,HAMMONDS PLAINS,District 14,0,1,Accessory Structure,44.74182753387024,-63.80172910179064
1387,BPRES-2021-18717,2022-01-14,51000,Renovation,Renovation,Completed,HALIFAX,District 09,1,3,Dwelling - Multiple Units,44.64266330766122,-63.597523000120866
1388,BPRES-2021-18862,2021-12-30,101000,Addition,Addition,Completed,HALIFAX,District 09,0,2,Dwelling - Single Detached,44.64493569142188,-63.594054421270826
1389,BPRES-2021-18971,2022-02-23,2470000,New Building,New Building,Completed,UPPER HAMMONDS PLAINS,District 14,16,2,Dwelling - Townhouse,44.75951523100501,-63.8546001945354
1390,BPRES-2021-19069,2021-12-22,760000,New Building,New Building,Completed,LOWER SACKVILLE,District 15,2,2,Dwelling - Multiple Units,44.76734691204967,-63.642705723209176
1391,BPRES-2021-19169,2021-12-13,250000,New Building,New Building,Completed,LUCASVILLE,District 14,1,2,Dwelling - Single Detached,44.74209940658469,-63.75228369147747
1392,BPRES-2021-19273,2021-12-15,650000,New Building,New Building,Completed,HAMMONDS PLAINS,District 14,1,2,Dwelling - Single Detached,44.769771338940544,-63.75871318005167
1393,BPRES-2021-19376,2022-01-14,350000,New Building,New Building,Cancelled,MIDDLE SACKVILLE,District 14,2,1,Dwelling - Single Detached,44.78814418516095,-63.73281637155865
1394,BPRES-2021-19588,2021-12-21,54000,Renovation,Renovation,Completed,DARTMOUTH,District 06,0,1,Dwelling - Single Detached,44.675708145622316,-63.515566602490495
1395,BPRES-2021-19909,2022-07-20,20000,New Building,New Building,Completed,MIDDLE MUSQUODOBOIT,District 01,0,1,Accessory Structure,45.04588769711757,-63.148256409498835
1396,BPRES-2021-20015,,30000,Renovation,Renovation,Applicant Revisions,HALIFAX,District 08,0,2,Dwelling - Semi-Detached,44.6502930703544,-63.58563956728019
1397,BPRES-2021-20123,2022-02-04,3100,Renovation,Renovation,Amendment Application Incomplete,HALIFAX,District 09,0,2,Dwelling - Single Detached,44.636902232038906,-63.63231225826605
1398,BPRES-2021-20262,2022-03-15,10000,Addition,Addition,Completed,COW BAY,District 03,0,2,Dwelling - Single Detached,44.61574074080733,-63.43292872918812
1399,BPRES-2021-20386,2022-04-26,295000,Addition,Addition,Completed,HALIFAX,District 08,1,3,Dwelling - Multiple Units,44.66939201931474,-63.606476286690096
1400,BPRES-2022-00141,2022-05-06,100000,Addition,Addition,Completed,MIDDLE SACKVILLE,District 14,0,1,Dwelling - Single Detached,44.80691012905556,-63.714814207170726
1401,BPRES-2022-00256,2022-05-17,68500,New Building,New Building,Completed,LUCASVILLE,District 14,0,1,Accessory Structure,44.76020442652336,-63.716542203170626
1402,BPRES-2022-00353,2022-02-02,256000,New Building,New Building,Completed,BEDFORD,District 16,1,2,Dwelling - Single Detached,44.7007192465942,-63.711884182947436
1403,BPRES-2022-00450,2022-01-27,10000,New Building,New Building,Completed,DARTMOUTH,District 06,0,1,Accessory Structure,44.690789464566414,-63.53726652888068
1404,BPRES-2022-00578,2022-02-07,13000,New Building,New Building,Completed,WHITES LAKE,District 13,0,1,Accessory Structure,44.51648064678045,-63.76681092440053
1405,BPRES-2022-00683,2022-06-17,50000,New Building,New Building,Completed,HAMMONDS PLAINS,District 14,0,1,Accessory Structure,44.725806514003445,-63.80784388011065
1406,BPRES-2022-00823,2022-02-10,475000,New Building,New Building,Completed,UPPER TANTALLON,District 13,1,2,Dwelling - Single Detached,44.72943673171551,-63.88253475188772
1407,BPRES-2022-00965,2022-02-14,13000,New Building,New Building,Expired (Closed),EASTERN PASSAGE,District 03,0,1,Accessory Structure,44.614691725517474,-63.477829021437124
1408,BPRES-2022-01092,2022-03-29,25000,New Building,New Building,Completed,FLETCHERS LAKE,District 01,0,1,Accessory Structure,44.849076046709165,-63.60742584566001
1409,BPRES-2022-01213,2022-05-13,170000,New Building,New Building,Completed,EASTERN PASSAGE,District 03,1,1,Dwelling - Backyard Suite,44.61079144510873,-63.48185680221462
1410,BPRES-2022-01265,2022-04-19,350000,New Building,New Building,Completed,MIDDLE SACKVILLE,District 14,1,1,Dwelling - Single Detached,44.81451285389846,-63.75093479897791
1411,BPRES-2022-01344,2022-04-01,300000,New Building,New Building,Completed,HALIFAX,District 09,1,3,Dwelling - Single Detached,44.6511350245312,-63.6081024466563
1412,BPRES-2022-01484,2022-03-30,100000,Addition,Addition,Expired,HALIFAX,District 09,0,2,Dwelling - Single Detached,44.6464620376432,-63.60581916847422
1413,BPRES-2022-01553,2022-03-02,800000,New Building,New Building,Completed,BEDFORD,District 16,1,3,Dwelling - Single Detached,44.70335434580541,-63.71852213623716
1414,BPRES-2022-01668,2022-05-12,225000,New Building,New Building,Completed,MIDDLE MUSQUODOBOIT,District 01,1,1,Dwelling - Single Detached,45.05138657168808,-63.147332093076805
1415,BPRES-2022-01794,2023-06-09,10000,Renovation,Renovation,Expired,BEAVER BANK,District 15,1,1,Dwelling - Multiple Units,44.83898101893299,-63.68746889685073
1416,BPRES-2022-01921,2022-04-06,500000,New Building,New Building,Completed,MIDDLE MUSQUODOBOIT,District 01,3,1,Dwelling - Multiple Units,45.04715738248016,-63.141200807715286
1417,BPRES-2022-02077,2022-03-17,250000,New Building,New Building,Completed,BEECHVILLE,District 12,1,2,Dwelling - Single Detached,44.63691079474133,-63.67895176596616
1418,BPRES-2022-02135,2022-04-04,22000,New Building,New Building,Completed,LAKE EGMONT,District 01,0,1,Accessory Structure,45.00482298038673,-63.31003713107085
1419,BPRES-2022-02157,2022-03-17,275000,New Building,New Building,Completed,BEECHVILLE,District 12,1,2,Dwelling - Single Detached,44.63797385734481,-63.67981904323817
1420,BPRES-2022-02230,2022-03-17,180000,Renovation,Renovation,Expired,DARTMOUTH,District 05,-1,2,Dwelling - Single Detached,44.67271786826713,-63.56698899308408
1421,BPRES-2022-02380,2022-06-15,100000,Addition,Addition,Expired,HALIFAX,District 07,0,2,Dwelling - Single Detached,44.62984139419234,-63.57468224552183
1422,BPRES-2022-02449,2022-03-17,42000,New Building,New Building,Issued,MIDDLE SACKVILLE,District 14,0,1,Accessory Structure,44.818609811088315,-63.721573099085134
1423,BPRES-2022-02536,2022-04-04,500000,New Building,New Building,Completed,MINEVILLE,District 02,1,2,Dwelling - Single Detached,44.701517143823864,-63.37557679821417
1424,BPRES-2022-02727,2022-03-25,75000,New Building,New Building,Cancelled,UPPER TANTALLON,District 13,0,2,Accessory Structure,44.695077283730335,-63.86266391929519
1425,BPRES-2022-02826,2022-04-21,200000,New Building,New Building,Completed,BEECHVILLE,District 12,1,3,Dwelling - Single Detached,44.63880146790904,-63.680814906271024
1426,BPRES-2022-02850,2022-03-22,200000,New Building,New Building,Completed,BEECHVILLE,District 12,1,3,Dwelling - Single Detached,44.63724119902484,-63.679538390725746
1427,BPRES-2022-02861,2022-03-30,200000,New Building,New Building,Completed,BEECHVILLE,District 12,1,2,Dwelling - Single Detached,44.63783559775281,-63.68039200883257
1428,BPRES-2022-02872,2022-03-17,275000,New Building,New Building,Completed,BEECHVILLE,District 12,1,2,Dwelling - Single Detached,44.6396014011511,-63.67959450189777
1429,BPRES-2022-02933,2022-07-14,113500,New Building,New Building,Issued,BEAVER HARBOUR,District 02,1,2,Dwelling - Seasonal,44.88715154363671,-62.42138132015269
1430,BPRES-2022-03023,2022-04-21,25000,New Building,New Building,Issued,WEST JEDDORE,District 02,0,1,Accessory Structure,44.70306501222121,-63.01965886371725
1431,BPRES-2022-03204,2022-05-18,100000,New Building,New Building,Completed,UPPER TANTALLON,District 13,0,2,Accessory Structure,44.723945522651476,-63.89124459662431
1432,BPRES-2022-03292,2022-04-05,1200000,New Building,New Building,Completed,BEDFORD,District 16,6,3,Dwelling - Townhouse,44.706864386716035,-63.7202777899659
1433,BPRES-2022-03343,2022-04-08,600000,New Building,New Building,Completed,TIMBERLEA,District 12,1,2,Dwelling - Single Detached,44.63845437898438,-63.72195066314834
1434,BPRES-2022-03464,2022-08-03,450000,New Building,New Building,Completed,HERRING COVE,District 11,1,1,Dwelling - Single Detached,44.573222985926485,-63.572332645620975
1435,BPRES-2022-03561,2022-04-01,600000,New Building,New Building,Completed,BEDFORD,District 16,1,2,Dwelling - Single Detached,44.70636935318808,-63.72456355604085
1436,BPRES-2022-03715,2022-05-09,24000,New Building,New Building,Expired,HEAD OF CHEZZETCOOK,District 02,0,1,Accessory Structure,44.74203002297874,-63.24350682753055
1437,BPRES-2022-03786,2022-04-01,400000,New Building,New Building,Completed,BEDFORD,District 16,1,2,Dwelling - Single Detached,44.70624740328491,-63.720903454242574
1438,BPRES-2022-03915,2022-05-03,85000,New Building,New Building,Completed,BEAVER BANK,District 15,1,1,Dwelling - Backyard Suite,44.812862851478144,-63.66498885075895
1439,BPRES-2022-03994,2022-04-25,15000,Renovation,Renovation,Completed,HALIFAX,District 07,0,2,Dwelling - Multiple Units,44.6341326680638,-63.594477390462366
1440,BPRES-2022-04071,2022-09-15,150000,Addition,Addition,Issued,DARTMOUTH,District 05,0,2,Dwelling - Single Detached,44.66852951958244,-63.55169405606754
1441,BPRES-2022-04143,2022-04-29,30000,New Building,New Building,Completed,HERRING COVE,District 11,0,1,Accessory Structure,44.57414337310485,-63.572182164262635
1442,BPRES-2022-04253,2022-04-28,428000,New Building,New Building,Completed,GOFFS,District 01,1,1,Dwelling - Single Detached,44.88818676123369,-63.48761301859367
1443,BPRES-2022-04384,2022-06-23,17000,New Building,New Building,Completed,EASTERN PASSAGE,District 03,0,1,Accessory Structure,44.60150276961621,-63.468116190324736
1444,BPRES-2022-04513,2022-07-14,132000,Addition,Addition,Completed,HUBLEY,District 13,0,1,Dwelling - Single Detached,44.66846572571874,-63.82026604528813
1445,BPRES-2022-04595,,25000,New Building,New Building,Withdrawn,DARTMOUTH,District 05,0,1,Accessory Structure,44.68199424530228,-63.56273552098716
1446,BPRES-2022-04745,2022-05-12,1041000,New Building,New Building,Completed,MIDDLE SACKVILLE,District 14,1,2,Dwelling - Single Detached,44.778060352818855,-63.74305747182947
1447,BPRES-2022-04842,2022-04-28,800000,New Building,New Building,Completed,TIMBERLEA,District 12,1,3,Dwelling - Single Detached,44.63907503297285,-63.722479092142585
1448,BPRES-2022-04959,2022-04-25,294000,New Building,New Building,Completed,BEAVER BANK,District 15,1,2,Dwelling - Single Detached,44.82649994507025,-63.67860053153497
1449,BPRES-2022-05094,2022-05-02,29000,Renovation,Renovation,Expired,HALIFAX,District 10,0,2,Dwelling - Single Detached,44.66649915650518,-63.64367614726002
1450,BPRES-2022-05201,2022-05-02,325000,New Building,New Building,Completed,MIDDLE SACKVILLE,District 14,2,3,Dwelling - Semi-Detached,44.79139712854224,-63.717385711432954
1451,BPRES-2022-05294,2022-05-20,84400,New Building,New Building,Completed,HUBLEY,District 13,1,1,Dwelling - Single Detached,44.67958083720781,-63.8277918854028
1452,BPRES-2022-05414,,10000,Renovation,Renovation,Applicant Revisions,DARTMOUTH,District 05,1,2,Dwelling - Single Detached,44.68262198326692,-63.57427788734512
1453,BPRES-2022-05506,2022-06-29,200000,New Building,New Building,Completed,LAKE EGMONT,District 01,1,2,Dwelling - Single Detached,44.969997947025725,-63.30605994991241
1454,BPRES-2022-05588,2022-08-02,450000,Addition,Addition,Completed,HALIFAX,District 11,0,2,Dwelling - Single Detached,44.63013998242196,-63.60457612832125
1455,BPRES-2022-05694,2022-10-04,250000,New Building,New Building,Amendment Applicant Revisions,HALIFAX,District 11,4,3,Dwelling - Semi-Detached,44.621006691711735,-63.61931759255508
1456,BPRES-2022-05767,2022-09-15,1000000,New Building,New Building,Completed,HALIFAX,District 10,10,2,Dwelling - Townhouse,44.67740170098628,-63.66271023475955
1457,BPRES-2022-05828,2022-07-25,325000,New Building,New Building,Completed,BEAVER BANK,District 15,1,1,Dwelling - Single Detached,44.83568829933019,-63.686631960077904
1458,BPRES-2022-05956,2022-06-22,130000,New Building,New Building,Completed,BEAVER BANK,District 15,1,1,Dwelling - Backyard Suite,44.81224060847701,-63.665009991247864
1459,BPRES-2022-06059,2022-05-18,28000,New Building,New Building,Completed,UPPER TANTALLON,District 13,0,1,Accessory Structure,44.733665529334075,-63.890485940021804
1460,BPRES-2022-06184,,260000,New Building,New Building,Withdrawn,MIDDLE MUSQUODOBOIT,District 01,1,1,Dwelling - Single Detached,45.046988571583135,-63.14924287008785
1461,BPRES-2022-06291,2022-11-02,28000,New Building,New Building,Expired,SHIP HARBOUR,District 02,0,1,Accessory Structure,44.80991262477951,-62.87079617365323
1462,BPRES-2022-06424,2022-06-02,557000,New Building,New Building,Expired,PORTERS LAKE,District 02,1,1,Dwelling - Single Detached,44.75553615157818,-63.28607411912376
1463,BPRES-2022-06491,2022-06-24,19000,Addition,Addition,Expired,MIDDLE SACKVILLE,District 14,0,1,Dwelling - Single Detached,44.80991466103758,-63.73490891558951
1464,BPRES-2022-06608,2022-08-11,52000,New Building,New Building,Expired,HATCHET LAKE,District 13,0,2,Accessory Structure,44.57011810212972,-63.7091974285622
1465,BPRES-2022-06702,2022-11-10,18000,New Building,New Building,Expired,FALL RIVER,District 01,0,1,Accessory Structure,44.83393416409258,-63.61601988674088
1466,BPRES-2022-06822,2022-07-14,40000,Renovation,Renovation,Issued,DARTMOUTH,District 05,0,3,Dwelling - Single Detached,44.668982900397374,-63.55568836921376
1467,BPRES-2022-06921,2022-06-29,575000,New Building,New Building,Completed,LUCASVILLE,District 14,1,1,Dwelling - Single Detached,44.765330793293565,-63.71758244241608
1468,BPRES-2022-07095,2023-02-10,,Renovation,Renovation,Expired,WESTPHAL,District 04,1,2,Dwelling - Multiple Units,44.69426948940389,-63.49040730282699
1469,BPRES-2022-07244,2022-06-22,250000,New Building,New Building,Issued,POPES HARBOUR,District 02,1,1,Dwelling - Single Detached,44.808317363596785,-62.64203136280068
1470,BPRES-2022-07375,2022-06-29,657000,New Building,New Building,Completed,STILLWATER LAKE,District 13,1,1,Dwelling - Single Detached,44.70075443939449,-63.827800984489215
1471,BPRES-2022-07569,2022-06-17,22000,Renovation,Renovation,Expired,MEAGHERS GRANT,District 01,0,2,Dwelling - Single Detached,44.92950671601889,-63.23933496647702
1472,BPRES-2022-07746,2022-06-27,25000,Addition,Addition,Expired,HALIFAX,District 11,0,3,Dwelling - Single Detached,44.62415530026221,-63.597752032092885
1473,BPRES-2022-07891,,82000,New Building,New Building,Withdrawn,,District 01,1,1,Dwelling - Single Detached,44.93497791968403,-63.49659001594762
1474,BPRES-2022-07981,2022-08-24,80000,New Building,New Building,Expired,CONROD SETTLEMENT,District 02,0,2,Accessory Structure,44.75300249606063,-63.24232317188856
1475,BPRES-2022-08067,2022-07-07,185000,Addition,Addition,Expired,HALIFAX,District 10,0,3,Dwelling - Single Detached,44.65649978286722,-63.632843415644956
1476,BPRES-2022-08122,2022-08-03,86262,Renovation,Renovation,Expired,HALIFAX,District 09,1,1,Dwelling - Multiple Units,44.65096427285813,-63.62472003969104
1477,BPRES-2022-08230,2022-08-10,25000,New Building,New Building,Expired,KETCH HARBOUR,District 11,0,2,Accessory Structure,44.48201106643132,-63.540739617868496
1478,BPRES-2022-08363,,120000,New Building,New Building,Cancelled,MIDDLE SACKVILLE,District 14,0,2,Accessory Structure,44.78340954240891,-63.75554512753403
1479,BPRES-2022-08483,2022-06-30,495000,New Building,New Building,Completed,COLE HARBOUR,District 04,1,1,Dwelling - Single Detached,44.67813775445583,-63.461611934411906
1480,BPRES-2022-08599,2022-08-10,420000,New Building,New Building,Completed,WESTPHAL,District 04,1,2,Dwelling - Single Detached,44.69916211940937,-63.48208860527512
1481,BPRES-2022-08694,2022-08-15,1000000,New Building,New Building,Completed,WHITES LAKE,District 13,2,1,Dwelling - Multiple Units,44.516733842665204,-63.74869723780552
1482,BPRES-2022-08819,,3000,Addition,Addition,Applicant Revisions,HATCHET LAKE,District 13,0,1,Accessory Structure,44.56905332084641,-63.72334922944756
1483,BPRES-2022-08879,,200000,Addition,Addition,Applicant Revisions,TIMBERLEA,District 12,0,1,Dwelling - Single Detached,44.64498246900877,-63.70791277998555
1484,BPRES-2022-09011,2022-09-16,250000,New Building,New Building,Completed,WEST PORTERS LAKE,District 02,1,1,Dwelling - Single Detached,44.691202430277166,-63.31100742776588
1485,BPRES-2022-09093,2022-10-13,5000,New Building,New Building,Issued,HALIFAX,District 08,0,1,Accessory Structure,44.66068811099261,-63.61800472118038
1486,BPRES-2022-09203,2022-07-19,130000,Renovation,Renovation,Completed,HALIFAX,District 09,0,2,Dwelling - Single Detached,44.65247630972367,-63.60624998888892
1487,BPRES-2022-09350,2022-09-15,60000,Addition,Addition,Completed,HALIFAX,District 12,0,1,Accessory Structure,44.677160697080765,-63.67012260153589
1488,BPRES-2022-09461,2024-05-08,21223725,New Building,New Building,Issued,BEAVER BANK,District 14,64,4,Dwelling - Multiple Units,44.80022498422243,-63.6895368474202
1489,BPRES-2022-09602,2022-08-02,38000,New Building,New Building,Expired,FALL RIVER,District 01,0,1,Accessory Structure,44.82565407651747,-63.64336767764235
1490,BPRES-2022-09776,2022-09-12,115000,Addition,Addition,Completed,FRENCH VILLAGE,District 13,0,2,Dwelling - Single Detached,44.627264854110315,-63.92089351975267
1491,BPRES-2022-09886,2022-09-22,405000,New Building,New Building,Expired,LEWIS LAKE,District 13,2,2,Dwelling - Multiple Units,44.680129452060434,-63.83532666595169
1492,BPRES-2022-09943,2022-08-18,322000,New Building,New Building,Completed,MOSER RIVER,District 02,1,1,Dwelling - Single Detached,44.985926383535734,-62.264562501087184
1493,BPRES-2022-10072,2022-08-25,110000,New Building,New Building,Completed,EAST PETPESWICK,District 02,1,2,Dwelling - Backyard Suite,44.69579264833803,-63.15484637380079
1494,BPRES-2022-10158,2022-08-03,450000,New Building,New Building,Completed,TANTALLON,District 13,1,1,Dwelling - Single Detached,44.65087775978069,-63.90060036112593
1495,BPRES-2022-10217,2022-09-21,200000,New Building,New Building,Completed,LAKESIDE,District 12,1,1,Dwelling - Single Detached,44.637353791590684,-63.70043379102132
1496,BPRES-2022-10382,2022-09-01,569000,New Building,New Building,Completed,HEAD OF ST MARGARETS BAY,District 13,2,2,Dwelling - Single Detached,44.68738004058263,-63.90305715096543
1497,BPRES-2022-10504,2023-05-01,73000,New Building,New Building,Completed,HALIFAX,District 09,1,1,Dwelling - Backyard Suite,44.65481296262542,-63.605581411474546
1498,BPRES-2022-10625,,5000,New Building,New Building,Cancelled,PLEASANT POINT,District 02,0,1,Accessory Structure,44.69038005102656,-63.05023764801129
1499,BPRES-2022-10724,2022-10-04,900000,New Building,New Building,Completed,,District 12,4,3,Dwelling - Townhouse,,
1500,BPRES-2022-10850,2023-02-27,185000,Addition,Addition,Issued,HALIFAX,District 09,0,2,Dwelling - Single Detached,44.65286402630578,-63.60324459590274
1501,BPRES-2022-10977,2022-08-19,25000,New Building,New Building,Completed,GRAND LAKE,District 01,0,1,Accessory Structure,44.88038082439506,-63.585846772193946
1502,BPRES-2022-11128,2023-09-20,39000,New Building,New Building,Issued,BEDFORD,District 16,0,1,Accessory Structure,44.73122538765956,-63.65398919175179
1503,BPRES-2022-11279,2022-09-21,44000,New Building,New Building,Expired,MIDDLE SACKVILLE,District 14,0,1,Accessory Structure,44.785020369333274,-63.74788145765492
1504,BPRES-2022-11342,2022-09-15,445000,New Building,New Building,Completed,HEAD OF JEDDORE,District 02,1,1,Dwelling - Single Detached,44.777120008381786,-63.080291122062576
1505,BPRES-2022-11462,2022-09-16,750000,New Building,New Building,Completed,WEST PORTERS LAKE,District 02,1,2,Dwelling - Single Detached,44.67073993639388,-63.29541090571759
1506,BPRES-2022-11630,2022-10-25,50000,New Building,New Building,Expired,UPPER TANTALLON,District 13,0,1,Accessory Structure,44.727466397082544,-63.885710655929074
1507,BPRES-2022-11809,2022-09-13,600000,New Building,New Building,Completed,WHITES LAKE,District 13,1,3,Dwelling - Single Detached,44.52172608667324,-63.75587066762332
1508,BPRES-2022-11944,2022-10-17,50000,Addition,Addition,Completed,BROOKSIDE,District 13,0,1,Dwelling - Single Detached,44.544073537311945,-63.71427577676377
1509,BPRES-2022-12015,2022-09-15,142833,Addition,Addition,Completed,DARTMOUTH,District 03,0,1,Dwelling - Single Detached,44.66972068525594,-63.51192987696906
1510,BPRES-2022-12095,2022-09-22,328000,New Building,New Building,Completed,MINEVILLE,District 02,1,1,Dwelling - Single Detached,44.69245348391082,-63.37000714815226
1511,BPRES-2022-12376,2022-09-22,76500,New Building,New Building,Completed,TANGIER,District 02,1,1,Dwelling - Single Detached,44.807029750466405,-62.67752414809524
1512,BPRES-2022-12534,2023-01-31,20000,Renovation,Renovation,Completed,DARTMOUTH,District 05,0,2,Dwelling - Multiple Units,44.67404387853289,-63.568244194748736
1513,BPRES-2022-12607,2023-01-05,1600000,New Building,New Building,Issued,DARTMOUTH,District 05,16,2,Dwelling - Townhouse,44.68454788194175,-63.59477269772543
1514,BPRES-2022-12716,2022-09-28,45500,New Building,New Building,Completed,PORTERS LAKE,District 02,0,1,Accessory Structure,44.748352023981525,-63.29007542519273
1515,BPRES-2022-13052,2022-10-14,503000,New Building,New Building,Completed,FALL RIVER,District 01,2,1,Dwelling - Multiple Units,44.80946789407153,-63.61904986936772
1516,BPRES-2022-13140,2022-10-19,17500,Renovation,Renovation,Cancelled,DARTMOUTH,District 06,0,1,Dwelling - Semi-Detached,44.689252440087,-63.52898405832419
1517,BPRES-2022-13216,2022-10-24,600000,New Building,New Building,Completed,OAKFIELD,District 01,1,2,Dwelling - Single Detached,44.9069441242678,-63.56613001935704
1518,BPRES-2022-13311,2022-11-01,420000,New Building,New Building,Completed,TIMBERLEA,District 12,1,2,Dwelling - Single Detached,44.65961121740858,-63.75201568173399
1519,BPRES-2022-13419,2022-12-12,348000,New Building,New Building,Completed,ENFIELD,District 01,1,1,Dwelling - Single Detached,44.93619819062344,-63.51982512758703
1520,BPRES-2022-13496,2022-10-19,32000,New Building,New Building,Completed,HALIFAX,District 09,0,1,Accessory Structure,44.64655215528573,-63.630602751940884
1521,BPRES-2022-13575,2022-11-14,15000,New Building,New Building,Amendment Review,WYSES CORNER,District 01,0,1,Accessory Structure,44.95929818816902,-63.29690050993365
1522,BPRES-2022-13674,2022-10-26,400000,New Building,New Building,Completed,MIDDLE SACKVILLE,District 14,1,2,Dwelling - Single Detached,44.81015817407884,-63.71617599300497
1523,BPRES-2022-13772,2022-11-22,50000,New Building,New Building,Expired,OSTREA LAKE,District 02,0,2,Accessory Structure,44.775985137062705,-63.103543550687164
1524,BPRES-2022-13924,2022-12-21,255000,Renovation,Renovation,Completed,HALIFAX,District 11,0,2,Dwelling - Single Detached,44.627796595516266,-63.59602843222878
1525,BPRES-2022-14092,2023-02-03,400000,New Building,New Building,Completed,WESTPHAL,District 04,2,3,Dwelling - Single Detached,44.690935039812565,-63.494827515889185
1526,BPRES-2022-14197,,4000,Renovation,Renovation,Withdrawn,BEDFORD,District 16,1,2,Dwelling - Single Detached,44.73050317092686,-63.64556786511442
1527,BPRES-2022-14297,2022-12-16,16000,Renovation,Renovation,Completed,WINDSOR JUNCTION,District 01,1,2,Dwelling - Multiple Units,44.780745028762176,-63.63083849769788
1528,BPRES-2022-14425,,2000,Renovation,Renovation,Withdrawn,BEDFORD,District 16,0,2,Dwelling - Single Detached,44.70977679699352,-63.67868503663298
1529,BPRES-2022-14668,2024-08-08,600000,New Building,New Building,Amendment Requested,DARTMOUTH,District 03,4,3,Dwelling - Multiple Units,44.66832195721022,-63.50993453599473
1530,BPRES-2022-14761,2022-11-25,180671.7,New Building,New Building,Expired,WAVERLEY,District 01,0,2,Accessory Structure,44.77008088750169,-63.57972223643655
1531,BPRES-2022-14849,2023-03-03,12010,Renovation,Renovation,Completed,BEDFORD,District 16,1,2,Dwelling - Single Detached,44.72860287079434,-63.675647715600576
1532,BPRES-2022-14919,2023-02-10,65000,Renovation,Renovation,Completed,HALIFAX,District 09,1,2,Dwelling - Multiple Units,44.65050952985858,-63.62775719335193
1533,BPRES-2022-15059,2022-12-21,100000,Addition,Addition,Amendment Application Incomplete,ENFIELD,District 01,0,2,Dwelling - Single Detached,44.94154943178464,-63.55431406524181
1534,BPRES-2022-15156,2022-12-09,20000,Renovation,Renovation,Expired,HALIFAX,District 07,0,2,Dwelling - Single Detached,44.62167926226764,-63.57411481072612
1535,BPRES-2022-15289,,45000,New Building,New Building,Applicant Revisions,WEST PORTERS LAKE,District 02,0,1,Accessory Structure,44.69475862727122,-63.30353565760256
1536,BPRES-2022-15520,2022-12-16,63300,Renovation,Renovation,Expired,BEDFORD,District 16,0,1,Dwelling - Single Detached,44.73246887487506,-63.64800091385873
1537,BPRES-2022-15691,,180000,Addition,Addition,Applicant Revisions,HALIFAX,District 09,0,3,Dwelling - Multiple Units,44.65383368867142,-63.603639428943126
1538,BPRES-2022-15847,2023-02-01,200000,New Building,New Building,Completed,BOUTILIERS POINT,District 13,1,2,Dwelling - Single Detached,44.66392769476778,-63.959138619534095
1539,BPRES-2023-00008,2023-03-08,53500,Renovation,Renovation,Completed,LAKE ECHO,District 02,1,1,Dwelling - Single Detached,44.74007030950631,-63.39379465123687
1540,BPRES-2023-00156,2023-07-14,30000,Addition,Addition,Completed,DARTMOUTH,District 05,0,1,Dwelling - Townhouse,44.68845363298289,-63.58072380267402
1541,BPRES-2023-00423,2024-04-19,10000,Renovation,Renovation,Completed,HALIFAX,District 11,1,2,Dwelling - Multiple Units,44.61066535038053,-63.62094208954005
1542,BPRES-2023-00540,2023-09-29,500000,New Building,New Building,Issued,HALIFAX,District 10,2,2,Dwelling - Multiple Units,44.67894329147172,-63.65973006111054
1543,BPRES-2023-00679,2023-10-24,35000,New Building,New Building,Completed,COLE HARBOUR,District 04,0,1,Accessory Structure,44.648719269367064,-63.48159606889493
1544,BPRES-2023-00822,2023-02-07,75000,Renovation,Renovation,Completed,HALIFAX,District 09,0,2,Dwelling - Single Detached,44.6448793332005,-63.59035910621985
1545,BPRES-2023-00897,,10000,Renovation,Renovation,Withdrawn,HALIFAX,District 09,1,2,Dwelling - Multiple Units,44.644838355598665,-63.59437739771343
1546,BPRES-2023-00993,2023-08-08,500000,New Building,New Building,Completed,QUEENSLAND,District 13,1,2,Dwelling - Single Detached,44.634298271456245,-64.03659398945983
1547,BPRES-2023-01130,2023-03-15,20000,New Building,New Building,Completed,HEAD OF JEDDORE,District 02,0,1,Accessory Structure,44.778577342627756,-63.083603074625245
1548,BPRES-2023-01249,2023-03-28,195000,Renovation,Renovation,Completed,EASTERN PASSAGE,District 03,1,1,Dwelling - Single Detached,44.61168778291274,-63.49300490171621
1549,BPRES-2023-01395,2023-02-17,42210,Renovation,Renovation,Expired,LOWER SACKVILLE,District 15,0,2,Dwelling - Single Detached,44.77996772576903,-63.665637132349985
1550,BPRES-2023-01522,2023-03-24,3000,New Building,New Building,Completed,DARTMOUTH,District 06,0,1,Accessory Structure,44.720981175841295,-63.54524523418905
1551,BPRES-2023-01788,2023-04-05,950618,New Building,New Building,Completed,BEDFORD,District 16,5,3,Dwelling - Townhouse,44.70731926311474,-63.71594839487378
1552,BPRES-2023-01939,2023-06-14,300000,New Building,New Building,Completed,WYSES CORNER,District 01,2,1,Dwelling - Multiple Units,44.961983241148296,-63.295572908470255
1553,BPRES-2023-02165,2023-04-04,360000,New Building,New Building,Completed,LAKE ECHO,District 02,1,2,Dwelling - Single Detached,44.72283175942343,-63.398951280041466
1554,BPRES-2023-02339,,28500,Addition,Addition,Withdrawn,DARTMOUTH,District 05,0,1,Dwelling - Semi-Detached,44.69158042098483,-63.569257538591046
1555,BPRES-2023-02385,2023-09-29,21000000,New Building,New Building,Issued,UPPER HAMMONDS PLAINS,District 14,102,3,Dwelling - Multiple Units,44.76130673147603,-63.85565515883645
1556,BPRES-2023-02489,,92800000,New Building,New Building,Cancelled,BEDFORD,District 16,464,12,Dwelling - Multiple Units,44.70838421680836,-63.71201439881824
1557,BPRES-2023-02606,2024-02-21,120000,Addition,Addition,Amendment Applicant Revisions,HALIFAX,District 11,0,3,Dwelling - Single Detached,44.630593973064066,-63.623786760536746
1558,BPRES-2023-02738,2023-04-04,10000,New Building,New Building,Completed,THREE FATHOM HARBOUR,District 02,0,1,Accessory Structure,44.65831768561106,-63.29241477813069
1559,BPRES-2023-02835,2023-03-28,173000,Addition,Addition,Completed,COOKS BROOK,District 01,0,1,Dwelling - Single Detached,45.00000547065332,-63.26875675309245
1560,BPRES-2023-02964,2023-04-20,350000,New Building,New Building,Completed,HUBBARDS,District 13,1,2,Dwelling - Single Detached,44.64186473129877,-64.05116635069571
1561,BPRES-2023-03126,2023-03-23,425000,New Building,New Building,Completed,PORTUGUESE COVE,District 11,1,1,Dwelling - Single Detached,44.51531306748601,-63.545361386635214
1562,BPRES-2023-03326,2023-05-08,340000,New Building,New Building,Completed,BOUTILIERS POINT,District 13,1,2,Dwelling - Single Detached,44.66650685115961,-63.940279043668866
1563,BPRES-2023-03447,2025-11-05,17000,Renovation,Renovation,Issued,DARTMOUTH,District 06,1,2,Dwelling - Multiple Units,44.68546145335299,-63.50437038319635
1564,BPRES-2023-03555,2023-05-01,450000,New Building,New Building,Completed,PORTUGUESE COVE,District 11,2,2,Dwelling - Multiple Units,44.51564892974753,-63.54656896142739
1565,BPRES-2023-03647,2023-04-25,350000,New Building,New Building,Issued,HEAD OF CHEZZETCOOK,District 02,2,2,Dwelling - Multiple Units,44.742166774072786,-63.24596944995616
1566,BPRES-2023-03744,2025-08-19,95000,Addition,Addition,Issued,BLACK POINT,District 13,0,3,Dwelling - Single Detached,44.6544889644676,-63.98443846251908
1567,BPRES-2023-03910,2023-04-26,10000,Renovation,Renovation,Expired,BEDFORD,District 14,1,2,Dwelling - Multiple Units,44.72677303230087,-63.693484042092294
1568,BPRES-2023-04054,2023-05-02,30000,Renovation,Renovation,Expired,BROOKSIDE,District 13,0,2,Dwelling - Single Detached,44.56237061895379,-63.71742584508918
1569,BPRES-2023-04208,2023-05-25,800000,New Building,New Building,Completed,OAKFIELD,District 01,1,2,Dwelling - Single Detached,44.906038276833875,-63.587345948339895
1570,BPRES-2023-04331,2023-08-09,142000,Renovation,Renovation,Expired,HERRING COVE,District 11,1,2,Dwelling - Multiple Units,44.57680175728823,-63.575480751805394
1571,BPRES-2023-04425,2023-04-25,400000,New Building,New Building,Completed,HALIFAX,District 11,2,3,Dwelling - Semi-Detached,44.60081894272465,-63.604055700531255
1572,BPRES-2023-04496,2023-04-26,400000,New Building,New Building,Completed,HALIFAX,District 11,2,3,Dwelling - Semi-Detached,44.60123153633962,-63.60478749001427
1573,BPRES-2023-04682,2023-05-25,30000,Renovation,Renovation,Completed,HALIFAX,District 11,0,3,Dwelling - Townhouse,44.630243509337475,-63.621277670195205
1574,BPRES-2023-04827,2023-05-16,12000,Addition,Addition,Completed,HAMMONDS PLAINS,District 14,0,2,Dwelling - Single Detached,44.69696175638246,-63.76846972095455
1575,BPRES-2023-04969,2023-05-08,349496.29,Addition,Addition,Completed,EAST PRESTON,District 04,0,1,Dwelling - Single Detached,44.71482023053683,-63.44172678769774
1576,BPRES-2023-05103,,50000,Renovation,Renovation,Withdrawn,HALIFAX,District 09,1,3,Dwelling - Multiple Units,44.64119434150797,-63.63292271446891
1577,BPRES-2023-05204,2023-05-25,600000,New Building,New Building,Completed,MUSQUODOBOIT HARBOUR,District 02,1,2,Dwelling - Single Detached,44.790047046746295,-63.16887510314117
1578,BPRES-2023-05393,2023-05-19,450000,New Building,New Building,Completed,EASTERN PASSAGE,District 03,3,1,Dwelling - Townhouse,44.60913695855232,-63.48804077359015
1579,BPRES-2023-05539,2023-05-25,250000,New Building,New Building,Issued,PROSPECT,District 13,1,2,Dwelling - Single Detached,44.50554739384524,-63.79944197493143
1580,BPRES-2023-05672,2023-05-16,28000,New Building,New Building,Completed,PORTERS LAKE,District 02,0,1,Accessory Structure,44.751638430145476,-63.331701639739265
1581,BPRES-2023-05797,2023-10-26,45000,Addition,Addition,Expired,DARTMOUTH,District 05,0,2,Dwelling - Single Detached,44.67552928057356,-63.57483857372246
1582,BPRES-2023-05972,2023-06-12,700000,New Building,New Building,Completed,BEAVER BANK,District 15,2,1,Dwelling - Multiple Units,44.810005226596694,-63.681172072526444
1583,BPRES-2023-06106,2023-06-09,215500,Addition,Addition,Completed,TIMBERLEA,District 12,1,2,Dwelling - Multiple Units,44.65089298576084,-63.736223970066526
1584,BPRES-2023-06203,2023-06-05,86955.55,Addition,Addition,Completed,STILLWATER LAKE,District 13,0,1,Dwelling - Single Detached,44.69308539709776,-63.828646880124374
1585,BPRES-2023-06301,2023-09-06,20000,Renovation,Renovation,Completed,HALIFAX,District 10,1,3,Dwelling - Multiple Units,44.658296307042534,-63.630379253751265
1586,BPRES-2023-06415,2023-06-06,518000,New Building,New Building,Completed,BALD ROCK,District 11,1,1,Dwelling - Single Detached,44.467330746199366,-63.582327793287995
1587,BPRES-2023-06523,2023-06-14,20000,Renovation,Renovation,Completed,COLE HARBOUR,District 04,1,2,Dwelling - Multiple Units,44.67701454088778,-63.48398533951999
1588,BPRES-2023-06622,2023-06-02,360000,New Building,New Building,Completed,BEDFORD,District 16,1,3,Dwelling - Single Detached,44.7065651384809,-63.72345375921958
1589,BPRES-2023-06700,2023-06-08,634000,New Building,New Building,Completed,MUSQUODOBOIT HARBOUR,District 02,1,1,Dwelling - Single Detached,44.79027840627508,-63.172897689157644
1590,BPRES-2023-06852,2023-06-16,30000,New Building,New Building,Completed,HERRING COVE,District 11,0,1,Accessory Structure,44.574318130892955,-63.57222058997465
1591,BPRES-2023-06945,,,Renovation,Renovation,Withdrawn,WESTPHAL,District 04,1,2,Dwelling - Multiple Units,44.69257383566883,-63.484423498450425
1592,BPRES-2023-07082,,125000,Addition,Addition,Applicant Revisions,DARTMOUTH,District 05,0,3,Dwelling - Single Detached,44.66588881622848,-63.55929481907622
1593,BPRES-2023-07204,2025-06-25,14000,New Building,New Building,Completed,EASTERN PASSAGE,District 03,0,1,Accessory Structure,44.61423577265708,-63.486381734853985
1594,BPRES-2023-07293,2023-11-03,57177,Addition,Addition,Expired,BEDFORD,District 16,0,2,Dwelling - Single Detached,44.72511708556108,-63.71338847782116
1595,BPRES-2023-07538,2023-06-15,32000,New Building,New Building,Completed,STILLWATER LAKE,District 13,0,1,Accessory Structure,44.69213009945031,-63.81338720622486
1596,BPRES-2023-07635,2023-07-25,480000,New Building,New Building,Completed,,District 11,4,2,Dwelling - Multiple Units,44.60281395609837,-63.60509251970937
1597,BPRES-2023-07735,2023-07-11,450000,New Building,New Building,Completed,OAKFIELD,District 01,1,1,Dwelling - Single Detached,44.91767039401847,-63.559376404092035
1598,BPRES-2023-07839,2023-06-26,40000,New Building,New Building,Completed,UPPER TANTALLON,District 13,0,1,Accessory Structure,44.71542709129033,-63.87694086022281
1599,BPRES-2023-07985,2023-10-17,3200,Renovation,Renovation,Expired,HALIFAX,District 08,1,3,Dwelling - Multiple Units,44.67223424150921,-63.60829863330255
1600,BPRES-2023-08160,2023-07-05,500000,New Building,New Building,Completed,GRAND LAKE,District 01,1,1,Dwelling - Single Detached,44.88776268446823,-63.591135212805646
1601,BPRES-2023-08307,,12000000,New Building,New Building,Withdrawn,,District 08,60,7,Dwelling - Multiple Units,,
1602,BPRES-2023-08426,2026-04-22,400000,New Building,New Building,Issued,HALIFAX,District 11,4,3,Dwelling - Semi-Detached,44.59912944733082,-63.60094789028848
1603,BPRES-2023-08575,2023-07-18,40000,New Building,New Building,Expired,TANGIER,District 02,0,1,Accessory Structure,44.80055216061307,-62.690694299496045
1604,BPRES-2023-08690,2023-07-26,300000,New Building,New Building,Issued,UPPER TANTALLON,District 13,1,1,Dwelling - Backyard Suite,44.69697191855563,-63.870912309458326
1605,BPRES-2023-08762,2023-09-12,218500,Renovation,Renovation,Expired,EAST PETPESWICK,District 02,0,2,Dwelling - Single Detached,44.7721705472234,-63.14896834387874
1606,BPRES-2023-08793,2023-08-18,200000,New Building,New Building,Completed,HALIFAX,District 11,3,2,Dwelling - Semi-Detached,44.600547106370996,-63.604415797308306
1607,BPRES-2023-08898,2023-07-13,25000,New Building,New Building,Completed,UPPER TANTALLON,District 13,0,1,Accessory Structure,44.722191325350686,-63.86715665548802
1608,BPRES-2023-08973,2024-05-16,750000,New Building,New Building,Expired,DARTMOUTH,District 05,4,3,Dwelling - Multiple Units,44.670804759840536,-63.56602029571754
1609,BPRES-2023-09124,2023-07-25,30000,New Building,New Building,Completed,DARTMOUTH,District 06,0,1,Accessory Structure,44.6989711265866,-63.55043905191254
1610,BPRES-2023-09355,2023-09-26,335000,New Building,New Building,Completed,WEST CHEZZETCOOK,District 02,1,1,Dwelling - Single Detached,44.70617900566957,-63.27440301107893
1611,BPRES-2023-09783,2023-08-03,400000,New Building,New Building,Completed,HALIFAX,District 11,4,2,Dwelling - Semi-Detached,44.60074180025142,-63.604771100710785
1612,BPRES-2023-09925,2023-10-04,50000,New Building,New Building,Completed,WEST DOVER,District 13,0,1,Accessory Structure,44.511220955289566,-63.87876026304341
1613,BPRES-2023-10052,2023-11-08,325000,New Building,New Building,Issued,HALIFAX,District 09,1,2,Dwelling - Backyard Suite,44.64433209040733,-63.60765097756943
1614,BPRES-2023-10141,2023-08-10,65000,New Building,New Building,Completed,MINEVILLE,District 02,0,1,Accessory Structure,44.68752510954177,-63.38195731978442
1615,BPRES-2023-10239,2023-10-26,250000,Addition,Addition,Issued,HALIFAX,District 07,1,4,Dwelling - Multiple Units,44.63608182748122,-63.5859412906041
1616,BPRES-2023-10377,2023-08-25,57190,Renovation,Renovation,Completed,HALIFAX,District 08,1,2,Dwelling - Multiple Units,44.65620900993022,-63.59090196375275
1617,BPRES-2023-10476,2023-08-18,20000,New Building,New Building,Expired,DUTCH SETTLEMENT,District 01,0,1,Accessory Structure,44.980911392217656,-63.46193432145928
1618,BPRES-2023-10644,2023-08-17,44000,New Building,New Building,Completed,LAKE LOON,District 04,0,1,Accessory Structure,44.70630560291022,-63.503695051846115
1619,BPRES-2023-10861,,246000,Addition,Addition,Applicant Revisions,DARTMOUTH,District 05,1,2,Dwelling - Single Detached,44.667513046758,-63.54613517065654
1620,BPRES-2023-11028,2025-09-05,1000000,New Building,New Building,Issued,HALIFAX,District 07,2,2,Dwelling - Multiple Units,44.63311180728047,-63.59662297830615
1621,BPRES-2023-11142,2023-09-14,57500,Addition,Addition,Completed,MIDDLE SACKVILLE,District 14,1,1,Dwelling - Multiple Units,44.77765761822145,-63.740897588203765
1622,BPRES-2023-11388,2023-08-31,200000,New Building,New Building,Completed,WESTPHAL,District 04,1,2,Dwelling - Single Detached,44.69564686254745,-63.49119977767378
1623,BPRES-2023-11503,2023-08-30,225000,New Building,New Building,Completed,DARTMOUTH,District 06,1,2,Dwelling - Single Detached,44.67404753174803,-63.523584705238285
1624,BPRES-2023-11572,,250000,Renovation,Renovation,Withdrawn,HALIFAX,District 08,0,3,Dwelling - Multiple Units,44.65257007328377,-63.58399282609199
1625,BPRES-2023-11662,2023-09-26,590000,New Building,New Building,Completed,FALL RIVER,District 01,2,2,Dwelling - Multiple Units,44.83022415354819,-63.63050864784016
1626,BPRES-2023-11799,2023-09-13,550000,New Building,New Building,Completed,BEDFORD,District 16,1,3,Dwelling - Single Detached,44.70769731169074,-63.7276770903098
1627,BPRES-2023-11935,2023-10-06,330000,New Building,New Building,Completed,UPPER LAKEVILLE,District 02,1,1,Dwelling - Single Detached,44.79354469535052,-62.96151918886177
1628,BPRES-2023-12099,2023-09-28,148160,New Building,New Building,Completed,HALIFAX,District 07,0,1,Accessory Structure,44.63441135717928,-63.59009664890347
1629,BPRES-2023-12232,2023-09-27,450000,New Building,New Building,Completed,CLAM BAY,District 02,1,3,Dwelling - Single Detached,44.72962733748092,-62.923960089728666
1630,BPRES-2023-12292,2023-09-20,35000,New Building,New Building,Expired,CLAM BAY,District 02,0,1,Accessory Structure,44.72962733748092,-62.923960089728666
1631,BPRES-2023-12421,2023-10-03,20000,New Building,New Building,Expired,BEAVER BANK,District 15,0,1,Accessory Structure,44.87082391937771,-63.681402095226204
1632,BPRES-2023-12547,2023-11-08,41000,Renovation,Renovation,Completed,LAWRENCETOWN,District 02,1,2,Dwelling - Multiple Units,44.68656811655014,-63.40559198099953
1633,BPRES-2023-12675,2023-10-13,640000,New Building,New Building,Completed,HAMMONDS PLAINS,District 14,1,1,Dwelling - Single Detached,44.72299159778578,-63.83866437791806
1634,BPRES-2023-12785,2023-10-11,1268163,New Building,New Building,Completed,,District 03,6,2,Dwelling - Townhouse,44.659740226542844,-63.53426546562959
1635,BPRES-2023-12918,2023-09-29,30000,New Building,New Building,Expired,COLE HARBOUR,District 04,0,1,Accessory Structure,44.65471975583772,-63.45387761869922
1636,BPRES-2023-13010,2023-12-04,2000,Renovation,Renovation,Completed,MIDDLE SACKVILLE,District 14,1,1,Dwelling - Multiple Units,44.7924271246049,-63.7081555300101
1637,BPRES-2023-13087,2024-05-09,20000,Renovation,Renovation,Completed,DARTMOUTH,District 03,2,2,Dwelling - Multiple Units,44.6650447025231,-63.54412637402196
1638,BPRES-2023-13199,2023-10-11,20000,New Building,New Building,Expired,,District 02,0,1,Accessory Structure,44.71103071381328,-63.23452325186757
1639,BPRES-2023-13313,2023-10-25,655000,Renovation,Renovation,Expired,HALIFAX,District 11,0,3,Dwelling - Multiple Units,44.60500957606831,-63.61007009182761
1640,BPRES-2023-13408,2023-10-16,500000,New Building,New Building,Completed,HAMMONDS PLAINS,District 14,1,1,Dwelling - Single Detached,44.723066892984725,-63.83669319135228
1641,BPRES-2023-13586,2023-10-18,600000,New Building,New Building,Cancelled,QUEENSLAND,District 13,1,1,Dwelling - Single Detached,44.650359972178705,-64.00053715565309
1642,BPRES-2023-13716,2023-10-24,650000,New Building,New Building,Cancelled,FALL RIVER,District 01,1,2,Dwelling - Single Detached,44.83363990915571,-63.63210682707863
1643,BPRES-2023-13832,2024-04-02,35000,Renovation,Renovation,Expired,HALIFAX,District 08,1,2,Dwelling - Multiple Units,44.6551195752148,-63.61284025158534
1644,BPRES-2023-13931,2023-10-30,675000,New Building,New Building,Completed,HAMMONDS PLAINS,District 14,1,2,Dwelling - Single Detached,44.721421000743774,-63.8410176824145
1645,BPRES-2023-14091,2024-04-03,50000,New Building,New Building,Issued,HALIFAX,District 08,1,1,Dwelling - Backyard Suite,44.66775484488549,-63.60607899905222
1646,BPRES-2023-14248,2023-11-07,375000,New Building,New Building,Completed,DARTMOUTH,District 06,1,3,Dwelling - Single Detached,44.71440163032559,-63.54389190006697
1647,BPRES-2023-14385,2023-11-09,450000,New Building,New Building,Completed,HAMMONDS PLAINS,District 14,1,2,Dwelling - Single Detached,44.72382668114797,-63.84377881387561
1648,BPRES-2023-14536,2023-11-09,550000,New Building,New Building,Completed,PORTUGUESE COVE,District 11,1,1,Dwelling - Single Detached,44.51676515319237,-63.54507522691478
1649,BPRES-2023-14630,2023-11-16,100000,Renovation,Renovation,Expired,GLEN MARGARET,District 13,0,2,Dwelling - Single Detached,44.59294392637247,-63.91467997791287
1650,BPRES-2023-14757,2023-11-22,400000,New Building,New Building,Completed,UPPER SACKVILLE,District 14,1,1,Dwelling - Single Detached,44.80824485535663,-63.75929840233416
1651,BPRES-2023-14911,2024-01-02,200000,Addition,Addition,Expired,QUEENSLAND,District 13,0,1,Dwelling - Single Detached,44.65207141261789,-63.99594137630157
1652,BPRES-2023-15013,2023-11-20,550000,New Building,New Building,Completed,HAMMONDS PLAINS,District 14,1,1,Dwelling - Single Detached,44.7250356585739,-63.84170329529363
1653,BPRES-2023-15167,,81700,Renovation,Renovation,Applicant Revisions,TANGIER,District 02,0,3,Dwelling - Single Detached,44.80592342413685,-62.69369903967542
1654,BPRES-2023-15290,,36801,Addition,Addition,Ready For Issue,DARTMOUTH,District 06,0,1,Dwelling - Single Detached,44.678327644929354,-63.53195297989408
1655,BPRES-2023-15402,2024-01-22,80000,New Building,New Building,Issued,MUSQUODOBOIT HARBOUR,District 02,1,2,Accessory Structure,44.78991290167289,-63.16965136467569
1656,BPRES-2023-15481,2023-12-01,525000,New Building,New Building,Completed,HAMMONDS PLAINS,District 14,1,1,Dwelling - Single Detached,44.726758113070936,-63.83704536661763
1657,BPRES-2023-15612,2023-12-08,650000,New Building,New Building,Completed,BEDFORD,District 16,1,3,Dwelling - Single Detached,44.7075827029881,-63.72453878556891
1658,BPRES-2023-15788,2024-01-17,50000,Renovation,Renovation,Completed,DARTMOUTH,District 05,1,2,Dwelling - Multiple Units,44.6735782313881,-63.58850147377109
1659,BPRES-2023-15943,2024-03-11,25000,Addition,Addition,Expired,WINDSOR JUNCTION,District 01,0,1,Accessory Structure,44.79522906814946,-63.665680104189434
1660,BPRES-2023-16074,2023-12-14,725000,New Building,New Building,Completed,HAMMONDS PLAINS,District 14,1,2,Dwelling - Single Detached,44.72362222301648,-63.84366866600279
1661,BPRES-2023-16165,2024-04-24,38010070,New Building,New Building,Issued,BEDFORD,District 16,154,11,Dwelling - Multiple Units,44.70838421680836,-63.71201439881824
1662,BPRES-2023-16302,2024-05-02,40000,New Building,New Building,Completed,MIDDLE SACKVILLE,District 14,1,1,Dwelling - Single Detached,44.81117362048589,-63.713587496659606
1663,BPRES-2023-16469,2024-01-08,920000,New Building,New Building,Completed,UPPER TANTALLON,District 13,1,2,Dwelling - Single Detached,44.720950898779606,-63.86472833486782
1664,BPRES-2024-00005,2024-01-03,450000,New Building,New Building,Completed,HAMMONDS PLAINS,District 14,1,1,Dwelling - Single Detached,44.726952204029054,-63.81922968105075
1665,BPRES-2024-00143,2024-01-09,75000,New Building,New Building,Expired,HAMMONDS PLAINS,District 14,0,1,Accessory Structure,44.72202109934086,-63.83291852129726
1666,BPRES-2024-00278,2024-01-12,600000,New Building,New Building,Completed,BLACK POINT,District 13,1,1,Dwelling - Single Detached,44.65976032413529,-63.981125289063144
1667,BPRES-2024-00396,2024-02-02,226000,Renovation,Renovation,Expired,HALIFAX,District 07,0,3,Dwelling - Multiple Units,44.63961004026368,-63.57391078259425
1668,BPRES-2024-00509,2024-01-19,70000,New Building,New Building,Completed,EAST PETPESWICK,District 02,0,2,Accessory Structure,44.765906068858705,-63.14882013384666
1669,BPRES-2024-00638,2024-04-04,108840,Renovation,Renovation,Expired,DARTMOUTH,District 05,2,2,Dwelling - Multiple Units,44.66504675286501,-63.55453524945919
1670,BPRES-2024-00800,2024-01-25,5000,Renovation,Renovation,Completed,HALIFAX,District 07,0,2,Dwelling - Single Detached,44.631392805808076,-63.585262376914415
1671,BPRES-2024-00914,2024-03-04,500000,New Building,New Building,Issued,UPPER TANTALLON,District 13,1,1,Dwelling - Single Detached,44.7058807062039,-63.86940198368379
1672,BPRES-2024-01053,2024-02-12,335500,Renovation,Renovation,Completed,DARTMOUTH,District 03,0,2,Dwelling - Single Detached,44.6611152438321,-63.51278336491722
1673,BPRES-2024-01235,2024-05-30,50000,New Building,New Building,Expired,EASTERN PASSAGE,District 03,0,1,Accessory Structure,44.61881506303749,-63.48103364205106
1674,BPRES-2024-01452,2024-04-02,150000,New Building,New Building,Completed,MIDDLE SACKVILLE,District 14,1,1,Dwelling - Backyard Suite,44.78373882134205,-63.749945565279276
1675,BPRES-2024-01549,2024-03-06,93300,New Building,New Building,Completed,HACKETTS COVE,District 13,0,1,Accessory Structure,44.542859030056334,-63.940443231543156
1676,BPRES-2024-01677,2024-03-14,6000,Renovation,Renovation,Completed,HALIFAX,District 10,0,2,Dwelling - Single Detached,44.65913530399079,-63.645921800441556
1677,BPRES-2024-01849,2024-03-28,356000,New Building,New Building,Completed,BROOKSIDE,District 13,2,2,Dwelling - Multiple Units,44.5534679334006,-63.708675994726995
1678,BPRES-2024-01971,,10000,New Building,New Building,Applicant Revisions,WELLINGTON,District 01,1,1,Dwelling - Seasonal,44.87484997780661,-63.59973121979199
1679,BPRES-2024-02104,2024-04-10,20000,New Building,New Building,Completed,MIDDLE SACKVILLE,District 14,0,1,Accessory Structure,44.79254385198428,-63.73598902637216
1680,BPRES-2024-02201,2024-03-08,41000,New Building,New Building,Completed,UPPER TANTALLON,District 13,0,1,Accessory Structure,44.72365872709113,-63.877038990692725
1681,BPRES-2024-02302,2024-03-21,10000,Renovation,Renovation,Expired,EASTERN PASSAGE,District 03,0,2,Dwelling - Single Detached,44.61443540881537,-63.47017493676905
1682,BPRES-2024-02467,2024-03-13,375000,New Building,New Building,Completed,DARTMOUTH,District 06,1,3,Dwelling - Single Detached,44.71417713901507,-63.544463496226065
1683,BPRES-2024-02697,2024-07-03,30000,Renovation,Renovation,Completed,HALIFAX,District 10,1,1,Dwelling - Multiple Units,44.65353797921776,-63.64286199889514
1684,BPRES-2024-02809,2024-03-22,400000,New Building,New Building,Completed,HALIFAX,District 11,3,2,Dwelling - Semi-Detached,44.58602931127505,-63.588724348306165
1685,BPRES-2024-02917,2024-04-02,160000,Addition,Addition,Expired,HALIFAX,District 10,0,2,Dwelling - Single Detached,44.65271715350784,-63.63711722449254
1686,BPRES-2024-03090,2024-03-22,22000,Addition,Addition,Completed,COLE HARBOUR,District 04,0,2,Dwelling - Single Detached,44.660194278257975,-63.492915200160674
1687,BPRES-2024-03193,2024-03-28,200000,New Building,New Building,Completed,BEECHVILLE,District 12,1,3,Dwelling - Single Detached,44.638286559094084,-63.678828224997496
1688,BPRES-2024-03279,2024-03-27,220000,New Building,New Building,Issued,TIMBERLEA,District 12,1,3,Dwelling - Single Detached,44.63958980081335,-63.72181522135631
1689,BPRES-2024-03331,2024-04-08,350000,New Building,New Building,Completed,BEECHVILLE,District 12,2,3,Dwelling - Semi-Detached,44.638749620030225,-63.67730081459124
1690,BPRES-2024-03445,2024-04-11,90000,New Building,New Building,Completed,PORTERS LAKE,District 02,0,2,Accessory Structure,44.715491635187774,-63.30837838354966
1691,BPRES-2024-03563,2024-05-17,200000,Addition,Addition,Expired,HALIFAX,District 07,0,3,Dwelling - Single Detached,44.64100783776793,-63.59321426600111
1692,BPRES-2024-03681,2024-05-01,200000,New Building,New Building,Completed,PROSPECT,District 13,1,1,Dwelling - Single Detached,44.48233481747834,-63.79504428157911
1693,BPRES-2024-03802,2024-10-01,612000,New Building,New Building,Issued,HALIFAX,District 11,4,2,Dwelling - Semi-Detached,44.58721552074131,-63.58946787214689
1694,BPRES-2024-03879,2024-05-10,200000,Addition,Addition,Amendment Applicant Revisions,UPPER SACKVILLE,District 14,0,2,Dwelling - Single Detached,44.81954603559614,-63.75672232152635
1695,BPRES-2024-03992,2024-04-12,250000,New Building,New Building,Completed,BEECHVILLE,District 12,1,3,Dwelling - Single Detached,44.63847563498606,-63.679366642613665
1696,BPRES-2024-04076,2024-05-01,2500000,New Building,New Building,Issued,HALIFAX,District 07,1,3,Dwelling - Single Detached,44.62962973956109,-63.59027002975336
1697,BPRES-2024-04165,2024-04-15,250000,New Building,New Building,Completed,BEECHVILLE,District 12,1,3,Dwelling - Single Detached,44.63897476968531,-63.679698394440365
1698,BPRES-2024-04313,2024-04-24,1157636,New Building,New Building,Completed,DARTMOUTH,District 03,6,2,Dwelling - Townhouse,44.66016613830553,-63.53434299876933
1699,BPRES-2024-04414,,3000,Renovation,Renovation,Withdrawn,HALIFAX,District 09,1,2,Dwelling - Multiple Units,44.63660876889252,-63.62792391713227
1700,BPRES-2024-04629,2024-06-18,300000,New Building,New Building,Issued,BEDFORD,District 16,1,3,Dwelling - Single Detached,44.70029670292606,-63.71255842531425
1701,BPRES-2024-04795,2024-05-06,400000,New Building,New Building,Completed,MIDDLE SACKVILLE,District 14,1,2,Dwelling - Single Detached,44.79581248498368,-63.75549187669263
1702,BPRES-2024-04853,2024-04-30,65000,New Building,New Building,Expired,FALL RIVER,District 01,0,1,Accessory Structure,44.82540561613254,-63.60353833497563
1703,BPRES-2024-04961,2024-06-03,291000,New Building,New Building,Completed,OSTREA LAKE,District 02,1,1,Dwelling - Single Detached,44.77307604774034,-63.09820545984795
1704,BPRES-2024-05093,2025-01-22,1300000,New Building,New Building,Issued,BEDFORD,District 16,2,3,Dwelling - Multiple Units,44.70602496315199,-63.72559223082567
1705,BPRES-2024-05234,2024-12-05,428000,New Building,New Building,Issued,BROOKSIDE,District 13,1,2,Dwelling - Single Detached,44.536118677927576,-63.71153468673574
1706,BPRES-2024-05382,2024-05-14,280000,New Building,New Building,Expired,HALIFAX,District 11,1,2,Dwelling - Single Detached,44.607450257984766,-63.60339301863915
1707,BPRES-2024-05505,2024-10-08,91000,Addition,Addition,Completed,MIDDLE SACKVILLE,District 14,1,2,Dwelling - Backyard Suite,44.81628459734497,-63.742019789512256
1708,BPRES-2024-05604,2024-06-04,125000,Renovation,Renovation,Expired,QUEENSLAND,District 13,0,2,Dwelling - Single Detached,44.64314462388549,-64.00908717563786
1709,BPRES-2024-05707,2024-05-15,42000,New Building,New Building,Expired,FALL RIVER,District 01,0,1,Accessory Structure,44.84144718812232,-63.63630643520503
1710,BPRES-2024-05788,2024-09-10,9000,Addition,Addition,Completed,FALL RIVER,District 01,0,2,Dwelling - Single Detached,44.81335644020804,-63.62082215302471
1711,BPRES-2024-05894,2024-06-18,275000,New Building,New Building,Completed,MEAGHERS GRANT,District 01,1,1,Dwelling - Single Detached,44.91322285514739,-63.214854946307945
1712,BPRES-2024-06037,2024-06-27,178314,New Building,New Building,Completed,SHEET HARBOUR,District 02,1,1,Dwelling - Backyard Suite,44.92211184384564,-62.51969665710972
1713,BPRES-2024-06208,2024-06-10,575000,New Building,New Building,Completed,FALL RIVER,District 01,1,2,Dwelling - Single Detached,44.838497196795146,-63.64100190591884
1714,BPRES-2024-06333,2024-05-23,280000,New Building,New Building,Completed,WILLIAMSWOOD,District 11,1,1,Dwelling - Single Detached,44.481398173643484,-63.61525754197239
1715,BPRES-2024-06483,2024-07-23,17000,New Building,New Building,Issued,ANTRIM,District 01,0,1,Accessory Structure,44.96106895550299,-63.361426513800176
1716,BPRES-2024-06622,2024-06-10,20000,New Building,New Building,Completed,HATCHET LAKE,District 13,0,1,Accessory Structure,44.549703878691204,-63.73034297077859
1717,BPRES-2024-06713,,50000,Renovation,Renovation,Applicant Revisions,DARTMOUTH,District 06,1,2,Dwelling - Multiple Units,44.68527623040888,-63.54154234326203
1718,BPRES-2024-06837,2024-06-21,652000,New Building,New Building,Completed,HEAD OF ST MARGARETS BAY,District 13,1,1,Dwelling - Single Detached,44.66450678655392,-63.93191742019396
1719,BPRES-2024-06916,2024-06-10,725000,New Building,New Building,Completed,BEDFORD,District 16,1,3,Dwelling - Single Detached,44.70782924363295,-63.72475866756348
1720,BPRES-2024-07045,2024-06-20,15000,New Building,New Building,Completed,HALIBUT BAY,District 11,0,1,Accessory Structure,44.54605920230782,-63.5530886597079
1721,BPRES-2024-07182,2024-10-09,340000,New Building,New Building,Completed,THREE FATHOM HARBOUR,District 02,1,1,Dwelling - Single Detached,44.64522503453537,-63.30942765956628
1722,BPRES-2024-07293,2025-03-26,580000,Addition,Addition,Issued,HALIFAX,District 07,0,3,Dwelling - Single Detached,44.63350416755553,-63.58817988795641
1723,BPRES-2024-07519,2024-07-03,150000,Renovation,Renovation,Completed,HALIFAX,District 10,1,1,Dwelling - Multiple Units,44.672120720449136,-63.652056485319
1724,BPRES-2024-07627,2024-07-04,400000,New Building,New Building,Completed,WEST CHEZZETCOOK,District 02,2,1,Dwelling - Semi-Detached,44.73996790913343,-63.279756392441385
1725,BPRES-2024-07788,2024-06-20,300000,New Building,New Building,Completed,PORTERS LAKE,District 02,1,1,Dwelling - Single Detached,44.75539412434107,-63.2873165731359
1726,BPRES-2024-07926,2024-07-19,72000,Renovation,Renovation,Completed,COLE HARBOUR,District 04,1,1,Dwelling - Multiple Units,44.67589353253567,-63.48718228488181
1727,BPRES-2024-08089,2024-07-16,55000,Renovation,Renovation,Issued,BEAVER BANK,District 15,3,1,Dwelling - Multiple Units,44.82439374450307,-63.67778469591344
1728,BPRES-2024-08239,,1000,Renovation,Renovation,Withdrawn,LOWER SACKVILLE,District 15,1,3,Dwelling - Multiple Units,44.75972570841748,-63.67354510918655
1729,BPRES-2024-08353,2024-08-23,25000,New Building,New Building,Completed,HAMMONDS PLAINS,District 14,0,1,Accessory Structure,44.71855593852577,-63.835177429559835
1730,BPRES-2024-08408,2024-07-29,,New Building,New Building,Completed,HALIFAX,District 11,4,3,Dwelling - Multiple Units,44.60061888331862,-63.60337474688588
1731,BPRES-2024-08416,2024-07-31,400000,New Building,New Building,Completed,HALIFAX,District 11,4,3,Dwelling - Multiple Units,44.60167094152819,-63.60334392308919
1732,BPRES-2024-08544,2024-07-18,550000,New Building,New Building,Completed,DARTMOUTH,District 06,1,2,Dwelling - Single Detached,44.71372712940681,-63.5439275568014
1733,BPRES-2024-08643,2024-07-29,500000,New Building,New Building,Issued,HALIFAX,District 11,4,2,Dwelling - Semi-Detached,44.60103809655689,-63.60292603629012
1734,BPRES-2024-08802,2024-07-15,76000,Renovation,Renovation,Issued,HALIFAX,District 09,0,2,Dwelling - Single Detached,44.64506326232842,-63.59516179804001
1735,BPRES-2024-08969,2024-07-31,11000,New Building,New Building,Completed,BEDFORD,District 16,0,1,Accessory Structure,44.70648107358352,-63.72478999205898
1736,BPRES-2024-09064,2024-07-29,500000,New Building,New Building,Issued,HALIFAX,District 11,4,1,Dwelling - Semi-Detached,44.60123632306348,-63.60290685028238
1737,BPRES-2024-09088,2024-07-29,500000,New Building,New Building,Issued,HALIFAX,District 11,4,2,Dwelling - Semi-Detached,44.602133467432225,-63.60302803868561
1738,BPRES-2024-09279,2024-08-30,300000,New Building,New Building,Completed,EASTERN PASSAGE,District 03,2,2,Dwelling - Semi-Detached,44.60902090717701,-63.49070164505761
1739,BPRES-2024-09451,2024-09-18,26000,Addition,Addition,Issued,LANTZ,District 01,0,1,Accessory Structure,44.97823556204006,-63.475341885491645
1740,BPRES-2024-09586,2024-08-07,13400,Addition,Addition,Completed,HALIFAX,District 08,0,1,Dwelling - Townhouse,44.66279499097438,-63.601263131413226
1741,BPRES-2024-09748,2024-08-01,280000,New Building,New Building,Issued,UPPER TANTALLON,District 13,1,2,Dwelling - Single Detached,44.69930435891113,-63.88526524348226
1742,BPRES-2024-09900,2024-08-20,500000,New Building,New Building,Amendment Requested,HAMMONDS PLAINS,District 14,1,2,Dwelling - Single Detached,44.720192950519845,-63.76763039163229
1743,BPRES-2024-10034,2024-07-31,268000,New Building,New Building,Completed,HAMMONDS PLAINS,District 14,2,1,Dwelling - Multiple Units,44.7196688192007,-63.83701535671348
1744,BPRES-2024-10109,2024-08-14,320000,New Building,New Building,Completed,BEDFORD,District 16,1,2,Dwelling - Single Detached,44.707909586030354,-63.72018285373535
1745,BPRES-2024-10256,,50000,New Building,New Building,Application Incomplete,ANTRIM,District 01,1,1,Dwelling - Single Detached,44.96335900190207,-63.36615033718878
1746,BPRES-2024-10400,,10000,New Building,New Building,Applicant Revisions,HALIFAX,District 08,1,2,Dwelling - Backyard Suite,44.66145849643082,-63.60412475761611
1747,BPRES-2024-10552,2024-08-29,20000,New Building,New Building,Issued,LUCASVILLE,District 14,0,1,Accessory Structure,44.75509024275062,-63.73819625208384
1748,BPRES-2024-10691,2024-09-03,36000,New Building,New Building,Issued,HAMMONDS PLAINS,District 14,0,1,Accessory Structure,44.72413918959487,-63.842555909341115
1749,BPRES-2024-11003,2024-08-22,21000,Renovation,Renovation,Completed,BEDFORD,District 16,0,2,Dwelling - Single Detached,44.70789504123852,-63.675702709501714
1750,BPRES-2024-11158,2024-08-29,875000,New Building,New Building,Amendment Review,TIMBERLEA,District 12,2,2,Dwelling - Multiple Units,44.66791423491318,-63.74958439094635
1751,BPRES-2024-11374,2024-10-04,100000,Addition,Addition,Issued,QUEENSLAND,District 13,0,2,Dwelling - Single Detached,44.64779283940032,-64.00117614297763
1752,BPRES-2024-11603,2025-01-17,700000,New Building,New Building,Completed,HALIFAX,District 11,4,3,Dwelling - Multiple Units,44.61855138387148,-63.61810814939227
1753,BPRES-2024-11689,2024-09-12,850000,New Building,New Building,Completed,BEDFORD,District 16,1,2,Dwelling - Single Detached,44.70825901753845,-63.728570924561765
1754,BPRES-2024-11825,2024-12-03,1850000,New Building,New Building,Issued,BEAVER BANK,District 15,4,2,Dwelling - Townhouse,44.810559970944524,-63.687251988726494
1755,BPRES-2024-11997,2024-09-13,533022,New Building,New Building,Completed,BEDFORD,District 16,1,2,Dwelling - Single Detached,44.707106456331815,-63.72640336689744
1756,BPRES-2024-12150,2024-10-09,93684,Renovation,Renovation,Issued,HALIFAX,District 08,0,2,Dwelling - Single Detached,44.65983131542777,-63.598425605474645
1757,BPRES-2024-12438,2024-09-12,55000,Renovation,Renovation,Completed,DARTMOUTH,District 05,0,2,Dwelling - Single Detached,44.67716261874704,-63.56223362056646
1758,BPRES-2024-12576,2024-09-12,450000,New Building,New Building,Completed,HARRIETSFIELD,District 11,1,2,Dwelling - Single Detached,44.54989482695044,-63.645656363710344
1759,BPRES-2024-12697,2024-11-18,1300000,New Building,New Building,Issued,UPPER TANTALLON,District 13,2,2,Dwelling - Multiple Units,44.68331530476241,-63.85755709719779
1760,BPRES-2024-12926,2024-09-27,475000,New Building,New Building,Completed,FERGUSONS COVE,District 11,1,1,Dwelling - Single Detached,44.59749281331171,-63.558118773994025
1761,BPRES-2024-13303,2024-10-15,87381,Addition,Addition,Issued,HALIFAX,District 09,0,2,Dwelling - Single Detached,44.640205398174366,-63.63258322710479
1762,BPRES-2024-13610,2025-07-17,90000,Renovation,Renovation,Issued,DARTMOUTH,District 05,0,2,Dwelling - Single Detached,44.67295636113155,-63.565775641707376
1763,BPRES-2024-13717,2025-09-04,420000,New Building,New Building,Issued,HALIFAX,District 11,4,3,Dwelling - Multiple Units,44.58663251927844,-63.591069684000374
1764,BPRES-2024-13922,2024-09-23,450000,New Building,New Building,Completed,GOFFS,District 01,1,2,Dwelling - Single Detached,44.884405541824464,-63.482415602544215
1765,BPRES-2024-14050,2024-10-16,84663,Renovation,Renovation,Completed,PORTERS LAKE,District 02,1,1,Dwelling - Single Detached,44.75478436071985,-63.28983704244019
1766,BPRES-2024-14366,2024-09-27,250000,New Building,New Building,Completed,BEECHVILLE,District 12,1,3,Dwelling - Single Detached,44.63750886285032,-63.67686458605152
1767,BPRES-2024-14445,2024-10-23,296000,Addition,Addition,Completed,DARTMOUTH,District 06,0,1,Dwelling - Single Detached,44.68248945604048,-63.514624200338986
1768,BPRES-2024-14625,2024-10-10,375000,New Building,New Building,Completed,QUEENSLAND,District 13,1,1,Dwelling - Single Detached,44.6370296316351,-64.03227031396057
1769,BPRES-2024-14806,2024-10-16,27000,New Building,New Building,Issued,HEAD OF ST MARGARETS BAY,District 13,0,1,Accessory Structure,44.66404314840695,-63.93188220843339
1770,BPRES-2024-14946,,65000,Addition,Addition,Application Incomplete,HALIFAX,District 07,1,2,Dwelling - Backyard Suite,44.6335125954485,-63.59308016149269
1771,BPRES-2024-15162,2025-05-28,750000,New Building,New Building,Issued,HALIFAX,District 09,5,3,Dwelling - Multiple Units,44.65121606752576,-63.60795543173441
1772,BPRES-2024-15282,,115000,New Building,New Building,Withdrawn,WESTPHAL,District 04,1,2,Dwelling - Backyard Suite,44.68836203067268,-63.485849548305104
1773,BPRES-2024-15367,2024-10-16,550000,New Building,New Building,Completed,MIDDLE SACKVILLE,District 14,1,1,Dwelling - Single Detached,44.798725042012094,-63.76347295916494
1774,BPRES-2024-15439,2024-10-30,400000,New Building,New Building,Issued,HALIFAX,District 11,4,3,Dwelling - Multiple Units,44.58652638484806,-63.58939030675888
1775,BPRES-2024-15540,2024-10-22,75000,New Building,New Building,Issued,HUBLEY,District 13,0,1,Accessory Structure,44.65899579379819,-63.78841592793601
1776,BPRES-2024-15749,2024-11-26,19000,New Building,New Building,Issued,COLE HARBOUR,District 04,0,1,Accessory Structure,44.666665524528895,-63.487326163258054
1777,BPRES-2024-15869,2024-11-01,25000,New Building,New Building,Completed,HAMMONDS PLAINS,District 14,0,1,Accessory Structure,44.72808609477474,-63.838920530728885
1778,BPRES-2024-16002,2024-12-18,230000,New Building,New Building,Issued,EAST SHIP HARBOUR,District 02,1,1,Dwelling - Single Detached,44.7774530865545,-62.796656809832015
1779,BPRES-2024-16123,2024-10-31,25000,New Building,New Building,Issued,MIDDLE SACKVILLE,District 14,0,1,Accessory Structure,44.80656753065403,-63.745832591694665
1780,BPRES-2024-16261,2025-05-26,100000,New Building,New Building,Issued,LONG LAKE,District 01,1,1,Dwelling - Single Detached,45.00502202404056,-62.96082754127563
1781,BPRES-2024-16355,2024-11-28,1500,Renovation,Renovation,Completed,COLE HARBOUR,District 04,0,2,Dwelling - Single Detached,44.656693646730744,-63.47980569280403
1782,BPRES-2024-16538,2025-01-22,50000,New Building,New Building,Issued,ANTRIM,District 01,1,1,Dwelling - Seasonal,44.962894336397724,-63.36358241429301
1783,BPRES-2024-16682,,292000,New Building,New Building,Withdrawn,HALIFAX,District 11,4,2,Dwelling - Multiple Units,44.60260719678138,-63.60400924572887
1784,BPRES-2024-16731,2024-12-02,64000,Renovation,Renovation,Issued,UPPER LAKEVILLE,District 02,0,1,Dwelling - Single Detached,44.79160940705701,-62.95837167700059
1785,BPRES-2024-16807,2024-12-03,270000,New Building,New Building,Issued,HALIFAX,District 11,1,2,Dwelling - Single Detached,44.61054106240416,-63.60465407796733
1786,BPRES-2024-16895,2024-11-20,14000,New Building,New Building,Completed,PORTERS LAKE,District 02,0,1,Accessory Structure,44.73940132874515,-63.31579728906936
1787,BPRES-2024-17021,,10000,New Building,New Building,Cancelled,LEWIS LAKE,District 13,0,1,Accessory Structure,44.68277492625123,-63.850603976575414
1788,BPRES-2024-17207,2024-11-20,19000,New Building,New Building,Completed,PORTERS LAKE,District 02,0,1,Accessory Structure,44.72482114468151,-63.30542162914109
1789,BPRES-2024-17356,2024-12-04,110000,Renovation,Renovation,Completed,HALIFAX,District 10,1,1,Dwelling - Multiple Units,44.65675305829645,-63.63693501503605
1790,BPRES-2024-17562,2025-01-13,900000,Renovation,Renovation,Issued,HALIFAX,District 07,-3,2,Dwelling - Multiple Units,44.64063824791552,-63.585238230339826
1791,BPRES-2024-17711,2024-12-24,150000,New Building,New Building,Issued,WELLINGTON,District 01,1,1,Dwelling - Backyard Suite,44.85661326959012,-63.610813694716185
1792,BPRES-2024-17805,2024-12-17,2299500,New Building,New Building,Completed,BEDFORD,District 16,6,2,Dwelling - Townhouse,44.70605130519983,-63.717324710569486
1793,BPRES-2024-17939,2024-12-16,680000,New Building,New Building,Completed,HALIFAX,District 11,4,2,Dwelling - Multiple Units,44.602691274404584,-63.60345618618825
1794,BPRES-2024-17991,2024-12-23,60000,Renovation,Renovation,Completed,HALIFAX,District 11,1,2,Dwelling - Multiple Units,44.59263419769657,-63.59672338422343
1795,BPRES-2024-18142,2024-12-16,550000,New Building,New Building,Completed,HAMMONDS PLAINS,District 14,1,2,Dwelling - Single Detached,44.73856436490755,-63.7936227764422
1796,BPRES-2024-18297,2024-12-31,3000,Addition,Addition,Issued,HALIFAX,District 08,0,1,Dwelling - Single Detached,44.653527393208904,-63.59617125294053
1797,BPRES-2024-18376,2025-02-06,1000000,New Building,New Building,Issued,HATCHET LAKE,District 13,2,1,Dwelling - Multiple Units,44.54859543852326,-63.73101245605593
1798,BPRES-2024-18588,2024-12-16,1400000,New Building,New Building,Completed,BEDFORD,District 16,1,2,Dwelling - Single Detached,44.7057190248663,-63.722913502597535
1799,BPRES-2024-18710,2025-03-12,600000,Addition,Addition,Issued,HALIFAX,District 07,8,3,Dwelling - Multiple Units,44.63322833252902,-63.57237743161618
1800,BPRES-2024-18922,2025-01-21,41000,Renovation,Renovation,Completed,TIMBERLEA,District 12,1,2,Dwelling - Multiple Units,44.659822115066746,-63.74720707216228
1801,BPRES-2025-00043,,,Renovation,Renovation,Cancelled,EASTERN PASSAGE,District 03,0,1,Accessory Structure,44.612449500093916,-63.473416603727586
1802,BPRES-2025-00117,2025-01-07,15000,Renovation,Renovation,Issued,LOWER SACKVILLE,District 15,0,1,Dwelling - Single Detached,44.77945531676045,-63.679001812412494
1803,BPRES-2025-00257,2025-04-08,3740000,New Building,New Building,Issued,PORTERS LAKE,District 02,22,1,Dwelling - Townhouse,44.748999929194575,-63.285225499048956
1804,BPRES-2025-00363,2025-10-01,1082000,New Building,New Building,Issued,HALIFAX,District 09,1,3,Dwelling - Single Detached,44.651162733357,-63.60227731200451
1805,BPRES-2025-00451,2025-01-30,35000,Addition,Addition,Issued,DARTMOUTH,District 05,0,1,Dwelling - Single Detached,44.674086045434706,-63.588530092601786
1806,BPRES-2025-00584,2025-05-29,132983.36,Renovation,Renovation,Completed,TIMBERLEA,District 12,1,1,Dwelling - Backyard Suite,44.65263547792544,-63.740366678262625
1807,BPRES-2025-00735,,5000,Renovation,Renovation,Withdrawn,HALIFAX,District 08,0,2,Dwelling - Single Detached,44.651089730623106,-63.58569422111876
1808,BPRES-2025-00881,2025-01-24,800000,New Building,New Building,Completed,TIMBERLEA,District 12,1,3,Dwelling - Single Detached,44.644915350509145,-63.725050282215754
1809,BPRES-2025-00999,2025-08-21,463000,New Building,New Building,Issued,WAVERLEY,District 01,1,1,Dwelling - Single Detached,44.78452318468051,-63.602688531541226
1810,BPRES-2025-01210,2025-06-16,530000,New Building,New Building,Issued,DARTMOUTH,District 06,1,2,Dwelling - Single Detached,44.71801764091798,-63.54645217133759
1811,BPRES-2025-01309,2025-03-06,630000,New Building,New Building,Completed,DARTMOUTH,District 06,2,3,Dwelling - Semi-Detached,44.71376660581063,-63.53896401662966
1812,BPRES-2025-01426,2025-05-23,40000,Renovation,Renovation,Issued,BEDFORD,District 16,0,2,Dwelling - Townhouse,44.718003044355655,-63.70967973439915
1813,BPRES-2025-01518,2025-02-07,40000,New Building,New Building,Issued,HUBLEY,District 13,0,1,Accessory Structure,44.66373207860216,-63.815202574870355
1814,BPRES-2025-01622,,50000,Renovation,Renovation,Applicant Revisions,HATCHET LAKE,District 13,1,1,Dwelling - Multiple Units,44.56636976309347,-63.743767337810795
1815,BPRES-2025-01741,,75000,New Building,New Building,Application Incomplete,FALL RIVER,District 01,0,1,Accessory Structure,44.81650597281771,-63.58781411284503
1816,BPRES-2025-01905,2025-02-24,900000,New Building,New Building,Completed,WHITES LAKE,District 13,2,1,Dwelling - Multiple Units,44.53449889968235,-63.750226744067724
1817,BPRES-2025-01982,,5000,Addition,Addition,Applicant Revisions,DARTMOUTH,District 03,0,1,Accessory Structure,44.66121507592739,-63.54982084816899
1818,BPRES-2025-02144,2025-02-24,250000,New Building,New Building,Completed,BEECHVILLE,District 12,1,3,Dwelling - Single Detached,44.63604533885329,-63.67516357810178
1819,BPRES-2025-02299,2025-03-05,15661,Addition,Addition,Issued,UPPER TANTALLON,District 13,0,1,Dwelling - Single Detached,44.69885983866437,-63.88095067593933
1820,BPRES-2025-02470,2025-03-03,275000,New Building,New Building,Completed,BEECHVILLE,District 12,1,3,Dwelling - Single Detached,44.6394055687502,-63.68173134533943
1821,BPRES-2025-02612,2025-03-04,43000,New Building,New Building,Completed,WHITES LAKE,District 13,0,1,Accessory Structure,44.54460303041246,-63.73800030869149
1822,BPRES-2025-02844,2025-03-14,560000,New Building,New Building,Completed,SEABRIGHT,District 13,1,1,Dwelling - Single Detached,44.61941883840326,-63.93171588164667
1823,BPRES-2025-02993,2025-04-02,85000,Renovation,Renovation,Completed,EASTERN PASSAGE,District 03,1,1,Dwelling - Multiple Units,44.61817780055824,-63.45482294660608
1824,BPRES-2025-03100,2025-09-09,40000,New Building,New Building,Issued,HEAD OF ST MARGARETS BAY,District 13,0,1,Accessory Structure,44.6830228222869,-63.90031931810488
1825,BPRES-2025-03457,2025-03-21,15000,Addition,Addition,Issued,FALL RIVER,District 01,0,1,Dwelling - Single Detached,44.81475291595341,-63.621401517830996
1826,BPRES-2025-03535,2025-05-01,153000,New Building,New Building,Issued,HALIFAX,District 09,1,2,Dwelling - Backyard Suite,44.64475331874943,-63.59573271357656
1827,BPRES-2025-03766,2025-06-03,250000,New Building,New Building,Completed,CARROLLS CORNER,District 01,1,1,Dwelling - Single Detached,45.00078753134581,-63.38543519467435
1828,BPRES-2025-03868,2026-02-26,1465644,New Building,New Building,Completed,DARTMOUTH,District 03,6,2,Dwelling - Townhouse,44.65995039774818,-63.532105468070725
1829,BPRES-2025-03923,2025-05-12,906990,New Building,New Building,Issued,DARTMOUTH,District 03,6,2,Dwelling - Townhouse,44.661216231011224,-63.533756990489415
1830,BPRES-2025-04008,2025-04-07,100000,New Building,New Building,Completed,QUEENSLAND,District 13,0,1,Accessory Structure,44.634298271456245,-64.03659398945983
1831,BPRES-2025-04148,2025-06-12,800000,New Building,New Building,Issued,HALIFAX,District 11,1,2,Dwelling - Single Detached,44.61370529427514,-63.579366674052615
1832,BPRES-2025-04276,2026-02-20,50000,New Building,New Building,Issued,GRAND LAKE,District 01,0,1,Accessory Structure,44.89362031614073,-63.58597388491305
1833,BPRES-2025-04426,2025-04-07,400000,New Building,New Building,Issued,HALIFAX,District 11,4,3,Dwelling - Multiple Units,44.6021539104581,-63.60445347436782
1834,BPRES-2025-04519,2025-06-11,277000,Addition,Addition,Completed,DARTMOUTH,District 05,1,1,Dwelling - Multiple Units,44.683859061702414,-63.568026433642764
1835,BPRES-2025-04619,2025-04-07,550000,New Building,New Building,Completed,DARTMOUTH,District 06,1,2,Dwelling - Single Detached,44.7159722020253,-63.539678954767744
1836,BPRES-2025-04728,2025-04-30,220000,New Building,New Building,Issued,TIMBERLEA,District 12,1,2,Dwelling - Single Detached,44.64503348611548,-63.72541258141894
1837,BPRES-2025-04912,2025-05-07,2000,Renovation,Renovation,Completed,HALIFAX,District 09,1,1,Dwelling - Multiple Units,44.65228930258143,-63.62888297504332
1838,BPRES-2025-05019,2025-04-15,300000,New Building,New Building,Completed,MYERS POINT,District 02,1,1,Dwelling - Single Detached,44.76846222269385,-63.0379693641812
1839,BPRES-2025-05164,2025-08-12,800000,New Building,New Building,Amendment Application Incomplete,HAMMONDS PLAINS,District 14,5,3,Dwelling - Multiple Units,44.725765134998284,-63.75649711412892
1840,BPRES-2025-05271,2025-06-19,75000,Addition,Addition,Issued,HALIFAX,District 10,1,2,Dwelling - Single Detached,44.67284007857813,-63.64761518820405
1841,BPRES-2025-05314,2025-05-05,750000,New Building,New Building,Issued,HALIFAX,District 11,4,2,Dwelling - Semi-Detached,44.587722435873694,-63.58963434679928
1842,BPRES-2025-05426,2025-04-22,410000,New Building,New Building,Completed,HARRIETSFIELD,District 11,1,1,Dwelling - Single Detached,44.54709371439789,-63.64674474484531
1843,BPRES-2025-05528,2025-06-27,40000,Renovation,Renovation,Completed,HALIFAX,District 09,1,3,Dwelling - Multiple Units,44.642349471218544,-63.59335362730603
1844,BPRES-2025-05650,2025-04-28,400000,New Building,New Building,Issued,FLETCHERS LAKE,District 01,1,2,Dwelling - Single Detached,44.850724628076314,-63.596218130013206
1845,BPRES-2025-05748,2025-04-29,29000,New Building,New Building,Completed,BROOKSIDE,District 13,0,1,Accessory Structure,44.54373845270514,-63.71876244389126
1846,BPRES-2025-05820,2025-05-23,1550000,New Building,New Building,Completed,BEDFORD,District 16,5,3,Dwelling - Townhouse,44.71863606958099,-63.71794649762364
1847,BPRES-2025-05871,2025-08-25,110000,New Building,New Building,Issued,HAMMONDS PLAINS,District 14,1,1,Dwelling - Backyard Suite,44.73147469162128,-63.80507561544996
1848,BPRES-2025-05998,,310000,New Building,New Building,Cancelled,BEDFORD,District 16,1,3,Dwelling - Townhouse,44.71883784295931,-63.71782967723138
1849,BPRES-2025-06125,2025-09-09,250000,Addition,Addition,Completed,HEAD OF ST MARGARETS BAY,District 13,1,1,Dwelling - Multiple Units,44.669710573438486,-63.916590396666216
1850,BPRES-2025-06331,2025-05-26,200000,Renovation,Renovation,Amendment Review,MILFORD,District 01,0,1,Dwelling - Single Detached,45.035339537480134,-63.429702414343076
1851,BPRES-2025-06406,2025-05-12,150000,Addition,Addition,Issued,MIDDLE SACKVILLE,District 14,0,1,Dwelling - Single Detached,44.79854004187102,-63.725538892955214
1852,BPRES-2025-06504,2025-07-18,600000,New Building,New Building,Issued,PORTERS LAKE,District 02,2,1,Dwelling - Multiple Units,44.7454777739768,-63.30707457845822
1853,BPRES-2025-06651,2025-05-09,400000,New Building,New Building,Completed,BEAVER BANK,District 15,1,1,Dwelling - Single Detached,44.83805967057716,-63.66231802662222
1854,BPRES-2025-06795,2025-05-28,12000,New Building,New Building,Issued,LUCASVILLE,District 14,0,1,Accessory Structure,44.76626502485374,-63.7186097151802
1855,BPRES-2025-06926,2025-06-09,20000,Renovation,Renovation,Issued,MIDDLE SACKVILLE,District 14,1,2,Dwelling - Multiple Units,44.7929603256373,-63.71256611680354
1856,BPRES-2025-07077,2025-05-29,400000,New Building,New Building,Issued,HALIFAX,District 11,4,3,Dwelling - Multiple Units,44.603486603249046,-63.60355702311445
1857,BPRES-2025-07173,2025-05-22,20000,New Building,New Building,Completed,HAMMONDS PLAINS,District 14,0,1,Accessory Structure,44.77556230963424,-63.76166109154861
1858,BPRES-2025-07286,,75000,Addition,Addition,Applicant Revisions,HALIFAX,District 11,0,2,Dwelling - Single Detached,44.61460860654605,-63.618432558011904
1859,BPRES-2025-07524,2025-06-24,550000,New Building,New Building,Issued,BEDFORD,District 16,1,2,Dwelling - Single Detached,44.719405644975396,-63.717483350895215
1860,BPRES-2025-07651,2025-06-06,400000,New Building,New Building,Issued,HALIFAX,District 11,4,2,Dwelling - Multiple Units,44.58643390456234,-63.58850070061484
1861,BPRES-2025-07729,2025-08-28,5000000,New Building,New Building,Amendment Review,BEDFORD,District 16,1,2,Dwelling - Single Detached,44.72160285711381,-63.670032561635686
1862,BPRES-2025-07891,2025-07-03,80000,Renovation,Renovation,Completed,DARTMOUTH,District 05,1,2,Dwelling - Multiple Units,44.67778976389577,-63.562078379033544
1863,BPRES-2025-08067,2025-06-17,120000,New Building,New Building,Issued,LOWER SHIP HARBOUR,District 02,1,1,Dwelling - Single Detached,44.79252647668659,-62.84066696343985
1864,BPRES-2025-08155,2026-04-27,10000,Renovation,Renovation,Issued,WEST PORTERS LAKE,District 02,1,2,Dwelling - Backyard Suite,44.67426322813649,-63.30719475321577
1865,BPRES-2025-08241,2025-07-18,720410,New Building,New Building,Issued,KETCH HARBOUR,District 11,1,1,Dwelling - Single Detached,44.48432474203903,-63.545809206982966
1866,BPRES-2025-08356,2025-08-20,590000,New Building,New Building,Issued,BEAVER BANK,District 15,4,2,Dwelling - Multiple Units,44.81423346600886,-63.6856085138569
1867,BPRES-2025-08529,2025-07-11,350000,New Building,New Building,Issued,PORTERS LAKE,District 02,1,2,Dwelling - Single Detached,44.7582626042819,-63.286865761362215
1868,BPRES-2025-08637,2025-12-22,20000,Renovation,Renovation,Amendment Application Incomplete,DARTMOUTH,District 06,0,1,Dwelling - Single Detached,44.68505948496362,-63.50699496623949
1869,BPRES-2025-08738,2025-07-17,500000,New Building,New Building,Issued,BEDFORD,District 16,1,2,Dwelling - Single Detached,44.71942394589883,-63.717350328114044
1870,BPRES-2025-08867,2025-06-20,39500,Addition,Addition,Completed,HALIFAX,District 09,0,2,Dwelling - Single Detached,44.64314032490897,-63.61194377444531
1871,BPRES-2025-09022,2025-06-17,59581,Renovation,Renovation,Issued,HALIFAX,District 07,0,17,Dwelling - Multiple Units,44.64372835773881,-63.5788033378753
1872,BPRES-2025-09173,2026-04-15,70000,New Building,New Building,Issued,HALIFAX,District 07,0,1,Accessory Structure,44.63089956682807,-63.57687613209503
1873,BPRES-2025-09289,2025-08-18,30000,New Building,New Building,Issued,LAWRENCETOWN,District 02,0,1,Accessory Structure,44.70509465725832,-63.408229166785645
1874,BPRES-2025-09413,2025-07-08,40000,Addition,Addition,Issued,BOUTILIERS POINT,District 13,0,1,Dwelling - Single Detached,44.66247905984619,-63.9513124659432
1875,BPRES-2025-09551,2025-07-08,6000,Renovation,Renovation,Completed,DARTMOUTH,District 05,0,3,Dwelling - Multiple Units,44.68610934343934,-63.58353504122579
1876,BPRES-2025-09693,2025-07-11,290000,New Building,New Building,Issued,BEAVER BANK,District 15,1,3,Dwelling - Single Detached,44.82665977887529,-63.67281708803651
1877,BPRES-2025-09854,2026-03-12,300000,Addition,Addition,Issued,HALIFAX,District 07,0,2,Dwelling - Single Detached,44.631283159325704,-63.58348699930445
1878,BPRES-2025-09987,2025-07-18,450000,New Building,New Building,Completed,FALL RIVER,District 01,1,2,Dwelling - Single Detached,44.83725659687936,-63.6415829124817
1879,BPRES-2025-10166,,50000,New Building,New Building,Applicant Revisions,KETCH HARBOUR,District 11,0,1,Accessory Structure,44.48690820722114,-63.55196592720151
1880,BPRES-2025-10308,2025-08-22,1500000,Addition,Addition,Issued,HACKETTS COVE,District 13,0,1,Dwelling - Single Detached,44.55097516298076,-63.94217953221273
1881,BPRES-2025-10388,2025-08-20,450000,New Building,New Building,Completed,HEAD OF JEDDORE,District 02,1,1,Dwelling - Single Detached,44.747800740972814,-63.05262219110655
1882,BPRES-2025-10536,2025-09-12,475425.46,New Building,New Building,Completed,BROOKSIDE,District 13,1,1,Dwelling - Single Detached,44.55553129549899,-63.72514994289621
1883,BPRES-2025-10605,2025-07-22,400000,New Building,New Building,Issued,SEABRIGHT,District 13,1,1,Dwelling - Backyard Suite,44.62158567072661,-63.92295515708599
1884,BPRES-2025-10786,2025-09-22,850000,New Building,New Building,Amendment Application Incomplete,HALIFAX,District 09,1,2,Dwelling - Single Detached,44.648218535412084,-63.60975666537123
1885,BPRES-2025-11006,2025-09-03,480000,New Building,New Building,Issued,SHIP HARBOUR,District 02,2,1,Dwelling - Semi-Detached,44.79346033217835,-62.88802915772851
1886,BPRES-2025-11204,2025-08-26,1000,Renovation,Renovation,Completed,HEAD OF ST MARGARETS BAY,District 13,1,2,Dwelling - Backyard Suite,44.68116023923515,-63.90973373900298
1887,BPRES-2025-11360,2025-07-28,275000,New Building,New Building,Issued,BEECHVILLE,District 12,1,3,Dwelling - Single Detached,44.637018407344904,-63.67454083473888
1888,BPRES-2025-11413,2025-08-08,280000,New Building,New Building,Completed,DUTCH SETTLEMENT,District 01,1,1,Dwelling - Backyard Suite,44.98483614462408,-63.46051650948916
1889,BPRES-2025-11591,2025-08-27,200000,New Building,New Building,Issued,HACKETTS COVE,District 13,0,1,Accessory Structure,44.55097516298076,-63.94217953221273
1890,BPRES-2025-11718,,18000,Renovation,Renovation,Withdrawn,COLE HARBOUR,District 04,1,3,Dwelling - Townhouse,44.67945137735094,-63.49085388744232
1891,BPRES-2025-11866,2025-08-18,400000,New Building,New Building,Issued,HALIFAX,District 11,4,3,Dwelling - Semi-Detached,44.5868508067294,-63.5890128540907
1892,BPRES-2025-11951,2025-09-23,650000,New Building,New Building,Issued,DARTMOUTH,District 06,1,3,Dwelling - Single Detached,44.704916798172746,-63.55216568836567
1893,BPRES-2025-12069,2025-08-20,600000,New Building,New Building,Issued,BEDFORD,District 16,1,1,Dwelling - Single Detached,44.7206495132136,-63.716416633500955
1894,BPRES-2025-12166,2025-08-28,125000,New Building,New Building,Issued,LEWIS LAKE,District 13,0,1,Accessory Structure,44.67207149278881,-63.832941509611025
1895,BPRES-2025-12357,2025-08-28,250000,New Building,New Building,Issued,HALIFAX,District 11,1,3,Dwelling - Single Detached,44.61079990733348,-63.60515816818258
1896,BPRES-2025-12493,2026-03-18,375000,New Building,New Building,Issued,MUSQUODOBOIT HARBOUR,District 02,1,1,Dwelling - Single Detached,44.824649548845876,-63.2022437764078
1897,BPRES-2025-12568,2025-08-22,800000,New Building,New Building,Cancelled,OAKFIELD,District 01,1,1,Dwelling - Single Detached,44.91560899912703,-63.580445773004854
1898,BPRES-2025-12715,2025-09-24,5000,Renovation,Renovation,Issued,HALIFAX,District 11,0,1,Accessory Structure,44.62368302093334,-63.62141132824296
1899,BPRES-2025-12925,2025-09-05,60000,New Building,New Building,Issued,OSTREA LAKE,District 02,0,1,Accessory Structure,44.751505954376896,-63.11198896460243
1900,BPRES-2025-13118,2025-09-02,20000,New Building,New Building,Completed,LOWER SACKVILLE,District 15,0,1,Accessory Structure,44.76696636879558,-63.63623832534385
1901,BPRES-2025-13267,2025-09-10,40000,New Building,New Building,Issued,WYSES CORNER,District 01,0,1,Accessory Structure,44.960731859474386,-63.29400941168863
1902,BPRES-2025-13349,2026-05-15,700000,New Building,New Building,Issued,DARTMOUTH,District 05,1,3,Dwelling - Single Detached,44.670400092574184,-63.58309229463951
1903,BPRES-2025-13429,2025-10-01,1600000,New Building,New Building,Issued,BEDFORD,District 16,5,2,Dwelling - Townhouse,44.70836524574126,-63.72661909540391
1904,BPRES-2025-13613,,300000,Addition,Addition,Withdrawn,FALL RIVER,District 01,0,3,Dwelling - Single Detached,44.81534040682348,-63.61599479928095
1905,BPRES-2025-13721,2025-11-05,100000,Addition,Addition,Issued,HALIFAX,District 11,1,2,Dwelling - Multiple Units,44.614384494918724,-63.57962721177738
1906,BPRES-2025-13899,2025-10-17,20000,New Building,New Building,Issued,FALL RIVER,District 01,0,1,Accessory Structure,44.82851465443449,-63.59792943429752
1907,BPRES-2025-13990,2025-09-23,300000,New Building,New Building,Issued,BEAVER BANK,District 15,2,2,Dwelling - Multiple Units,44.82697322953116,-63.67315038786943
1908,BPRES-2025-14191,,30000,New Building,New Building,Applicant Revisions,MOSER RIVER,District 02,1,1,Dwelling - Seasonal,45.00030807907524,-62.26732865585741
1909,BPRES-2025-14272,,2500,Renovation,Renovation,Withdrawn,HALIFAX,District 09,1,2,Dwelling - Multiple Units,44.640335773179714,-63.623583546080354
1910,BPRES-2025-14426,2025-10-17,85000,Renovation,Renovation,Completed,WESTPHAL,District 04,1,2,Dwelling - Multiple Units,44.69431155811573,-63.49242885574442
1911,BPRES-2025-14574,2025-12-12,75000,Renovation,Renovation,Issued,ELMSDALE,District 01,3,2,Dwelling - Multiple Units,44.968705715447086,-63.48358380549355
1912,BPRES-2025-14692,2025-10-14,85000,New Building,New Building,Issued,WELLINGTON,District 01,0,1,Accessory Structure,44.88707641655232,-63.62656889640134
1913,BPRES-2025-14815,2025-09-26,800000,New Building,New Building,Completed,HAMMONDS PLAINS,District 14,1,2,Dwelling - Single Detached,44.72162381118423,-63.76969626608091
1914,BPRES-2025-14928,2025-10-30,250000,New Building,New Building,Issued,LOWER EAST CHEZZETCOOK,District 02,1,1,Dwelling - Single Detached,44.68281867740516,-63.215957603810075
1915,BPRES-2025-15003,2025-10-20,50000,Renovation,Renovation,Completed,WESTPHAL,District 04,1,2,Dwelling - Multiple Units,44.69084476463571,-63.49464296914144
1916,BPRES-2025-15134,2025-11-13,5000,Addition,Addition,Issued,HALIFAX,District 08,0,1,Dwelling - Townhouse,44.66632968154244,-63.60658957109041
1917,BPRES-2025-15298,2025-10-17,600000,New Building,New Building,Issued,DEVON,District 01,2,3,Dwelling - Multiple Units,44.9007780580017,-63.43219430643003
1918,BPRES-2025-15452,2025-12-04,70000,New Building,New Building,Cancelled,KINSAC,District 15,1,1,Dwelling - Seasonal,44.84498483222667,-63.660536625502964
1919,BPRES-2025-15589,2025-10-28,5000,New Building,New Building,Completed,SHEET HARBOUR,District 02,0,1,Accessory Structure,44.929789554985824,-62.55608183275173
1920,BPRES-2025-15744,2025-11-27,60000,Addition,Addition,Issued,LAWRENCETOWN,District 02,1,1,Dwelling - Backyard Suite,44.658287887000704,-63.3623010246814
1921,BPRES-2025-15829,2026-03-11,20000,New Building,New Building,Issued,TANGIER,District 02,0,2,Accessory Structure,44.805292025129184,-62.67721061760437
1922,BPRES-2025-15926,2025-10-31,40000,Renovation,Renovation,Completed,DARTMOUTH,District 03,1,2,Dwelling - Multiple Units,44.671442093042906,-63.520470629087676
1923,BPRES-2025-16027,,654500,New Building,New Building,Applicant Revisions,HALIFAX,District 10,4,2,Dwelling - Semi-Detached,44.67896471640277,-63.66010641555894
1924,BPRES-2025-16136,2026-06-08,200000,Addition,Addition,Issued,HALIFAX,District 12,1,2,Dwelling - Multiple Units,44.67776604354747,-63.669251619987726
1925,BPRES-2025-16234,2025-11-12,300000,New Building,New Building,Issued,WEST PETPESWICK,District 02,1,1,Dwelling - Single Detached,44.7382913956837,-63.17997281549434
1926,BPRES-2025-16342,2025-11-04,300000,New Building,New Building,Issued,WILLIAMSWOOD,District 11,1,1,Dwelling - Single Detached,44.537183415796164,-63.65668991655307
1927,BPRES-2025-16477,2026-02-19,200000,New Building,New Building,Issued,EAST PETPESWICK,District 02,1,1,Dwelling - Single Detached,44.73829815958456,-63.1462878584575
1928,BPRES-2025-16636,2025-11-21,600000,New Building,New Building,Issued,,District 01,3,1,Dwelling - Multiple Units,44.960459220915084,-63.23998325318441
1929,BPRES-2025-16783,2025-11-17,32500,Addition,Addition,Completed,HAMMONDS PLAINS,District 14,0,1,Dwelling - Single Detached,44.733910652327395,-63.73271220528522
1930,BPRES-2025-16927,2025-11-20,300000,New Building,New Building,Issued,EAST PETPESWICK,District 02,1,1,Dwelling - Single Detached,44.737530966504345,-63.147047414389526
1931,BPRES-2025-17038,2025-11-20,400000,New Building,New Building,Issued,BEDFORD,District 16,1,3,Dwelling - Single Detached,44.70941935007824,-63.7271453832996
1932,BPRES-2025-17189,2026-04-23,350000,New Building,New Building,Issued,LUCASVILLE,District 14,2,1,Dwelling - Semi-Detached,44.757717304193086,-63.73080333862595
1933,BPRES-2025-17342,2025-12-01,7000,New Building,New Building,Completed,HAMMONDS PLAINS,District 14,0,1,Accessory Structure,44.73856436490755,-63.7936227764422
1934,BPRES-2025-17462,2025-11-19,509000,New Building,New Building,Issued,FALL RIVER,District 01,1,2,Dwelling - Single Detached,44.835636482979474,-63.63288920667353
1935,BPRES-2025-17576,,200000,New Building,New Building,Applicant Revisions,HALIFAX,District 07,0,1,Accessory Structure,44.62601098667827,-63.5769068435343
1936,BPRES-2025-17748,2026-01-09,1000000,New Building,New Building,Issued,GLEN MARGARET,District 13,1,2,Dwelling - Single Detached,44.586797365941955,-63.927498853774345
1937,BPRES-2025-17915,2025-12-22,500000,New Building,New Building,Issued,HALIFAX,District 11,4,2,Dwelling - Multiple Units,44.60217562206806,-63.60589745608953
1938,BPRES-2025-18046,2025-12-01,400000,New Building,New Building,Issued,HALIFAX,District 11,4,3,Dwelling - Semi-Detached,44.586833442387494,-63.589785918642285
1939,BPRES-2025-18183,2026-02-05,1000,Renovation,Renovation,Completed,MIDDLE SACKVILLE,District 14,0,2,Dwelling - Single Detached,44.78808075025437,-63.702910974124
1940,BPRES-2025-18365,2026-01-22,1100,Renovation,Renovation,Completed,MIDDLE SACKVILLE,District 14,0,1,Dwelling - Single Detached,44.78266479872737,-63.70007532689228
1941,BPRES-2025-18526,2025-12-15,450000,New Building,New Building,Issued,FALL RIVER,District 01,1,3,Dwelling - Single Detached,44.838070702810704,-63.64086220215909
1942,BPRES-2025-18665,2026-06-16,35000,New Building,New Building,Issued,LOWER SACKVILLE,District 15,0,1,Accessory Structure,44.7679410782128,-63.67001558292811
1943,BPRES-2025-18871,2025-12-30,1100000,New Building,New Building,Issued,BEDFORD,District 16,1,2,Dwelling - Single Detached,44.705573454496644,-63.72380512019852
1944,BPRES-2025-18974,2026-01-02,89000,Renovation,Renovation,Completed,COLE HARBOUR,District 04,0,2,Dwelling - Single Detached,44.654189011921254,-63.484242258994286
1945,BPRES-2025-19066,2026-04-13,250000,Renovation,Renovation,Issued,HALIFAX,District 10,1,2,Dwelling - Multiple Units,44.65822643131027,-63.64388986939107
1946,BPRES-2026-00062,,13000,Renovation,Renovation,Cancelled,COLE HARBOUR,District 04,0,2,Dwelling - Multiple Units,44.66017228348204,-63.48820043484989
1947,BPRES-2026-00155,2026-01-21,895000,New Building,New Building,Issued,HAMMONDS PLAINS,District 14,1,3,Dwelling - Single Detached,44.722881553623985,-63.770832244446765
1948,BPRES-2026-00263,,40000,New Building,New Building,Applicant Revisions,,District 02,1,2,Dwelling - Single Detached,44.756088332135306,-63.17522160650054
1949,BPRES-2026-00428,2026-01-27,550000,New Building,New Building,Issued,UPPER SACKVILLE,District 14,1,2,Dwelling - Single Detached,44.82021330008304,-63.754160892288546
1950,BPRES-2026-00574,2026-02-10,14000,New Building,New Building,Issued,HALIFAX,District 10,0,1,Accessory Structure,44.64913467197302,-63.646025800816716
1951,BPRES-2026-00657,2026-01-26,414000,New Building,New Building,Issued,DARTMOUTH,District 06,2,1,Dwelling - Multiple Units,44.71587539535258,-63.538351633663815
1952,BPRES-2026-00808,2026-01-26,8000,New Building,New Building,Issued,WHITES LAKE,District 13,0,1,Accessory Structure,44.52158810509192,-63.764616962996854
1953,BPRES-2026-01018,,200000,New Building,New Building,Applicant Revisions,LAWRENCETOWN,District 02,1,2,Dwelling - Backyard Suite,44.6439809131534,-63.38892688900314
1954,BPRES-2026-01184,2026-02-04,500000,New Building,New Building,Issued,DEVON,District 01,1,1,Dwelling - Single Detached,44.90155320038987,-63.430944385310134
1955,BPRES-2026-01387,,180000,New Building,New Building,Withdrawn,TERENCE BAY,District 13,1,1,Dwelling - Single Detached,44.47433129025172,-63.72250645803395
1956,BPRES-2026-01492,2026-04-14,100000,Renovation,Renovation,Issued,HALIFAX,District 07,0,2,Dwelling - Single Detached,44.62315069202102,-63.572778345239996
1957,BPRES-2026-01597,,120000,New Building,New Building,Applicant Revisions,HALIFAX,District 09,1,2,Dwelling - Backyard Suite,44.637292247901655,-63.621613962562485
1958,BPRES-2026-01746,2026-02-26,450000,New Building,New Building,Issued,BEDFORD,District 16,1,3,Dwelling - Single Detached,44.710008654554386,-63.726518771476556
1959,BPRES-2026-01874,2026-03-24,3500,Renovation,Renovation,Completed,HALIFAX,District 11,1,2,Dwelling - Multiple Units,44.6350140641252,-63.622521634253665
1960,BPRES-2026-02027,,22000,New Building,New Building,Applicant Revisions,MINEVILLE,District 02,0,1,Accessory Structure,44.698699728992054,-63.37562526818038
1961,BPRES-2026-02206,2026-03-23,50000,New Building,New Building,Issued,LAWRENCETOWN,District 02,0,1,Accessory Structure,44.65011492841918,-63.410523474723526
1962,BPRES-2026-02341,,65000,Addition,Addition,Applicant Revisions,THREE FATHOM HARBOUR,District 02,0,1,Dwelling - Single Detached,44.65831768561106,-63.29241477813069
1963,BPRES-2026-02448,2026-05-26,200000,New Building,New Building,Issued,BEDFORD,District 16,5,3,Dwelling - Townhouse,44.70655058652364,-63.70958308692209
1964,BPRES-2026-02567,,,New Building,New Building,Application Incomplete,LAKE ECHO,District 02,1,1,Dwelling - Single Detached,44.75233336978447,-63.39124053816702
1965,BPRES-2026-02729,2026-04-08,92000,Renovation,Renovation,Issued,COLE HARBOUR,District 04,1,1,Dwelling - Multiple Units,44.66173338831607,-63.48870590553326
1966,BPRES-2026-02824,,100000,Addition,Addition,Withdrawn,HALIFAX,District 11,0,2,Dwelling - Single Detached,44.630278802584584,-63.60690433702111
1967,BPRES-2026-02958,2026-04-20,400000,New Building,New Building,Issued,HALIFAX,District 11,4,3,Dwelling - Semi-Detached,44.598988555512754,-63.60078920694601
1968,BPRES-2026-02962,2026-04-21,400000,New Building,New Building,Issued,HALIFAX,District 11,4,3,Dwelling - Semi-Detached,44.59876417198202,-63.60132712186961
1969,BPRES-2026-02985,2026-04-01,425000,New Building,New Building,Amendment Review,DARTMOUTH,District 06,1,3,Dwelling - Single Detached,44.716494940645,-63.538101740930834
1970,BPRES-2026-03129,,250000,New Building,New Building,Applicant Revisions,BEAR COVE,District 11,1,1,Dwelling - Backyard Suite,44.533842906764974,-63.54229643808292
1971,BPRES-2026-03329,2026-04-08,60000,New Building,New Building,Issued,UPPER TANTALLON,District 13,0,1,Accessory Structure,44.71719652119838,-63.88124856196464
1972,BPRES-2026-03427,2026-04-20,400000,New Building,New Building,Amendment Review,HALIFAX,District 11,4,3,Dwelling - Semi-Detached,44.58715310821817,-63.589402594812654
1973,BPRES-2026-03534,,10000,Renovation,Renovation,Application Incomplete,FALL RIVER,District 01,1,2,Dwelling - Multiple Units,44.81674394730377,-63.622614115508426
1974,BPRES-2026-03603,2026-04-21,1158446,New Building,New Building,Issued,DARTMOUTH,District 03,6,3,Dwelling - Townhouse,44.66276220253699,-63.53802320487331
1975,BPRES-2026-03764,2026-04-15,2000,Renovation,Renovation,Completed,LOWER SACKVILLE,District 15,0,1,Dwelling - Single Detached,44.77541959546541,-63.65978453198345
1976,BPRES-2026-03868,2026-04-13,700000,New Building,New Building,Amendment Review,HEAD OF ST MARGARETS BAY,District 13,1,1,Dwelling - Single Detached,44.66640955352572,-63.91449623934103
1977,BPRES-2026-03952,2026-05-04,8000,Renovation,Renovation,Completed,COLE HARBOUR,District 04,0,1,Dwelling - Single Detached,44.64692045087522,-63.48157524832877
1978,BPRES-2026-04109,2026-04-17,20000,New Building,New Building,Issued,WEST CHEZZETCOOK,District 02,0,1,Accessory Structure,44.71219687598372,-63.28811820450797
1979,BPRES-2026-04225,2026-04-17,10000,New Building,New Building,Issued,EASTERN PASSAGE,District 03,0,1,Accessory Structure,44.618056312700034,-63.48314868615942
1980,BPRES-2026-04370,2026-04-28,100000,Renovation,Renovation,Issued,DARTMOUTH,District 06,1,1,Dwelling - Multiple Units,44.6782438708515,-63.544453269380654
1981,BPRES-2026-04452,,20000,Renovation,Renovation,Cancelled,HALIFAX,District 08,0,3,Accessory Structure,44.661765724807644,-63.6045109326828
1982,BPRES-2026-04563,2026-04-28,75000,New Building,New Building,Issued,,District 02,1,1,Dwelling - Backyard Suite,44.78987201009829,-63.095811018703095
1983,BPRES-2026-04658,2026-05-20,450000,New Building,New Building,Issued,MIDDLE SACKVILLE,District 14,1,2,Dwelling - Single Detached,44.799458629926924,-63.752482992837265
1984,BPRES-2026-04788,,374400,New Building,New Building,Application Incomplete,MIDDLE SACKVILLE,District 14,2,2,Dwelling - Single Detached,44.80697143204491,-63.74839866893153
1985,BPRES-2026-04937,2026-05-08,28000,New Building,New Building,Completed,SALMON RIVER BRIDGE,District 02,0,1,Accessory Structure,44.77594461341578,-63.0266979100121
1986,BPRES-2026-05082,,120000,New Building,New Building,Applicant Revisions,LUCASVILLE,District 14,0,1,Accessory Structure,44.75745495323749,-63.73410539807068
1987,BPRES-2026-05282,2026-05-15,30634,New Building,New Building,Issued,WYSES CORNER,District 01,0,1,Accessory Structure,44.962788842511145,-63.267164345819026
1988,BPRES-2026-05432,,70000,Addition,Addition,Applicant Revisions,HALIFAX,District 11,0,2,Dwelling - Single Detached,44.63029396300032,-63.616032671403815
1989,BPRES-2026-05571,2026-06-04,580000,New Building,New Building,Issued,FALL RIVER,District 01,1,2,Dwelling - Single Detached,44.84172550697035,-63.64203553191335
1990,BPRES-2026-05703,2026-05-22,12000,New Building,New Building,Issued,HAMMONDS PLAINS,District 14,0,1,Accessory Structure,44.721053814574546,-63.74407932620817
1991,BPRES-2026-05799,2026-05-21,90000,New Building,New Building,Issued,HUBLEY,District 13,1,1,Dwelling - Single Detached,44.674863689262565,-63.82288236103295
1992,BPRES-2026-05933,2026-05-21,30579,New Building,New Building,Issued,EASTERN PASSAGE,District 03,0,1,Accessory Structure,44.618167116705756,-63.46512790349596
1993,BPRES-2026-06067,,240000,Addition,Addition,Applicant Revisions,FLETCHERS LAKE,District 01,2,1,Dwelling - Multiple Units,44.83914968313685,-63.60712074589603
1994,BPRES-2026-06213,2026-05-22,34000,New Building,New Building,Issued,BEAVER BANK,District 15,0,1,Accessory Structure,44.80764672177858,-63.68218322393346
1995,BPRES-2026-06405,,100000,Addition,Addition,In Review,DARTMOUTH,District 05,2,2,Dwelling - Multiple Units,44.66687123687047,-63.58026037636318
1996,BPRES-2026-06591,,70000,New Building,New Building,Application Incomplete,HALIFAX,District 09,0,1,Accessory Structure,44.64473761916873,-63.59087188046122
1997,BPRES-2026-06738,,200000,Renovation,Renovation,Applicant Revisions,HALIFAX,District 08,1,2,Dwelling - Backyard Suite,44.668465863764695,-63.60642938583352
1998,BPRES-2026-06870,,95000,New Building,New Building,Applicant Revisions,NORTH PRESTON,District 04,0,2,Accessory Structure,44.74911140883028,-63.465734995640794
1999,BPRES-2026-06985,,150000,Addition,Addition,In Review,WAVERLEY,District 01,0,1,Dwelling - Single Detached,44.74103542555536,-63.54725939146103
2000,BPRES-2026-07093,,450000,New Building,New Building,In Review,UPPER TANTALLON,District 13,1,1,Dwelling - Single Detached,44.684713857922006,-63.86165864966305
2001,BPRES-2026-07289,2026-06-16,400000,New Building,New Building,Issued,WEST JEDDORE,District 02,1,1,Dwelling - Single Detached,44.72260512403752,-63.0494493647465
2002,BPRES-2026-07417,2026-06-08,25000,New Building,New Building,Issued,WEST PORTERS LAKE,District 02,0,1,Accessory Structure,44.69446679925302,-63.310234913143944
2003,BPRES-2026-07657,2026-06-15,20000,New Building,New Building,Issued,EASTERN PASSAGE,District 03,0,1,Accessory Structure,44.62305059283715,-63.45082849603786
2004,BPRES-2026-07841,,400000,New Building,New Building,Application Incomplete,,District 11,4,3,Dwelling - Semi-Detached,44.62449443929778,-63.593661744459624
2005,BPRES-2026-08008,2026-06-23,17200,Renovation,Renovation,Issued,HALIFAX,District 08,0,1,Dwelling - Single Detached,44.65699745095211,-63.59090855987616
2006,BPRES-2026-08141,,450000,New Building,New Building,In Review,,District 13,1,3,Dwelling - Single Detached,44.71776101634171,-63.864511171749335
2007,BPRES-2026-08332,,450000,New Building,New Building,In Review,,District 11,1,2,Dwelling - Backyard Suite,44.534519421225845,-63.54318060610311
2008,BPRES-2026-08463,,70000,New Building,New Building,Submitted,MIDDLE SACKVILLE,District 14,0,2,Accessory Structure,44.81926976316917,-63.73318570314253
2009,BPRES-2026-08712,,45000,Renovation,Renovation,In Review,DARTMOUTH,District 03,1,2,Dwelling - Multiple Units,44.64901085915545,-63.53601477054988
2010,BPRES-2026-08964,,100000,Addition,Addition,In Review,TANTALLON,District 13,0,2,Dwelling - Single Detached,44.65391951839786,-63.911822793531606
2011,BP-2020-00033,,95000,Renovation,Renovation,Application Incomplete,HALIFAX,District 09,0,2,Dwelling - Single Detached,44.645698649667,-63.61167403783389
2012,BP-2020-00069,2021-01-12,260000,New Building,New Building,Completed,BEAVER BANK,District 15,1,2,Dwelling - Single Detached,44.81635006705226,-63.69020944202974
2013,BP-2020-00091,2021-02-26,553600,New Building,New Building,Completed,MIDDLE SACKVILLE,District 14,1,2,Dwelling - Single Detached,44.78029447656654,-63.74307109430927
2014,BP-2020-00149,2021-01-12,366000,New Building,New Building,Completed,OAKFIELD,District 01,1,2,Dwelling - Single Detached,44.921043582800635,-63.56130284093821
2015,BP-2020-00194,,60000,Renovation,Renovation,Withdrawn,DARTMOUTH,District 05,1,1,Dwelling - Single Detached,44.680369058334,-63.58698474024873
2016,BP-2020-00245,2021-04-06,355000,Renovation,Renovation,Completed,HALIFAX,District 08,0,2,Commercial,44.65327037470932,-63.58496561491183
2017,BP-2020-00265,2021-06-18,4298004,New Building,New Building,Completed,HALIFAX,District 11,38,4,Mixed Use - Residential & Other Use(s),44.62228578904793,-63.61721742745506
2018,BP-2020-00361,2021-07-30,27000,New Building,New Building,Completed,HALIFAX,District 09,0,2,Accessory Structure,44.650589195540476,-63.60385326870498
2019,BP-2020-00400,2021-03-04,600000,New Building,New Building,Completed,,District 06,4,3,Dwelling - Townhouse,,
2020,BP-2020-00418,2021-03-16,5000,Renovation,Renovation,Expired,DARTMOUTH,District 03,0,2,Dwelling - Single Detached,44.66601534699101,-63.51566894324082
2021,BP-2020-00451,2021-05-05,200000,Renovation,Renovation,Completed,DARTMOUTH,District 06,0,1,Commercial,44.68007777579043,-63.536917783924736
2022,BP-2020-00490,2021-02-03,80000,New Building,New Building,Completed,HUBLEY,District 13,1,1,Dwelling - Single Detached,44.680687443738336,-63.82540798627097
2023,BP-2020-00536,2021-01-22,64000,Renovation,Renovation,Completed,HALIFAX,District 09,0,1,Commercial,44.6481141818208,-63.62227380748051
2024,BP-2020-00559,2023-02-13,15000000,New Building,New Building,Issued,HALIFAX,District 07,350,23,Mixed Use - Residential & Other Use(s),44.64565149126535,-63.57239533124643
2025,BP-2020-00645,2021-09-14,1690000,New Building,New Building,Completed,MIDDLE SACKVILLE,District 14,0,2,Commercial,44.79940441134441,-63.73201970353426
2026,BP-2020-00734,2021-01-26,87000,New Building,New Building,Expired (Closed),WEST PENNANT,District 11,0,2,Accessory Structure,44.471252720311725,-63.65302211913589
2027,BP-2021-00055,2021-03-11,150000,Addition,Addition,Completed,STILLWATER LAKE,District 13,0,3,Dwelling - Single Detached,44.70226712665648,-63.84819020716034
2028,BP-2021-00090,2021-01-18,473000,New Building,New Building,Completed,WEST CHEZZETCOOK,Unidentified,1,2,Dwelling - Single Detached,44.72055984362183,-63.27418952431959
2029,BP-2021-00170,2023-09-29,240000,New Building,New Building,Expired,SAMBRO,District 11,0,1,Commercial,44.4795606292635,-63.6067890048153
2030,BP-2021-00215,,22000,Addition,Addition,Applicant Revisions,BEAVER BANK,District 15,0,1,Accessory Structure,44.79295585850759,-63.68556141387012
2031,BP-2021-00251,2021-01-22,10000,Addition,Addition,Expired (Closed),WEST PORTERS LAKE,District 02,0,2,Accessory Structure,44.698038760113164,-63.3039310834338
2032,BP-2021-00301,2021-05-19,405000,New Building,New Building,Completed,WELLINGTON,District 01,1,1,Dwelling - Single Detached,44.864977236424984,-63.629711955583254
2033,BP-2021-00356,2021-02-12,27500,Renovation,Renovation,Completed,DARTMOUTH,District 03,1,2,Dwelling - Multiple Units,44.661488329990554,-63.54815753585164
2034,BP-2021-00418,2021-01-22,350000,New Building,New Building,Completed,HEAD OF JEDDORE,District 02,1,2,Dwelling - Single Detached,44.748987596579866,-63.043823109980885
2035,BP-2021-00466,2021-02-03,54651.9,Renovation,Renovation,Completed,STILLWATER LAKE,District 13,0,3,Dwelling - Single Detached,44.703489166811295,-63.84238033898829
2036,BP-2021-00562,2021-02-22,604000,New Building,New Building,Completed,MIDDLE SACKVILLE,District 14,1,2,Dwelling - Single Detached,44.77890676440563,-63.738729048105995
2037,BP-2021-00595,,7000,Renovation,Renovation,Withdrawn,GOODWOOD,District 13,1,2,Dwelling - Single Detached,44.596018125265566,-63.69734620482703
2038,BP-2021-00617,2021-04-01,180000,New Building,New Building,Completed,TIMBERLEA,District 12,1,3,Dwelling - Single Detached,44.64029964283465,-63.72338657841778
2039,BP-2021-00705,2021-10-04,400000,New Building,New Building,Completed,WEST PORTERS LAKE,District 02,1,1,Dwelling - Single Detached,44.68710372911811,-63.3132780468196
2040,BP-2021-00730,2021-04-08,260000,New Building,New Building,Completed,TIMBERLEA,District 12,1,2,Dwelling - Single Detached,44.641612523294405,-63.71943210043816
2041,BP-2021-00748,2022-10-26,16000,Addition,Addition,Issued,HALIFAX,District 10,0,1,Dwelling - Single Detached,44.65910457224382,-63.64759178013589
2042,BP-2021-00768,2021-02-09,417000,New Building,New Building,Completed,FALL RIVER,District 01,1,1,Dwelling - Single Detached,44.82264138313236,-63.64206699327525
2043,BP-2021-00812,2021-02-02,204800,New Building,New Building,Completed,DARTMOUTH,District 06,1,3,Dwelling - Single Detached,44.69834610590258,-63.53524291339284
2044,BP-2021-00850,2021-03-25,200000,New Building,New Building,Completed,TIMBERLEA,District 12,1,2,Dwelling - Single Detached,44.641642329828024,-63.72110038710703
2045,BP-2021-00885,,,Renovation,Renovation,Withdrawn,DARTMOUTH,District 06,0,,Dwelling - Multiple Units,44.70008756519851,-63.55164157598905
2046,BP-2021-00911,2021-04-12,200000,New Building,New Building,Completed,TIMBERLEA,District 12,1,2,Dwelling - Single Detached,44.642057003726315,-63.7193432329826
2047,BP-2021-00946,2021-04-13,175000,New Building,New Building,Completed,HUBLEY,District 13,1,2,Dwelling - Single Detached,44.662937347248615,-63.79244132116396
2048,BP-2021-00981,2021-03-16,229715,Renovation,Renovation,Expired (Closed),HALIFAX,District 08,0,4,Commercial,44.65301630700389,-63.597780425646086
2049,BP-2021-01050,2021-02-23,81000,Addition,Addition,Expired,HALIFAX,District 07,0,1,Dwelling - Single Detached,44.63567513337151,-63.584830918017595
2050,BP-2021-01093,2021-04-15,73147556,New Building,New Building,Completed,HALIFAX,District 07,235,16,Mixed Use - Residential & Other Use(s),44.64265359570287,-63.568647165611964
2051,BP-2021-01224,2021-05-05,600000,New Building,New Building,Cancelled,HALIFAX,District 07,1,2,Dwelling - Single Detached,44.6293964232379,-63.58210254049885
2052,BP-2021-01309,2021-02-22,7000,Renovation,Renovation,Expired,SPRY BAY,District 02,0,1,Dwelling - Seasonal,44.846431173632425,-62.585173165219885
2053,BP-2021-01378,2021-04-27,325000,New Building,New Building,Completed,HERRING COVE,District 11,1,2,Dwelling - Single Detached,44.57884784789228,-63.576175751842136
2054,BP-2021-01406,2021-03-17,799000,New Building,New Building,Completed,BEDFORD,District 16,0,1,Commercial,44.69648874901626,-63.69115911202996
2055,BP-2021-01449,2021-02-25,400000,New Building,New Building,Completed,BEDFORD,District 16,1,2,Dwelling - Single Detached,44.70228879226668,-63.713936215985015
2056,BP-2021-01523,2021-06-09,17700711,New Building,New Building,Completed,,District 16,92,12,Dwelling - Multiple Units,44.7087625246395,-63.71113448058785
2057,BP-2021-01566,,10000,Renovation,Renovation,Withdrawn,DARTMOUTH,District 06,0,3,Commercial,44.68108639595668,-63.53880896891228
2058,BP-2021-01604,2021-02-12,320000,New Building,New Building,Completed,HACKETTS COVE,District 13,1,1,Dwelling - Single Detached,44.546532414476594,-63.93330793336867
2059,BP-2021-01703,2021-02-10,365000,New Building,New Building,Completed,BEDFORD,District 16,1,2,Dwelling - Single Detached,44.703038810840354,-63.7126154141435
2060,BP-2021-01722,2021-04-28,2500,Renovation,Renovation,Completed,HALIFAX,District 12,0,1,Dwelling - Single Detached,44.68122816240524,-63.667713268032315
2061,BP-2021-01773,2021-03-09,200000,New Building,New Building,Amendment Application Incomplete,HALIFAX,District 11,1,2,Dwelling - Single Detached,44.60608299465873,-63.60092587618164
2062,BP-2021-01809,2021-03-04,400000,New Building,New Building,Completed,BEDFORD,District 16,1,3,Dwelling - Single Detached,44.72052333895415,-63.71548396973735
2063,BP-2021-01873,2021-02-19,365000,New Building,New Building,Completed,BEDFORD,District 16,1,2,Dwelling - Single Detached,44.702477538610246,-63.71309755871897
2064,BP-2021-01910,2021-03-09,200000,New Building,New Building,Amendment Application Incomplete,HALIFAX,District 11,1,2,Dwelling - Single Detached,44.60623440127061,-63.60070168722006
2065,BP-2021-01944,2021-02-18,425000,New Building,New Building,Completed,BEDFORD,District 16,1,3,Dwelling - Single Detached,44.70297685851918,-63.716181215400695
2066,BP-2021-01976,2021-02-18,500000,New Building,New Building,Completed,WHITES LAKE,District 13,1,2,Dwelling - Single Detached,44.52104263919801,-63.7644087092534
2067,BP-2021-02017,2021-03-26,500000,New Building,New Building,Cancelled,HALIFAX,District 11,1,2,Dwelling - Single Detached,44.626012751970265,-63.59887514098951
2068,BP-2021-02067,2021-04-09,,New Building,New Building,Issued,KINSAC,District 15,1,1,Dwelling - Single Detached,44.84004185513612,-63.656281074437395
2069,BP-2021-02091,2021-02-23,300000,New Building,New Building,Completed,UPPER SACKVILLE,District 14,1,1,Dwelling - Single Detached,44.80756788196712,-63.75731737951095
2070,BP-2021-02131,2021-02-22,365000,New Building,New Building,Completed,BEDFORD,District 16,1,2,Dwelling - Single Detached,44.70276253526055,-63.71282905601136
2071,BP-2021-02163,2021-03-09,650000,New Building,New Building,Completed,PORTERS LAKE,District 02,1,2,Dwelling - Single Detached,44.71391687801055,-63.29851223027548
2072,BP-2021-02210,2021-03-02,180000,New Building,New Building,Completed,HERRING COVE,District 11,1,1,Dwelling - Single Detached,44.57361411468906,-63.57242418397207
2073,BP-2021-02281,2021-02-26,35000,New Building,New Building,Expired,EASTERN PASSAGE,District 03,0,1,Accessory Structure,44.614685439702285,-63.49570176617802
2074,BP-2021-02339,2021-03-09,200000,New Building,New Building,Completed,HALIFAX,District 11,2,2,Dwelling - Semi-Detached,44.591649468903405,-63.59944066584758
2075,BP-2021-02370,2021-02-26,29000,Renovation,Renovation,Expired (Closed),HALIFAX,District 10,0,2,Dwelling - Single Detached,44.66010342704084,-63.64902603594316
2076,BP-2021-02438,2021-02-26,350000,New Building,New Building,Completed,UPPER TANTALLON,District 13,1,2,Dwelling - Single Detached,44.70548920993134,-63.88962300171626
2077,BP-2021-02458,2021-06-18,42898911,New Building,New Building,Issued,HALIFAX,District 10,324,13,Mixed Use - Residential & Other Use(s),44.65574635745054,-63.6306700490814
2078,BP-2021-02512,2021-02-23,253000,Renovation,Renovation,Completed,GRAND DESERT,District 02,0,2,Dwelling - Single Detached,44.692965321777805,-63.257334702441376
2079,BP-2021-02535,2022-03-21,19000,Renovation,Renovation,Issued,DARTMOUTH,District 03,1,1,Dwelling - Single Detached,44.646746331287815,-63.54039785348939
2080,BP-2021-02596,2021-04-01,330000,Renovation,Renovation,Completed,BEDFORD,District 16,0,1,Commercial,44.70768322861757,-63.70912353647613
2081,BP-2021-02625,2021-05-10,150000,New Building,New Building,Cancelled,HALIFAX,District 11,0,1,Commercial,44.599476047803094,-63.60635009622163
2082,BP-2021-02667,2021-03-04,30000,New Building,New Building,Completed,BEAVER BANK,District 15,0,2,Accessory Structure,44.79886703386648,-63.691876527399636
2083,BP-2021-02700,2021-04-27,150000,Renovation,Renovation,Expired,BEDFORD,District 16,0,2,Dwelling - Multiple Units,44.72949296790176,-63.67077243413394
2084,BP-2021-02737,2021-05-04,30000,New Building,New Building,Completed,WEST CHEZZETCOOK,District 02,0,1,Accessory Structure,44.705510683780574,-63.27029919171416
2085,BP-2021-02801,2021-03-03,18000,Renovation,Renovation,Expired (Closed),HALIFAX,District 07,0,3,Commercial,44.6398287816268,-63.58037391534529
2086,BP-2021-02836,2024-05-24,10000,New Building,New Building,Expired,WILLIAMSWOOD,District 11,0,1,Accessory Structure,44.494905847398094,-63.62677510731734
2087,BP-2021-02885,2021-03-04,80000,Addition,Addition,Expired (Closed),LOWER SACKVILLE,District 15,0,1,Dwelling - Single Detached,44.76241714279216,-63.639717946102536
2088,BP-2021-02911,2021-03-18,300000,New Building,New Building,Completed,HALIFAX,District 11,2,3,Dwelling - Semi-Detached,44.602367182794694,-63.613244758582866
2089,BP-2021-02975,2021-03-05,350000,New Building,New Building,Completed,UPPER TANTALLON,District 13,1,2,Dwelling - Single Detached,44.72388779377563,-63.88925395066426
2090,BP-2021-03020,2021-05-20,25000,New Building,New Building,Expired,LUCASVILLE,District 14,0,1,Accessory Structure,44.74107205674356,-63.747313344462206
2091,BP-2021-03079,2021-05-27,50000,Addition,Addition,Expired (Closed),DARTMOUTH,District 05,0,2,Dwelling - Single Detached,44.67226668763601,-63.5881051689524
2092,BP-2021-03134,2021-04-13,200000,New Building,New Building,Completed,TIMBERLEA,District 12,1,2,Dwelling - Single Detached,44.64173323014983,-63.72086194928934
2093,BP-2021-03154,2021-03-16,190000,New Building,New Building,Completed,HALIFAX,District 10,1,1,Dwelling - Single Detached,44.67733112700997,-63.65846300966362
2094,BP-2021-03220,2021-03-18,58200,Renovation,Renovation,Completed,HALIFAX,District 09,0,3,Dwelling - Single Detached,44.64341894217428,-63.607393776297315
2095,BP-2021-03234,2021-04-23,299999,New Building,New Building,Completed,EAST CHEZZETCOOK,District 02,1,2,Dwelling - Single Detached,44.72967767627549,-63.240911461577554
2096,BP-2021-03280,2021-03-10,400000,New Building,New Building,Completed,MIDDLE SACKVILLE,District 14,1,2,Dwelling - Single Detached,44.790418967941825,-63.76489453825166
2097,BP-2021-03294,2021-04-16,350000,New Building,New Building,Completed,MIDDLE SACKVILLE,District 14,1,2,Dwelling - Single Detached,44.784382361115206,-63.74575063114218
2098,BP-2021-03334,2021-07-16,40000000,New Building,New Building,Completed,GOODWOOD,District 13,0,1,Industrial,44.611952101599606,-63.675698400402695
2099,BP-2021-03362,2021-05-28,116200,Addition,Addition,Expired,MIDDLE SACKVILLE,District 14,1,1,Dwelling - Multiple Units,44.80086071612984,-63.715475210571334
2100,BP-2021-03386,2021-04-16,2500,Renovation,Renovation,Completed,HALIFAX,District 08,1,3,Dwelling - Multiple Units,44.65509783936951,-63.61296913578417
2101,BP-2021-03434,2021-03-19,400000,New Building,New Building,Completed,EASTERN PASSAGE,District 03,1,1,Dwelling - Single Detached,44.617562429951434,-63.476729869453536
2102,BP-2021-03484,2021-03-23,925000,New Building,New Building,Completed,BEDFORD,District 16,1,2,Dwelling - Single Detached,44.7013013736673,-63.71334693082518
2103,BP-2021-03526,2021-04-19,45000,Renovation,Renovation,Completed,HALIFAX,District 08,0,1,Commercial,44.6624245136399,-63.618862336660314
2104,BP-2021-03584,2021-03-31,50000,Renovation,Renovation,Expired,BEDFORD,District 16,0,1,Dwelling - Multiple Units,44.7293579169101,-63.67050630190153
2105,BP-2021-03613,2021-03-16,350000,New Building,New Building,Completed,UPPER TANTALLON,District 13,1,2,Dwelling - Single Detached,44.723576967504584,-63.88977104548705
2106,BP-2021-03661,2021-04-13,200000,New Building,New Building,Completed,TIMBERLEA,District 12,1,2,Dwelling - Single Detached,44.64169303887522,-63.72098489917903
2107,BP-2021-03726,2021-03-19,200000,New Building,New Building,Amendment Application Incomplete,HALIFAX,District 11,1,3,Dwelling - Single Detached,44.607988197306604,-63.60057500651372
2108,BP-2021-03775,2021-03-15,530000,New Building,New Building,Completed,BEDFORD,District 16,1,2,Dwelling - Single Detached,44.70322802090999,-63.717127857780426
2109,BP-2021-03805,2021-11-30,17355000,New Building,New Building,Completed,DARTMOUTH,District 05,89,6,Dwelling - Multiple Units,44.67509321526983,-63.582960126860065
2110,BP-2021-03825,2021-03-23,530000,New Building,New Building,Completed,BEDFORD,District 16,1,2,Dwelling - Single Detached,44.702639597997006,-63.714681278051216
2111,BP-2021-03880,2021-03-23,495000,New Building,New Building,Completed,BEDFORD,District 16,1,3,Dwelling - Single Detached,44.70333965329149,-63.71755691778966
2112,BP-2021-03907,2021-04-08,260000,New Building,New Building,Completed,TIMBERLEA,District 12,1,2,Dwelling - Single Detached,44.64150213896793,-63.71993800191977
2113,BP-2021-03922,2021-03-24,57500,Renovation,Renovation,Completed,DARTMOUTH,District 05,0,2,Dwelling - Multiple Units,44.67409960418425,-63.57610872042035
2114,BP-2021-03971,2021-04-12,11000,Renovation,Renovation,Expired,HALIFAX,District 07,0,15,Dwelling - Multiple Units,44.641981880085865,-63.57829272056136
2115,BP-2021-04070,,2000,Renovation,Renovation,Applicant Revisions,HALIFAX,District 07,1,2,Dwelling - Multiple Units,44.6318463698449,-63.57276491647454
2116,BP-2021-04105,2021-03-22,400000,New Building,New Building,Completed,BEDFORD,District 16,1,2,Dwelling - Single Detached,44.70230195564188,-63.715703270653
2117,BP-2021-04141,2021-07-30,500000,New Building,New Building,Expired,HALIFAX,District 10,1,2,Dwelling - Single Detached,44.67567109456578,-63.64979712513726
2118,BP-2021-04224,2021-05-07,650000,New Building,New Building,Completed,PORTUGUESE COVE,District 11,1,2,Dwelling - Single Detached,44.527697345986745,-63.53620398519656
2119,BP-2021-04250,2021-11-19,1500,Renovation,Renovation,Completed,HALIFAX,District 11,1,2,Dwelling - Multiple Units,44.63351413141589,-63.62338994510421
2120,BP-2021-04282,2021-04-13,30000,New Building,New Building,Completed,COLE HARBOUR,District 04,0,1,Accessory Structure,44.68163322756371,-63.48700640700104
2121,BP-2021-04313,2021-08-06,117602,Addition,Addition,Expired (Closed),HALIFAX,District 07,0,2,Dwelling - Single Detached,44.6335293980511,-63.58078089298922
2122,BP-2021-04351,,40000,Renovation,Renovation,Withdrawn,DARTMOUTH,District 05,0,2,Dwelling - Single Detached,44.68237877930116,-63.56375362601421
2123,BP-2021-04386,2021-04-01,160000,New Building,New Building,Completed,TIMBERLEA,District 12,1,3,Dwelling - Single Detached,44.64020057911741,-63.72337778790461
2124,BP-2021-04407,2021-04-26,27255,Renovation,Renovation,Expired,EAST PENNANT,District 11,0,2,Dwelling - Single Detached,44.46628708830084,-63.63204263946218
2125,BP-2021-04432,,867000,New Building,New Building,Withdrawn,WELLINGTON,District 01,1,1,Dwelling - Single Detached,44.85348251856422,-63.611532098451896
2126,BP-2021-04473,2021-05-28,450000,New Building,New Building,Completed,MIDDLE SACKVILLE,District 14,1,2,Dwelling - Single Detached,44.78815775001993,-63.74372904183514
2127,BP-2021-04492,2021-03-25,17000,New Building,New Building,Expired,MYERS POINT,District 02,0,1,Accessory Structure,44.77095685769806,-63.04949090801269
2128,BP-2021-04564,2021-07-05,21500,New Building,New Building,Expired,PORTERS LAKE,District 02,1,2,Dwelling - Backyard Suite,44.74712779343738,-63.31393224738893
2129,BP-2021-04594,2021-07-22,1200000,New Building,New Building,Completed,HALIFAX,District 11,4,2,Dwelling - Townhouse,44.623702767969526,-63.62208934910706
2130,BP-2021-04651,2021-04-09,400000,New Building,New Building,Completed,UPPER SACKVILLE,District 14,1,2,Dwelling - Single Detached,44.837620269297936,-63.789266984077166
2131,BP-2021-04673,2021-10-19,600000,New Building,New Building,Completed,HALIFAX,District 10,3,2,Dwelling - Townhouse,44.676569971398216,-63.66006860552845
2132,BP-2021-04691,2021-07-16,100000,Addition,Addition,Completed,WEST PENNANT,District 11,0,2,Dwelling - Single Detached,44.471136250324626,-63.65502727043428
2133,BP-2021-04706,2021-04-09,480000,New Building,New Building,Completed,GRAND LAKE,District 01,1,2,Dwelling - Single Detached,44.88515577822298,-63.58981011691374
2134,BP-2021-04754,2021-05-20,45000,Renovation,Renovation,Expired,DARTMOUTH,District 05,1,3,Dwelling - Single Detached,44.6697056555511,-63.55546309334475
2135,BP-2021-04801,2021-08-27,350000,New Building,New Building,Completed,BEAVER BANK,District 15,1,2,Dwelling - Single Detached,44.87478050323911,-63.6997919988979
2136,BP-2021-04849,2021-04-14,500000,New Building,New Building,Completed,TIMBERLEA,District 12,1,2,Dwelling - Single Detached,44.641178531716506,-63.72246012363075
2137,BP-2021-04897,2021-04-19,405000,New Building,New Building,Completed,COLE HARBOUR,District 04,1,2,Dwelling - Single Detached,44.646363286006704,-63.46549224398345
2138,BP-2021-04950,2021-04-09,625000,New Building,New Building,Completed,BEDFORD,District 16,1,3,Dwelling - Single Detached,44.70270946230821,-63.715506708175674
2139,BP-2021-04981,2021-04-09,350000,New Building,New Building,Completed,BEDFORD,District 16,1,1,Dwelling - Single Detached,44.731102316464295,-63.67902240955205
2140,BP-2021-05018,2021-06-03,50000,Renovation,Renovation,Expired,BEDFORD,District 16,0,2,Commercial,44.70768322861757,-63.70912353647613
2141,BP-2021-05066,,173000,New Building,New Building,Withdrawn,LAKEVIEW,District 01,1,1,Dwelling - Single Detached,44.77732560829304,-63.63219576985321
2142,BP-2021-05116,2021-05-26,480000,New Building,New Building,Completed,WELLINGTON,District 01,1,2,Dwelling - Single Detached,44.86672782216422,-63.60591925854581
2143,BP-2021-05261,2021-04-09,18000,New Building,New Building,Completed,FALL RIVER,District 01,0,1,Accessory Structure,44.82297337043894,-63.63640889387528
2144,BP-2021-05344,2021-05-04,415000,New Building,New Building,Completed,HATCHET LAKE,District 13,1,1,Dwelling - Single Detached,44.549703878691204,-63.73034297077859
2145,BP-2021-05394,2021-05-27,15000,New Building,New Building,Expired (Closed),OSTREA LAKE,District 02,0,1,Accessory Structure,44.76945972929124,-63.10500688074031
2146,BP-2021-05444,2021-04-19,400000,New Building,New Building,Completed,WELLINGTON,District 01,1,2,Dwelling - Single Detached,44.86870198888653,-63.60576678597641
2147,BP-2021-05470,2021-06-15,475000,Addition,Addition,Issued,BEDFORD,District 16,0,2,Dwelling - Single Detached,44.72014479785042,-63.654310101596714
2148,BP-2021-05537,,209100,Renovation,Renovation,Withdrawn,HALIFAX,District 07,0,21,Dwelling - Multiple Units,44.64058700556564,-63.58356124383693
2149,BP-2021-05581,2021-05-10,98000,Renovation,Renovation,Expired,DARTMOUTH,District 06,0,1,Commercial,44.714784342362634,-63.59930938767651
2150,BP-2021-05596,2021-04-23,500000,New Building,New Building,Completed,TIMBERLEA,District 12,1,3,Dwelling - Single Detached,44.641235593307336,-63.720938447722126
2151,BP-2021-05640,2021-06-25,60000,New Building,New Building,Expired (Closed),HUBLEY,District 13,0,2,Accessory Structure,44.669495446651766,-63.81458048482577
2152,BP-2021-05704,,135000,New Building,New Building,Cancelled,INDIAN HARBOUR,District 13,2,2,Dwelling - Semi-Detached,44.53258315208163,-63.94034709879453
2153,BP-2021-05719,2023-06-27,268400,New Building,New Building,Issued,WINDSOR JUNCTION,District 01,1,2,Dwelling - Single Detached,44.79113133937934,-63.6392708663204
2154,BP-2021-05760,2021-05-20,167000,New Building,New Building,Expired,HEAD OF ST MARGARETS BAY,District 13,1,1,Dwelling - Single Detached,44.67118456788195,-63.92144493540382
2155,BP-2021-05838,2021-05-18,31450,New Building,New Building,Expired,STILLWATER LAKE,District 13,0,1,Accessory Structure,44.708810808443864,-63.844119748842836
2156,BP-2021-05887,2021-07-16,23000,Renovation,Renovation,Completed,HALIFAX,District 08,0,3,Dwelling - Multiple Units,44.65396245162281,-63.591330436059266
2157,BP-2021-05997,,3000,Renovation,Renovation,Withdrawn,HALIFAX,District 07,0,2,Commercial,44.640647119359386,-63.57828358899169
2158,BP-2021-06020,2021-08-12,11630714,New Building,New Building,Completed,HALIFAX,District 08,58,9,Mixed Use - Residential & Other Use(s),44.657346473829456,-63.6059633887643
2159,BP-2021-06051,2021-05-28,300000,New Building,New Building,Expired,HALIFAX,Unidentified,2,3,Dwelling - Semi-Detached,44.59698714629282,-63.60202292578978
2160,BP-2021-06067,,40000,Renovation,Renovation,Applicant Revisions,HALIFAX,District 08,0,2,Mixed Use - Residential & Other Use(s),44.660502396383805,-63.6019257948018
2161,BP-2021-06113,2021-06-29,150000,Renovation,Renovation,Expired,,District 09,0,3,Dwelling - Multiple Units,44.636761942659014,-63.635076642248585
2162,BP-2021-06149,2021-04-27,200000,New Building,New Building,Completed,MIDDLE SACKVILLE,District 14,1,2,Dwelling - Single Detached,44.79396345232337,-63.74621636652863
2163,BP-2021-06181,2021-11-25,245000,New Building,New Building,Completed,HALIFAX,District 11,1,2,Dwelling - Single Detached,44.60885812553314,-63.564967016134126
2164,BP-2021-06208,,35000,New Building,New Building,Application Incomplete,HALIFAX,District 09,0,1,Accessory Structure,44.65339380676755,-63.60918495084214
2165,BP-2021-06249,2021-05-05,50000,Renovation,Renovation,Expired,HAMMONDS PLAINS,District 14,0,2,Dwelling - Single Detached,44.7636731334686,-63.787005219454635
2166,BP-2021-06276,2021-06-15,750000,New Building,New Building,Completed,LAKESIDE,District 12,6,2,Dwelling - Multiple Units,44.633385716346204,-63.70253543134418
2167,BP-2021-06323,2021-05-11,80000,Renovation,Renovation,Expired,HALIFAX,District 10,0,3,Dwelling - Single Detached,44.69073738092812,-63.691115932710915
2168,BP-2021-06352,2021-07-06,400000,Renovation,Renovation,Completed,HALIFAX,District 07,0,3,Dwelling - Single Detached,44.6291347155642,-63.57955702894607
2169,BP-2021-06390,2021-04-28,26500,New Building,New Building,Completed,UPPER SACKVILLE,District 14,0,1,Accessory Structure,44.82333847982423,-63.759224141117826
2170,BP-2021-06467,2021-05-03,480000,New Building,New Building,Completed,BROOKSIDE,District 13,1,2,Dwelling - Single Detached,44.53108419483177,-63.70986118148474
2171,BP-2021-06498,2021-06-07,23000,New Building,New Building,Expired,HALIFAX,District 12,0,1,Accessory Structure,44.67532587962943,-63.6661971423906
2172,BP-2021-06561,2021-09-01,76500,Addition,Addition,Cancelled,MIDDLE SACKVILLE,District 14,0,2,Dwelling - Single Detached,44.80991466103758,-63.73490891558951
2173,BP-2021-06600,2021-05-14,70000,New Building,New Building,Expired,LOWER SACKVILLE,District 15,0,1,Accessory Structure,44.76293529115281,-63.65015675513252
2174,BP-2021-06649,2021-06-10,92500,Renovation,Renovation,Expired,DARTMOUTH,District 05,0,1,Dwelling - Single Detached,44.67863966205011,-63.57862747637511
2175,BP-2021-06701,2021-05-25,30000,New Building,New Building,Completed,FALL RIVER,District 01,0,1,Accessory Structure,44.80685711522737,-63.62849829956166
2176,BP-2021-06761,2021-05-10,39000,Renovation,Renovation,Expired,DARTMOUTH,District 03,0,1,Dwelling - Single Detached,44.665970465093196,-63.55457573963704
2177,BP-2021-06793,2021-07-15,440000,New Building,New Building,Expired,EASTERN PASSAGE,District 03,4,2,Dwelling - Semi-Detached,44.615324191554485,-63.46709315785258
2178,BP-2021-06822,2024-06-17,4700000,Renovation,Renovation,Issued,DARTMOUTH,District 05,0,11,Mixed Use - Residential & Other Use(s),44.6669951732335,-63.56526206602205
2179,BP-2021-06858,2022-08-31,18131832,New Building,New Building,Amendment Review,HALIFAX,District 10,105,19,Dwelling - Multiple Units,44.676918748782725,-63.66242453294761
2180,BP-2021-06888,2021-12-31,260000,New Building,New Building,Expired,EAST SHIP HARBOUR,District 02,1,1,Dwelling - Single Detached,44.78927372422407,-62.82040394609655
2181,BP-2021-06941,2021-05-26,48537,Addition,Addition,Expired,HALIFAX,District 07,0,3,Dwelling - Single Detached,44.633605576191755,-63.573171792974655
2182,BP-2021-06993,2021-05-07,450000,New Building,New Building,Completed,BEDFORD,District 16,1,3,Dwelling - Single Detached,44.72007170488901,-63.715850545185006
2183,BP-2021-07015,2021-05-20,160000,New Building,New Building,Completed,TIMBERLEA,District 12,1,3,Dwelling - Single Detached,44.63972903465056,-63.72282005568011
2184,BP-2021-07038,2021-05-25,160000,New Building,New Building,Completed,TIMBERLEA,District 12,1,3,Dwelling - Single Detached,44.6401311662138,-63.72281535776257
2185,BP-2021-07060,2021-07-16,20000,New Building,New Building,Completed,MUSQUODOBOIT HARBOUR,District 02,0,1,Accessory Structure,44.78876115416742,-63.144672114353206
2186,BP-2021-07113,2021-05-07,500000,New Building,New Building,Completed,MIDDLE SACKVILLE,District 14,1,2,Dwelling - Single Detached,44.78279074404805,-63.750631101697884
2187,BP-2021-07152,2021-06-14,18000,Addition,Addition,Expired (Closed),BEDFORD,District 16,0,1,Dwelling - Single Detached,44.727194237524046,-63.6691522314666
2188,BP-2021-07209,2021-07-05,375000,New Building,New Building,Completed,PROSPECT BAY,District 13,1,2,Dwelling - Single Detached,44.506418758110925,-63.78127360446051
2189,BP-2021-07243,2021-05-26,27000,New Building,New Building,Completed,UPPER TANTALLON,District 13,0,1,Accessory Structure,44.716017235024644,-63.88044196531572
2190,BP-2021-07290,2021-09-14,100000,Addition,Addition,Completed,UPPER TANTALLON,District 13,0,2,Dwelling - Single Detached,44.68286128542567,-63.86078081841309
2191,BP-2021-07319,2021-06-17,1,Renovation,Renovation,Completed,HALIFAX,District 11,0,2,Dwelling - Multiple Units,44.61081037387067,-63.621309686936186
2192,BP-2021-07380,2021-05-18,300000,New Building,New Building,Completed,BEAVER BANK,District 15,1,2,Dwelling - Single Detached,44.835159385774546,-63.657895891669135
2193,BP-2021-07399,2021-05-18,400000,New Building,New Building,Completed,MIDDLE SACKVILLE,District 14,1,1,Dwelling - Single Detached,44.79338909189044,-63.75488310330873
2194,BP-2021-07427,2021-06-23,20000,New Building,New Building,Expired,LOWER SACKVILLE,District 15,0,1,Accessory Structure,44.754419727339425,-63.67253014315256
2195,BP-2021-07492,,21000,Renovation,Renovation,Applicant Revisions,HALIFAX,District 10,1,1,Dwelling - Multiple Units,44.65245549345053,-63.63548205667637
2196,BP-2021-07556,2021-05-18,125000,New Building,New Building,Completed,PORTERS LAKE,District 02,1,1,Dwelling - Single Detached,44.75518830597423,-63.287464173851085
2197,BP-2021-07597,2021-05-27,446000,New Building,New Building,Completed,ENFIELD,District 01,1,1,Dwelling - Single Detached,44.9357589980006,-63.528185470740226
2198,BP-2021-07636,2021-12-09,4150000,New Building,New Building,Completed,BEDFORD,District 16,0,2,Commercial,44.716515972343345,-63.70681589808718
2199,BP-2021-07689,2021-05-25,200000,New Building,New Building,Completed,TIMBERLEA,District 12,1,3,Dwelling - Single Detached,44.64144403921922,-63.723479489394286
2200,BP-2021-07749,2021-05-20,96525,Renovation,Renovation,Completed,BEDFORD,District 16,0,3,Dwelling - Single Detached,44.723498738163826,-63.6476174935634
2201,BP-2021-07784,2021-05-19,9000,New Building,New Building,Completed,FALL RIVER,District 01,0,1,Accessory Structure,44.78634277258751,-63.62108504078904
2202,BP-2021-07869,2021-06-25,20000,New Building,New Building,Expired (Closed),BEAVER BANK,District 15,0,1,Accessory Structure,44.83231000530352,-63.68096792262178
2203,BP-2021-07907,2021-07-12,24003.2,Renovation,Renovation,Expired,DARTMOUTH,District 06,0,2,Commercial,44.695704503490035,-63.60034446463361
2204,BP-2021-07954,2021-07-05,21500,New Building,New Building,Expired (Closed),HEAD OF ST MARGARETS BAY,District 13,0,1,Accessory Structure,44.67145917436611,-63.91951952974738
2205,BP-2021-08043,2021-10-04,235000,New Building,New Building,Completed,WINDSOR JUNCTION,District 01,1,2,Dwelling - Single Detached,44.78667244187053,-63.65561650937792
2206,BP-2021-08068,2021-06-17,42000,Renovation,Renovation,Expired,BEDFORD,District 16,0,1,Commercial,44.71600818833488,-63.67755381262811
2207,BP-2021-08118,2021-11-29,10000,New Building,New Building,Completed,UPPER HAMMONDS PLAINS,District 14,0,1,Accessory Structure,44.748569933290774,-63.83076006393784
2208,BP-2021-08204,2021-07-15,44000,New Building,New Building,Expired,WESTPHAL,District 04,0,1,Accessory Structure,44.68876014835637,-63.45331863158066
2209,BP-2021-08247,2021-05-26,400000,New Building,New Building,Completed,BEAVER BANK,District 15,1,2,Dwelling - Single Detached,44.833567779289844,-63.68620375746012
2210,BP-2021-08304,2021-05-27,500000,New Building,New Building,Completed,COLE HARBOUR,District 04,1,1,Dwelling - Single Detached,44.64447591267677,-63.47170170916342
2211,BP-2021-08351,2021-05-26,20000,New Building,New Building,Completed,WEST PORTERS LAKE,District 02,0,1,Accessory Structure,44.67307975432253,-63.305476000340555
2212,BP-2021-08422,2021-06-09,187000,Renovation,Renovation,Completed,DARTMOUTH,District 06,0,1,Commercial,44.69848366028837,-63.57990923532916
2213,BP-2021-08447,2021-10-04,2485907,Renovation,Renovation,Completed,HALIFAX,District 09,0,11,Dwelling - Multiple Units,44.64699302345943,-63.59394044584647
2214,BP-2021-08480,2021-07-09,93000,Renovation,Renovation,Completed,LOWER SACKVILLE,District 15,0,1,Commercial,44.76767822509318,-63.68510492349341
2215,BP-2021-08525,2021-08-05,35000,Renovation,Renovation,Completed,HALIFAX,District 07,1,2,Dwelling - Multiple Units,44.640337219694416,-63.59779163535277
2216,BP-2021-08547,2021-09-02,514000,Renovation,Renovation,Completed,HALIFAX,District 07,0,2,Commercial,44.64828403474349,-63.57152795732585
2217,BP-2021-08590,2021-06-02,525003,New Building,New Building,Completed,LAKE ECHO,District 02,1,1,Dwelling - Single Detached,44.722770115454296,-63.38156579315335
2218,BP-2021-08642,2021-08-04,1200000,New Building,New Building,Completed,DARTMOUTH,District 06,0,2,Commercial,44.72012447819395,-63.56013611623582
2219,BP-2021-08705,2021-07-05,99000,New Building,New Building,Issued,MUSQUODOBOIT HARBOUR,District 02,1,1,Dwelling - Seasonal,44.80862118549922,-63.19739452991454
2220,BP-2021-08794,2021-05-26,30000,New Building,New Building,Expired,PORTERS LAKE,District 02,0,1,Accessory Structure,44.7464771986992,-63.29488263257352
2221,BP-2021-08866,2021-06-14,192800,New Building,New Building,Completed,CLAM BAY,District 02,1,1,Dwelling - Single Detached,44.72900577619457,-62.940183816403405
2222,BP-2021-08918,2021-06-25,700000,New Building,New Building,Completed,HAMMONDS PLAINS,District 14,1,2,Dwelling - Single Detached,44.700853435637484,-63.72367729502748
2223,BP-2021-08957,2021-11-10,250000,Addition,Addition,Completed,WEST PORTERS LAKE,District 02,1,2,Dwelling - Multiple Units,44.675411819560374,-63.310622415240964
2224,BP-2021-09006,2021-06-22,15000,New Building,New Building,Expired (Closed),WEST PORTERS LAKE,District 02,0,1,Accessory Structure,44.673240736964004,-63.29921462179617
2225,BP-2021-09059,,450000,New Building,New Building,Applicant Revisions,SHAD BAY,District 13,1,1,Dwelling - Single Detached,44.522559717899576,-63.77406310250422
2226,BP-2021-09108,2022-04-29,38300000,New Building,New Building,Issued,HALIFAX,District 08,226,26,Mixed Use - Residential & Other Use(s),44.647294209007,-63.591483163516465
2227,BP-2021-09177,2021-07-15,150000,New Building,New Building,Completed,LUCASVILLE,District 14,1,2,Dwelling - Single Detached,44.7647027075533,-63.71155225706151
2228,BP-2021-09198,2021-06-11,150000,New Building,New Building,Expired (Closed),HAMMONDS PLAINS,District 14,1,1,Dwelling - Single Detached,44.731650447044025,-63.811302193497255
2229,BP-2021-09234,2021-11-15,150000,Renovation,Renovation,Expired,HALIFAX,District 10,0,8,Commercial,44.657997551905126,-63.63410945459949
2230,BP-2021-09284,,15000,Renovation,Renovation,Applicant Revisions,DARTMOUTH,District 03,1,1,Dwelling - Backyard Suite,44.645732045320955,-63.54113070715301
2231,BP-2021-09324,2021-06-04,150000,New Building,New Building,Completed,LUCASVILLE,District 14,1,2,Dwelling - Single Detached,44.76991972118459,-63.70928469469645
2232,BP-2021-09363,2021-09-23,244500,New Building,New Building,Completed,HALIFAX,District 11,1,2,Dwelling - Single Detached,44.623163982917696,-63.601917479428465
2233,BP-2021-09399,2021-06-14,180000,New Building,New Building,Completed,HERRING COVE,District 11,1,1,Dwelling - Single Detached,44.575541589973255,-63.57280769776241
2234,BP-2021-09440,2021-08-25,69000,New Building,New Building,Expired,HALIBUT BAY,District 11,0,2,Accessory Structure,44.55005294546341,-63.55445417855511
2235,BP-2021-09455,2021-06-10,475000,New Building,New Building,Completed,WHITES LAKE,District 13,1,1,Dwelling - Single Detached,44.51300095537737,-63.74532803387571
2236,BP-2021-09484,2021-06-24,13483,Renovation,Renovation,Completed,MINEVILLE,District 02,0,1,Dwelling - Single Detached,44.70621327231244,-63.38086107400915
2237,BP-2021-09572,2021-08-13,471750,New Building,New Building,Completed,DARTMOUTH,District 06,0,1,Commercial,44.70816787902833,-63.59890150815075
2238,BP-2021-09666,,6000,Addition,Addition,Applicant Revisions,HALIFAX,District 10,1,2,Dwelling - Multiple Units,44.654159488478854,-63.64113429269135
2239,BP-2021-09707,2021-09-22,165000,New Building,New Building,Completed,HALIFAX,District 11,3,3,Dwelling - Multiple Units,44.602757671317555,-63.61348458564679
2240,BP-2021-09744,2021-06-14,300000,New Building,New Building,Completed,PORTERS LAKE,District 02,1,1,Dwelling - Single Detached,44.75463657574163,-63.28731254500738
2241,BP-2021-09799,2021-10-25,20000000,New Building,New Building,Completed,HALIFAX,District 08,72,11,Dwelling - Multiple Units,44.65938322100367,-63.596387624036076
2242,BP-2021-09834,2022-02-10,16000000,New Building,New Building,Completed,HALIFAX,District 12,91,12,Dwelling - Multiple Units,44.64979378816347,-63.66316727493275
2243,BP-2021-09939,2022-03-11,8650000,New Building,New Building,Completed,BEDFORD,District 16,40,4,Dwelling - Multiple Units,44.71675906386879,-63.713015433537166
2244,BP-2021-09976,,500000,New Building,New Building,Applicant Revisions,HALIFAX,District 11,2,3,Dwelling - Semi-Detached,44.63530964748367,-63.62380053849569
2245,BP-2021-10004,,5300000,New Building,New Building,Applicant Revisions,HALIFAX,District 11,29,5,Dwelling - Multiple Units,44.60513026945872,-63.612654924957546
2246,BP-2021-10059,2022-10-18,1200000,New Building,New Building,Completed,BEDFORD,District 16,6,2,Dwelling - Townhouse,44.74350592039277,-63.65486322089595
2247,BP-2021-10123,2021-07-22,115000,New Building,New Building,Completed,HALIFAX,District 08,1,1,Dwelling - Single Detached,44.664386093689316,-63.6101944142695
2248,BP-2021-10242,2021-06-21,600000,New Building,New Building,Expired,BEDFORD,District 16,4,1,Dwelling - Multiple Units,44.70622616127471,-63.71522545611113
2249,BP-2021-10278,2021-06-29,300000,New Building,New Building,Completed,TIMBERLEA,District 12,1,2,Dwelling - Single Detached,44.64100330517475,-63.723083927925146
2250,BPCOM-2021-10384,,14000,Renovation,Renovation,Withdrawn,BEDFORD,District 16,0,2,Commercial,44.721197372760265,-63.67176141838138
2251,BPCOM-2021-10735,2021-07-12,180000,Renovation,Renovation,Completed,DARTMOUTH,District 06,0,3,Commercial,44.699560464852354,-63.58500015268226
2252,BPCOM-2021-11048,2021-11-03,400000,Renovation,Renovation,Completed,DARTMOUTH,District 06,0,1,Commercial,44.712492206795716,-63.56586177109013
2253,BPCOM-2021-11234,,1200000,New Building,New Building,Withdrawn,,Unidentified,0,1,Commercial,,
2254,BPCOM-2021-11415,2021-10-19,10000,Renovation,Renovation,Completed,HALIFAX,District 08,0,2,Commercial,44.6600582601021,-63.59728038717262
2255,BPCOM-2021-11683,2021-06-28,250000,Renovation,Renovation,Completed,HALIFAX,District 07,0,6,Dwelling - Multiple Units,44.643956942232094,-63.569367605402114
2256,BPCOM-2021-11984,2021-11-10,170000,Addition,Addition,Expired,LOWER SACKVILLE,District 15,0,1,Industrial,44.75625580956085,-63.65638479250574
2257,BPCOM-2021-12310,2021-08-13,41000,Renovation,Renovation,Completed,COLE HARBOUR,District 04,0,1,Commercial,44.66982313641441,-63.499408105175235
2258,BPCOM-2021-12477,2021-10-19,133333,New Building,New Building,Completed,PORTERS LAKE,District 02,1,1,Mixed Use - Residential & Other Use(s),44.796859135201515,-63.380763058084234
2259,BPCOM-2021-12559,2021-09-17,50000,Renovation,Renovation,Completed,DARTMOUTH,District 06,0,1,Commercial,44.69848366028837,-63.57990923532916
2260,BPCOM-2021-13055,2021-11-01,546750,New Building,New Building,Expired,DARTMOUTH,District 06,0,2,Industrial,44.69372720870659,-63.59531822294669
2261,BPCOM-2021-13430,2021-11-12,40000,Renovation,Renovation,Completed,DARTMOUTH,District 06,0,1,Commercial,44.69912630573605,-63.56385497337707
2262,BPCOM-2021-13598,2021-11-23,6160000,New Building,New Building,Completed,DARTMOUTH,District 06,0,2,Commercial,44.7240989125984,-63.562460180415485
2263,BPCOM-2021-13847,2021-11-18,180000,Renovation,Renovation,Expired,COLE HARBOUR,District 04,0,1,Commercial,44.67295910645267,-63.49260182464277
2264,BPCOM-2021-14193,2021-10-08,73000,Renovation,Renovation,Completed,HALIFAX,District 07,0,4,Commercial,44.650239589029034,-63.572784041569626
2265,BPCOM-2021-14524,,11000,Renovation,Renovation,Withdrawn,BEDFORD,District 16,0,1,Commercial,44.709417434913064,-63.6676604951107
2266,BPCOM-2021-14776,2021-10-07,10000,Renovation,Renovation,Completed,HALIFAX,District 09,0,14,Commercial,44.64587997639647,-63.590158438067846
2267,BPCOM-2021-14922,,5000000,New Building,New Building,Cancelled,,District 14,24,5,Dwelling - Multiple Units,44.74801362254152,-63.818779694764864
2268,BPCOM-2021-15112,2021-11-26,1000000,New Building,New Building,Completed,HAMMONDS PLAINS,District 14,7,1,Dwelling - Multiple Units,44.73842556624061,-63.79633078733606
2269,BPCOM-2021-15330,2021-11-16,200000,Renovation,Renovation,Completed,DARTMOUTH,District 06,0,5,Commercial,44.7018734541569,-63.56405976708046
2270,BPCOM-2021-15769,,80000,Renovation,Renovation,Withdrawn,HALIFAX,District 10,0,1,Commercial,44.684633204798146,-63.67424831358334
2271,BPCOM-2021-16011,2022-01-10,1300000,Addition,Addition,Completed,WAVERLEY,District 01,0,3,Commercial,44.78886454682316,-63.60660189485699
2272,BPCOM-2021-16106,2021-12-20,365000,Renovation,Renovation,Completed,DARTMOUTH,District 06,0,3,Commercial,44.704955469130354,-63.58825319076433
2273,BPCOM-2021-16452,2021-12-08,18010000,New Building,New Building,Completed,HALIFAX,District 08,71,9,Mixed Use - Residential & Other Use(s),44.66043147954815,-63.59612195696095
2274,BPCOM-2021-16635,2022-03-17,75000,Renovation,Renovation,Expired (Closed),DARTMOUTH,District 05,0,15,Commercial,44.66895577567242,-63.57660656241076
2275,BPCOM-2021-17061,2022-06-29,61600000,New Building,New Building,Expired,HALIFAX,District 10,292,17,Mixed Use - Residential & Other Use(s),44.65591424679355,-63.65171626982323
2276,BPCOM-2021-17361,2021-11-25,73000,Renovation,Renovation,Expired (Closed),HALIFAX,District 08,0,2,Commercial,44.65663947911413,-63.59548366242036
2277,BPCOM-2021-17630,2022-10-28,2100000,New Building,New Building,Completed,TIMBERLEA,District 12,0,3,Commercial,44.64623264206287,-63.712551082074576
2278,BPCOM-2021-17940,2022-01-14,650000,Renovation,Renovation,Expired,HALIFAX,District 07,0,16,Commercial,44.64405895719053,-63.580387768710125
2279,BPCOM-2021-18262,2022-04-01,2204672,New Building,New Building,Completed,DARTMOUTH,District 05,0,1,Commercial,44.681098441137216,-63.55053346846409
2280,BPCOM-2021-18428,2022-02-14,3000000,New Building,New Building,Completed,DARTMOUTH,District 06,0,2,Commercial,44.69133665145682,-63.59256576384083
2281,BPCOM-2021-18764,2022-01-06,76000,Renovation,Renovation,Completed,HALIFAX,District 10,0,8,Commercial,44.657997551905126,-63.63410945459949
2282,BPCOM-2021-19008,2022-01-13,12000,Addition,Addition,Expired (Closed),DARTMOUTH,District 06,0,1,Accessory Structure,44.72124708913994,-63.58366006372182
2283,BPCOM-2021-19139,2022-03-11,64760,Renovation,Renovation,Expired,BEDFORD,District 16,0,2,Commercial,44.70106241171123,-63.68605024980754
2284,BPCOM-2021-19317,2022-03-28,600000,Renovation,Renovation,Completed,HALIFAX,District 07,0,10,Mixed Use - Residential & Other Use(s),44.64828403474349,-63.57152795732585
2285,BPCOM-2021-19529,2022-03-15,80000,Addition,Addition,Expired (Closed),OAKFIELD,District 01,0,1,Commercial,44.91398031940341,-63.57191009333287
2286,BPCOM-2021-19686,2021-12-06,10700,New Building,New Building,Completed,DARTMOUTH,District 05,0,1,Accessory Structure,44.678199702303424,-63.589742412714955
2287,BPCOM-2021-19858,,25000,Renovation,Renovation,Withdrawn,BEDFORD,District 16,0,1,Commercial,44.70828592460972,-63.66570184412501
2288,BPCOM-2021-19989,2022-04-05,1120000,New Building,New Building,Completed,,District 14,0,1,Commercial,44.712900416067335,-63.719104455122135
2289,BPCOM-2021-20152,2021-12-22,11500,New Building,New Building,Completed,DARTMOUTH,District 03,0,1,Accessory Structure,44.666358054782826,-63.54389247982856
2290,BPCOM-2021-20289,2022-01-21,350000,Renovation,Renovation,Expired,HALIFAX,District 07,0,3,Commercial,44.644366382772624,-63.57096397831999
2291,BPCOM-2022-00046,2022-02-25,40000,Renovation,Renovation,Amendment Review,PEGGYS COVE,District 13,0,1,Commercial,44.49323951396913,-63.91478372719478
2292,BPCOM-2022-00202,2022-03-10,4500,Renovation,Renovation,Completed,HALIFAX,District 08,0,3,Commercial,44.66410603670105,-63.61785506877774
2293,BPCOM-2022-00603,2022-02-16,65776.75,Renovation,Renovation,Completed,HALIFAX,District 07,0,5,Dwelling - Multiple Units,44.63442953358501,-63.57901215993974
2294,BPCOM-2022-00690,2022-02-11,300000,Renovation,Renovation,Completed,TIMBERLEA,District 12,0,1,Commercial,44.63691746521457,-63.715025673237285
2295,BPCOM-2022-01008,2022-04-01,781000,Renovation,Renovation,Completed,HALIFAX,District 07,0,10,Commercial,44.64876025766245,-63.57178250895293
2296,BPCOM-2022-01170,,4000,Renovation,Renovation,Withdrawn,HALIFAX,District 09,0,2,Commercial,44.64663612157737,-63.59225707680304
2297,BPCOM-2022-01352,2022-08-11,50000,Renovation,Renovation,Expired,DARTMOUTH,District 05,0,2,Mixed Use - Residential & Other Use(s),44.668099980581886,-63.56544806341056
2298,BPCOM-2022-01626,2022-04-12,188000,Renovation,Renovation,Completed,HALIFAX,District 07,0,10,Commercial,44.64828403474349,-63.57152795732585
2299,BPCOM-2022-01864,2022-03-16,5000,New Building,New Building,Expired (Closed),WYSES CORNER,District 01,0,1,Agriculture,44.96179659829541,-63.30602445879469
2300,BPCOM-2022-02033,,50000,New Building,New Building,Applicant Revisions,MUSQUODOBOIT HARBOUR,District 02,0,1,Commercial,44.80980431888975,-63.19754941143794
2301,BPCOM-2022-02210,2022-04-12,550000,Renovation,Renovation,Completed,DARTMOUTH,District 06,0,1,Commercial,44.71090639789018,-63.59026818126455
2302,BPCOM-2022-02371,2022-08-11,12000,Renovation,Renovation,Completed,HALIFAX,District 07,0,1,Commercial,44.65020859076144,-63.57832924939081
2303,BPCOM-2022-02547,2022-05-03,1500000,New Building,New Building,Completed,HALIFAX,District 12,0,1,Commercial,44.65358988442936,-63.67693874891254
2304,BPCOM-2022-02722,2022-04-22,50000,Renovation,Renovation,Completed,WINDSOR JUNCTION,District 01,0,2,Commercial,44.79262823979259,-63.64301743685074
2305,BPCOM-2022-03068,2022-07-29,1263000,New Building,New Building,Issued,EASTERN PASSAGE,District 03,0,3,Commercial,44.610849433172284,-63.49459212067993
2306,BPCOM-2022-03165,2022-04-06,127000,Renovation,Renovation,Expired (Closed),HALIFAX,District 16,0,1,Commercial,44.69989101737633,-63.68655764237187
2307,BPCOM-2022-03492,2022-07-08,10914399,New Building,New Building,Issued,EASTERN PASSAGE,District 03,60,4,Dwelling - Multiple Units,44.61351142649686,-63.49389358223156
2308,BPCOM-2022-03719,2022-05-26,496478,Renovation,Renovation,Completed,HALIFAX,District 12,0,2,Commercial,44.65651843041871,-63.66005087794821
2309,BPCOM-2022-03932,2022-05-12,2000000,Renovation,Renovation,Completed,BEDFORD,District 16,0,7,Mixed Use - Residential & Other Use(s),44.71167803263678,-63.673887925801516
2310,BPCOM-2022-04099,2022-04-28,4500,Renovation,Renovation,Completed,DARTMOUTH,District 06,0,5,Commercial,44.679693225846094,-63.53956048239289
2311,BPCOM-2022-04262,2022-05-03,250000,Renovation,Renovation,Cancelled,HALIFAX,District 12,0,1,Commercial,44.65412484450077,-63.67817741298284
2312,BPCOM-2022-04547,2022-06-09,150000,Renovation,Renovation,Completed,HALIFAX,District 07,0,7,Commercial,44.648174386147936,-63.57125082515577
2313,BPCOM-2022-04768,2022-05-19,800000,Renovation,Renovation,Completed,DARTMOUTH,District 06,0,2,Commercial,44.71090639789018,-63.59026818126455
2314,BPCOM-2022-04999,2023-12-15,4000000,Addition,Addition,Issued,HALIFAX,District 08,0,3,Commercial,44.65282158678462,-63.59011597500092
2315,BPCOM-2022-05193,2022-09-08,26250000,New Building,New Building,Issued,DARTMOUTH,District 06,105,8,Mixed Use - Residential & Other Use(s),44.682584145474586,-63.536900293222416
2316,BPCOM-2022-05350,2023-08-25,1500,Renovation,Renovation,Completed,HAMMONDS PLAINS,District 14,0,3,Commercial,44.72609393996944,-63.75181558300461
2317,BPCOM-2022-05568,2022-05-24,35000,Renovation,Renovation,Completed,SAMBRO,District 11,0,2,Mixed Use - Residential & Other Use(s),44.47455919854272,-63.59791444684971
2318,BPCOM-2022-05769,2022-05-24,29202,Renovation,Renovation,Completed,HALIFAX,District 09,0,2,Commercial,44.64619335444152,-63.59535475742575
2319,BPCOM-2022-05960,2022-06-15,200000,Renovation,Renovation,Completed,HALIFAX,District 07,0,16,Commercial,44.646109106018734,-63.57338005927153
2320,BPCOM-2022-06350,2022-09-22,15000,Renovation,Renovation,Expired,DARTMOUTH,District 06,0,1,Industrial,44.69307616184608,-63.5845682836545
2321,BPCOM-2022-06631,2022-07-26,45000,Renovation,Renovation,Expired,HALIFAX,District 09,0,15,Commercial,44.64679399892726,-63.590751503211195
2322,BPCOM-2022-07050,2022-06-24,200000,Renovation,Renovation,Completed,DARTMOUTH,District 06,0,2,Commercial,44.71441325293642,-63.60760387595518
2323,BPCOM-2022-07399,2022-07-26,4920000,Addition,Addition,Completed,DARTMOUTH,District 06,0,2,Commercial,44.702675896991316,-63.60736886956227
2324,BPCOM-2022-07584,2022-09-28,687600,Renovation,Renovation,Completed,HALIFAX,District 07,0,10,Commercial,44.64876025766245,-63.57178250895293
2325,BPCOM-2022-07700,2022-08-10,35000,New Building,New Building,Expired,UPPER TANTALLON,District 13,0,1,Commercial,44.68922154826583,-63.87808432058284
2326,BPCOM-2022-08066,2022-07-26,60000,Renovation,Renovation,Expired,DARTMOUTH,District 05,0,2,Commercial,44.68656042112191,-63.55952448193897
2327,BPCOM-2022-08470,2022-07-06,150000,Renovation,Renovation,Completed,HALIFAX,District 16,0,1,Commercial,44.70138616990639,-63.67829337210738
2328,BPCOM-2022-08614,2022-11-14,1783000,New Building,New Building,Completed,BEECHVILLE,District 12,0,1,Commercial,44.63671743157042,-63.67357164683061
2329,BPCOM-2022-08830,2022-08-23,350000,Renovation,Renovation,Completed,HALIFAX,District 16,0,1,Commercial,44.69989101737633,-63.68655764237187
2330,BPCOM-2022-09038,2022-10-26,4913000,Renovation,Renovation,Expired,DARTMOUTH,District 06,0,1,Industrial,44.714784342362634,-63.59930938767651
2331,BPCOM-2022-09188,2022-08-04,75000,Renovation,Renovation,Expired,HALIFAX,District 16,0,1,Commercial,44.69989101737633,-63.68655764237187
2332,BPCOM-2022-09407,2022-07-28,47970,Renovation,Renovation,Completed,HALIFAX,District 07,0,6,Commercial,44.647413084278135,-63.57515574160686
2333,BPCOM-2022-09597,2022-10-19,44000,Renovation,Renovation,Completed,HALIFAX,District 08,0,2,Commercial,44.66208062822194,-63.61756743009353
2334,BPCOM-2022-09791,2022-08-05,333200,Renovation,Renovation,Completed,DARTMOUTH,District 06,0,1,Commercial,44.69737772483023,-63.56364339220288
2335,BPCOM-2022-09927,2022-11-28,100000,New Building,New Building,Completed,LAWRENCETOWN,District 02,0,1,Agriculture,44.653219698343555,-63.39441282321777
2336,BPCOM-2022-10090,2022-08-08,600000,Renovation,Renovation,Completed,DARTMOUTH,District 06,0,2,Commercial,44.7081814629039,-63.5786327280008
2337,BPCOM-2022-10256,2022-08-19,358975,Renovation,Renovation,Expired,HALIFAX,District 12,0,4,Dwelling - Multiple Units,44.667182372797505,-63.662562475540646
2338,BPCOM-2022-10417,2022-09-12,475000,New Building,New Building,Completed,BROOKSIDE,District 13,0,1,Commercial,44.561010007400455,-63.73014992405983
2339,BPCOM-2022-10733,2025-05-06,10800000,New Building,New Building,Issued,DARTMOUTH,District 03,123,8,Mixed Use - Residential & Other Use(s),44.661169230329094,-63.552450005664795
2340,BPCOM-2022-11013,2023-02-15,190000,Renovation,Renovation,Completed,DARTMOUTH,District 05,0,2,Commercial,44.66644360630616,-63.56615158230968
2341,BPCOM-2022-11237,2023-02-10,2727660,Renovation,Renovation,Completed,HALIFAX,District 07,0,4,Commercial,44.651326848733824,-63.574459328851425
2342,BPCOM-2022-11478,2023-03-29,2875000,Addition,Addition,Expired,HALIFAX,District 08,0,2,Commercial,44.66309889815565,-63.617951262528834
2343,BPCOM-2022-11761,2022-10-07,149000,Renovation,Renovation,Expired,HALIFAX,District 12,0,1,Institutional and Governmental,44.65016871294024,-63.65660734431731
2344,BPCOM-2022-11887,2022-12-02,200000,Addition,Addition,Completed,HARRIETSFIELD,District 11,0,1,Commercial,44.582534075644965,-63.64182761444849
2345,BPCOM-2022-12143,2023-05-02,2100000,Renovation,Renovation,Completed,HALIFAX,District 12,0,1,Commercial,44.6549949654778,-63.67516174537868
2346,BPCOM-2022-12453,2022-11-07,180000,Renovation,Renovation,Completed,HALIFAX,District 11,0,2,Commercial,44.60958254240611,-63.61625840707493
2347,BPCOM-2022-12587,2023-07-17,1730000,Addition,Addition,Completed,DARTMOUTH,District 05,11,9,Mixed Use - Residential & Other Use(s),44.66589205320158,-63.5679825977943
2348,BPCOM-2022-12696,2022-10-26,67500,Renovation,Renovation,Completed,DARTMOUTH,District 06,0,1,Commercial,44.70528910458509,-63.56251327370219
2349,BPCOM-2022-12901,2023-12-04,270000,Addition,Addition,Expired,UPPER TANTALLON,District 13,0,2,Dwelling - Multiple Units,44.69336328600101,-63.877402013407426
2350,BPCOM-2022-13064,2022-11-28,445000,Renovation,Renovation,Completed,HALIFAX,District 09,0,2,Commercial,44.644905261568724,-63.61893106138063
2351,BPCOM-2022-13273,2023-02-03,150000,Renovation,Renovation,Completed,DARTMOUTH,District 06,0,2,Industrial,44.71123901697033,-63.58820392104509
2352,BPCOM-2022-13641,2022-11-22,519645,Renovation,Renovation,Completed,BEECHVILLE,District 12,0,3,Commercial,44.64014791977936,-63.67710837588923
2353,BPCOM-2022-13758,2022-12-12,365000,Renovation,Renovation,Completed,DARTMOUTH,District 06,0,3,Commercial,44.71129272509968,-63.56584545122151
2354,BPCOM-2022-14002,,11500,New Building,New Building,Withdrawn,SHIP HARBOUR,District 02,0,1,Accessory Structure,44.81354171745056,-62.85535079143644
2355,BPCOM-2022-14251,2022-11-25,700000,Renovation,Renovation,Completed,DARTMOUTH,District 06,0,1,Commercial,44.72199741556242,-63.56275852475654
2356,BPCOM-2022-14359,2022-11-10,95000,Renovation,Renovation,Expired,HALIFAX,District 09,0,3,Commercial,44.649368575944415,-63.61874247106554
2357,BPCOM-2022-14507,2022-11-18,2900000,Renovation,Renovation,Completed,HALIFAX,District 11,0,3,Dwelling - Multiple Units,44.60536771220731,-63.61038259173125
2358,BPCOM-2022-14807,2022-12-05,150000,Renovation,Renovation,Completed,HALIFAX,District 10,0,3,Commercial,44.68414640953545,-63.6603438814489
2359,BPCOM-2022-15061,2022-11-29,881657,Renovation,Renovation,Expired,HALIFAX,District 08,0,1,Commercial,44.65857019936351,-63.605474271121274
2360,BPCOM-2022-15287,2022-12-14,125000,Renovation,Renovation,Expired,HALIFAX,District 09,0,3,Commercial,44.649368575944415,-63.61874247106554
2361,BPCOM-2022-15463,2023-01-10,389344,Renovation,Renovation,Completed,HALIFAX,District 07,0,19,Commercial,44.6416777253401,-63.57924549604697
2362,BPCOM-2022-15658,2024-02-12,1408000,Renovation,Renovation,Amendment Review,DARTMOUTH,District 05,0,2,Commercial,44.675649919669695,-63.5620254931966
2363,BPCOM-2022-15773,2023-02-10,1626964,Renovation,Renovation,Completed,DARTMOUTH,District 05,0,2,Commercial,44.68766120569196,-63.562824626506284
2364,BPCOM-2023-00011,2023-06-01,100000,Renovation,Renovation,Completed,HALIFAX,District 07,0,18,Commercial,44.64619624349774,-63.575256898243204
2365,BPCOM-2023-00091,,1068000,Renovation,Renovation,Applicant Revisions,BEECHVILLE,District 12,0,2,Commercial,44.639560800174856,-63.669391681182084
2366,BPCOM-2023-00162,2023-01-13,178000,Renovation,Renovation,Completed,LOWER SACKVILLE,District 15,0,1,Commercial,44.77714656018999,-63.67234545065145
2367,BPCOM-2023-00490,2023-05-19,25447000,New Building,New Building,Completed,,District 12,0,1,Commercial,44.649566364567605,-63.682547212320564
2368,BPCOM-2023-00705,2023-03-06,615000,Renovation,Renovation,Completed,DARTMOUTH,District 06,0,1,Commercial,44.716532256732734,-63.563801701638205
2369,BPCOM-2023-00955,2024-03-25,15000,Renovation,Renovation,Completed,DARTMOUTH,District 05,0,2,Commercial,44.679437253650654,-63.55245389569709
2370,BPCOM-2023-00998,2023-02-15,12644.19,Renovation,Renovation,Completed,HALIFAX,District 09,0,2,Commercial,44.64619335444152,-63.59535475742575
2371,BPCOM-2023-01100,2023-03-31,12864303.26,New Building,New Building,Issued,DARTMOUTH,District 06,176,6,Mixed Use - Residential & Other Use(s),44.67343034334863,-63.54058916033984
2372,BPCOM-2023-01158,2023-02-22,400000,Renovation,Renovation,Completed,BEDFORD,District 16,0,2,Commercial,44.716515972343345,-63.70681589808718
2373,BPCOM-2023-01229,2023-02-16,135000,Renovation,Renovation,Expired,HACKETTS COVE,District 13,0,2,Industrial,44.57118719256368,-63.917427596798554
2374,BPCOM-2023-01509,2023-05-10,300550,Renovation,Renovation,Expired,HALIFAX,District 07,0,4,Commercial,44.643321733832494,-63.57681799823687
2375,BPCOM-2023-01651,2023-03-07,102419,Renovation,Renovation,Expired,BEECHVILLE,District 12,0,2,Commercial,44.639560800174856,-63.669391681182084
2376,BPCOM-2023-01831,,450000,Renovation,Renovation,Withdrawn,BEDFORD,District 16,0,1,Commercial,44.75162087426117,-63.64130063627347
2377,BPCOM-2023-02114,,600000,Renovation,Renovation,Applicant Revisions,HARRIETSFIELD,District 11,0,2,Mixed Use - Residential & Other Use(s),44.58560870561562,-63.641149262888774
2378,BPCOM-2023-02329,2023-03-16,1200000,Renovation,Renovation,Completed,BEECHVILLE,District 12,0,1,Commercial,44.64014791977936,-63.67710837588923
2379,BPCOM-2023-02694,2023-08-17,85000,Renovation,Renovation,Completed,DARTMOUTH,District 05,1,4,Dwelling - Multiple Units,44.68559804626065,-63.58124440257265
2380,BPCOM-2023-03004,2023-08-31,74000,Renovation,Renovation,Expired,HALIFAX,District 07,0,14,Commercial,44.648845994075955,-63.57723566149368
2381,BPCOM-2023-03117,2023-03-29,40000,Renovation,Renovation,Expired,HALIFAX,District 08,0,10,Commercial,44.658343562106154,-63.60322178206833
2382,BPCOM-2023-03298,2023-10-24,750000,New Building,New Building,Completed,BEDFORD,District 16,0,1,Commercial,44.71630360381329,-63.71560571913658
2383,BPCOM-2023-03420,2023-04-19,105000,Renovation,Renovation,Completed,DARTMOUTH,District 06,0,2,Commercial,44.69734284092677,-63.60107998066235
2384,BPCOM-2023-03488,2023-04-11,320000,Renovation,Renovation,Expired,HALIFAX,District 10,0,4,Dwelling - Multiple Units,44.660136509617836,-63.63950131242544
2385,BPCOM-2023-03623,2023-05-30,1280000,New Building,New Building,Completed,LOWER SACKVILLE,District 15,0,1,Commercial,44.779135820277865,-63.673885119802414
2386,BPCOM-2023-03776,,100000,Renovation,Renovation,Withdrawn,WESTPHAL,District 04,2,2,Dwelling - Multiple Units,44.68947388171674,-63.48309731493384
2387,BPCOM-2023-03904,2023-05-25,12000,New Building,New Building,Completed,HALIFAX,District 11,1,1,Accessory Structure,44.61549255102177,-63.614150050530945
2388,BPCOM-2023-04129,2023-05-18,1195000,Renovation,Renovation,Expired,HALIFAX,District 07,0,1,Commercial,44.64265359570287,-63.568647165611964
2389,BPCOM-2023-04586,2023-09-06,200000,Renovation,Renovation,Cancelled,COW BAY,District 03,0,1,Agriculture,44.62283585962967,-63.442175056058225
2390,BPCOM-2023-04736,2023-07-26,55000,New Building,New Building,Completed,HEAD OF CHEZZETCOOK,District 02,1,1,Mixed Use - Residential & Other Use(s),44.740013230962,-63.25271659753559
2391,BPCOM-2023-04936,2023-05-05,90000,Renovation,Renovation,Completed,DARTMOUTH,District 06,0,1,Commercial,44.70702939977715,-63.61191452319453
2392,BPCOM-2023-05144,2023-05-30,688400,New Building,New Building,Completed,GOFFS,District 01,0,1,Commercial,44.86519271556493,-63.53858191292812
2393,BPCOM-2023-05417,2023-05-30,155000,Renovation,Renovation,Expired,HALIFAX,District 07,0,21,Commercial,44.64440616602548,-63.57214898917251
2394,BPCOM-2023-05740,2023-07-07,5650315,Renovation,Renovation,Completed,DARTMOUTH,District 05,0,2,Commercial,44.68766120569196,-63.562824626506284
2395,BPCOM-2023-05894,,1462400,Renovation,Renovation,Withdrawn,HALIFAX,District 07,0,3,Commercial,44.63711030165223,-63.60223111672466
2396,BPCOM-2023-06113,2023-11-30,75000,New Building,New Building,Expired,LANTZ,District 01,0,1,Commercial,44.97509448000362,-63.477756231227666
2397,BPCOM-2023-06405,2023-09-29,72876108,New Building,New Building,Issued,HALIFAX,District 07,291,20,Mixed Use - Residential & Other Use(s),44.64955934799165,-63.57725660125683
2398,BPCOM-2023-06713,,1738500,New Building,New Building,Cancelled,BEDFORD,District 16,0,3,Commercial,44.724657065125726,-63.66999521653281
2399,BPCOM-2023-06963,2023-06-26,524000,Renovation,Renovation,Completed,DARTMOUTH,District 06,0,2,Commercial,44.7230936818133,-63.57154777325596
2400,BPCOM-2023-07351,2023-06-15,850000,Renovation,Renovation,Completed,HALIFAX,District 07,0,14,Commercial,44.64440616602548,-63.57214898917251
2401,BPCOM-2023-07443,2023-07-06,24072,Renovation,Renovation,Expired,HALIFAX,District 07,0,2,Commercial,44.638335857363785,-63.5669691563593
2402,BPCOM-2023-07639,2023-11-30,12000000,New Building,New Building,Issued,HALIFAX,District 09,78,7,Dwelling - Multiple Units,44.65404186400804,-63.60954681247488
2403,BPCOM-2023-07806,,37000,New Building,New Building,Applicant Revisions,BEAVER BANK,District 15,0,1,Commercial,44.91361303895187,-63.710198730272744
2404,BPCOM-2023-08091,2023-07-06,35565,Renovation,Renovation,Completed,DARTMOUTH,District 06,0,1,Commercial,44.69979765724774,-63.593978236001384
2405,BPCOM-2023-08325,,84500000,New Building,New Building,Cancelled,DARTMOUTH,District 05,216,27,Mixed Use - Residential & Other Use(s),44.68712656135643,-63.565030021011935
2406,BPCOM-2023-08494,2023-07-14,80000,Renovation,Renovation,Expired,DARTMOUTH,District 06,0,1,Commercial,44.715336853860144,-63.60267586438609
2407,BPCOM-2023-08839,2023-10-25,11000000,New Building,New Building,Completed,HALIFAX,District 08,38,4,Dwelling - Multiple Units,44.656587894281095,-63.58658075188627
2408,BPCOM-2023-09011,2024-05-28,29358390,New Building,New Building,Issued,DARTMOUTH,District 05,226,32,Mixed Use - Residential & Other Use(s),44.665892966285334,-63.568849597607425
2409,BPCOM-2023-09349,2023-08-15,293000,Renovation,Renovation,Completed,DARTMOUTH,District 05,6,7,Mixed Use - Residential & Other Use(s),44.6857782972825,-63.56302399706346
2410,BPCOM-2023-09735,2023-08-18,500000,Renovation,Renovation,Expired,HALIFAX,District 08,0,9,Institutional and Governmental,44.65719007115158,-63.592044155982244
2411,BPCOM-2023-09938,2023-10-19,5105000,New Building,New Building,Expired,DARTMOUTH,District 06,0,1,Commercial,44.69830106669795,-63.6040453841464
2412,BPCOM-2023-10072,2024-01-26,12500000,New Building,New Building,Issued,MIDDLE SACKVILLE,District 14,50,4,Dwelling - Multiple Units,44.78111676940062,-63.70759421725245
2413,BPCOM-2023-10288,2023-08-18,14000,Renovation,Renovation,Expired,HALIFAX,District 07,0,3,Dwelling - Multiple Units,44.63479210494081,-63.57521248828692
2414,BPCOM-2023-10524,2023-11-06,300000,New Building,New Building,Expired,HARRIETSFIELD,District 11,0,2,Accessory Structure,44.581444517272914,-63.64055952856105
2415,BPCOM-2023-10966,2023-08-25,343000,Renovation,Renovation,Expired,HALIFAX,District 08,0,7,Mixed Use - Residential & Other Use(s),44.66706041215434,-63.59822667596795
2416,BPCOM-2023-11230,2024-05-17,27400000,New Building,New Building,Issued,DARTMOUTH,Unidentified,96,9,Mixed Use - Residential & Other Use(s),44.67386221120372,-63.58456750124827
2417,BPCOM-2023-11521,2023-10-30,950000,Renovation,Renovation,Completed,HALIFAX,District 09,0,10,Mixed Use - Residential & Other Use(s),44.64491370044344,-63.59859446664826
2418,BPCOM-2023-11681,2023-09-27,250000,Renovation,Renovation,Expired,HALIFAX,District 08,0,3,Dwelling - Multiple Units,44.65257007328377,-63.58399282609199
2419,BPCOM-2023-11919,,31776891,New Building,New Building,Applicant Revisions,,District 05,95,15,Mixed Use - Residential & Other Use(s),44.66133955187121,-63.56530319481979
2420,BPCOM-2023-12150,2023-09-22,400000,Renovation,Renovation,Completed,HALIFAX,District 09,0,8,Commercial,44.643649138286236,-63.62235878314023
2421,BPCOM-2023-12538,2023-12-11,20000,New Building,New Building,Expired,DARTMOUTH,District 06,0,1,Accessory Structure,44.715336853860144,-63.60267586438609
2422,BPCOM-2023-12721,2023-12-28,100000,New Building,New Building,Completed,ELMSDALE,District 01,1,2,Mixed Use - Residential & Other Use(s),44.96262118263154,-63.48861652592355
2423,BPCOM-2023-12984,2023-11-17,17390000,Addition,Addition,Amendment Applicant Revisions,HALIFAX,District 10,0,6,Institutional and Governmental,44.66976891038936,-63.65069396805055
2424,BPCOM-2023-13267,2024-03-18,10675000,Renovation,Renovation,Issued,HALIFAX,District 07,79,8,Mixed Use - Residential & Other Use(s),44.642661659841636,-63.579110167846004
2425,BPCOM-2023-13421,2024-09-16,33810300,Addition,Addition,Issued,BEDFORD,District 16,0,3,Institutional and Governmental,44.725962398817366,-63.698884559996785
2426,BPCOM-2023-13625,2023-11-27,159000,Renovation,Renovation,Completed,COLE HARBOUR,District 04,0,1,Commercial,44.672156571092884,-63.47915628520356
2427,BPCOM-2023-13757,2024-02-07,1305000,New Building,New Building,Expired,HARRIETSFIELD,District 11,0,1,Commercial,44.58436672506618,-63.644470378877664
2428,BPCOM-2023-14136,2023-12-18,19531443,Addition,Addition,Completed,BEECHVILLE,District 12,0,2,Commercial,44.63958090674638,-63.664490413470695
2429,BPCOM-2023-14294,2023-11-03,42000,Renovation,Renovation,Completed,HALIFAX,District 07,0,7,Commercial,44.64340647269803,-63.57650149878513
2430,BPCOM-2023-14473,2024-03-26,10000000,New Building,New Building,Issued,MIDDLE SACKVILLE,District 14,52,4,Mixed Use - Residential & Other Use(s),44.78776457127285,-63.72257797918851
2431,BPCOM-2023-14751,2023-12-20,,Renovation,Renovation,Completed,DARTMOUTH,District 03,3,3,Dwelling - Multiple Units,44.6642518840409,-63.53664136285607
2432,BPCOM-2023-14833,2024-04-08,12000000,New Building,New Building,Expired,HALIFAX,District 08,72,7,Dwelling - Multiple Units,44.66080673774052,-63.596579535786255
2433,BPCOM-2023-14926,2023-12-04,105000,Renovation,Renovation,Completed,HALIFAX,District 08,0,17,Commercial,44.6577157246738,-63.604653789945985
2434,BPCOM-2023-14997,2024-06-17,120000,New Building,New Building,Completed,BEDFORD,District 16,0,1,Commercial,44.708026880724994,-63.6646761985088
2435,BPCOM-2023-15151,2023-12-04,7000,Renovation,Renovation,Expired,EASTERN PASSAGE,District 03,0,1,Commercial,44.61030577184106,-63.49349256517566
2436,BPCOM-2023-15391,2023-12-05,90000,Renovation,Renovation,Expired,DARTMOUTH,District 05,0,17,Commercial,44.66895577567242,-63.57660656241076
2437,BPCOM-2023-15509,2023-12-11,300000,Renovation,Renovation,Completed,HALIFAX,District 07,0,7,Commercial,44.64369978257862,-63.57066826524066
2438,BPCOM-2023-15561,2023-12-05,50000,Renovation,Renovation,Completed,DARTMOUTH,District 03,0,1,Commercial,44.66999762564716,-63.53081923641672
2439,BPCOM-2023-15880,2024-03-26,1295000,New Building,New Building,Issued,BEAVER BANK,District 15,0,1,Agriculture,44.869115755948954,-63.69768735586443
2440,BPCOM-2023-15955,,300000,New Building,New Building,Application Incomplete,HALIFAX,District 08,36,5,Mixed Use - Residential & Other Use(s),44.64773071296165,-63.59163700736554
2441,BPCOM-2023-16022,2024-01-04,10000,Renovation,Renovation,Expired,HALIFAX,District 10,0,7,Commercial,44.674966757659945,-63.66077295027532
2442,BPCOM-2023-16147,2024-01-29,5000,Addition,Addition,Expired,GREENWOOD,District 01,0,1,Commercial,45.11244607500179,-63.01224777813713
2443,BPCOM-2023-16247,2024-01-11,200000,Renovation,Renovation,Completed,HALIFAX,District 07,0,10,Mixed Use - Residential & Other Use(s),44.64828403474349,-63.57152795732585
2444,BPCOM-2023-16425,2024-12-05,1920000,Addition,Addition,Issued,HALIFAX,District 08,0,3,Commercial,44.655619023463125,-63.59918171995882
2445,BPCOM-2023-16454,2024-01-04,125000,Renovation,Renovation,Completed,BEDFORD,District 16,0,2,Commercial,44.70106241171123,-63.68605024980754
2446,BPCOM-2023-16537,2024-03-21,431500,Renovation,Renovation,Completed,HALIFAX,District 07,0,19,Commercial,44.64265359570287,-63.568647165611964
2447,BPCOM-2024-00128,2024-01-18,31000,Renovation,Renovation,Completed,HALIFAX,District 07,0,16,Commercial,44.64183375276989,-63.57848632467468
2448,BPCOM-2024-00384,2024-02-08,60000,Renovation,Renovation,Completed,HAMMONDS PLAINS,District 14,0,1,Commercial,44.728122011236714,-63.74978332565242
2449,BPCOM-2024-00488,2024-05-28,10050000,Renovation,Renovation,Completed,HALIFAX,District 07,0,3,Institutional and Governmental,44.63743990160062,-63.5895438647824
2450,BPCOM-2024-00639,2024-01-30,12000,Renovation,Renovation,Completed,HALIFAX,District 09,0,22,Mixed Use - Residential & Other Use(s),44.65008977298615,-63.623957377525464
2451,BPCOM-2024-01044,2024-03-19,1000,Renovation,Renovation,Completed,MIDDLE MUSQUODOBOIT,District 01,0,1,Commercial,45.04622954591023,-63.14703887840826
2452,BPCOM-2024-01234,2024-08-20,650000,Renovation,Renovation,Issued,HALIFAX,District 09,4,5,Mixed Use - Residential & Other Use(s),44.64669900407561,-63.59204245309849
2453,BPCOM-2024-01300,2024-07-25,4100000,Renovation,Renovation,Completed,DARTMOUTH,District 06,0,2,Industrial,44.72378005281988,-63.57348218129636
2454,BPCOM-2024-01396,,2500,New Building,New Building,Applicant Revisions,DARTMOUTH,District 05,0,1,Accessory Structure,44.6719675186501,-63.58190267605275
2455,BPCOM-2024-01668,2024-03-13,300000,Renovation,Renovation,Completed,HALIFAX,District 09,0,1,Commercial,44.647112757445164,-63.61973096586073
2456,BPCOM-2024-01876,2024-03-06,15000,Renovation,Renovation,Completed,DARTMOUTH,District 06,0,2,Commercial,44.68309540672013,-63.535699778711596
2457,BPCOM-2024-02185,2024-03-06,196000,Renovation,Renovation,Expired,HALIFAX,District 09,0,3,Commercial,44.6554410728958,-63.62735803598994
2458,BPCOM-2024-02449,2026-03-25,275000,Renovation,Renovation,Issued,HALIFAX,District 07,0,8,Commercial,44.64846610326862,-63.57593956290823
2459,BPCOM-2024-02745,,1750000,New Building,New Building,Withdrawn,WESTPHAL,District 04,0,2,Commercial,44.69713239286631,-63.49551946379554
2460,BPCOM-2024-02951,2024-05-22,1500000,New Building,New Building,Amendment Applicant Revisions,CHASWOOD,District 01,0,2,Agriculture,45.039996006119694,-63.21642196729654
2461,BPCOM-2024-03163,2024-05-03,100000,Renovation,Renovation,Expired,LAWRENCETOWN,District 02,0,2,Accessory Structure,44.65327350458375,-63.36751599256633
2462,BPCOM-2024-03562,,30000,Renovation,Renovation,Withdrawn,DARTMOUTH,District 05,0,2,Mixed Use - Residential & Other Use(s),44.66644510410241,-63.566860322845336
2463,BPCOM-2024-03676,2024-04-15,180000,Renovation,Renovation,Expired,COLE HARBOUR,District 04,0,4,Commercial,44.6507704683377,-63.48303569903545
2464,BPCOM-2024-04308,2024-05-16,320000,Renovation,Renovation,Completed,HALIFAX,District 07,0,3,Institutional and Governmental,44.63513581349808,-63.59621850342735
2465,BPCOM-2024-04463,2024-08-15,16956,New Building,New Building,Completed,DARTMOUTH,District 06,0,2,Accessory Structure,44.69982121550399,-63.56937821588166
2466,BPCOM-2024-04694,2024-05-30,566800,Addition,Addition,Completed,DARTMOUTH,District 06,0,1,Commercial,44.688678871918505,-63.597484726044556
2467,BPCOM-2024-04931,2024-05-01,673000,Renovation,Renovation,Completed,HALIFAX,District 07,0,2,Institutional and Governmental,44.62682652288821,-63.580489483016805
2468,BPCOM-2024-05141,2024-10-03,28880695,New Building,New Building,Issued,HAMMONDS PLAINS,District 14,159,4,Dwelling - Multiple Units,44.725479062662366,-63.75125074711531
2469,BPCOM-2024-05254,2024-08-22,300000,Renovation,Renovation,Completed,HALIFAX,District 09,0,2,Commercial,44.64563065409755,-63.59703387055898
2470,BPCOM-2024-05462,2024-08-15,17540,New Building,New Building,Completed,DARTMOUTH,District 06,0,1,Accessory Structure,44.69982121550399,-63.56937821588166
2471,BPCOM-2024-05689,2024-07-24,62400,Renovation,Renovation,Issued,DARTMOUTH,District 05,0,1,Commercial,44.67192058861362,-63.579539844483385
2472,BPCOM-2024-05870,2024-05-22,70000,Renovation,Renovation,Completed,BEECHVILLE,District 12,0,1,Commercial,44.6430658729969,-63.688248948130806
2473,BPCOM-2024-06142,2024-05-28,200000,Renovation,Renovation,Completed,DARTMOUTH,District 06,0,1,Commercial,44.723332988804664,-63.57582134901827
2474,BPCOM-2024-06233,,43800000,New Building,New Building,Applicant Revisions,HALIFAX,District 07,438,30,Mixed Use - Residential & Other Use(s),44.64052863483248,-63.585674355809445
2475,BPCOM-2024-06233,,43800000,New Building,New Building,Applicant Revisions,HALIFAX,District 07,438,30,Mixed Use - Residential & Other Use(s),44.64052863483248,-63.585674355809445
2476,BPCOM-2024-06233,,43800000,New Building,New Building,Applicant Revisions,HALIFAX,District 07,438,30,Mixed Use - Residential & Other Use(s),44.64052863483248,-63.585674355809445
2477,BPCOM-2024-06233,,43800000,New Building,New Building,Applicant Revisions,HALIFAX,District 07,438,30,Mixed Use - Residential & Other Use(s),44.64052863483248,-63.585674355809445
2478,BPCOM-2024-06341,2024-06-24,610000,Renovation,Renovation,Completed,LAWRENCETOWN,District 02,0,1,Commercial,44.67635227170577,-63.40036683724256
2479,BPCOM-2024-06555,2024-06-13,150000,Renovation,Renovation,Completed,HALIFAX,District 07,0,10,Commercial,44.649909723136616,-63.573835101850825
2480,BPCOM-2024-06682,2024-06-19,15000,Renovation,Renovation,Completed,QUEENSLAND,District 13,0,1,Mixed Use - Residential & Other Use(s),44.64240177763475,-64.01491032436796
2481,BPCOM-2024-06775,,6500,Addition,New Building,Application Incomplete,OYSTER POND,District 02,0,1,Accessory Structure,44.778290027366616,-62.9965029963652
2482,BPCOM-2024-06904,2025-02-26,600000,Renovation,Renovation,Issued,HALIFAX,District 07,5,3,Mixed Use - Residential & Other Use(s),44.64040938494057,-63.58513201544478
2483,BPCOM-2024-07118,2024-06-24,462820,Renovation,Renovation,Completed,FALL RIVER,District 01,0,1,Commercial,44.818383751207776,-63.61028050309607
2484,BPCOM-2024-07339,2024-06-12,275000,New Building,New Building,Amendment Review,PORTERS LAKE,District 02,1,1,Mixed Use - Residential & Other Use(s),44.73944271878181,-63.33704387821443
2485,BPCOM-2024-07387,2024-08-19,97000,New Building,New Building,Completed,HATCHET LAKE,District 13,0,1,Accessory Structure,44.55007479879747,-63.733968793971975
2486,BPCOM-2024-07427,2024-09-06,5000,Renovation,Renovation,Completed,BEECHVILLE,District 12,0,1,Commercial,44.64284824098435,-63.675266456569354
2487,BPCOM-2024-07678,2024-08-16,50000,New Building,New Building,Completed,HATCHET LAKE,District 13,0,1,Commercial,44.55007479879747,-63.733968793971975
2488,BPCOM-2024-07894,2024-06-28,27000,Renovation,Renovation,Issued,DARTMOUTH,District 06,0,1,Institutional and Governmental,44.69966900631396,-63.548169240047656
2489,BPCOM-2024-08188,2024-07-24,2000,New Building,New Building,Issued,NORTH PRESTON,District 04,0,1,Accessory Structure,44.717956365567694,-63.460071594717846
2490,BPCOM-2024-08539,,110000,Addition,Addition,Withdrawn,HALIFAX,District 07,0,3,Mixed Use - Residential & Other Use(s),44.64068430822078,-63.59793499240909
2491,BPCOM-2024-08662,2024-07-17,75000,Renovation,Renovation,Issued,DARTMOUTH,District 06,0,1,Commercial,44.697926706477446,-63.60520483648456
2492,BPCOM-2024-08746,2024-07-16,58000,Renovation,Renovation,Completed,EASTERN PASSAGE,District 03,0,1,Commercial,44.60984949722957,-63.49322560079225
2493,BPCOM-2024-09042,2024-07-30,257800,Renovation,Renovation,Completed,BEDFORD,District 16,0,2,Commercial,44.716515972343345,-63.70681589808718
2494,BPCOM-2024-09210,2024-07-29,100000,Renovation,Renovation,Completed,HALIFAX,District 07,0,16,Dwelling - Multiple Units,44.64126517220374,-63.58620405616795
2495,BPCOM-2024-09399,2024-07-22,446000,Renovation,Renovation,Completed,HALIFAX,District 07,0,22,Commercial,44.64930696488166,-63.573363723911974
2496,BPCOM-2024-09542,2024-10-09,1100000,Addition,Addition,Issued,HALIFAX,District 09,0,2,Mixed Use - Residential & Other Use(s),44.6466342707494,-63.592168479743734
2497,BPCOM-2024-09728,2024-08-23,625000,New Building,New Building,Completed,BEDFORD,District 16,0,1,Commercial,44.73267021646054,-63.63225305658862
2498,BPCOM-2024-09982,2024-08-19,252720,Renovation,Renovation,Issued,HALIFAX,District 07,0,3,Commercial,44.648284861294265,-63.57678713274112
2499,BPCOM-2024-10251,2025-01-23,600000,New Building,New Building,Issued,DARTMOUTH,District 06,0,2,Commercial,44.69643031933263,-63.594307756795004
2500,BPCOM-2024-10478,2025-04-09,550000,Renovation,Renovation,Issued,,District 06,0,1,Commercial,,
2501,BPCOM-2024-10682,2024-08-23,237773,Renovation,Renovation,Completed,DARTMOUTH,District 06,0,1,Commercial,44.698054425299425,-63.581808331756406
2502,BPCOM-2024-10867,2024-08-29,378000,Renovation,Renovation,Issued,HALIFAX,District 09,0,1,Commercial,44.64456804856731,-63.61829827347219
2503,BPCOM-2024-11276,,60000,New Building,Renovation,Withdrawn,HALIFAX,District 09,0,2,Institutional and Governmental,44.649222867468666,-63.60314308489951
2504,BPCOM-2024-11438,2025-02-25,11463129,New Building,New Building,Issued,HALIFAX,District 07,0,3,Commercial,44.63711030165223,-63.60223111672466
2505,BPCOM-2024-11955,2024-09-13,110000,Renovation,Renovation,Issued,HERRING COVE,District 11,0,2,Dwelling - Multiple Units,44.57177099163299,-63.56039373309753
2506,BPCOM-2024-12423,2025-01-20,24550000,New Building,New Building,Issued,LOWER SACKVILLE,District 15,66,6,Dwelling - Multiple Units,44.76272736371547,-63.67352584916375
2507,BPCOM-2024-12726,2024-10-18,462000,Renovation,Renovation,Completed,HALIFAX,District 10,0,1,Commercial,44.684633204798146,-63.67424831358334
2508,BPCOM-2024-13093,2024-09-27,632998,Renovation,Renovation,Completed,BEECHVILLE,District 12,0,1,Commercial,44.65223773372726,-63.681930298485085
2509,BPCOM-2024-13698,2024-09-24,1000000,Renovation,Renovation,Completed,HALIFAX,District 07,0,22,Commercial,44.64930696488166,-63.573363723911974
2510,BPCOM-2024-14043,2025-04-09,400000,Renovation,Renovation,Completed,HALIFAX,District 07,0,2,Commercial,44.638335857363785,-63.5669691563593
2511,BPCOM-2024-14953,2026-02-11,750000,New Building,New Building,Completed,DARTMOUTH,District 05,6,3,Dwelling - Multiple Units,44.6709619750184,-63.56246343391227
2512,BPCOM-2024-15203,2024-11-13,415000,Renovation,Renovation,Issued,HALIFAX,District 07,0,1,Commercial,44.648284861294265,-63.57678713274112
2513,BPCOM-2024-15471,2025-01-13,160000,Renovation,Renovation,Issued,HALIFAX,District 07,0,18,Commercial,44.64632600827658,-63.57548318500764
2514,BPCOM-2024-15681,2026-04-30,4795000,New Building,New Building,Issued,HALIFAX,District 11,30,4,Dwelling - Multiple Units,44.621464654440445,-63.61656974248784
2515,BPCOM-2024-16017,2025-04-02,13000000,New Building,New Building,Issued,DARTMOUTH,District 03,64,6,Dwelling - Multiple Units,44.65766090047755,-63.53641524504159
2516,BPCOM-2024-16088,2025-05-22,51145219,New Building,New Building,Issued,HALIFAX,District 07,0,6,Commercial,44.649589441800885,-63.581092092925175
2517,BPCOM-2024-16393,2024-12-11,120000,Renovation,Renovation,Issued,DARTMOUTH,District 06,0,2,Commercial,44.69165552029157,-63.58652983704794
2518,BPCOM-2024-16608,2024-12-20,225000,Renovation,Renovation,Completed,DARTMOUTH,District 06,0,1,Commercial,44.71966722350877,-63.58282608129453
2519,BPCOM-2024-16804,2024-12-06,250000,Renovation,Renovation,Completed,BEDFORD,District 16,0,1,Commercial,44.71630360381329,-63.71560571913658
2520,BPCOM-2024-17044,2025-07-21,12346714,New Building,New Building,Issued,HALIFAX,District 08,0,2,Industrial,44.66758507686212,-63.59701944385623
2521,BPCOM-2024-17456,2024-12-06,541679,Renovation,Renovation,Completed,HALIFAX,District 12,0,1,Commercial,44.654872761644945,-63.680059402227485
2522,BPCOM-2024-17763,2025-01-28,100,Renovation,Renovation,Issued,HALIFAX,District 07,-27,7,Mixed Use - Residential & Other Use(s),44.6455721005801,-63.573425111200265
2523,BPCOM-2024-17979,2025-04-11,150000,Renovation,Renovation,Completed,HALIFAX,District 08,0,31,Mixed Use - Residential & Other Use(s),44.6563129298986,-63.599659669971565
2524,BPCOM-2024-18170,2024-12-05,492605,Renovation,Renovation,Issued,CARROLLS CORNER,District 01,0,1,Commercial,45.01677383691442,-63.38460250664762
2525,BPCOM-2024-18348,2025-08-11,650000,Renovation,Renovation,Completed,BEDFORD,District 16,0,1,Commercial,44.71336448807936,-63.714994954799224
2526,BPCOM-2024-18471,2025-04-17,1250000,Renovation,Renovation,Issued,BEDFORD,District 16,0,1,Commercial,44.719018560897915,-63.71362749570238
2527,BPCOM-2024-18812,2025-09-02,55000,Addition,Addition,Issued,GLEN HAVEN,District 13,0,1,Commercial,44.64362572484825,-63.90978895157781
2528,BPCOM-2024-18879,2025-07-24,23700000,New Building,New Building,Issued,DARTMOUTH,District 05,168,8,Dwelling - Multiple Units,44.68425063759797,-63.595920831683486
2529,BPCOM-2025-00215,2025-02-06,400000,Renovation,Renovation,Completed,DARTMOUTH,District 06,0,1,Commercial,44.70875958310366,-63.58499131287297
2530,BPCOM-2025-00407,2025-01-17,2500,Renovation,Renovation,Completed,BEDFORD,District 16,0,2,Commercial,44.716515972343345,-63.70681589808718
2531,BPCOM-2025-00617,,40000,Renovation,Renovation,Withdrawn,BEDFORD,District 16,1,2,Dwelling - Multiple Units,44.718003044355655,-63.70967973439915
2532,BPCOM-2025-00967,2025-06-12,80000,Addition,Addition,Issued,HUBBARDS,District 13,1,2,Mixed Use - Residential & Other Use(s),44.64356758532501,-64.05056499312202
2533,BPCOM-2025-01078,2025-02-27,43000,Renovation,Renovation,Completed,HAMMONDS PLAINS,District 14,0,1,Commercial,44.728049278595066,-63.74950387572457
2534,BPCOM-2025-01188,2025-02-05,199964,Renovation,Renovation,Issued,EAST LAWRENCETOWN,District 02,0,1,Institutional and Governmental,44.6518031962606,-63.3178009422663
2535,BPCOM-2025-01381,2025-10-24,650000,New Building,New Building,Issued,HALIFAX,District 10,4,3,Mixed Use - Residential & Other Use(s),44.65709461174735,-63.639502175400516
2536,BPCOM-2025-01519,,710000,New Building,New Building,Withdrawn,HALIFAX,District 07,6,4,Dwelling - Multiple Units,44.626417886963814,-63.57580836406881
2537,BPCOM-2025-01657,2025-10-09,15000,Renovation,Renovation,Completed,FALL RIVER,District 01,0,2,Mixed Use - Residential & Other Use(s),44.81641013838386,-63.6156642530772
2538,BPCOM-2025-01806,2025-05-02,323100,Renovation,Renovation,Issued,HALIFAX,District 07,4,7,Mixed Use - Residential & Other Use(s),44.64338577934373,-63.56896577062749
2539,BPCOM-2025-01898,2025-02-19,292910,Renovation,Renovation,Issued,HALIFAX,District 07,0,18,Dwelling - Multiple Units,44.64126517220374,-63.58620405616795
2540,BPCOM-2025-02045,2025-06-11,28272000,New Building,New Building,Issued,SHEET HARBOUR,District 02,0,2,Institutional and Governmental,44.919916983744436,-62.52313609359317
2541,BPCOM-2025-02333,2025-03-06,70000,Renovation,Renovation,Completed,COLE HARBOUR,District 04,0,1,Commercial,44.66982313641441,-63.499408105175235
2542,BPCOM-2025-02546,,1000,Renovation,Renovation,Applicant Revisions,HALIFAX,District 08,1,3,Mixed Use - Residential & Other Use(s),44.66551603146483,-63.615312112967956
2543,BPCOM-2025-02626,2025-04-11,3177262.94,New Building,New Building,Completed,DARTMOUTH,District 06,0,2,Commercial,44.706199029837634,-63.5932006947772
2544,BPCOM-2025-02907,2025-03-18,21000,Renovation,Renovation,Completed,HALIFAX,District 12,0,1,Commercial,44.64148992751634,-63.66143382213742
2545,BPCOM-2025-03018,,53000000,New Building,New Building,Applicant Revisions,DARTMOUTH,District 05,159,14,Dwelling - Multiple Units,44.685977764263534,-63.60581950663928
2546,BPCOM-2025-03099,2025-03-13,75000,Renovation,Renovation,Issued,BEDFORD,District 16,0,2,Commercial,44.70917405303273,-63.71002419717636
2547,BPCOM-2025-03144,2025-04-01,192000,Renovation,Renovation,Completed,HALIFAX,District 11,0,2,Institutional and Governmental,44.61551650447369,-63.61445356378736
2548,BPCOM-2025-03215,2025-05-05,325000,Renovation,Renovation,Completed,HALIFAX,District 07,0,9,Commercial,44.642787170255495,-63.57661425225952
2549,BPCOM-2025-03312,,25000,Renovation,Renovation,Withdrawn,BEDFORD,District 16,0,2,Institutional and Governmental,44.7245812328983,-63.66897250789081
2550,BPCOM-2025-03502,2025-04-17,130000,Renovation,Renovation,Issued,DARTMOUTH,District 05,0,3,Commercial,44.68656042112191,-63.55952448193897
2551,BPCOM-2025-03581,2025-04-08,1500,Renovation,Renovation,Completed,HALIFAX,District 08,0,1,Commercial,44.65825933922125,-63.59798541640007
2552,BPCOM-2025-03661,2025-11-03,15000000,Renovation,Renovation,Issued,DARTMOUTH,District 05,84,8,Mixed Use - Residential & Other Use(s),44.66501648952933,-63.56684752329249
2553,BPCOM-2025-03857,2025-04-22,50000,Renovation,Renovation,Completed,LOWER SACKVILLE,District 15,0,1,Commercial,44.774666976689566,-63.693052196939526
2554,BPCOM-2025-04019,2025-07-08,6250000,New Building,New Building,Issued,LOWER SACKVILLE,District 15,52,5,Mixed Use - Residential & Other Use(s),44.75917473680406,-63.66862106795413
2555,BPCOM-2025-04120,,26600000,New Building,New Building,Cancelled,MUSQUODOBOIT HARBOUR,District 02,48,1,Mixed Use - Residential & Other Use(s),44.78593999839839,-63.15459923496164
2556,BPCOM-2025-04239,,197700,New Building,New Building,Applicant Revisions,TIMBERLEA,District 12,0,1,Commercial,44.64296567476923,-63.72348995195499
2557,BPCOM-2025-04374,2025-06-09,1300000,New Building,New Building,Completed,HALIFAX,District 11,0,1,Commercial,44.615797030566945,-63.61536722175468
2558,BPCOM-2025-04454,2025-04-14,1966000,Renovation,Renovation,Completed,HALIFAX,District 07,0,2,Institutional and Governmental,44.631329104661084,-63.581701595014245
2559,BPCOM-2025-04904,2025-04-22,50000,Renovation,Renovation,Issued,HALIFAX,District 08,0,3,Commercial,44.65436273887145,-63.59550894711066
2560,BPCOM-2025-05078,,70000,New Building,New Building,Applicant Revisions,,District 02,0,1,Commercial,44.79723011525248,-63.39320962588997
2561,BPCOM-2025-05767,,550000,Renovation,Renovation,Withdrawn,HALIFAX,District 07,0,9,Mixed Use - Residential & Other Use(s),44.64171756521886,-63.58055965460019
2562,BPCOM-2025-05901,,11108699,New Building,New Building,Applicant Revisions,HALIFAX,District 07,33,7,Dwelling - Multiple Units,44.638409463430904,-63.594561854922546
2563,BPCOM-2025-06326,2026-04-13,63499000,Addition,Addition,Issued,HALIFAX,District 07,174,17,Dwelling - Multiple Units,44.63598190977873,-63.57465791070177
2564,BPCOM-2025-06610,2025-06-16,33750,Renovation,Renovation,Completed,BEDFORD,District 16,0,1,Industrial,44.71630360381329,-63.71560571913658
2565,BPCOM-2025-06988,2025-07-22,600000,Renovation,Renovation,Issued,HALIFAX,District 12,0,1,Commercial,44.65648753808178,-63.671734874645914
2566,BPCOM-2025-07268,2025-05-21,200000,Renovation,Renovation,Issued,DARTMOUTH,District 06,0,1,Commercial,44.7158743660538,-63.59608277418807
2567,BPCOM-2025-07793,,300000,Addition,Addition,Applicant Revisions,HALIFAX,District 10,0,2,Institutional and Governmental,44.6515725034848,-63.640474049575154
2568,BPCOM-2025-08117,2025-06-13,1923500,Renovation,Renovation,Issued,HALIFAX,District 07,0,5,Dwelling - Multiple Units,44.63759867706497,-63.57248433803884
2569,BPCOM-2025-08443,2025-09-24,146437,Addition,Addition,Completed,LOWER SACKVILLE,District 15,0,1,Institutional and Governmental,44.760886264189395,-63.6534090777673
2570,BPCOM-2025-08740,2025-11-06,3000000,New Building,New Building,Issued,BEAVER BANK,District 15,0,3,Commercial,44.793419089298574,-63.6883206786832
2571,BPCOM-2025-09136,,50000,Renovation,Renovation,Application Incomplete,HALIFAX,District 08,15,3,Dwelling - Multiple Units,44.65185704393544,-63.58407465379236
2572,BPCOM-2025-09366,2025-07-18,257710,Renovation,Renovation,Completed,HATCHET LAKE,District 13,0,1,Commercial,44.5668308587884,-63.72913728034345
2573,BPCOM-2025-09767,2025-07-23,,Renovation,Renovation,Issued,BLACK POINT,District 13,0,1,Commercial,44.646809178656824,-63.98178614473062
2574,BPCOM-2025-09958,2026-06-08,600000,Renovation,Renovation,Issued,HALIFAX,District 07,3,11,Dwelling - Multiple Units,44.6500745680104,-63.57808127207631
2575,BPCOM-2025-10202,2025-08-06,150000,Renovation,Renovation,Completed,HALIFAX,District 09,0,3,Commercial,44.649368575944415,-63.61874247106554
2576,BPCOM-2025-10505,2025-08-21,2000000,Addition,Addition,Issued,HALIFAX,District 11,0,1,Commercial,44.621231133808955,-63.61802874259596
2577,BPCOM-2025-10846,2025-08-15,5000,Renovation,Renovation,Completed,HALIFAX,District 08,0,2,Mixed Use - Residential & Other Use(s),44.666378064729194,-63.61314383443428
2578,BPCOM-2025-11261,2025-08-22,80000,Renovation,Renovation,Issued,DARTMOUTH,District 03,0,1,Commercial,44.64928510721457,-63.54412440635905
2579,BPCOM-2025-11556,2025-09-12,212000,Renovation,Renovation,Issued,DARTMOUTH,District 06,0,3,Commercial,44.69420606351045,-63.57991685378375
2580,BPCOM-2025-11898,2025-10-14,1200000,Renovation,Renovation,Issued,HALIFAX,District 12,0,2,Commercial,44.643888679843144,-63.666773356802494
2581,BPCOM-2025-12167,,500000,New Building,New Building,Withdrawn,,District 02,0,4,Commercial,45.02813824221742,-62.29377982754263
2582,BPCOM-2025-12300,2025-08-12,110000,Renovation,Renovation,Completed,HALIFAX,District 07,0,22,Commercial,44.652649421307245,-63.57452150316824
2583,BPCOM-2025-12593,,120000,Renovation,Renovation,Applicant Revisions,LOWER SACKVILLE,District 15,0,2,Commercial,44.764732164723874,-63.68757662237387
2584,BPCOM-2025-12776,2025-09-22,275000,Renovation,Renovation,Issued,HALIFAX,District 16,0,1,Commercial,44.699909717892524,-63.687718114954
2585,BPCOM-2025-12956,2025-09-23,300000,Renovation,Renovation,Issued,UPPER TANTALLON,District 13,0,1,Commercial,44.704889458937906,-63.857342944308485
2586,BPCOM-2025-13253,2025-10-01,150000,Renovation,Renovation,Completed,LOWER SACKVILLE,District 15,0,1,Commercial,44.773931739324105,-63.694670715000164
2587,BPCOM-2025-13654,2026-01-07,350000,New Building,New Building,Issued,SHEET HARBOUR,District 02,0,1,Commercial,44.92572815163852,-62.54089844945769
2588,BPCOM-2025-13781,2025-10-01,433000,Renovation,Renovation,Completed,DARTMOUTH,District 06,0,1,Commercial,44.69616742095974,-63.57193871665344
2589,BPCOM-2025-14057,,375000,New Building,New Building,Applicant Revisions,HARRIETSFIELD,District 11,0,1,Commercial,44.58212710932288,-63.641022035388126
2590,BPCOM-2025-14230,2025-10-06,41000,Renovation,Renovation,Completed,DARTMOUTH,District 03,0,2,Commercial,44.65688450209084,-63.53129847357066
2591,BPCOM-2025-14502,,1000,Renovation,Renovation,Cancelled,HALIFAX,District 12,0,2,Commercial,44.683479264644916,-63.67610268740224
2592,BPCOM-2025-14802,2025-12-01,95000,Renovation,Renovation,Completed,DARTMOUTH,District 06,0,1,Commercial,44.707901147954225,-63.58159166072314
2593,BPCOM-2025-14963,2025-11-04,5000,Renovation,Renovation,Issued,HALIFAX,District 07,0,20,Commercial,44.65103876327361,-63.577228829143614
2594,BPCOM-2025-15127,2025-10-22,1520000,Addition,Addition,Issued,HALIFAX,District 08,12,4,Dwelling - Multiple Units,44.653349797035574,-63.58563163099536
2595,BPCOM-2025-15320,2026-01-06,3000000,New Building,New Building,Issued,HAMMONDS PLAINS,District 14,46,4,Mixed Use - Residential & Other Use(s),44.727627552345595,-63.747278919658534
2596,BPCOM-2025-15507,2025-11-26,70000,Renovation,Renovation,Completed,HALIFAX,District 09,0,3,Commercial,44.649368575944415,-63.61874247106554
2597,BPCOM-2025-15662,2026-01-28,46997934,New Building,New Building,Issued,HALIFAX,District 07,0,6,Institutional and Governmental,44.63901514791579,-63.58878813211204
2598,BPCOM-2025-15824,2025-10-20,167258,Renovation,Renovation,Completed,HALIFAX,District 07,0,19,Dwelling - Multiple Units,44.64129518739388,-63.578961610397236
2599,BPCOM-2025-15998,2025-12-16,625000,Renovation,Renovation,Completed,BEECHVILLE,District 12,0,1,Commercial,44.65223773372726,-63.681930298485085
2600,BPCOM-2025-16228,2025-11-27,500000,Renovation,Renovation,Issued,COLE HARBOUR,District 04,0,1,Commercial,44.67496501855238,-63.492580415135265
2601,BPCOM-2025-16390,,23801040,New Building,New Building,Applicant Revisions,,District 01,0,3,Commercial,44.73122277015369,-63.59528613463306
2602,BPCOM-2025-16583,2025-12-17,17436162,Addition,Addition,Issued,BEECHVILLE,District 12,0,2,Commercial,44.63958090674638,-63.664490413470695
2603,BPCOM-2025-16905,,1000000,New Building,New Building,Withdrawn,,District 03,0,2,Commercial,44.62039001550503,-63.50315207118579
2604,BPCOM-2025-17128,2025-11-21,888686,Renovation,Renovation,Issued,HALIFAX,District 12,0,1,Commercial,44.654872761644945,-63.680059402227485
2605,BPCOM-2025-17370,2026-01-26,48000,Addition,Addition,Issued,DARTMOUTH,District 03,0,1,Commercial,44.65844228354125,-63.541580437950294
2606,BPCOM-2025-17590,2025-12-16,200000,Renovation,Renovation,Issued,DARTMOUTH,District 06,0,1,Commercial,44.69912630573605,-63.56385497337707
2607,BPCOM-2025-17820,,40000,New Building,New Building,Applicant Revisions,MURPHY COVE,District 02,0,1,Commercial,44.77570239951846,-62.76305185896554
2608,BPCOM-2025-18083,,200000,Renovation,Renovation,Applicant Revisions,WEST PETPESWICK,District 02,1,2,Mixed Use - Residential & Other Use(s),44.738164382040544,-63.17167765396098
2609,BPCOM-2025-18384,2025-12-11,9450,Renovation,Renovation,Issued,DARTMOUTH,District 05,0,2,Commercial,44.66709632971983,-63.56464503256179
2610,BPCOM-2025-18511,2026-02-12,120000,Renovation,Renovation,Issued,HALIFAX,District 08,0,2,Commercial,44.65275326417315,-63.58957156591966
2611,BPCOM-2025-18738,2026-01-20,350000,Renovation,Renovation,Completed,DARTMOUTH,District 06,0,2,Commercial,44.69494040904023,-63.56984805953759
2612,BPCOM-2025-18807,2026-01-20,300000,Renovation,Renovation,Issued,DARTMOUTH,District 06,0,3,Commercial,44.70212887553781,-63.56300908648515
2613,BPCOM-2025-18997,,1000,Renovation,Renovation,Applicant Revisions,MEAGHERS GRANT,District 01,0,2,Mixed Use - Residential & Other Use(s),44.908037330251396,-63.23860054204193
2614,BPCOM-2026-00058,2026-01-14,90000,Renovation,Renovation,Issued,DARTMOUTH,District 06,0,1,Commercial,44.69771172938676,-63.54840453471994
2615,BPCOM-2026-00326,2026-01-20,30000,Renovation,Renovation,Completed,HALIFAX,District 07,0,4,Industrial,44.644366382772624,-63.57096397831999
2616,BPCOM-2026-00417,2026-02-26,600000,Renovation,Renovation,Issued,LOWER SACKVILLE,District 15,0,2,Commercial,44.757224052232296,-63.66037525969643
2617,BPCOM-2026-00590,,35000,Renovation,Renovation,Applicant Revisions,,District 08,0,2,Mixed Use - Residential & Other Use(s),44.65616172198533,-63.59902880317071
2618,BPCOM-2026-00864,,10000,Renovation,Renovation,Applicant Revisions,HALIFAX,District 08,0,3,Commercial,44.65575549707965,-63.598539988040955
2619,BPCOM-2026-01177,2026-02-10,60000,Renovation,Renovation,Completed,HALIFAX,District 08,0,7,Commercial,44.656976310263964,-63.59592009832294
2620,BPCOM-2026-01395,,12000,Renovation,Renovation,Applicant Revisions,HALIFAX,District 08,0,3,Commercial,44.656026084263544,-63.59925416983035
2621,BPCOM-2026-01444,,34000000,New Building,New Building,Applicant Revisions,HALIFAX,District 10,164,9,Dwelling - Multiple Units,44.65296740262956,-63.631067895658454
2622,BPCOM-2026-01490,2026-06-02,750000,Renovation,Renovation,Amendment Applicant Revisions,HALIFAX,District 08,0,1,Commercial,44.654677328773076,-63.589897029910624
2623,BPCOM-2026-01616,,25000,New Building,New Building,Applicant Revisions,,District 13,0,2,Commercial,44.51269627011931,-63.85872307924769
2624,BPCOM-2026-01739,2026-05-15,17500000,New Building,New Building,Issued,DARTMOUTH,District 05,80,6,Dwelling - Multiple Units,44.68516133075777,-63.58549436998086
2625,BPCOM-2026-01908,,8800000,New Building,New Building,Applicant Revisions,,District 14,46,4,Mixed Use - Residential & Other Use(s),44.72608732034264,-63.75463789712081
2626,BPCOM-2026-02199,,25000,Renovation,Renovation,Applicant Revisions,MIDDLE SACKVILLE,District 14,0,2,Commercial,44.78207206806675,-63.70334239924503
2627,BPCOM-2026-02613,2026-04-27,300000,Renovation,Renovation,Issued,HALIFAX,District 09,0,1,Commercial,44.65406288050037,-63.62501716478665
2628,BPCOM-2026-02787,2026-04-28,20000000,Renovation,Renovation,Issued,DARTMOUTH,District 05,69,6,Dwelling - Multiple Units,44.667385440270365,-63.56368069959144
2629,BPCOM-2026-02936,,25000,New Building,New Building,Applicant Revisions,,District 01,0,1,Commercial,44.87023120571719,-63.55142002090071
2630,BPCOM-2026-03263,,90000,New Building,New Building,Withdrawn,HUBLEY,District 13,12,1,Mixed Use - Residential & Other Use(s),44.674693298553244,-63.823071734025845
2631,BPCOM-2026-03702,2026-05-28,2921530,Renovation,Renovation,Issued,HALIFAX,District 07,0,4,Institutional and Governmental,44.63886044072559,-63.585534646435526
2632,BPCOM-2026-03845,,12500000,New Building,New Building,Applicant Revisions,HALIFAX,District 10,50,7,Dwelling - Multiple Units,44.65279902968498,-63.63212444672726
2633,BPCOM-2026-04195,2026-04-14,401360,Renovation,Renovation,Issued,HALIFAX,District 07,0,4,Institutional and Governmental,44.63898504592601,-63.58491125597247
2634,BPCOM-2026-04411,2026-05-15,3480000,Renovation,Renovation,Amendment Application Incomplete,DARTMOUTH,District 06,0,3,Commercial,44.699801375879396,-63.5981808375629
2635,BPCOM-2026-04682,,10000000,New Building,New Building,In Review,HALIFAX,District 09,64,9,Dwelling - Multiple Units,44.654391025584935,-63.610810049122875
2636,BPCOM-2026-04959,2026-05-07,60000,Renovation,Renovation,Issued,HALIFAX,District 07,0,3,Mixed Use - Residential & Other Use(s),44.64290348077924,-63.578072640532504
2637,BPCOM-2026-05240,,22000,New Building,New Building,Applicant Revisions,,District 02,0,1,Commercial,44.79723011525248,-63.39320962588997
2638,BPCOM-2026-05277,2026-05-08,270000,Renovation,Renovation,Issued,BEDFORD,District 16,0,1,Commercial,44.728774739485104,-63.65493814120367
2639,BPCOM-2026-05476,2026-05-29,85000,Renovation,Renovation,Issued,BEECHVILLE,District 12,0,1,Commercial,44.64913962462528,-63.68329974030222
2640,BPCOM-2026-05767,,200000000,New Building,New Building,Applicant Revisions,HALIFAX,District 09,1174,28,Mixed Use - Residential & Other Use(s),44.64731925959862,-63.592742665981284
2641,BPCOM-2026-06121,2026-06-03,20000,Renovation,Renovation,Issued,HALIFAX,District 07,0,32,Commercial,44.63804631825359,-63.57541504472231
2642,BPCOM-2026-06475,2026-06-04,450000,Renovation,Renovation,Issued,HALIFAX,District 10,0,1,Commercial,44.66110853877551,-63.65653701425347
2643,BPCOM-2026-06810,,180000,New Building,New Building,Application Incomplete,TIMBERLEA,District 12,0,1,Commercial,44.65633833858782,-63.735756616614125
2644,BPCOM-2026-07034,,125000,Addition,Addition,Applicant Revisions,BEAVER BANK,District 15,0,1,Commercial,44.80136537294955,-63.69091707634132
2645,BPCOM-2026-07171,2026-06-11,982000,Renovation,Renovation,Issued,DARTMOUTH,District 06,0,2,Commercial,44.71489331188429,-63.60441566814219
2646,BPCOM-2026-07557,,105000,Renovation,Renovation,Applicant Revisions,UPPER TANTALLON,District 13,0,2,Commercial,44.68707933592178,-63.88497704706564
2647,BPCOM-2026-07905,,70000,Renovation,Renovation,In Review,HALIFAX,District 08,0,4,Commercial,44.65301630700389,-63.597780425646086
2648,BPCOM-2026-08077,,150000,Renovation,Renovation,Applicant Revisions,HALIFAX,District 07,0,16,Commercial,44.648977647796926,-63.57476083134049
2649,BPCOM-2026-08312,,575000,Renovation,Renovation,In Review,DARTMOUTH,District 03,0,2,Commercial,44.65688450209084,-63.53129847357066
2650,BPCOM-2026-08860,,1400000,Renovation,Renovation,Submitted,DARTMOUTH,District 06,0,5,Commercial,44.70158011702796,-63.564167987314526
2651,BPRES-2021-10359,,165000,Addition,Addition,Withdrawn,LUCASVILLE,District 14,1,2,Dwelling - Backyard Suite,44.75818298908981,-63.728682911416335
2652,BPRES-2021-10422,2021-10-29,1200000,New Building,New Building,Expired,FALL RIVER,District 01,1,2,Dwelling - Single Detached,44.818603157249996,-63.64509250619186
2653,BPRES-2021-10482,2021-06-29,450000,New Building,New Building,Completed,MIDDLE SACKVILLE,District 14,1,2,Dwelling - Single Detached,44.79037700283391,-63.760703449104696
2654,BPRES-2021-10516,2022-02-11,5000,Renovation,Renovation,Completed,LAKE ECHO,District 02,0,2,Accessory Structure,44.72355422349534,-63.38223074229651
2655,BPRES-2021-10582,2021-08-25,120000,New Building,New Building,Expired,THIRD LAKE,District 02,1,1,Dwelling - Seasonal,44.85704721731887,-62.67585861431175
2656,BPRES-2021-10641,2021-11-04,80000,Renovation,Renovation,Completed,HACKETTS COVE,District 13,1,2,Dwelling - Backyard Suite,44.566343493131974,-63.933468616374576
2657,BPRES-2021-10712,2021-06-25,30000,New Building,New Building,Expired (Closed),SOBER ISLAND,District 02,0,1,Accessory Structure,44.849640600629996,-62.48040055455019
2658,BPRES-2021-10761,2021-10-07,800000,New Building,New Building,Completed,FALL RIVER,District 01,1,2,Dwelling - Single Detached,44.8158669232436,-63.64404644729749
2659,BPRES-2021-10860,2021-08-27,450000,New Building,New Building,Completed,LUCASVILLE,District 14,1,2,Dwelling - Single Detached,44.76731471446921,-63.71646334798484
2660,BPRES-2021-10922,,90000,New Building,New Building,Applicant Revisions,HALIFAX,District 11,1,2,Dwelling - Backyard Suite,44.63389485644239,-63.62304138785246
2661,BPRES-2021-11041,2021-07-15,260000,New Building,New Building,Expired,,District 02,1,2,Dwelling - Single Detached,,
2662,BPRES-2021-11091,2021-07-28,71500,Renovation,Renovation,Completed,QUEENSLAND,District 13,0,1,Dwelling - Single Detached,44.6360434035878,-64.02609324028413
2663,BPRES-2021-11210,,46000,Renovation,Renovation,Withdrawn,HALIFAX,District 07,0,1,Dwelling - Single Detached,44.643956942232094,-63.569367605402114
2664,BPRES-2021-11279,2021-07-05,345000,New Building,New Building,Completed,EAST PETPESWICK,District 02,1,2,Dwelling - Single Detached,44.73020475064633,-63.158042621715815
2665,BPRES-2021-11403,2021-08-23,75000,Renovation,Renovation,Expired,HALIFAX,District 08,0,3,Dwelling - Multiple Units,44.66935078131683,-63.60141531351695
2666,BPRES-2021-11474,2021-07-15,600000,New Building,New Building,Completed,COLE HARBOUR,District 04,1,2,Dwelling - Single Detached,44.64588072901966,-63.46530665009595
2667,BPRES-2021-11561,,50000,New Building,New Building,Withdrawn,DARTMOUTH,District 06,0,1,Accessory Structure,44.690580850025476,-63.55780677443927
2668,BPRES-2021-11606,2021-10-19,506000,New Building,New Building,Completed,MIDDLE SACKVILLE,District 14,2,3,Dwelling - Semi-Detached,44.78114383916788,-63.70286402002969
2669,BPRES-2021-11681,2023-01-03,235000,Addition,Addition,Completed,WAVERLEY,District 01,1,2,Dwelling - Single Detached,44.78005996602409,-63.59643108311186
2670,BPRES-2021-11772,2021-07-15,375000,New Building,New Building,Completed,UPPER TANTALLON,District 13,1,2,Dwelling - Single Detached,44.7205871530852,-63.87842322698584
2671,BPRES-2021-11829,2021-08-13,900000,New Building,New Building,Completed,HAMMONDS PLAINS,District 14,1,1,Dwelling - Single Detached,44.75718818671976,-63.78115019600357
2672,BPRES-2021-11905,2023-05-03,45000,New Building,New Building,Completed,MINEVILLE,District 02,0,1,Accessory Structure,44.700552875582964,-63.37882110730316
2673,BPRES-2021-12025,2021-07-16,16000,New Building,New Building,Issued,HERRING COVE,District 11,0,1,Accessory Structure,44.58304678472588,-63.58524620557278
2674,BPRES-2021-12045,2021-07-26,15299,Renovation,Renovation,Expired,LOWER SACKVILLE,District 15,0,1,Dwelling - Single Detached,44.7805172686176,-63.667935285231394
2675,BPRES-2021-12079,2021-07-28,490000,New Building,New Building,Completed,TANTALLON,District 13,1,2,Dwelling - Single Detached,44.64916203086173,-63.89917310829619
2676,BPRES-2021-12141,2021-07-27,700000,New Building,New Building,Completed,HEAD OF JEDDORE,District 02,1,3,Dwelling - Single Detached,44.749853286408545,-63.04420055457543
2677,BPRES-2021-12211,2021-08-20,50000,New Building,New Building,Expired,OAKFIELD,District 01,0,1,Accessory Structure,44.899919322535894,-63.585902611368276
2678,BPRES-2021-12274,2022-06-20,220000,New Building,New Building,Completed,LAKE CHARLOTTE,District 02,1,1,Dwelling - Single Detached,44.775419957211334,-62.96738138479852
2679,BPRES-2021-12322,2021-08-06,550000,New Building,New Building,Completed,OAKFIELD,District 01,1,2,Dwelling - Single Detached,44.922564783355746,-63.55775913762664
2680,BPRES-2021-12381,2021-08-04,133000,New Building,New Building,Expired,DARTMOUTH,District 06,1,3,Dwelling - Single Detached,44.69870390005178,-63.53592225483946
2681,BPRES-2021-12471,2021-09-23,65000,Addition,Addition,Expired,HAMMONDS PLAINS,District 14,0,2,Dwelling - Single Detached,44.696780657421954,-63.77548750571853
2682,BPRES-2021-12576,2021-11-02,50000,New Building,New Building,Expired,LAWRENCETOWN,District 02,0,1,Accessory Structure,44.682285995652165,-63.405216485639826
2683,BPRES-2021-12687,2021-08-10,250000,New Building,New Building,Expired,BEAVER BANK,District 15,1,1,Dwelling - Single Detached,44.89914370649131,-63.70881590902338
2684,BPRES-2021-12772,2021-08-17,89000,New Building,New Building,Completed,FLETCHERS LAKE,District 01,0,1,Accessory Structure,44.85374637449538,-63.597290469031
2685,BPRES-2021-12810,2021-08-12,16706,Renovation,Renovation,Completed,FALL RIVER,District 01,0,2,Dwelling - Single Detached,44.81906753392619,-63.60745465520455
2686,BPRES-2021-12827,2021-08-24,500000,New Building,New Building,Completed,TIMBERLEA,District 12,4,3,Dwelling - Semi-Detached,44.650704870914524,-63.73552535351969
2687,BPRES-2021-12902,2021-08-12,505900,New Building,New Building,Completed,TANTALLON,District 13,1,1,Dwelling - Single Detached,44.6512097510818,-63.90337469550597
2688,BPRES-2021-12985,2022-08-30,256000,New Building,New Building,Completed,MINEVILLE,District 02,2,1,Dwelling - Semi-Detached,44.69353359678929,-63.3875177943906
2689,BPRES-2021-13040,2021-09-20,400000,New Building,New Building,Expired,HALIFAX,District 10,3,3,Dwelling - Semi-Detached,44.65082418703119,-63.6422045937003
2690,BPRES-2021-13091,2021-08-24,200000,New Building,New Building,Completed,HUBBARDS,District 13,1,2,Dwelling - Single Detached,44.63747266921697,-64.05647347680366
2691,BPRES-2021-13182,2022-02-24,510000,New Building,New Building,Completed,DARTMOUTH,District 03,4,2,Dwelling - Semi-Detached,44.64830695722004,-63.53602515703086
2692,BPRES-2021-13236,2021-08-27,182000,New Building,New Building,Completed,TIMBERLEA,District 12,1,1,Dwelling - Single Detached,44.663733830460174,-63.75052487647566
2693,BPRES-2021-13300,2021-08-27,300000,New Building,New Building,Completed,TIMBERLEA,District 12,1,1,Dwelling - Single Detached,44.66404539564048,-63.75235558542777
2694,BPRES-2021-13330,,398000,New Building,New Building,Withdrawn,BAYSIDE,District 13,1,1,Dwelling - Single Detached,44.52867406132476,-63.814378996571186
2695,BPRES-2021-13376,2021-08-20,29300,New Building,New Building,Completed,FALL RIVER,District 01,0,1,Accessory Structure,44.82663659464196,-63.59953705591162
2696,BPRES-2021-13454,2021-11-22,300000,New Building,New Building,Completed,FALL RIVER,District 01,2,2,Dwelling - Multiple Units,44.82419730048937,-63.61504323804381
2697,BPRES-2021-13515,2022-07-15,30100,Renovation,Renovation,Completed,EAST PRESTON,District 04,1,2,Dwelling - Backyard Suite,44.71662551650322,-63.444668074858264
2698,BPRES-2021-13583,2021-08-31,200000,New Building,New Building,Completed,HERRING COVE,District 11,1,2,Dwelling - Single Detached,44.575912441666475,-63.57141276544468
2699,BPRES-2021-13642,2021-08-27,20000,New Building,New Building,Completed,EASTERN PASSAGE,District 03,0,1,Accessory Structure,44.616160412330665,-63.48334682803517
2700,BPRES-2021-13756,,100000,Addition,Addition,Cancelled,HUBLEY,District 13,1,1,Dwelling - Backyard Suite,44.66242114457048,-63.8203731579839
2701,BPRES-2021-13828,2021-08-27,650000,New Building,New Building,Completed,MIDDLE SACKVILLE,District 14,1,1,Dwelling - Single Detached,44.78967165655979,-63.766628822249466
2702,BPRES-2021-13862,2021-09-02,58331,Addition,Addition,Expired,FALL RIVER,District 01,0,2,Dwelling - Single Detached,44.8315687520747,-63.64719172645515
2703,BPRES-2021-13901,2022-01-14,11000,Renovation,Renovation,Completed,LOWER SACKVILLE,District 15,1,1,Dwelling - Multiple Units,44.76633610670237,-63.68551530213232
2704,BPRES-2021-14043,2021-09-17,13580,Renovation,Renovation,Expired,HALIFAX,District 09,0,11,Dwelling - Multiple Units,44.63481296161696,-63.637547695146615
2705,BPRES-2021-14144,2021-09-28,4500,New Building,New Building,Expired (Closed),,District 02,0,1,Accessory Structure,,
2706,BPRES-2021-14224,2022-03-11,197000,New Building,New Building,Issued,KINSAC,District 15,2,2,Dwelling - Multiple Units,44.835697849627415,-63.657022353990136
2707,BPRES-2021-14281,2021-10-13,800000,New Building,New Building,Completed,PORTERS LAKE,District 02,1,2,Dwelling - Single Detached,44.75101662898607,-63.3381132935656
2708,BPRES-2021-14325,2021-10-19,28000,New Building,New Building,Completed,TIMBERLEA,District 12,0,1,Accessory Structure,44.65755515904137,-63.7398415284871
2709,BPRES-2021-14351,2021-10-20,100000,New Building,New Building,Completed,LOWER SACKVILLE,District 15,1,1,Dwelling - Backyard Suite,44.76274820061402,-63.68582788930159
2710,BPRES-2021-14419,2021-11-29,2807849,New Building,New Building,Expired,TERENCE BAY,District 13,1,2,Dwelling - Single Detached,44.47920649714685,-63.73236749348956
2711,BPRES-2021-14491,,312500,Addition,Addition,Withdrawn,MIDDLE SACKVILLE,District 14,1,2,Dwelling - Multiple Units,44.819994426326126,-63.71611983902503
2712,BPRES-2021-14554,2022-04-06,240000,New Building,New Building,Completed,EAST JEDDORE,District 02,1,3,Dwelling - Seasonal,44.72229718849547,-62.994854279131616
2713,BPRES-2021-14633,2021-11-08,150000,Renovation,Renovation,Issued,HALIFAX,District 07,0,3,Dwelling - Multiple Units,44.63975970127152,-63.59926402918024
2714,BPRES-2021-14698,2021-12-08,750000,New Building,New Building,Completed,HALIFAX,District 07,2,2,Dwelling - Multiple Units,44.62786952325826,-63.56951152012863
2715,BPRES-2021-14793,2021-09-21,400000,New Building,New Building,Expired,DARTMOUTH,District 06,1,2,Dwelling - Single Detached,44.704922271490986,-63.55155028664809
2716,BPRES-2021-14898,2021-11-18,35000,New Building,New Building,Completed,WELLINGTON,District 01,0,1,Accessory Structure,44.85379147048337,-63.612129032376835
2717,BPRES-2021-14967,2021-12-21,9615,New Building,New Building,Issued,DARTMOUTH,District 06,0,1,Accessory Structure,44.673974186863916,-63.53213899410255
2718,BPRES-2021-15007,2021-12-03,40000,New Building,New Building,Completed,GRAND LAKE,District 01,0,1,Accessory Structure,44.89586118289317,-63.586890159747625
2719,BPRES-2021-15106,2021-10-14,450000,New Building,New Building,Completed,OAKFIELD,District 01,1,3,Dwelling - Single Detached,44.92408033653315,-63.561249669243566
2720,BPRES-2021-15183,,5000,Renovation,Renovation,Application Incomplete,MIDDLE SACKVILLE,District 14,1,1,Dwelling - Backyard Suite,44.82071571281919,-63.729803039002306
2721,BPRES-2021-15254,2021-10-05,74206.11,Renovation,Renovation,Completed,COLE HARBOUR,District 04,0,2,Dwelling - Single Detached,44.66831124946494,-63.503015888796305
2722,BPRES-2021-15368,2021-10-04,242500,New Building,New Building,Completed,WEST JEDDORE,District 02,1,1,Dwelling - Single Detached,44.723015543725076,-63.013179937591985
2723,BPRES-2021-15594,2021-10-18,350000,New Building,New Building,Completed,LOWER SACKVILLE,District 15,1,1,Dwelling - Single Detached,44.764458723335544,-63.65028811837895
2724,BPRES-2021-15648,2022-10-21,287000,New Building,New Building,Completed,HERRING COVE,District 11,2,1,Dwelling - Multiple Units,44.575620113291734,-63.57418843814809
2725,BPRES-2021-15691,2022-04-12,8000,Addition,Addition,Expired (Closed),HAMMONDS PLAINS,District 14,0,1,Accessory Structure,44.70392600078343,-63.75197951860317
2726,BPRES-2021-15767,2021-10-19,15500,Renovation,Renovation,Completed,DARTMOUTH,District 06,0,2,Dwelling - Single Detached,44.67305493266013,-63.52121407804871
2727,BPRES-2021-15830,2021-10-06,500000,New Building,New Building,Completed,UPPER TANTALLON,District 13,1,1,Dwelling - Single Detached,44.70311835336624,-63.88772820771263
2728,BPRES-2021-15871,2021-10-07,20000,Renovation,Renovation,Completed,UPPER TANTALLON,District 13,0,2,Dwelling - Single Detached,44.69810204256465,-63.883106379634555
2729,BPRES-2021-15941,2021-12-14,710000,New Building,New Building,Issued,TIMBERLEA,District 12,1,3,Dwelling - Single Detached,44.640929620993326,-63.7240404388187
2730,BPRES-2021-16049,2021-11-03,27500,Addition,Addition,Expired,FALL RIVER,District 01,0,1,Dwelling - Single Detached,44.80685711522737,-63.62849829956166
2731,BPRES-2021-16148,2021-10-13,282000,New Building,New Building,Completed,UPPER SACKVILLE,District 14,1,1,Dwelling - Single Detached,44.808035438303065,-63.757913004204255
2732,BPRES-2021-16232,2021-10-14,250000,New Building,New Building,Completed,,District 02,1,1,Dwelling - Single Detached,44.7548472944768,-63.28907185993529
2733,BPRES-2021-16286,2021-10-14,34000,New Building,New Building,Completed,MIDDLE SACKVILLE,District 14,0,1,Accessory Structure,44.784046293793395,-63.74118029350656
2734,BPRES-2021-16373,2021-12-23,400000,Addition,Addition,Cancelled,DARTMOUTH,District 05,0,2,Dwelling - Single Detached,44.68185842505515,-63.57345370534809
2735,BPRES-2021-16412,2021-10-19,165000,New Building,New Building,Completed,HALIFAX,District 11,4,3,Dwelling - Semi-Detached,44.60205530698282,-63.613619008279095
2736,BPRES-2021-16462,2021-10-19,46315,Renovation,Renovation,Expired (Closed),LAKEVIEW,District 01,0,2,Dwelling - Single Detached,44.76393093764497,-63.63081484887831
2737,BPRES-2021-16509,2022-05-17,20000,New Building,New Building,Completed,OAKFIELD,District 01,0,1,Accessory Structure,44.90869076099586,-63.56395436943159
2738,BPRES-2021-16601,2021-10-26,105000,Renovation,Renovation,Expired (Closed),HALIFAX,District 07,0,3,Dwelling - Multiple Units,44.64151613022659,-63.57701052254727
2739,BPRES-2021-16662,,30000,Addition,Addition,Applicant Revisions,,District 11,0,1,Dwelling - Multiple Units,,
2740,BPRES-2021-16696,2021-10-27,600000,New Building,New Building,Completed,BEDFORD,District 16,1,3,Dwelling - Single Detached,44.70533279846027,-63.71697169403646
2741,BPRES-2021-16787,2021-10-27,625000,New Building,New Building,Completed,BEDFORD,District 16,1,3,Dwelling - Single Detached,44.70511480596429,-63.71672846154161
2742,BPRES-2021-16851,2022-04-01,462880,New Building,New Building,Completed,DARTMOUTH,District 05,3,2,Dwelling - Multiple Units,44.68060682130032,-63.58849241849768
2743,BPRES-2021-16908,2021-12-13,350000,New Building,New Building,Completed,HALIBUT BAY,District 11,1,1,Dwelling - Single Detached,44.54605920230782,-63.5530886597079
2744,BPRES-2021-16997,2021-10-26,480000,New Building,New Building,Completed,GLEN HAVEN,District 13,1,1,Dwelling - Single Detached,44.64774917566001,-63.91022623392674
2745,BPRES-2021-17025,2021-10-22,675000,New Building,New Building,Completed,BEDFORD,District 16,1,3,Dwelling - Single Detached,44.70375221318399,-63.71506405372488
2746,BPRES-2021-17051,2021-11-30,300000,New Building,New Building,Expired,WESTPHAL,District 04,1,1,Dwelling - Single Detached,44.70197691683018,-63.45011084190061
2747,BPRES-2021-17125,2021-12-07,7500,Renovation,Renovation,Expired,HACKETTS COVE,District 13,0,1,Dwelling - Single Detached,44.572664389844334,-63.92668388674173
2748,BPRES-2021-17153,2021-11-16,560000,New Building,New Building,Completed,UPPER HAMMONDS PLAINS,District 14,1,2,Dwelling - Single Detached,44.77238986261657,-63.85424226025589
2749,BPRES-2021-17192,,620000,New Building,New Building,Application Incomplete,,District 11,1,2,Dwelling - Single Detached,44.626209183486445,-63.59261494971386
2750,BPRES-2021-17218,2021-11-04,400000,New Building,New Building,Completed,BEDFORD,District 16,1,3,Dwelling - Single Detached,44.704820808572904,-63.71636268650663
2751,BPRES-2021-17242,2021-11-08,400000,New Building,New Building,Completed,BEDFORD,District 16,1,2,Dwelling - Single Detached,44.70445650432757,-63.71558916444873
2752,BPRES-2021-17264,2021-11-08,400000,New Building,New Building,Completed,BEDFORD,District 16,1,3,Dwelling - Single Detached,44.70393852187841,-63.714921719715235
2753,BPRES-2021-17287,2021-12-07,290000,New Building,New Building,Completed,EAST PETPESWICK,District 02,1,2,Dwelling - Single Detached,44.69317197342009,-63.14805742129447
2754,BPRES-2021-17351,2021-12-14,50000,Renovation,Renovation,Expired,UPPER SACKVILLE,District 14,0,2,Dwelling - Single Detached,44.810944341627376,-63.76060664552359
2755,BPRES-2021-17411,2021-11-16,51600,Renovation,Renovation,Completed,HALIFAX,District 10,0,1,Dwelling - Single Detached,44.665236398249675,-63.63810934475451
2756,BPRES-2021-17454,2022-01-31,20000,New Building,New Building,Expired (Closed),FLETCHERS LAKE,District 01,0,1,Accessory Structure,44.83849587934186,-63.60459002100369
2757,BPRES-2021-17546,2021-11-03,675000,New Building,New Building,Completed,BEDFORD,District 16,1,3,Dwelling - Single Detached,44.70351987888947,-63.718532663365416
2758,BPRES-2021-17625,2021-11-19,400000,New Building,New Building,Expired,HEAD OF JEDDORE,District 02,1,2,Dwelling - Single Detached,44.76656307260377,-63.06673209862497
2759,BPRES-2021-17677,2022-02-07,21474.9,New Building,New Building,Completed,LOWER SACKVILLE,District 15,0,1,Accessory Structure,44.76907509273101,-63.664722385207334
2760,BPRES-2021-17732,2021-11-25,750000,New Building,New Building,Completed,BEDFORD,District 16,1,2,Dwelling - Single Detached,44.700687279930484,-63.7131920156898
2761,BPRES-2021-17826,2021-12-02,300000,New Building,New Building,Completed,,District 03,2,1,Dwelling - Semi-Detached,44.60790070322148,-63.489824937129114
2762,BPRES-2021-17874,2022-01-18,60000,New Building,New Building,Completed,FALL RIVER,District 01,0,2,Accessory Structure,44.824728708521626,-63.61020044454716
2763,BPRES-2021-17914,2021-12-29,25000,Addition,Addition,Completed,HALIFAX,District 11,0,1,Dwelling - Single Detached,44.614384494918724,-63.57962721177738
2764,BPRES-2021-17965,2021-11-30,30000,Renovation,Renovation,Completed,DARTMOUTH,District 03,0,3,Dwelling - Multiple Units,44.66695709777826,-63.542615071684665
2765,BPRES-2021-18001,2021-11-30,180000,Renovation,Renovation,Completed,HALIFAX,District 11,0,3,Dwelling - Multiple Units,44.616093782562224,-63.62044630500084
2766,BPRES-2021-18041,2021-12-01,987000,New Building,New Building,Cancelled,COLE HARBOUR,District 04,1,3,Dwelling - Single Detached,44.64714662036699,-63.461433711599824
2767,BPRES-2021-18116,2022-06-22,400000,New Building,New Building,Completed,PROSPECT,District 13,1,2,Dwelling - Single Detached,44.46993486770581,-63.78435473951395
2768,BPRES-2021-18186,2021-11-29,675000,New Building,New Building,Completed,BEDFORD,District 16,1,2,Dwelling - Single Detached,44.7043244925552,-63.71757083708283
2769,BPRES-2021-18212,2021-12-13,335000,New Building,New Building,Issued,EAST LAWRENCETOWN,District 02,1,2,Dwelling - Single Detached,44.67393182064531,-63.321969943970124
2770,BPRES-2021-18321,2022-04-28,100000,New Building,New Building,Completed,LONG LAKE,District 01,1,1,Dwelling - Single Detached,45.03306963351507,-62.98713948929369
2771,BPRES-2021-18460,2022-01-18,50000,New Building,New Building,Completed,FLETCHERS LAKE,District 01,0,2,Accessory Structure,44.84867742132852,-63.60225916104978
2772,BPRES-2021-18514,2021-12-07,25000,New Building,New Building,Completed,WESTPHAL,District 04,0,1,Accessory Structure,44.709501432387306,-63.468257327074376
2773,BPRES-2021-18629,2022-08-02,20000,New Building,New Building,Completed,LAKE ECHO,District 02,0,1,Accessory Structure,44.72886896465017,-63.38626213943818
2774,BPRES-2021-18681,2021-12-29,380000,New Building,New Building,Completed,UPPER TANTALLON,District 13,1,2,Dwelling - Single Detached,44.706898098058474,-63.85384152019475
2775,BPRES-2021-18785,2021-12-07,87504,Renovation,Renovation,Expired,HALIFAX,District 08,0,10,Dwelling - Multiple Units,44.65146563750886,-63.590281357115074
2776,BPRES-2021-18814,2021-12-29,90000,Addition,Addition,Completed,HALIFAX,District 07,1,2,Dwelling - Multiple Units,44.634107722951676,-63.5899413217392
2777,BPRES-2021-18883,2022-04-28,5000000,New Building,New Building,Completed,UPPER HAMMONDS PLAINS,District 14,62,1,Dwelling - Townhouse,44.766503923587905,-63.85552058127338
2778,BPRES-2021-18944,2021-12-08,118000,Renovation,Renovation,Expired,HUBLEY,District 13,0,2,Dwelling - Single Detached,44.662657676771126,-63.798638696225716
2779,BPRES-2021-18987,2022-06-22,66000,Renovation,Renovation,Completed,WAVERLEY,District 01,0,1,Dwelling - Single Detached,44.778268687088215,-63.581563107463374
2780,BPRES-2021-19052,2021-12-15,500000,New Building,New Building,Completed,TIMBERLEA,District 12,1,2,Dwelling - Single Detached,44.638949018069695,-63.72328258802843
2781,BPRES-2021-19096,2021-12-13,450000,New Building,New Building,Completed,PORTERS LAKE,District 02,1,1,Dwelling - Single Detached,44.75258968188676,-63.33206360157569
2782,BPRES-2021-19159,2022-06-17,20000,New Building,New Building,Completed,MIDDLE SACKVILLE,District 14,0,1,Accessory Structure,44.78648029577984,-63.72867624690487
2783,BPRES-2021-19196,,4000,Addition,Addition,Withdrawn,BEDFORD,District 16,0,1,Accessory Structure,44.726010098695525,-63.65860404513821
2784,BPRES-2021-19240,2021-12-23,40000,New Building,New Building,Expired,WHITES LAKE,District 13,0,2,Accessory Structure,44.518569528609994,-63.76742966262025
2785,BPRES-2021-19299,2022-09-01,514000,New Building,New Building,Completed,HAMMONDS PLAINS,District 14,1,2,Dwelling - Single Detached,44.768984283186114,-63.76032452267639
2786,BPRES-2021-19358,2022-04-01,225000,New Building,New Building,Completed,HALIFAX,District 08,1,2,Dwelling - Backyard Suite,44.665845053519774,-63.6120911689855
2787,BPRES-2021-19422,2021-12-20,600000,New Building,New Building,Completed,UPPER TANTALLON,District 13,1,1,Dwelling - Single Detached,44.73682886893363,-63.873398632940706
2788,BPRES-2021-19567,,50000,Renovation,Renovation,Withdrawn,MIDDLE SACKVILLE,District 14,1,1,Dwelling - Multiple Units,44.794347338970624,-63.732095172634054
2789,BPRES-2021-19642,2022-01-20,150000,New Building,New Building,Completed,HERRING COVE,District 11,1,1,Dwelling - Backyard Suite,44.566654981796646,-63.571051437737665
2790,BPRES-2021-19695,2021-12-17,450000,New Building,New Building,Completed,MIDDLE SACKVILLE,District 14,1,1,Dwelling - Single Detached,44.80795287570865,-63.72017032285017
2791,BPRES-2021-19750,2022-03-15,60000,Addition,Addition,Expired,EASTERN PASSAGE,District 03,0,1,Dwelling - Single Detached,44.60366368376358,-63.46713954629743
2792,BPRES-2021-19873,2021-12-30,30000,Renovation,Renovation,Expired (Closed),HALIFAX,District 07,0,8,Dwelling - Multiple Units,44.6427672567122,-63.569268130226405
2793,BPRES-2021-19935,,8000,Addition,Addition,Applicant Revisions,PLEASANT POINT,District 02,0,1,Dwelling - Single Detached,44.69030791759144,-63.04992813027336
2794,BPRES-2021-19968,2022-01-12,346000,New Building,New Building,Completed,HUBLEY,District 13,1,2,Dwelling - Single Detached,44.672252924736625,-63.79275910035382
2795,BPRES-2021-20042,2022-01-13,50000,Renovation,Renovation,Cancelled,HALIFAX,District 07,0,2,Dwelling - Multiple Units,44.64034758431317,-63.57330029020901
2796,BPRES-2021-20112,2022-01-10,54221,Renovation,Renovation,Completed,HALIFAX,District 16,0,7,Dwelling - Multiple Units,44.7011324862241,-63.66343585559099
2797,BPRES-2021-20142,2022-03-02,15000,Renovation,Renovation,Completed,MIDDLE SACKVILLE,District 14,1,1,Dwelling - Multiple Units,44.77505793761222,-63.701870158705844
2798,BPRES-2021-20241,2022-01-06,80000,Renovation,Renovation,Expired,DARTMOUTH,District 06,0,1,Dwelling - Single Detached,44.68422970349835,-63.49812679497724
2799,BPRES-2021-20319,2022-02-10,60000,New Building,New Building,Completed,HALIFAX,District 07,1,1,Dwelling - Backyard Suite,44.63833865486344,-63.59010007680774
2800,BPRES-2021-20368,2022-09-06,504000,New Building,New Building,Completed,HALIFAX,District 09,4,3,Dwelling - Multiple Units,44.63754595751509,-63.63116703535348
2801,BPRES-2022-00012,2022-03-17,400000,New Building,New Building,Completed,TIMBERLEA,District 12,1,3,Dwelling - Single Detached,44.64304034520473,-63.71186653316276
2802,BPRES-2022-00095,2022-07-13,600000,New Building,New Building,Completed,BEECHVILLE,District 12,4,3,Dwelling - Townhouse,44.64041390920927,-63.679548444251154
2803,BPRES-2022-00158,2022-02-02,30000,New Building,New Building,Expired (Closed),MIDDLE SACKVILLE,District 14,0,1,Accessory Structure,44.78688410615827,-63.742277072738965
2804,BPRES-2022-00238,2022-02-10,80000,Renovation,Renovation,Completed,HALIFAX,District 08,0,2,Dwelling - Multiple Units,44.66504825230947,-63.599051721611666
2805,BPRES-2022-00288,2022-02-01,20000,New Building,New Building,Completed,FALL RIVER,District 01,0,1,Accessory Structure,44.812680170429445,-63.629705663158155
2806,BPRES-2022-00327,,50000,Addition,Addition,Withdrawn,TANTALLON,District 13,1,1,Dwelling - Multiple Units,44.66571988729404,-63.890058937240404
2807,BPRES-2022-00371,2022-02-17,180000,New Building,New Building,Completed,HALIFAX,District 11,4,3,Dwelling - Multiple Units,44.60179114743266,-63.61378973655016
2808,BPRES-2022-00433,2022-02-07,45000,New Building,New Building,Completed,UPPER TANTALLON,District 13,1,1,Dwelling - Backyard Suite,44.73682886893363,-63.873398632940706
2809,BPRES-2022-00515,,130000,Renovation,Renovation,Withdrawn,,Unidentified,0,2,Dwelling - Single Detached,,
2810,BPRES-2022-00561,2022-03-03,15395,Renovation,Renovation,Completed,HAMMONDS PLAINS,District 14,0,2,Dwelling - Single Detached,44.760315402696875,-63.79977546967728
2811,BPRES-2022-00587,2022-02-10,33600,New Building,New Building,Expired,LAKE ECHO,District 02,0,1,Accessory Structure,44.73938422867857,-63.391028186322245
2812,BPRES-2022-00661,,41900,Addition,Addition,Application Incomplete,DARTMOUTH,District 05,0,2,Dwelling - Multiple Units,44.666815264726964,-63.57789661774737
2813,BPRES-2022-00753,2022-02-07,31604,Renovation,Renovation,Expired,HAMMONDS PLAINS,District 14,0,2,Dwelling - Single Detached,44.711335941295424,-63.75424176344443
2814,BPRES-2022-00789,2022-03-03,330500,Addition,Addition,Completed,COW BAY,District 03,0,2,Dwelling - Single Detached,44.63356686020371,-63.41705205357754
2815,BPRES-2022-00856,2022-02-17,32000,New Building,New Building,Expired,PORTERS LAKE,District 02,0,1,Accessory Structure,44.788063537120216,-63.36336608351917
2816,BPRES-2022-00940,,,Renovation,Renovation,Withdrawn,HALIFAX,District 10,1,1,Dwelling - Backyard Suite,44.652710345670556,-63.63182317670859
2817,BPRES-2022-01021,2022-05-24,300000,New Building,New Building,Issued,BEAVER BANK,District 15,1,3,Dwelling - Single Detached,44.80588782563067,-63.68860296445252
2818,BPRES-2022-01059,2022-02-18,121000,Renovation,Renovation,Completed,HALIFAX,District 11,0,1,Dwelling - Single Detached,44.5928661123296,-63.60148201609505
2819,BPRES-2022-01129,2022-02-25,24000,New Building,New Building,Completed,SEAFORTH,District 02,0,1,Accessory Structure,44.665839860815936,-63.25891560102689
2820,BPRES-2022-01181,2022-03-03,950000,New Building,New Building,Completed,PROSPECT,District 13,1,3,Dwelling - Single Detached,44.49211437868755,-63.786682185894385
2821,BPRES-2022-01223,2022-03-03,300000,New Building,New Building,Completed,TIMBERLEA,District 12,1,3,Dwelling - Single Detached,44.6403368920133,-63.72169240945866
2822,BPRES-2022-01252,,13500,New Building,New Building,Applicant Revisions,LAKE ECHO,District 02,0,1,Accessory Structure,44.73792273430546,-63.38093999946787
2823,BPRES-2022-01278,,96500,Addition,Addition,Withdrawn,HALIFAX,District 07,0,2,Dwelling - Single Detached,44.6265969663678,-63.57458247331986
2824,BPRES-2022-01320,,233000,Renovation,Renovation,Withdrawn,HAMMONDS PLAINS,District 14,0,2,Dwelling - Semi-Detached,44.72539414736475,-63.75736749001544
2825,BPRES-2022-01416,2022-04-05,900000,New Building,New Building,Completed,MIDDLE SACKVILLE,District 14,1,2,Dwelling - Single Detached,44.78685673964796,-63.75802569973029
2826,BPRES-2022-01471,2022-03-24,665000,New Building,New Building,Completed,HAMMONDS PLAINS,District 14,1,2,Dwelling - Single Detached,44.770136483274904,-63.76015784717173
2827,BPRES-2022-01504,2022-03-03,300000,New Building,New Building,Completed,TIMBERLEA,District 12,1,3,Dwelling - Single Detached,44.640447817258945,-63.72227344471003
2828,BPRES-2022-01528,2022-05-16,400000,New Building,New Building,Completed,HALIFAX,District 10,3,2,Dwelling - Multiple Units,44.65295025736071,-63.64007651796485
2829,BPRES-2022-01587,,2350000,New Building,New Building,Withdrawn,HALIFAX,District 08,14,5,Dwelling - Multiple Units,44.65311303336234,-63.5897874531267
2830,BPRES-2022-01652,2022-04-12,2700000,New Building,New Building,Completed,BEDFORD,District 13,6,2,Dwelling - Townhouse,44.70727323402366,-63.721931948372244
2831,BPRES-2022-01691,2022-09-06,800000,New Building,New Building,Completed,BEECHVILLE,District 12,6,3,Dwelling - Townhouse,44.64045144879089,-63.67999587367805
2832,BPRES-2022-01766,2022-03-02,32000,Renovation,Renovation,Completed,HALIFAX,District 09,0,2,Dwelling - Single Detached,44.64297585153851,-63.6280000304574
2833,BPRES-2022-01815,2023-09-26,10000,Addition,Addition,Expired,HALIFAX,District 11,0,1,Dwelling - Single Detached,44.61106917903305,-63.61299285941268
2834,BPRES-2022-01880,2022-04-13,2000,Renovation,Renovation,Completed,SALMON RIVER BRIDGE,District 02,1,2,Dwelling - Multiple Units,44.77639720418726,-63.02578572572678
2835,BPRES-2022-01957,,50000,Renovation,Renovation,Withdrawn,BEDFORD,District 16,1,2,Dwelling - Multiple Units,44.73336300505383,-63.6615680133933
2836,BPRES-2022-02059,2022-05-12,18800,Addition,Addition,Completed,HALIFAX,District 08,0,3,Dwelling - Semi-Detached,44.65245049389049,-63.591559552502275
2837,BPRES-2022-02086,2022-03-17,250000,New Building,New Building,Completed,BEECHVILLE,District 12,1,2,Dwelling - Single Detached,44.637117432226624,-63.67896410742926
2838,BPRES-2022-02096,2022-03-21,600000,New Building,New Building,Completed,TIMBERLEA,District 12,1,2,Dwelling - Single Detached,44.6379531821077,-63.72180450613906
2839,BPRES-2022-02140,2022-03-21,275000,New Building,New Building,Completed,BEECHVILLE,District 12,1,2,Dwelling - Single Detached,44.63767963401971,-63.67933465448683
2840,BPRES-2022-02149,2022-03-24,85000,Addition,Addition,Expired,HALIFAX,District 10,0,2,Dwelling - Single Detached,44.66953215166328,-63.65372233439196
2841,BPRES-2022-02162,2022-03-21,275000,New Building,New Building,Completed,BEECHVILLE,District 12,1,3,Dwelling - Single Detached,44.6381264093452,-63.680056326921324
2842,BPRES-2022-02208,2022-03-16,32000,Renovation,Renovation,Completed,BOUTILIERS POINT,District 13,0,1,Dwelling - Single Detached,44.66298470616705,-63.94855882899229
2843,BPRES-2022-02284,,300000,New Building,New Building,Withdrawn,SEABRIGHT,District 13,1,2,Dwelling - Single Detached,44.613408256640746,-63.92188562242948
2844,BPRES-2022-02338,2022-03-15,360100,Renovation,Renovation,Completed,HALIFAX,District 07,0,2,Dwelling - Single Detached,44.639256313495814,-63.59934113776775
2845,BPRES-2022-02390,,10000,New Building,New Building,Application Incomplete,LAKE ECHO,District 02,0,1,Accessory Structure,44.73289060480522,-63.39812244750552
2846,BPRES-2022-02442,2022-04-08,25000,Renovation,Renovation,Expired (Closed),HALIFAX,District 09,0,2,Dwelling - Multiple Units,44.652151694125855,-63.6065146948465
2847,BPRES-2022-02469,2022-03-17,450000,New Building,New Building,Completed,UPPER TANTALLON,District 13,1,2,Dwelling - Single Detached,44.73085987010178,-63.889796854420126
2848,BPRES-2022-02530,2022-04-21,200000,New Building,New Building,Completed,BEECHVILLE,District 12,1,3,Dwelling - Single Detached,44.63891226785158,-63.68081841570664
2849,BPRES-2022-02568,2022-04-20,12000,New Building,New Building,Completed,TANGIER,District 02,0,1,Accessory Structure,44.79598264562192,-62.67225921748569
2850,BPRES-2022-02656,2022-03-21,300000,New Building,New Building,Completed,WILLIAMSWOOD,District 11,1,2,Dwelling - Single Detached,44.5293127278594,-63.64050925600451
2851,BPRES-2022-02748,2022-06-21,350000,Addition,Addition,Completed,HEAD OF ST MARGARETS BAY,District 13,0,2,Dwelling - Single Detached,44.6877362293092,-63.903440674766195
2852,BPRES-2022-02819,2022-04-26,245000,New Building,New Building,Expired,EAST LAWRENCETOWN,District 02,1,1,Dwelling - Single Detached,44.66982340922305,-63.32111212345021
2853,BPRES-2022-02828,2022-04-21,200000,New Building,New Building,Completed,BEECHVILLE,District 12,1,3,Dwelling - Single Detached,44.6385811897018,-63.680792778034586
2854,BPRES-2022-02847,2022-03-22,200000,New Building,New Building,Completed,BEECHVILLE,District 12,1,3,Dwelling - Single Detached,44.636938842430595,-63.67950260767592
2855,BPRES-2022-02852,2022-03-21,200000,New Building,New Building,Completed,BEECHVILLE,District 12,1,3,Dwelling - Single Detached,44.6374757474827,-63.67977550499497
2856,BPRES-2022-02858,2022-03-23,275000,New Building,New Building,Completed,BEECHVILLE,District 12,1,2,Dwelling - Single Detached,44.63886766742502,-63.68028269208958
2857,BPRES-2022-02863,2022-03-30,200000,New Building,New Building,Completed,BEECHVILLE,District 12,1,2,Dwelling - Single Detached,44.637924554261254,-63.68049495771593
2858,BPRES-2022-02869,2022-03-17,275000,New Building,New Building,Completed,BEECHVILLE,District 12,1,2,Dwelling - Single Detached,44.63941459464897,-63.680017340820605
2859,BPRES-2022-02883,2022-05-10,605000,New Building,New Building,Completed,DARTMOUTH,District 06,1,2,Dwelling - Multiple Units,44.71302123706466,-63.5459149982992
2860,BPRES-2022-02918,2022-03-17,275000,New Building,New Building,Completed,BEECHVILLE,District 12,1,2,Dwelling - Single Detached,44.63979047342231,-63.68022983517876
2861,BPRES-2022-02967,2022-04-05,21000,Renovation,Renovation,Expired,WHITES LAKE,District 13,0,1,Dwelling - Multiple Units,44.51760228551394,-63.76441487402199
2862,BPRES-2022-03016,2022-03-21,600000,New Building,New Building,Completed,TIMBERLEA,District 12,1,3,Dwelling - Single Detached,44.63863351960801,-63.721947998025904
2863,BPRES-2022-03062,2022-03-23,275000,New Building,New Building,Completed,BEECHVILLE,District 12,1,3,Dwelling - Single Detached,44.640011755284306,-63.67948738670201
2864,BPRES-2022-03146,2022-04-12,250000,New Building,New Building,Completed,PORTERS LAKE,District 02,1,2,Dwelling - Single Detached,44.75629735984881,-63.28587122638871
2865,BPRES-2022-03224,2022-04-04,15000,Renovation,Renovation,Completed,HALIFAX,District 10,0,3,Dwelling - Townhouse,44.65932809512854,-63.65017413912293
2866,BPRES-2022-03283,2022-03-28,300000,New Building,New Building,Completed,TIMBERLEA,District 12,1,3,Dwelling - Single Detached,44.63949506191604,-63.72356393461177
2867,BPRES-2022-03305,2022-04-19,300000,New Building,New Building,Completed,BEDFORD,District 13,2,2,Dwelling - Semi-Detached,44.70768758227955,-63.722608072952646
2868,BPRES-2022-03342,2022-04-05,650000,New Building,New Building,Completed,TIMBERLEA,District 12,1,2,Dwelling - Single Detached,44.639416477565696,-63.72434322515273
2869,BPRES-2022-03414,2022-04-12,200000,Addition,Addition,Expired,UPPER SACKVILLE,District 14,1,1,Dwelling - Single Detached,44.80396937101766,-63.75291750818705
2870,BPRES-2022-03451,2022-05-17,21500,Addition,Addition,Completed,HAMMONDS PLAINS,District 14,0,1,Dwelling - Single Detached,44.693382352996245,-63.77068991062224
2871,BPRES-2022-03484,2022-06-29,550000,New Building,New Building,Completed,BEAVER BANK,District 15,3,3,Dwelling - Semi-Detached,44.80352499019965,-63.68843844375538
2872,BPRES-2022-03539,2022-04-05,700000,New Building,New Building,Completed,BEDFORD,District 16,1,2,Dwelling - Single Detached,44.705060380707934,-63.72140447403362
2873,BPRES-2022-03630,2022-04-07,200000,Renovation,Renovation,Completed,HALIFAX,District 08,0,2,Dwelling - Single Detached,44.66183359735334,-63.60375581823933
2874,BPRES-2022-03687,2022-04-28,150000,Renovation,Renovation,Expired,DARTMOUTH,District 05,0,3,Dwelling - Semi-Detached,44.67111557466908,-63.56783192229937
2875,BPRES-2022-03740,2022-05-18,367000,Addition,Addition,Completed,BEDFORD,District 16,0,2,Dwelling - Single Detached,44.73222089292758,-63.64793511272241
2876,BPRES-2022-03772,2022-04-01,400000,New Building,New Building,Completed,BEDFORD,District 16,1,2,Dwelling - Single Detached,44.70624282044472,-63.720733002613514
2877,BPRES-2022-03803,2022-04-05,550000,New Building,New Building,Completed,MIDDLE SACKVILLE,District 14,1,3,Dwelling - Single Detached,44.77979824720259,-63.7408465631765
2878,BPRES-2022-03873,2022-04-11,600000,New Building,New Building,Completed,BEDFORD,District 16,1,2,Dwelling - Single Detached,44.70626864874169,-63.72433087590326
2879,BPRES-2022-03927,2022-04-21,5000,Renovation,Renovation,Expired,DARTMOUTH,District 06,0,2,Dwelling - Semi-Detached,44.68859988320646,-63.534176428514215
2880,BPRES-2022-03979,2022-04-05,425000,New Building,New Building,Completed,BEAVER BANK,District 15,1,2,Dwelling - Single Detached,44.81664064116713,-63.696714633921445
2881,BPRES-2022-04012,2022-04-12,400000,New Building,New Building,Completed,MIDDLE SACKVILLE,District 14,1,2,Dwelling - Single Detached,44.78406099627121,-63.74408877534731
2882,BPRES-2022-04057,,145000,New Building,New Building,Withdrawn,HALIFAX,District 09,0,2,Dwelling - Backyard Suite,44.64008984458134,-63.60715614624675
2883,BPRES-2022-04088,2022-04-26,10000,Renovation,Renovation,Issued,LOWER SACKVILLE,District 15,0,1,Dwelling - Semi-Detached,44.78343996716773,-63.67408399889179
2884,BPRES-2022-04123,2022-09-20,25000,Addition,Addition,Amendment Applicant Revisions,HALIFAX,District 09,1,3,Dwelling - Multiple Units,44.64391298199007,-63.59730886302633
2885,BPRES-2022-04186,2022-05-30,15000,Addition,Addition,Expired,BEDFORD,District 16,0,1,Dwelling - Single Detached,44.735797489403915,-63.65839140045156
2886,BPRES-2022-04241,,399000,New Building,New Building,Withdrawn,COLE HARBOUR,District 04,1,2,Dwelling - Single Detached,44.6596085227534,-63.45819996370335
2887,BPRES-2022-04309,,24000,New Building,New Building,Withdrawn,LOWER SACKVILLE,District 15,0,1,Accessory Structure,44.784272012157835,-63.69290081273366
2888,BPRES-2022-04366,2022-07-05,80000,Renovation,Renovation,Expired,HALIFAX,District 08,0,2,Dwelling - Townhouse,44.65201770197719,-63.591459138824284
2889,BPRES-2022-04422,2022-05-19,5000,Renovation,Renovation,Expired,HALIFAX,District 08,0,2,Dwelling - Semi-Detached,44.66598757155434,-63.61186998156388
2890,BPRES-2022-04478,2022-06-07,1000000,New Building,New Building,Expired,HALIFAX,District 07,1,3,Dwelling - Single Detached,44.63321288062629,-63.593500233169515
2891,BPRES-2022-04546,,169500,Renovation,Renovation,Application Incomplete,HALIFAX,District 09,1,2,Dwelling - Single Detached,44.64132628176455,-63.60978815402039
2892,BPRES-2022-04578,2022-04-22,450000,New Building,New Building,Completed,MIDDLE SACKVILLE,District 14,1,3,Dwelling - Single Detached,44.781434488188665,-63.74619975627554
2893,BPRES-2022-04666,2022-04-27,425000,New Building,New Building,Completed,MIDDLE SACKVILLE,District 14,1,2,Dwelling - Single Detached,44.7838864046119,-63.74300346036778
2894,BPRES-2022-04701,2022-05-02,700000,New Building,New Building,Completed,HALIFAX,District 11,1,3,Dwelling - Single Detached,44.62545270645089,-63.59336563163231
2895,BPRES-2022-04770,2022-05-17,3000,Renovation,Renovation,Completed,DARTMOUTH,District 05,0,2,Dwelling - Single Detached,44.65997083902424,-63.55431376107299
2896,BPRES-2022-04819,,800000,New Building,New Building,Withdrawn,GLEN MARGARET,District 13,1,2,Dwelling - Single Detached,44.586797365941955,-63.927498853774345
2897,BPRES-2022-04868,,46500,Renovation,Renovation,Withdrawn,HALIFAX,District 10,1,2,Dwelling - Multiple Units,44.67236002512529,-63.65740511066448
2898,BPRES-2022-04930,2022-05-06,200000,Renovation,Renovation,Expired,HALIFAX,District 07,0,2,Dwelling - Single Detached,44.627471449156964,-63.571766988671335
2899,BPRES-2022-04989,2022-06-08,276870,Addition,Addition,Completed,MYERS POINT,District 02,0,2,Dwelling - Seasonal,44.7665519674607,-63.04875732915631
2900,BPRES-2022-05078,2022-05-06,700000,New Building,New Building,Completed,TIMBERLEA,District 12,1,2,Dwelling - Single Detached,44.63888993831459,-63.72313429897277
2901,BPRES-2022-05135,2022-07-06,60000,Renovation,Renovation,Completed,BEDFORD,District 16,1,2,Dwelling - Single Detached,44.735135244079636,-63.65840985238274
2902,BPRES-2022-05165,2022-05-18,8000,New Building,New Building,Expired,COLE HARBOUR,District 04,0,1,Accessory Structure,44.68341506576046,-63.45444048572929
2903,BPRES-2022-05248,2022-05-03,650000,New Building,New Building,Completed,BROOKSIDE,District 13,1,1,Dwelling - Single Detached,44.544980834241144,-63.70928407016341
2904,BPRES-2022-05274,2023-02-23,500000,New Building,New Building,Expired,DARTMOUTH,District 05,2,3,Dwelling - Multiple Units,44.67386477301169,-63.56759779738449
2905,BPRES-2022-05345,2022-06-02,24000,New Building,New Building,Amendment Application Incomplete,,District 02,0,1,Accessory Structure,44.74804199386134,-63.13107101772902
2906,BPRES-2022-05401,2022-05-04,119008,Renovation,Renovation,Expired (Closed),DARTMOUTH,District 03,0,2,Dwelling - Townhouse,44.66869214792141,-63.50820548844644
2907,BPRES-2022-05429,2022-07-26,47500,New Building,New Building,Expired,QUEENSLAND,District 13,0,2,Accessory Structure,44.63911938286771,-64.01713568834616
2908,BPRES-2022-05482,2022-05-03,530000,New Building,New Building,Completed,OAKFIELD,District 01,1,2,Dwelling - Single Detached,44.906067454924504,-63.575739556034385
2909,BPRES-2022-05526,2022-05-03,29000,New Building,New Building,Completed,ENFIELD,District 01,0,1,Accessory Structure,44.912374114759196,-63.554803625387216
2910,BPRES-2022-05575,2022-05-17,375000,New Building,New Building,Completed,MIDDLE SACKVILLE,District 14,1,2,Dwelling - Single Detached,44.801122915054286,-63.73799466851787
2911,BPRES-2022-05631,2022-05-12,200000,New Building,New Building,Issued,TIMBERLEA,District 12,1,3,Dwelling - Single Detached,44.638823910171446,-63.72192436011107
2912,BPRES-2022-05669,2022-07-22,320000,New Building,New Building,Completed,COW BAY,District 03,1,1,Dwelling - Backyard Suite,44.62256959892925,-63.422491551587235
2913,BPRES-2022-05701,2022-08-02,383105,Addition,Addition,Expired,HALIFAX,District 08,1,3,Dwelling - Multiple Units,44.66085043971352,-63.61732855463027
2914,BPRES-2022-05766,,150000,Addition,Addition,In Review,EAST PRESTON,District 04,1,2,Dwelling - Multiple Units,44.71564811839739,-63.397722224230634
2915,BPRES-2022-05767,2022-09-15,1000000,New Building,New Building,Completed,HALIFAX,District 10,10,2,Dwelling - Townhouse,44.67740170098628,-63.66271023475955
2916,BPRES-2022-05803,,150000,New Building,New Building,Cancelled,HALIFAX,District 08,2,2,Dwelling - Semi-Detached,44.65382812337198,-63.58795446491734
2917,BPRES-2022-05889,2022-07-28,225000,Addition,Addition,Issued,HALIFAX,District 07,0,2,Dwelling - Single Detached,44.639499993691445,-63.602286981321605
2918,BPRES-2022-05938,2022-07-28,450000,New Building,New Building,Completed,WESTPHAL,District 04,2,1,Dwelling - Semi-Detached,44.70015055595283,-63.47636251365638
2919,BPRES-2022-05974,2022-05-18,76000,Addition,Addition,Completed,HALIFAX,District 07,0,2,Dwelling - Single Detached,44.63128674827103,-63.58629122513068
2920,BPRES-2022-06024,2022-05-17,30000,New Building,New Building,Issued,ELMSDALE,District 01,0,1,Accessory Structure,44.96868170973198,-63.481410386263605
2921,BPRES-2022-06104,2022-06-17,47000,Addition,Addition,Amendment Requested,WEST PORTERS LAKE,District 02,0,1,Dwelling - Single Detached,44.697650374331566,-63.308885185615004
2922,BPRES-2022-06165,2022-05-30,350000,New Building,New Building,Issued,TIMBERLEA,District 12,1,2,Dwelling - Single Detached,44.64065687260596,-63.72414084581006
2923,BPRES-2022-06230,2022-05-16,600000,New Building,New Building,Completed,BEDFORD,District 16,1,3,Dwelling - Single Detached,44.70616121482381,-63.72229746990507
2924,BPRES-2022-06274,2022-05-19,406000,New Building,New Building,Issued,BEDFORD,District 16,1,2,Dwelling - Single Detached,44.7011840638898,-63.71312750616639
2925,BPRES-2022-06355,2022-05-18,140000,Renovation,Renovation,Completed,HALIFAX,District 07,0,3,Dwelling - Single Detached,44.63908854380164,-63.58828655753485
2926,BPRES-2022-06393,2022-05-19,500000,New Building,New Building,Completed,PORTUGUESE COVE,District 11,1,2,Dwelling - Single Detached,44.52747264778031,-63.53619534745827
2927,BPRES-2022-06435,2022-06-06,100000,Addition,Addition,Expired,PORTERS LAKE,District 02,0,2,Dwelling - Single Detached,44.74367721185786,-63.33684996476495
2928,BPRES-2022-06473,2022-05-30,400000,New Building,New Building,Completed,MIDDLE SACKVILLE,District 14,1,2,Dwelling - Single Detached,44.80957200259602,-63.716781310135836
2929,BPRES-2022-06525,2022-06-17,70000,New Building,New Building,Completed,HAMMONDS PLAINS,District 14,0,1,Accessory Structure,44.7130841094278,-63.77008636614193
2930,BPRES-2022-06578,2022-07-29,37000,New Building,New Building,Completed,CARROLLS CORNER,District 01,0,1,Accessory Structure,45.00790541124457,-63.370094939536884
2931,BPRES-2022-06651,2022-05-19,74000,New Building,New Building,Expired,MINEVILLE,District 02,0,1,Accessory Structure,44.69959116175718,-63.38544380056617
2932,BPRES-2022-06680,2022-05-27,28000,New Building,New Building,Completed,HAMMONDS PLAINS,District 14,0,1,Accessory Structure,44.722363818949724,-63.83535470160788
2933,BPRES-2022-06720,2022-05-26,31000,New Building,New Building,Completed,FALL RIVER,District 01,0,1,Accessory Structure,44.8226345313441,-63.59850627139704
2934,BPRES-2022-06801,2022-06-01,200000,New Building,New Building,Completed,DUTCH SETTLEMENT,District 01,1,1,Dwelling - Single Detached,44.985254099320144,-63.43305293068491
2935,BPRES-2022-06854,,25000,Renovation,Renovation,Withdrawn,DARTMOUTH,District 05,0,1,Dwelling - Multiple Units,44.670206448521704,-63.553679616237034
2936,BPRES-2022-06901,2023-11-17,170000,New Building,New Building,Issued,EAST PRESTON,District 04,1,2,Dwelling - Backyard Suite,44.72350154610558,-63.43993009019853
2937,BPRES-2022-06944,2022-06-15,44000,Renovation,Renovation,Cancelled,HALIFAX,District 11,0,2,Dwelling - Single Detached,44.623478864017905,-63.602369689406046
2938,BPRES-2022-07025,2022-06-21,500000,New Building,New Building,Completed,PORTERS LAKE,District 02,2,1,Dwelling - Semi-Detached,44.73862276384225,-63.28403808159186
2939,BPRES-2022-07123,2024-04-15,300000,New Building,New Building,Issued,BROOKVALE,District 01,1,2,Dwelling - Single Detached,45.02593646975312,-63.10980246194942
2940,BPRES-2022-07197,2022-06-13,35000,New Building,New Building,Expired,GLEN HAVEN,District 13,0,1,Accessory Structure,44.63399770331372,-63.89548727566049
2941,BPRES-2022-07310,2022-06-13,25000,New Building,New Building,Expired,GRAND DESERT,District 02,0,1,Accessory Structure,44.685225335440585,-63.258407655124984
2942,BPRES-2022-07349,2022-08-03,1000000,New Building,New Building,Completed,LAKE LOON,District 04,1,2,Dwelling - Single Detached,44.70863949306719,-63.51708998401514
2943,BPRES-2022-07442,2022-07-26,55000,New Building,New Building,Expired,EAST LAWRENCETOWN,District 02,0,1,Accessory Structure,44.671260447650255,-63.314833325623326
2944,BPRES-2022-07534,2022-06-30,1000000,New Building,New Building,Completed,HALIFAX,District 11,1,3,Dwelling - Single Detached,44.62569106226209,-63.592100752898304
2945,BPRES-2022-07575,2022-06-21,71000,Renovation,Renovation,Expired,HALIFAX,District 08,0,2,Dwelling - Single Detached,44.66373415237553,-63.60613636607749
2946,BPRES-2022-07730,2022-09-13,872000,New Building,New Building,Completed,MIDDLE SACKVILLE,District 14,2,2,Dwelling - Multiple Units,44.77912642798218,-63.73988507589459
2947,BPRES-2022-07788,2022-06-14,26000,New Building,New Building,Completed,LAKE ECHO,District 02,0,1,Accessory Structure,44.73842878832976,-63.39261448453983
2948,BPRES-2022-07870,2022-06-13,33000,New Building,New Building,Expired,MIDDLE SACKVILLE,District 14,0,1,Accessory Structure,44.78360678269107,-63.71259782115664
2949,BPRES-2022-07904,2022-10-17,200000,New Building,New Building,Expired,HALIFAX,District 11,1,2,Dwelling - Single Detached,44.60834847536916,-63.60499002283864
2950,BPRES-2022-07929,2022-10-25,287000,New Building,New Building,Issued,UPPER TANTALLON,District 13,1,1,Dwelling - Single Detached,44.727466397082544,-63.885710655929074
2951,BPRES-2022-07998,2022-06-23,100000,New Building,New Building,Completed,GRAND LAKE,District 01,0,1,Accessory Structure,44.88003134464184,-63.605945880687685
2952,BPRES-2022-08026,2022-10-27,35000,Renovation,Renovation,Completed,HALIFAX,District 10,0,1,Dwelling - Single Detached,44.67487988862203,-63.65034005782114
2953,BPRES-2022-08083,2022-06-22,250000,New Building,New Building,Completed,BEECHVILLE,District 12,1,3,Dwelling - Single Detached,44.63799228258872,-63.677810321068925
2954,BPRES-2022-08109,2022-10-04,400000,Addition,Addition,Issued,HALIFAX,District 08,0,3,Dwelling - Single Detached,44.65361755315686,-63.590812237354456
2955,BPRES-2022-08134,2022-07-20,356000,Addition,Addition,Completed,HALIFAX,District 07,0,1,Dwelling - Single Detached,44.630858150703084,-63.58390958434342
2956,BPRES-2022-08210,2022-09-21,100000,New Building,New Building,Completed,COLE HARBOUR,District 04,0,2,Accessory Structure,44.682274051293206,-63.47601429149544
2957,BPRES-2022-08271,2023-07-24,30000,Renovation,Renovation,Completed,DARTMOUTH,District 05,1,2,Dwelling - Multiple Units,44.67663855655511,-63.585848833045304
2958,BPRES-2022-08355,2022-07-28,510500,New Building,New Building,Issued,PORTERS LAKE,District 02,1,1,Dwelling - Single Detached,44.75094244235205,-63.33012015076615
2959,BPRES-2022-08393,2022-07-13,1350000,New Building,New Building,Completed,BEDFORD,District 16,6,3,Dwelling - Townhouse,44.70740762955553,-63.72062882673067
2960,BPRES-2022-08469,2022-06-29,41000,New Building,New Building,Completed,OSTREA LAKE,District 02,0,1,Accessory Structure,44.71961647024671,-63.08724210429777
2961,BPRES-2022-08509,2022-06-29,600000,New Building,New Building,Completed,TANTALLON,District 13,1,2,Dwelling - Single Detached,44.65220235492498,-63.90142995923867
2962,BPRES-2022-08552,2022-09-27,85000,Addition,Addition,Completed,GAETZ BROOK,District 02,0,1,Dwelling - Single Detached,44.77054493146715,-63.19959739912259
2963,BPRES-2022-08634,2022-06-29,300000,New Building,New Building,Completed,SHIP HARBOUR,District 02,1,1,Dwelling - Single Detached,44.776221467413194,-62.90329511125717
2964,BPRES-2022-08680,2023-04-14,300000,New Building,New Building,Completed,LAKE CHARLOTTE,District 02,1,2,Dwelling - Single Detached,44.769157453163224,-62.961198880560005
2965,BPRES-2022-08718,2024-03-13,20000,New Building,New Building,Completed,FALL RIVER,District 01,0,1,Accessory Structure,44.796859805204896,-63.63363687449879
2966,BPRES-2022-08781,2022-08-24,100000,New Building,New Building,Expired,HEAD OF JEDDORE,District 02,1,1,Dwelling - Backyard Suite,44.77929163809657,-63.048027540955324
2967,BPRES-2022-08834,2022-07-04,14000,New Building,New Building,Expired,COLE HARBOUR,District 04,0,1,Accessory Structure,44.673002847178815,-63.49726345859424
2968,BPRES-2022-08871,2022-07-26,1350000,New Building,New Building,Completed,BEDFORD,District 16,6,3,Dwelling - Townhouse,44.70754272120329,-63.72118132889641
2969,BPRES-2022-08906,2022-07-07,50000,New Building,New Building,Expired,WEST PETPESWICK,District 02,0,1,Accessory Structure,44.758316881853126,-63.16524494357443
2970,BPRES-2022-08992,2022-07-20,24000,New Building,New Building,Cancelled,HUBLEY,District 13,0,1,Accessory Structure,44.66501855260273,-63.80901291465489
2971,BPRES-2022-09033,2022-09-26,3500000,New Building,New Building,Completed,,Unidentified,19,1,Dwelling - Townhouse,,
2972,BPRES-2022-09068,2022-08-31,65000,New Building,New Building,Amendment Requested,BEDFORD,District 16,0,1,Accessory Structure,44.72659001469226,-63.65962830460385
2973,BPRES-2022-09126,2022-07-15,1000000,New Building,New Building,Completed,UPPER TANTALLON,District 13,1,2,Dwelling - Single Detached,44.731923657482874,-63.877700333720725
2974,BPRES-2022-09190,2022-12-09,50500,Renovation,Renovation,Completed,DARTMOUTH,District 03,1,2,Dwelling - Multiple Units,44.665236278739265,-63.536514127946624
2975,BPRES-2022-09232,,25000,Addition,Addition,Applicant Revisions,EASTERN PASSAGE,District 03,0,1,Accessory Structure,44.622657793803846,-63.451284898376954
2976,BPRES-2022-09324,2022-12-09,650000,New Building,New Building,Completed,HALIFAX,District 08,2,2,Dwelling - Multiple Units,44.66143034570883,-63.59892239838988
2977,BPRES-2022-09386,2022-08-03,250000,New Building,New Building,Completed,PORTERS LAKE,District 02,1,1,Dwelling - Single Detached,44.738706640454716,-63.323996684582795
2978,BPRES-2022-09419,2022-07-28,33000,New Building,New Building,Expired,BEAVER BANK,District 15,0,1,Accessory Structure,44.822643526136055,-63.67634411323752
2979,BPRES-2022-09496,,16000,Renovation,Renovation,Withdrawn,HALIFAX,District 09,1,3,Dwelling - Multiple Units,44.64386277618284,-63.61678865207626
2980,BPRES-2022-09580,2023-01-11,47000,New Building,New Building,Cancelled,LOWER SACKVILLE,District 15,1,2,Dwelling - Backyard Suite,44.77818159994361,-63.69258632564103
2981,BPRES-2022-09643,2022-07-28,500000,New Building,New Building,Issued,EAST PENNANT,District 11,1,2,Dwelling - Single Detached,44.46379814855885,-63.63609665348919
2982,BPRES-2022-09724,2022-07-28,6000,Renovation,Renovation,Expired,LUCASVILLE,District 14,0,2,Dwelling - Single Detached,44.77082908779553,-63.72560875492089
2983,BPRES-2022-09813,2022-09-22,320000,New Building,New Building,Completed,HALIFAX,District 11,3,2,Dwelling - Townhouse,44.60454205208489,-63.606551079730465
2984,BPRES-2022-09874,2022-08-23,430000,New Building,New Building,Completed,DUTCH SETTLEMENT,District 01,2,1,Dwelling - Semi-Detached,44.98670509712243,-63.428554821188236
2985,BPRES-2022-09902,,10000,Renovation,Renovation,Application Incomplete,COLE HARBOUR,District 04,0,2,Dwelling - Single Detached,44.67542427752897,-63.48772892336063
2986,BPRES-2022-09937,,400000,New Building,New Building,Withdrawn,MIDDLE SACKVILLE,District 14,1,2,Dwelling - Backyard Suite,44.78919283719495,-63.746752116685386
2987,BPRES-2022-09989,2022-09-23,358857.5,Addition,Addition,Completed,HALIFAX,District 09,0,3,Dwelling - Single Detached,44.64235717413483,-63.61180571367057
2988,BPRES-2022-10049,2022-08-03,22000,New Building,New Building,Completed,WINDSOR JUNCTION,District 01,0,1,Accessory Structure,44.80146373466864,-63.64192909109671
2989,BPRES-2022-10105,2022-08-18,450000,New Building,New Building,Completed,WILLIAMSWOOD,District 11,1,1,Dwelling - Single Detached,44.542659870655186,-63.64246350402178
2990,BPRES-2022-10139,,50000,New Building,New Building,Withdrawn,WEST PORTERS LAKE,District 02,1,1,Dwelling - Single Detached,44.68878903595779,-63.30977280197957
2991,BPRES-2022-10170,2022-09-12,200000,New Building,New Building,Completed,FALL RIVER,District 01,2,2,Dwelling - Multiple Units,44.82045184679846,-63.58397287571667
2992,BPRES-2022-10208,2022-08-11,450000,New Building,New Building,Completed,EASTERN PASSAGE,District 03,3,1,Dwelling - Townhouse,44.609400588096044,-63.487816790843546
2993,BPRES-2022-10291,2022-08-25,35000,New Building,New Building,Completed,COLE HARBOUR,District 04,0,1,Accessory Structure,44.669142573996936,-63.50164837174706
2994,BPRES-2022-10368,2022-08-12,500000,New Building,New Building,Completed,OAKFIELD,District 01,1,2,Dwelling - Single Detached,44.906665470075545,-63.566707123498276
2995,BPRES-2022-10410,,22000,New Building,New Building,Withdrawn,DARTMOUTH,District 05,0,1,Accessory Structure,44.67858813585632,-63.552290824174655
2996,BPRES-2022-10482,,221477,New Building,New Building,Withdrawn,HALIFAX,District 08,1,2,Dwelling - Backyard Suite,44.65492180748172,-63.61147902005971
2997,BPRES-2022-10560,2022-08-23,42000,New Building,New Building,Completed,DARTMOUTH,District 06,0,1,Accessory Structure,44.70931134723562,-63.54461549695675
2998,BPRES-2022-10591,2022-08-12,5000,New Building,New Building,Completed,EASTERN PASSAGE,District 03,0,1,Accessory Structure,44.62565377741751,-63.50788320539211
2999,BPRES-2022-10675,,162000,New Building,New Building,Cancelled,DARTMOUTH,District 06,1,1,Dwelling - Backyard Suite,44.67753024678765,-63.54327804686466
3000,BPRES-2022-10712,2022-10-31,300000,New Building,New Building,Amendment Application Incomplete,WELLINGTON,District 01,1,2,Dwelling - Single Detached,44.88271366495787,-63.62708456556449
3001,BPRES-2022-10748,2022-08-18,30000,New Building,New Building,Completed,CLAM BAY,District 02,0,1,Accessory Structure,44.72826781266335,-62.92238806194935
3002,BPRES-2022-10827,2022-08-19,25000,Renovation,Renovation,Cancelled,DARTMOUTH,District 06,0,1,Dwelling - Single Detached,44.68014035898203,-63.509613348359004
3003,BPRES-2022-10866,2022-12-06,12000,New Building,New Building,Completed,MEAGHERS GRANT,District 01,0,1,Accessory Structure,44.92641283307801,-63.21808492442302
3004,BPRES-2022-10954,2022-09-26,25000,New Building,New Building,Expired,DARTMOUTH,District 06,0,1,Accessory Structure,44.68291089418743,-63.54430983464991
3005,BPRES-2022-11018,2022-08-30,800000,New Building,New Building,Completed,COW BAY,District 03,1,1,Dwelling - Single Detached,44.64198790185877,-63.421278617339865
3006,BPRES-2022-11094,2022-09-21,400000,New Building,New Building,Completed,TIMBERLEA,District 12,1,2,Dwelling - Single Detached,44.63870872486178,-63.72268618161093
3007,BPRES-2022-11148,2022-10-19,24000,New Building,New Building,Expired,HERRING COVE,District 11,0,1,Accessory Structure,44.57323120148293,-63.559634690683126
3008,BPRES-2022-11244,2022-11-07,355000,New Building,New Building,Completed,GLEN HAVEN,District 13,1,2,Dwelling - Single Detached,44.63886879978153,-63.93181871988007
3009,BPRES-2022-11293,2023-07-20,650000,New Building,New Building,Completed,BEDFORD,District 16,2,3,Dwelling - Multiple Units,44.71683632903073,-63.678588111673776
3010,BPRES-2022-11336,2022-09-29,425000,New Building,New Building,Completed,BROOKSIDE,District 13,2,1,Dwelling - Multiple Units,44.554398886290116,-63.7123394118805
3011,BPRES-2022-11397,2022-09-21,85000,Renovation,Renovation,Expired,HALIFAX,District 10,0,2,Dwelling - Single Detached,44.68598739209027,-63.664518997413026
3012,BPRES-2022-11433,2022-08-25,26500,New Building,New Building,Cancelled,LOWER SACKVILLE,District 15,0,1,Accessory Structure,44.7778073873085,-63.69451966679046
3013,BPRES-2022-11522,,36500,Renovation,Renovation,Withdrawn,HALIFAX,District 11,1,1,Dwelling - Backyard Suite,44.63386474591995,-63.624279559394566
3014,BPRES-2022-11596,2022-09-12,43000,New Building,New Building,Completed,HATCHET LAKE,District 13,0,1,Accessory Structure,44.563337892947295,-63.71207707427541
3015,BPRES-2022-11718,2022-09-27,35000,New Building,New Building,Expired,INGRAMPORT,District 13,0,1,Accessory Structure,44.65225519023897,-63.96994493916989
3016,BPRES-2022-11785,2022-09-28,17000,New Building,New Building,Issued,SAMBRO,District 11,0,2,Accessory Structure,44.48090194771863,-63.601442147418645
3017,BPRES-2022-11836,2022-09-26,7000,New Building,New Building,Expired,BEDFORD,District 16,0,1,Accessory Structure,44.727239175930755,-63.67100232356726
3018,BPRES-2022-11920,2022-09-07,475000,New Building,New Building,Completed,BEAVER BANK,District 15,1,2,Dwelling - Single Detached,44.82810384262937,-63.67546545123971
3019,BPRES-2022-11977,2022-09-26,250000,Addition,Addition,Cancelled,HAMMONDS PLAINS,District 14,1,2,Dwelling - Multiple Units,44.76733648281522,-63.77440024437737
3020,BPRES-2022-11998,2022-11-03,184895.33,New Building,New Building,Completed,HALIFAX,District 09,1,1,Dwelling - Backyard Suite,44.652919935654666,-63.606615952133446
3021,BPRES-2022-12039,2022-09-28,35000,New Building,New Building,Completed,ELDERBANK,District 01,0,1,Accessory Structure,44.98917418225859,-63.24889857623323
3022,BPRES-2022-12067,2022-09-21,30000,New Building,New Building,Completed,TIMBERLEA,District 12,0,1,Accessory Structure,44.65232868618918,-63.740034237216314
3023,BPRES-2022-12104,2022-10-21,150000,Renovation,Renovation,Completed,HALIFAX,District 08,3,2,Dwelling - Multiple Units,44.65267132068841,-63.59745442187627
3024,BPRES-2022-12150,2022-09-20,200000,New Building,New Building,Completed,UPPER TANTALLON,District 13,1,1,Dwelling - Backyard Suite,44.69557384234713,-63.871412052475826
3025,BPRES-2022-12300,2022-10-17,385000,New Building,New Building,Expired,PROSPECT,District 13,1,1,Dwelling - Single Detached,44.476525770793614,-63.78002358250363
3026,BPRES-2022-12361,2022-09-22,208500,Renovation,Renovation,Expired,LOWER SACKVILLE,District 15,0,2,Dwelling - Semi-Detached,44.7807132216393,-63.697185898043244
3027,BPRES-2022-12393,2023-09-05,90000,New Building,New Building,Completed,HAMMONDS PLAINS,District 14,1,2,Dwelling - Backyard Suite,44.72355188378054,-63.82821704041688
3028,BPRES-2022-12478,2022-10-28,75000,New Building,New Building,Issued,HALIFAX,District 11,1,1,Dwelling - Backyard Suite,44.631939858121676,-63.627191537004364
3029,BPRES-2022-12570,2022-10-12,600000,New Building,New Building,Completed,OAKFIELD,District 01,1,2,Dwelling - Single Detached,44.907492493990716,-63.56415043823362
3030,BPRES-2022-12605,2022-10-28,200000,New Building,New Building,Expired,SEABRIGHT,District 13,1,2,Dwelling - Backyard Suite,44.622163132110714,-63.93814817654269
3031,BPRES-2022-12617,,1200000,New Building,New Building,Application Incomplete,HALIFAX,District 09,2,3,Dwelling - Single Detached,44.64517162793205,-63.59157862671329
3032,BPRES-2022-12660,2022-09-26,27462,Renovation,Renovation,Expired,BEDFORD,District 16,0,2,Dwelling - Single Detached,44.71777908858141,-63.678380015366606
3033,BPRES-2022-12754,2022-10-24,2000,New Building,New Building,Completed,WAVERLEY,District 01,0,1,Accessory Structure,44.7758665762709,-63.58576229392133
3034,BPRES-2022-12809,2022-09-29,32000,Renovation,Renovation,Cancelled,HALIFAX,District 09,0,2,Dwelling - Single Detached,44.64945511892387,-63.621098746137584
3035,BPRES-2022-12878,2023-01-10,423323,Addition,Addition,Issued,FERGUSONS COVE,District 11,0,3,Dwelling - Single Detached,44.60296411606586,-63.559699355469
3036,BPRES-2022-13007,2022-10-13,100200,Renovation,Renovation,Completed,HALIFAX,District 09,0,3,Dwelling - Single Detached,44.640511212924466,-63.60292688411227
3037,BPRES-2022-13076,2023-04-05,950618,New Building,New Building,Completed,BEDFORD,District 16,5,3,Dwelling - Townhouse,44.70679969966789,-63.71606387042647
3038,BPRES-2022-13126,,518000,New Building,New Building,Withdrawn,HAMMONDS PLAINS,District 14,0,1,Accessory Structure,44.725934175814565,-63.748752104185165
3039,BPRES-2022-13151,,10000,Renovation,Renovation,Application Incomplete,HALIFAX,District 07,5,3,Dwelling - Multiple Units,44.64063824791552,-63.585238230339826
3040,BPRES-2022-13177,2022-10-12,12000,New Building,New Building,Completed,COOKS BROOK,District 01,0,1,Accessory Structure,45.00000547065332,-63.26875675309245
3041,BPRES-2022-13232,2022-10-12,600000,New Building,New Building,Completed,PROSPECT,District 13,1,2,Dwelling - Single Detached,44.47947530882257,-63.794211272793206
3042,BPRES-2022-13279,,84000,New Building,New Building,Withdrawn,ELMSDALE,District 01,1,1,Dwelling - Single Detached,44.94972444172466,-63.5035023030511
3043,BPRES-2022-13331,2022-10-20,375000,New Building,New Building,Completed,BEAVER BANK,District 15,1,2,Dwelling - Single Detached,44.82818719686827,-63.67605735467515
3044,BPRES-2022-13385,2022-11-08,375000,New Building,New Building,Completed,BEAVER BANK,District 15,1,2,Dwelling - Single Detached,44.826956231187445,-63.673993276523554
3045,BPRES-2022-13439,2022-11-16,63000,New Building,New Building,Expired,DUTCH SETTLEMENT,District 01,0,1,Accessory Structure,44.98256096877558,-63.463888588268446
3046,BPRES-2022-13478,2022-11-28,475000,New Building,New Building,Completed,THREE FATHOM HARBOUR,District 02,1,2,Dwelling - Single Detached,44.647278606816805,-63.312801380118316
3047,BPRES-2022-13526,2022-10-17,525000,New Building,New Building,Completed,BEDFORD,District 16,1,2,Dwelling - Single Detached,44.706388995012546,-63.721512726205404
3048,BPRES-2022-13566,2022-11-08,375000,New Building,New Building,Completed,BEAVER BANK,District 15,1,2,Dwelling - Single Detached,44.82759311705931,-63.67518183322473
3049,BPRES-2022-13590,2023-01-23,600000,New Building,New Building,Completed,HALIFAX,District 08,4,2,Dwelling - Multiple Units,44.65508814471044,-63.58991232104618
3050,BPRES-2022-13656,2022-11-01,30000,New Building,New Building,Completed,MINEVILLE,District 02,0,1,Accessory Structure,44.700690436743116,-63.376425845399424
3051,BPRES-2022-13683,2022-12-01,20000,New Building,New Building,Completed,ELMSVALE,District 01,0,1,Accessory Structure,45.06931454932264,-63.102209846780525
3052,BPRES-2022-13759,2022-10-26,560000,New Building,New Building,Cancelled,WEST JEDDORE,District 02,1,1,Dwelling - Single Detached,44.6884094542094,-63.02779225155439
3053,BPRES-2022-13789,2022-10-25,57000,Renovation,Renovation,Expired,HALIFAX,District 11,0,2,Dwelling - Single Detached,44.6129571627671,-63.581029430643476
3054,BPRES-2022-13861,2022-11-29,80000,Renovation,Renovation,Expired,HALIFAX,District 08,0,2,Dwelling - Multiple Units,44.665875120230346,-63.60796229469173
3055,BPRES-2022-13966,2022-11-21,196000,Addition,Addition,Expired,HALIFAX,District 09,0,2,Dwelling - Single Detached,44.64950737048296,-63.60625648632675
3056,BPRES-2022-14037,,175000,Renovation,Renovation,Application Incomplete,HALIFAX,District 10,2,2,Dwelling - Multiple Units,44.67720846798863,-63.65063147235071
3057,BPRES-2022-14122,2022-12-19,348000,New Building,New Building,Completed,HATCHET LAKE,District 13,1,1,Dwelling - Single Detached,44.54977742929653,-63.732688533165884
3058,BPRES-2022-14160,,5500,Addition,Addition,Withdrawn,DARTMOUTH,District 05,0,2,Accessory Structure,44.669028512401965,-63.552501908062055
3059,BPRES-2022-14217,2022-11-07,425000,New Building,New Building,Completed,MIDDLE SACKVILLE,District 14,1,1,Dwelling - Single Detached,44.78617977934917,-63.74422288982374
3060,BPRES-2022-14267,2022-12-21,110000,New Building,New Building,Completed,LAWRENCETOWN,District 02,1,1,Dwelling - Backyard Suite,44.69655970651544,-63.40908469880583
3061,BPRES-2022-14332,2022-11-17,700000,New Building,New Building,Expired,HAMMONDS PLAINS,District 14,1,2,Dwelling - Single Detached,44.77223404704375,-63.76013721310041
3062,BPRES-2022-14404,2022-12-08,390000,New Building,New Building,Completed,FRENCH VILLAGE,District 13,1,1,Dwelling - Single Detached,44.63158880232358,-63.91494616030117
3063,BPRES-2022-14550,2023-03-21,1010000,New Building,New Building,Completed,HAMMONDS PLAINS,District 14,8,1,Dwelling - Townhouse,44.73021358764131,-63.80724147446748
3064,BPRES-2022-14656,2022-11-29,3650,New Building,New Building,Completed,SHEET HARBOUR PASSAGE,District 02,0,1,Accessory Structure,44.85772306051682,-62.446151538382345
3065,BPRES-2022-14684,2022-12-13,425000,New Building,New Building,Cancelled,OAKFIELD,District 01,1,1,Dwelling - Single Detached,44.92235540983311,-63.55606908578891
3066,BPRES-2022-14734,2022-11-25,61000,Renovation,Renovation,Completed,HALIFAX,District 10,0,3,Dwelling - Semi-Detached,44.65166580344061,-63.633883761421366
3067,BPRES-2022-14790,2022-12-08,425000,New Building,New Building,Completed,OAKFIELD,District 01,1,1,Dwelling - Single Detached,44.92545214444879,-63.55822751088007
3068,BPRES-2022-14824,2023-03-07,4000,Renovation,Renovation,Expired,HALIFAX,District 10,0,2,Dwelling - Semi-Detached,44.6775640623318,-63.66088873958152
3069,BPRES-2022-14865,2022-12-23,189000,New Building,New Building,Completed,GLEN MARGARET,District 13,0,2,Accessory Structure,44.585968266310516,-63.924982976712705
3070,BPRES-2022-14889,2022-11-30,450000,New Building,New Building,Completed,,District 13,1,1,Dwelling - Single Detached,44.629587407390204,-63.88486504312265
3071,BPRES-2022-14956,,400000,New Building,New Building,Applicant Revisions,COOKS BROOK,District 01,1,2,Dwelling - Single Detached,45.00059452023218,-63.26905833340874
3072,BPRES-2022-15041,2022-12-21,73450,Renovation,Renovation,Completed,TIMBERLEA,District 12,1,2,Dwelling - Multiple Units,44.64813589497563,-63.71769164676192
3073,BPRES-2022-15101,2023-01-11,320000,New Building,New Building,Issued,UPPER TANTALLON,District 13,1,2,Dwelling - Single Detached,44.70972236402557,-63.862258317957014
3074,BPRES-2022-15144,,84000,New Building,New Building,Applicant Revisions,HEAD OF JEDDORE,District 02,0,2,Dwelling - Single Detached,44.77856927269874,-63.06180920481646
3075,BPRES-2022-15191,2022-12-01,30000,New Building,New Building,Completed,WAVERLEY,District 01,0,1,Accessory Structure,44.743653141730476,-63.53909437007519
3076,BPRES-2022-15256,2022-12-08,85000,Renovation,Renovation,Expired,DARTMOUTH,District 06,0,2,Dwelling - Single Detached,44.71661688467018,-63.54575309082423
3077,BPRES-2022-15369,2022-12-12,30000,New Building,New Building,Completed,TERENCE BAY,District 13,0,1,Accessory Structure,44.49227660092092,-63.73214602511151
3078,BPRES-2022-15483,2023-02-08,190000,New Building,New Building,Completed,SHAD BAY,District 13,1,1,Dwelling - Single Detached,44.52200710739586,-63.787603048065876
3079,BPRES-2022-15556,2023-02-08,1100000,New Building,New Building,Completed,HAMMONDS PLAINS,District 14,1,3,Dwelling - Single Detached,44.756386522932175,-63.78174656612384
3080,BPRES-2022-15665,2023-01-31,330000,New Building,New Building,Completed,TERENCE BAY,District 13,1,1,Dwelling - Single Detached,44.48548062602421,-63.72894006747959
3081,BPRES-2022-15714,2023-01-13,455000,New Building,New Building,Completed,DARTMOUTH,District 05,2,3,Dwelling - Multiple Units,44.68185309291989,-63.59323853366684
3082,BPRES-2022-15883,,150000,Addition,Addition,Applicant Revisions,BOUTILIERS POINT,District 13,0,2,Dwelling - Single Detached,44.66316898061767,-63.95907046179147
3083,BPRES-2022-15949,2023-08-22,555000,New Building,New Building,Expired,DARTMOUTH,District 05,2,2,Dwelling - Multiple Units,44.666345032034926,-63.57784101644268
3084,BPRES-2023-00029,2023-02-13,80000,Addition,Addition,Expired,BEDFORD,District 16,0,2,Dwelling - Single Detached,44.71519012306595,-63.68219060245367
3085,BPRES-2023-00107,,88000,Addition,Addition,Applicant Revisions,FALL RIVER,District 01,1,2,Dwelling - Single Detached,44.82327316270117,-63.622260007005174
3086,BPRES-2023-00236,,80000,Renovation,Renovation,Application Incomplete,BEDFORD,District 16,0,1,Dwelling - Single Detached,44.72868005795433,-63.67113197188754
3087,BPRES-2023-00376,2023-01-18,37343,Renovation,Renovation,Expired,HALIFAX,District 10,0,2,Dwelling - Single Detached,44.68641419895704,-63.66316899389651
3088,BPRES-2023-00449,2023-04-27,73000,Renovation,Renovation,Completed,BEDFORD,District 16,1,2,Dwelling - Multiple Units,44.73488192470959,-63.65020660268782
3089,BPRES-2023-00516,2023-02-03,850000,New Building,New Building,Completed,SEABRIGHT,District 13,1,1,Dwelling - Single Detached,44.614013161714205,-63.93139738931988
3090,BPRES-2023-00598,,20000,New Building,New Building,Applicant Revisions,,District 01,0,1,Accessory Structure,44.94886404300003,-63.23550106979696
3091,BPRES-2023-00672,2023-08-18,183000,Addition,Addition,Completed,DARTMOUTH,District 03,1,2,Dwelling - Multiple Units,44.636638763247255,-63.52482042102185
3092,BPRES-2023-00696,2023-03-02,200000,Addition,Addition,Issued,BLACK POINT,District 13,0,2,Dwelling - Single Detached,44.65439374243447,-63.97462426064057
3093,BPRES-2023-00767,,1000,Renovation,Renovation,Application Incomplete,BEDFORD,District 16,1,2,Dwelling - Multiple Units,44.73650967951447,-63.65077240475807
3094,BPRES-2023-00861,2023-02-01,2000,Renovation,Renovation,Completed,COLE HARBOUR,District 04,0,2,Dwelling - Single Detached,44.64680201272524,-63.46773892915691
3095,BPRES-2023-00887,2023-03-06,600000,New Building,New Building,Completed,BEECHVILLE,District 12,4,3,Dwelling - Townhouse,44.640790581559486,-63.67928539975175
3096,BPRES-2023-00931,2023-02-07,50000,New Building,New Building,Expired,WHITES LAKE,District 13,0,2,Accessory Structure,44.5205227530703,-63.75756050264265
3097,BPRES-2023-00969,2023-03-27,59500,New Building,New Building,Completed,HALIFAX,District 11,0,1,Accessory Structure,44.591143441886,-63.5951960662343
3098,BPRES-2023-01022,2023-02-14,21570,Renovation,Renovation,Completed,HALIFAX,District 10,1,2,Dwelling - Semi-Detached,44.66121047315434,-63.633703796098494
3099,BPRES-2023-01085,2023-03-13,150000,Renovation,Renovation,Completed,DARTMOUTH,District 06,0,2,Dwelling - Single Detached,44.68600466382282,-63.54707096868933
3100,BPRES-2023-01171,2023-03-30,80000,Renovation,Renovation,Completed,HALIFAX,District 11,1,3,Dwelling - Multiple Units,44.607886482877916,-63.61986520805645
3101,BPRES-2023-01220,2024-03-19,500000,New Building,New Building,Expired,HALIFAX,District 10,2,2,Dwelling - Multiple Units,44.678936723481755,-63.659918817232395
3102,BPRES-2023-01313,2023-04-11,30000,New Building,New Building,Completed,BEAVER BANK,District 15,0,1,Accessory Structure,44.8722806658275,-63.681899724496745
3103,BPRES-2023-01384,,20000,New Building,New Building,Ready For Issue,BEDFORD,District 16,1,1,Dwelling - Single Detached,44.70682943364745,-63.66652048232154
3104,BPRES-2023-01409,2023-02-15,117000,New Building,New Building,Completed,DEVON,District 01,1,1,Dwelling - Single Detached,44.906805239984735,-63.42428487012341
3105,BPRES-2023-01463,,26000,Addition,Addition,Applicant Revisions,FERGUSONS COVE,District 11,0,2,Dwelling - Single Detached,44.60565661440268,-63.55920384545531
3106,BPRES-2023-01558,2023-07-27,210000,New Building,New Building,Completed,ELMSDALE,District 01,1,2,Dwelling - Single Detached,44.95986822512896,-63.500738089398205
3107,BPRES-2023-01703,2023-02-24,667000,New Building,New Building,Completed,UPPER TANTALLON,District 13,1,1,Dwelling - Single Detached,44.68614641282677,-63.8888776411596
3108,BPRES-2023-01855,2023-03-08,350000,New Building,New Building,Completed,MUSQUODOBOIT HARBOUR,District 02,1,2,Dwelling - Single Detached,44.78859344873348,-63.16741470034229
3109,BPRES-2023-01899,2023-11-14,800000,New Building,New Building,Issued,HALIFAX,District 11,2,2,Dwelling - Multiple Units,44.62385556406034,-63.619590572030205
3110,BPRES-2023-01971,2023-03-30,5000,Renovation,Renovation,Expired,BEDFORD,District 16,0,3,Dwelling - Single Detached,44.70791983201301,-63.67539694948436
3111,BPRES-2023-02094,2023-03-14,75000,Addition,Addition,Completed,MIDDLE SACKVILLE,District 14,0,1,Dwelling - Single Detached,44.809742563707964,-63.726993290983
3112,BPRES-2023-02229,2023-04-27,30000,Addition,Addition,Expired,HALIFAX,District 12,0,1,Accessory Structure,44.679553112694194,-63.671656376311695
3113,BPRES-2023-02309,2023-04-18,502000,New Building,New Building,Completed,LOWER SACKVILLE,District 15,1,2,Dwelling - Single Detached,44.76447948918823,-63.643230718812774
3114,BPRES-2023-02356,2023-09-19,22000000,Addition,Addition,Issued,HALIFAX,District 07,71,9,Dwelling - Multiple Units,44.6403300005738,-63.570035027251244
3115,BPRES-2023-02372,2023-09-13,45000,New Building,New Building,Issued,LAWRENCETOWN,District 02,0,2,Accessory Structure,44.68688046750584,-63.40508481810549
3116,BPRES-2023-02414,2023-03-20,650000,New Building,New Building,Completed,TANTALLON,District 13,1,2,Dwelling - Single Detached,44.65310752290614,-63.90127780711629
3117,BPRES-2023-02480,2023-06-19,300000,New Building,New Building,Completed,EAST LAWRENCETOWN,District 02,1,1,Dwelling - Single Detached,44.67621915281896,-63.3173266774973
3118,BPRES-2023-02505,2023-05-03,200000,Addition,Addition,Completed,HERRING COVE,District 11,1,2,Dwelling - Backyard Suite,44.568627345315186,-63.561410410709804
3119,BPRES-2023-02549,2023-04-24,80000,Renovation,Renovation,Completed,PROSPECT,District 13,0,2,Dwelling - Single Detached,44.47028924115585,-63.786009625067116
3120,BPRES-2023-02656,2023-04-12,500000,New Building,New Building,Expired,PORTERS LAKE,District 02,1,2,Dwelling - Single Detached,44.748222441794525,-63.306242482154744
3121,BPRES-2023-02718,2023-03-28,86000,Addition,Addition,Issued,SPRY BAY,District 02,0,1,Dwelling - Single Detached,44.84113463068921,-62.58616355212074
3122,BPRES-2023-02778,2023-03-23,100711,Renovation,Renovation,Expired,HAMMONDS PLAINS,District 14,0,2,Dwelling - Single Detached,44.71462827981098,-63.73843401145042
3123,BPRES-2023-02813,2023-04-03,18000,New Building,New Building,Completed,HAMMONDS PLAINS,District 14,0,1,Accessory Structure,44.74130524847757,-63.77395456936742
3124,BPRES-2023-02850,2023-05-17,115000,New Building,New Building,Completed,BEAVER BANK,District 15,1,2,Dwelling - Backyard Suite,44.847122805580376,-63.66737893078014
3125,BPRES-2023-02944,2023-08-10,90000,New Building,New Building,Completed,HEAD OF CHEZZETCOOK,District 02,0,1,Accessory Structure,44.75025840684393,-63.235920987247646
3126,BPRES-2023-03003,2023-03-24,200000,New Building,New Building,Completed,BEECHVILLE,District 12,1,3,Dwelling - Single Detached,44.637772896869194,-63.6764624990152
3127,BPRES-2023-03105,,62000,New Building,New Building,Withdrawn,HALIFAX,District 09,1,2,Dwelling - Backyard Suite,44.63562058919133,-63.6244353564166
3128,BPRES-2023-03148,2023-05-25,545000,Renovation,Renovation,Completed,HALIFAX,District 08,1,2,Dwelling - Multiple Units,44.65461967419584,-63.61196676323374
3129,BPRES-2023-03311,2023-04-03,38230,Renovation,Renovation,Completed,HALIFAX,District 09,0,2,Dwelling - Single Detached,44.64591096620781,-63.604863236632255
3130,BPRES-2023-03340,2023-04-12,350000,New Building,New Building,Completed,BLACK POINT,District 13,1,1,Dwelling - Single Detached,44.65845470265241,-63.98178835862284
3131,BPRES-2023-03413,,85000,Renovation,Renovation,Withdrawn,BEAVER BANK,District 15,1,1,Dwelling - Multiple Units,44.81013904311813,-63.68179221143235
3132,BPRES-2023-03512,2023-05-02,250000,New Building,New Building,Completed,WEST CHEZZETCOOK,District 02,1,1,Dwelling - Single Detached,44.70748907015145,-63.26672860022911
3133,BPRES-2023-03527,,15000,New Building,New Building,Withdrawn,UPPER HAMMONDS PLAINS,District 14,0,1,Dwelling - Single Detached,44.756538642770316,-63.854585479444786
3134,BPRES-2023-03591,2025-04-25,500000,New Building,New Building,Issued,DARTMOUTH,District 03,4,3,Dwelling - Multiple Units,44.65839209175275,-63.54723331481348
3135,BPRES-2023-03635,2023-04-17,40000,New Building,New Building,Expired,OSTREA LAKE,District 02,0,1,Accessory Structure,44.71873504314349,-63.08027983139797
3136,BPRES-2023-03671,2023-04-19,400000,New Building,New Building,Completed,HEAD OF CHEZZETCOOK,District 02,1,1,Dwelling - Single Detached,44.75505212003399,-63.240567974068824
3137,BPRES-2023-03722,2024-04-12,38900,Renovation,Renovation,Completed,HALIFAX,District 09,0,2,Dwelling - Semi-Detached,44.648019325789306,-63.597280462311
3138,BPRES-2023-03794,2023-05-01,79000,Renovation,Renovation,Expired,HALIFAX,District 08,0,3,Dwelling - Multiple Units,44.666071745523354,-63.61443667427447
3139,BPRES-2023-03898,2023-09-22,170000,New Building,New Building,Expired,PLEASANT POINT,District 02,1,1,Dwelling - Single Detached,44.70334107379847,-63.06162533781785
3140,BPRES-2023-03933,2023-06-08,24000,New Building,New Building,Expired,WELLINGTON,District 01,0,1,Accessory Structure,44.85195283447971,-63.60876798129415
3141,BPRES-2023-04008,2023-05-25,81000,New Building,New Building,Issued,HALIFAX,District 10,2,1,Dwelling - Backyard Suite,44.654024119249,-63.647877508051586
3142,BPRES-2023-04097,2023-05-11,114500,Addition,Addition,Completed,UPPER LAKEVILLE,District 02,0,2,Dwelling - Single Detached,44.785157626086765,-62.95426523954961
3143,BPRES-2023-04159,2023-04-20,750000,New Building,New Building,Completed,BEDFORD,District 16,1,2,Dwelling - Single Detached,44.70648107358352,-63.72478999205898
3144,BPRES-2023-04239,2023-05-04,515000,New Building,New Building,Completed,SEABRIGHT,District 13,1,2,Dwelling - Single Detached,44.596135427491795,-63.926878699757516
3145,BPRES-2023-04310,2023-04-20,60000,New Building,New Building,Completed,TANTALLON,District 13,0,1,Accessory Structure,44.656965980488465,-63.91680796777363
3146,BPRES-2023-04358,2023-09-26,247500,Addition,Addition,Completed,HALIFAX,District 09,2,3,Dwelling - Multiple Units,44.650910115660544,-63.609096882724494
3147,BPRES-2023-04394,2023-07-21,334500,Addition,Addition,Amendment Applicant Revisions,HALIFAX,District 11,0,2,Dwelling - Single Detached,44.63350623141846,-63.614423603401626
3148,BPRES-2023-04446,2023-06-30,546000,New Building,New Building,Completed,HALIFAX,District 11,4,2,Dwelling - Multiple Units,44.60251734320758,-63.60546233137808
3149,BPRES-2023-04469,2023-04-26,400000,New Building,New Building,Completed,HALIFAX,District 11,2,3,Dwelling - Semi-Detached,44.60112635431081,-63.604607026173305
3150,BPRES-2023-04548,2023-05-01,39000,New Building,New Building,Cancelled,STILLWATER LAKE,District 13,0,1,Accessory Structure,44.701266971355665,-63.83168941540009
3151,BPRES-2023-04636,2023-04-25,200000,New Building,New Building,Expired,INDIAN HARBOUR,District 13,0,1,Accessory Structure,44.52354391589146,-63.94905102896945
3152,BPRES-2023-04715,2023-05-02,7000,Renovation,Renovation,Expired,LAKE LOON,District 04,0,2,Dwelling - Single Detached,44.70927934089347,-63.510183703791604
3153,BPRES-2023-04789,2023-05-15,1000000,Renovation,Renovation,Completed,HALIFAX,District 09,0,3,Dwelling - Single Detached,44.63987838593197,-63.63277843682252
3154,BPRES-2023-04852,2023-05-09,935000,New Building,New Building,Completed,BEAVER BANK,District 15,1,1,Dwelling - Single Detached,44.851095416985174,-63.681906768057736
3155,BPRES-2023-04920,2023-06-13,75000,Renovation,Renovation,Completed,DARTMOUTH,District 05,2,3,Dwelling - Multiple Units,44.671348778648124,-63.58633431145118
3156,BPRES-2023-05017,2023-05-04,35000,New Building,New Building,Expired,UPPER TANTALLON,District 13,0,1,Accessory Structure,44.72367635887351,-63.871543051193335
3157,BPRES-2023-05060,2023-05-03,30000,New Building,New Building,Expired,EAST LAWRENCETOWN,District 02,0,1,Accessory Structure,44.65899797526267,-63.32736536131934
3158,BPRES-2023-05115,2023-09-20,100000,Renovation,Renovation,Completed,WESTPHAL,District 04,2,2,Dwelling - Multiple Units,44.68947388171674,-63.48309731493384
3159,BPRES-2023-05176,2023-05-04,20000,New Building,New Building,Expired,COLE HARBOUR,District 04,0,1,Accessory Structure,44.66501489357603,-63.49260358888939
3160,BPRES-2023-05253,,385000,New Building,New Building,Applicant Revisions,DARTMOUTH,District 06,2,3,Dwelling - Multiple Units,44.680054587177956,-63.543576832404284
3161,BPRES-2023-05360,2023-05-08,20000,New Building,New Building,Completed,HUBLEY,District 13,0,1,Accessory Structure,44.675275329311404,-63.82464261414331
3162,BPRES-2023-05418,2023-05-26,86500,Renovation,Renovation,Expired,HALIFAX,District 07,0,7,Dwelling - Multiple Units,44.6427672567122,-63.569268130226405
3163,BPRES-2023-05492,2023-05-26,40000,New Building,New Building,Completed,LOWER SACKVILLE,District 15,0,1,Accessory Structure,44.774279128590486,-63.70188276414599
3164,BPRES-2023-05606,2023-09-14,800000,New Building,New Building,Completed,HAMMONDS PLAINS,District 13,1,1,Dwelling - Single Detached,44.71901867093338,-63.768260787676624
3165,BPRES-2023-05655,2023-11-29,8000,Renovation,Renovation,Expired,HALIFAX,District 08,1,2,Dwelling - Multiple Units,44.671394139024905,-63.603415520972824
3166,BPRES-2023-05684,,7000,Renovation,Renovation,Application Incomplete,SEABRIGHT,District 13,0,1,Accessory Structure,44.613975031214906,-63.9188283848195
3167,BPRES-2023-05791,2023-06-02,30000,New Building,New Building,Issued,WELLINGTON,District 01,0,1,Accessory Structure,44.87615892337091,-63.604655780974845
3168,BPRES-2023-05860,2023-06-23,501000,New Building,New Building,Issued,BEDFORD,District 16,2,3,Dwelling - Semi-Detached,44.72703537921128,-63.66472820356412
3169,BPRES-2023-05942,,12200,Renovation,Renovation,Applicant Revisions,HALIFAX,District 11,1,2,Dwelling - Townhouse,44.624261898252584,-63.62256458422783
3170,BPRES-2023-05995,2023-06-06,11300,Renovation,Renovation,Expired,MIDDLE SACKVILLE,District 14,1,2,Dwelling - Semi-Detached,44.790307425240805,-63.718882149090625
3171,BPRES-2023-06070,2023-06-02,75000,Addition,Addition,Cancelled,BEDFORD,District 16,0,2,Dwelling - Single Detached,44.724176688263775,-63.71366251048476
3172,BPRES-2023-06127,2023-07-12,250000,New Building,New Building,Completed,MIDDLE SACKVILLE,District 14,1,1,Dwelling - Backyard Suite,44.78804898764491,-63.75002120443988
3173,BPRES-2023-06173,2023-06-06,40000,New Building,New Building,Completed,LOWER SACKVILLE,District 15,0,1,Accessory Structure,44.764458723335544,-63.65028811837895
3174,BPRES-2023-06230,2023-07-26,31500,New Building,New Building,Expired,WILLIAMSWOOD,District 11,0,1,Accessory Structure,44.52615353815122,-63.64572900284805
3175,BPRES-2023-06300,2023-08-25,550000,New Building,New Building,Completed,DARTMOUTH,District 06,4,3,Dwelling - Multiple Units,44.68776726444413,-63.52512428791746
3176,BPRES-2023-06305,2023-11-10,320000,New Building,New Building,Completed,LUCASVILLE,District 14,1,1,Dwelling - Single Detached,44.76256965481725,-63.726909055742794
3177,BPRES-2023-06403,2023-06-13,10000,Renovation,Renovation,Expired,HALIFAX,District 10,1,3,Dwelling - Semi-Detached,44.68101002499928,-63.66053620982973
3178,BPRES-2023-06433,2023-08-11,17773693,New Building,New Building,Amendment Review,UPPER HAMMONDS PLAINS,District 14,143,3,Dwelling - Townhouse,44.761595119530085,-63.852805846910464
3179,BPRES-2023-06488,2023-07-28,345000,New Building,New Building,Completed,EASTERN PASSAGE,District 03,1,1,Dwelling - Single Detached,44.61587151030174,-63.49468505492987
3180,BPRES-2023-06560,2023-06-08,450000,New Building,New Building,Completed,UPPER TANTALLON,District 13,1,2,Dwelling - Single Detached,44.72408845502798,-63.88218166342281
3181,BPRES-2023-06618,2023-06-02,360000,New Building,New Building,Completed,BEDFORD,District 16,1,3,Dwelling - Single Detached,44.70652372998913,-63.72333437790507
3182,BPRES-2023-06638,2023-06-06,360000,New Building,New Building,Completed,BEDFORD,District 16,1,3,Dwelling - Single Detached,44.706700127459136,-63.72380497842505
3183,BPRES-2023-06678,2023-06-07,500000,New Building,New Building,Completed,BEDFORD,District 16,1,3,Dwelling - Single Detached,44.70694276194103,-63.72437594158857
3184,BPRES-2023-06755,2023-08-03,225000,Addition,Addition,Cancelled,HALIFAX,District 16,1,3,Dwelling - Multiple Units,44.70412273682266,-63.664673107277146
3185,BPRES-2023-06824,2023-06-08,7000,New Building,New Building,Expired,DARTMOUTH,District 05,0,1,Accessory Structure,44.681464812550836,-63.57741586456865
3186,BPRES-2023-06870,2023-06-09,19891,Renovation,Renovation,Completed,DARTMOUTH,District 06,0,1,Dwelling - Single Detached,44.675918094123375,-63.54550425892557
3187,BPRES-2023-06928,2023-06-19,125000,New Building,New Building,Expired,LAWRENCETOWN,District 02,1,1,Dwelling - Backyard Suite,44.66449589433958,-63.378707307876255
3188,BPRES-2023-06958,2023-06-14,80000,Addition,Addition,Completed,FALL RIVER,District 01,0,1,Dwelling - Single Detached,44.80906743693659,-63.62520613440442
3189,BPRES-2023-07039,2023-11-01,60,Addition,Addition,Expired,DARTMOUTH,District 06,0,1,Dwelling - Single Detached,44.68529177563842,-63.50436698730724
3190,BPRES-2023-07115,2023-07-25,7000,New Building,New Building,Completed,DARTMOUTH,District 06,0,1,Accessory Structure,44.69951313425491,-63.53805246258744
3191,BPRES-2023-07176,,228000,Addition,Addition,Withdrawn,HAMMONDS PLAINS,District 14,0,2,Dwelling - Single Detached,44.69696175638246,-63.76846972095455
3192,BPRES-2023-07227,2023-06-08,125000,New Building,New Building,Completed,HUBLEY,District 13,0,1,Accessory Structure,44.66303669258548,-63.80929445082776
3193,BPRES-2023-07267,2023-09-05,100000,Renovation,Renovation,Expired,MIDDLE SACKVILLE,District 14,0,1,Dwelling - Single Detached,44.8028424581747,-63.74145807097524
3194,BPRES-2023-07345,2023-06-26,7000,Renovation,Renovation,Completed,BEDFORD,District 16,0,2,Dwelling - Single Detached,44.70622599104936,-63.68705137808336
3195,BPRES-2023-07467,2023-08-25,50000,Addition,Addition,Completed,UPPER SACKVILLE,District 14,0,1,Dwelling - Single Detached,44.8383738836503,-63.79303171398655
3196,BPRES-2023-07564,2023-06-15,600000,New Building,New Building,Completed,TANTALLON,District 13,1,1,Dwelling - Single Detached,44.65156837672998,-63.90206958724489
3197,BPRES-2023-07620,2023-06-26,62000,Addition,Addition,Completed,FALL RIVER,District 01,1,2,Dwelling - Single Detached,44.83168714386832,-63.589914456894384
3198,BPRES-2023-07635,2023-07-25,480000,New Building,New Building,Completed,,District 11,4,2,Dwelling - Multiple Units,44.60281395609837,-63.60509251970937
3199,BPRES-2023-07722,2023-06-30,400000,New Building,New Building,Completed,HALIFAX,District 11,2,2,Dwelling - Semi-Detached,44.58587220489966,-63.588178808158965
3200,BPRES-2023-07758,2023-06-27,350000,New Building,New Building,Completed,WYSES CORNER,District 01,1,1,Dwelling - Single Detached,44.96052150738098,-63.294771248871854
3201,BPRES-2023-07807,2023-08-08,30000,New Building,New Building,Expired,HACKETTS COVE,District 13,0,1,Accessory Structure,44.546532414476594,-63.93330793336867
3202,BPRES-2023-07905,2023-06-27,300000,New Building,New Building,Completed,HUBLEY,District 13,1,1,Dwelling - Single Detached,44.66209544924855,-63.792648216114515
3203,BPRES-2023-07976,2023-07-24,1000000,New Building,New Building,Completed,UPPER TANTALLON,District 13,3,1,Dwelling - Townhouse,44.69660260183386,-63.87120539539956
3204,BPRES-2023-08027,2023-07-07,191400,Renovation,Renovation,Completed,MINEVILLE,District 02,0,2,Dwelling - Single Detached,44.708863174430626,-63.384787344333425
3205,BPRES-2023-08093,,237000,Addition,Addition,Withdrawn,BEAVER BANK,District 15,2,2,Dwelling - Multiple Units,44.80644694630853,-63.68900798879501
3206,BPRES-2023-08194,2023-07-17,450000,New Building,New Building,Completed,TIMBERLEA,District 12,1,1,Dwelling - Single Detached,44.64017387568374,-63.72437031833433
3207,BPRES-2023-08253,2023-07-28,485000,New Building,New Building,Issued,HALIFAX,District 11,1,2,Dwelling - Single Detached,44.62499987915236,-63.594131801390596
3208,BPRES-2023-08354,2023-07-27,1000000,New Building,New Building,Completed,UPPER TANTALLON,District 13,1,1,Dwelling - Townhouse,44.696714695317894,-63.870740440467735
3209,BPRES-2023-08401,,52700,New Building,New Building,Withdrawn,BEAVER BANK,District 15,0,1,Accessory Structure,44.846216534736165,-63.674727153397434
3210,BPRES-2023-08458,2023-10-05,495000,New Building,New Building,Issued,TIMBERLEA,District 12,1,3,Dwelling - Single Detached,44.650017582552465,-63.730237793731746
3211,BPRES-2023-08560,,170000,New Building,New Building,Applicant Revisions,WEST PETPESWICK,District 02,1,1,Dwelling - Single Detached,44.73494431823022,-63.1635681601084
3212,BPRES-2023-08626,2023-07-18,260000,New Building,New Building,Completed,WELLINGTON,District 01,1,1,Dwelling - Single Detached,44.85908156101385,-63.61825565728145
3213,BPRES-2023-08646,2023-07-14,216000,New Building,New Building,Completed,HAMMONDS PLAINS,District 14,1,2,Dwelling - Single Detached,44.73307886567892,-63.804757567624236
3214,BPRES-2023-08706,2023-07-06,25000,New Building,New Building,Completed,WINDSOR JUNCTION,District 01,0,1,Accessory Structure,44.79113133937934,-63.6392708663204
3215,BPRES-2023-08744,2023-09-08,525000,New Building,New Building,Issued,MUSQUODOBOIT HARBOUR,District 02,1,2,Dwelling - Single Detached,44.789363328092044,-63.16786969859769
3216,BPRES-2023-08779,2026-06-10,25000,Renovation,Renovation,Issued,MUSQUODOBOIT HARBOUR,District 02,0,2,Dwelling - Single Detached,44.78942475047507,-63.140382517525644
3217,BPRES-2023-08790,2023-08-04,200000,New Building,New Building,Completed,HALIFAX,District 11,2,2,Dwelling - Semi-Detached,44.60034985058577,-63.60406263049227
3218,BPRES-2023-08809,2023-09-11,30000,New Building,New Building,Expired,TIMBERLEA,District 12,0,1,Accessory Structure,44.665010869492576,-63.75734112713098
3219,BPRES-2023-08862,2023-07-12,25000,New Building,New Building,Completed,COW BAY,District 03,0,1,Accessory Structure,44.63098420686132,-63.432732002315355
3220,BPRES-2023-08931,,150000,Renovation,Renovation,Withdrawn,DARTMOUTH,District 05,6,2,Dwelling - Multiple Units,44.6857782972825,-63.56302399706346
3221,BPRES-2023-08959,2024-01-29,279500,New Building,New Building,Completed,HALIFAX,District 11,1,2,Dwelling - Single Detached,44.60787770541107,-63.566661745020205
3222,BPRES-2023-08997,2023-10-03,200000,New Building,New Building,Completed,HALIFAX,District 11,1,3,Dwelling - Single Detached,44.60692951943168,-63.60050099401956
3223,BPRES-2023-09105,2023-07-21,375000,New Building,New Building,Completed,GLEN HAVEN,District 13,1,1,Dwelling - Single Detached,44.646892310236616,-63.913782972277666
3224,BPRES-2023-09181,2023-08-01,550000,New Building,New Building,Issued,HAMMONDS PLAINS,District 14,2,1,Dwelling - Semi-Detached,44.73760285292888,-63.78258907126147
3225,BPRES-2023-09292,2023-08-28,1000000,New Building,New Building,Completed,HALIFAX,District 09,1,2,Dwelling - Single Detached,44.6456152862978,-63.61002703789276
3226,BPRES-2023-09379,2023-09-14,150000,New Building,New Building,Issued,HAMMONDS PLAINS,District 14,1,1,Dwelling - Backyard Suite,44.73304041049511,-63.788830281584204
3227,BPRES-2023-09733,2023-09-14,421000,New Building,New Building,Completed,CARROLLS CORNER,District 01,1,1,Dwelling - Single Detached,45.02953183293059,-63.38933185564381
3228,BPRES-2023-09803,2023-07-24,500000,New Building,New Building,Completed,WHITES LAKE,District 13,1,1,Dwelling - Single Detached,44.51512583086079,-63.74909248435312
3229,BPRES-2023-09899,2023-08-15,20000,New Building,New Building,Expired,DARTMOUTH,District 06,0,1,Accessory Structure,44.679769762891546,-63.52976692190479
3230,BPRES-2023-09947,2023-08-18,400000,New Building,New Building,Completed,HUBBARDS,District 13,0,1,Accessory Structure,44.62817225611663,-64.03295037424313
3231,BPRES-2023-10024,,36000,Renovation,Renovation,Withdrawn,DARTMOUTH,District 05,6,4,Dwelling - Multiple Units,44.66769361516129,-63.556170854054095
3232,BPRES-2023-10091,2023-08-28,300000,New Building,New Building,Completed,MUSQUODOBOIT HARBOUR,District 02,1,1,Dwelling - Single Detached,44.821805664255436,-63.19874914865092
3233,BPRES-2023-10124,2023-08-11,30000,New Building,New Building,Issued,MIDDLE SACKVILLE,District 14,0,1,Accessory Structure,44.81092444284421,-63.73022791761894
3234,BPRES-2023-10199,2023-08-17,25003,New Building,New Building,Completed,WELLINGTON,District 01,0,1,Accessory Structure,44.86652118854127,-63.6191122683708
3235,BPRES-2023-10232,2023-09-01,454000,New Building,New Building,Completed,HALIFAX,District 11,2,3,Dwelling - Semi-Detached,44.60152427333976,-63.60575508403857
3236,BPRES-2023-10251,,400,Renovation,Renovation,Applicant Revisions,HALIFAX,District 09,1,3,Dwelling - Multiple Units,44.643589822941614,-63.60438965593593
3237,BPRES-2023-10294,2023-09-05,100000,Addition,Addition,Expired,DARTMOUTH,District 06,0,1,Dwelling - Single Detached,44.684012832649756,-63.539844952820864
3238,BPRES-2023-10420,2023-08-18,67000,Renovation,Renovation,Expired,HALIFAX,District 09,0,2,Dwelling - Single Detached,44.644086981860035,-63.604666903997966
3239,BPRES-2023-10449,2023-08-15,9000,Renovation,Renovation,Expired,MIDDLE SACKVILLE,District 14,0,2,Dwelling - Single Detached,44.79720902261267,-63.742580970427795
3240,BPRES-2023-10517,2023-08-15,500000,New Building,New Building,Completed,HATCHET LAKE,District 13,1,2,Dwelling - Single Detached,44.570082371534575,-63.71789067099496
3241,BPRES-2023-10620,2023-09-08,2900,Renovation,Renovation,Expired,HALIFAX,District 07,0,7,Dwelling - Multiple Units,44.6427672567122,-63.569268130226405
3242,BPRES-2023-10667,2023-08-28,600000,New Building,New Building,Completed,BEDFORD,District 16,1,2,Dwelling - Single Detached,44.70814006176921,-63.72755094360354
3243,BPRES-2023-10829,2023-08-23,600000,New Building,New Building,Completed,HAMMONDS PLAINS,District 14,1,3,Dwelling - Single Detached,44.724943017630224,-63.84323431710503
3244,BPRES-2023-10895,2023-08-31,950000,New Building,New Building,Completed,BEDFORD,District 16,1,2,Dwelling - Single Detached,44.72141346114733,-63.670055227888696
3245,BPRES-2023-10995,2023-08-22,500000,New Building,New Building,Completed,GLEN HAVEN,District 13,1,2,Dwelling - Single Detached,44.648331839662504,-63.907576621488374
3246,BPRES-2023-11037,2023-09-05,72000,Addition,Addition,Expired,WINDSOR JUNCTION,District 01,0,2,Dwelling - Single Detached,44.7770096615773,-63.62370423619169
3247,BPRES-2023-11098,2023-08-25,43000,Addition,Addition,Expired,FALL RIVER,District 01,0,1,Dwelling - Single Detached,44.83488898909298,-63.57923467681945
3248,BPRES-2023-11180,2023-08-30,583000,Renovation,Renovation,Issued,DARTMOUTH,District 03,0,2,Dwelling - Single Detached,44.66603637983016,-63.5140367138053
3249,BPRES-2023-11240,2023-09-22,418000,Renovation,Renovation,Completed,HALIFAX,District 09,-1,2,Dwelling - Single Detached,44.64503069509729,-63.59536778853762
3250,BPRES-2023-11306,2023-11-30,394000,New Building,New Building,Completed,DARTMOUTH,District 05,3,3,Dwelling - Multiple Units,44.68191636005866,-63.59334044043905
3251,BPRES-2023-11361,,184000,New Building,New Building,Withdrawn,FALL RIVER,District 01,1,1,Dwelling - Backyard Suite,44.8275427296308,-63.59736037177994
3252,BPRES-2023-11415,,115000,Addition,Addition,Withdrawn,WINDSOR JUNCTION,District 01,0,2,Dwelling - Single Detached,44.793383302282614,-63.655096490117224
3253,BPRES-2023-11461,2023-12-18,5000,Renovation,Renovation,Expired,HALIFAX,District 11,0,3,Dwelling - Semi-Detached,44.60047882255724,-63.60068908143733
3254,BPRES-2023-11535,2023-09-08,30000,New Building,New Building,Completed,BEECHVILLE,District 12,0,1,Accessory Structure,44.63680201773601,-63.69267657923967
3255,BPRES-2023-11559,2023-08-29,180000,New Building,New Building,Completed,HAMMONDS PLAINS,District 14,0,1,Accessory Structure,44.72100126757449,-63.83196333128208
3256,BPRES-2023-11599,2023-10-25,90000,New Building,New Building,Cancelled,HATCHET LAKE,District 13,0,1,Accessory Structure,44.550508368251975,-63.73842068351371
3257,BPRES-2023-11631,2023-09-08,35400,New Building,New Building,Completed,MIDDLE SACKVILLE,District 14,0,1,Accessory Structure,44.79561058478698,-63.70625782274497
3258,BPRES-2023-11692,2023-10-31,45000,New Building,New Building,Expired,KETCH HARBOUR,District 11,0,2,Accessory Structure,44.485198390070856,-63.538816305253995
3259,BPRES-2023-11774,2023-09-13,60000,New Building,New Building,Completed,HAMMONDS PLAINS,District 14,1,2,Dwelling - Backyard Suite,44.730340696503674,-63.81039147384511
3260,BPRES-2023-11827,2023-10-10,10000,Addition,Addition,Issued,BEAVER BANK,District 15,0,1,Accessory Structure,44.83838996886132,-63.67883515306788
3261,BPRES-2023-11884,2024-01-18,250000,New Building,New Building,Completed,LAKE ECHO,District 02,0,1,Accessory Structure,44.738732599350854,-63.39355043540897
3262,BPRES-2023-11970,2023-09-29,877358.4,New Building,New Building,Completed,MIDDLE SACKVILLE,District 14,1,1,Dwelling - Single Detached,44.79162579933172,-63.76366069385108
3263,BPRES-2023-12046,2023-09-13,50000,New Building,New Building,Completed,BROOKSIDE,District 13,0,1,Accessory Structure,44.53532318724835,-63.70557407898785
3264,BPRES-2023-12136,2023-09-12,7250,Renovation,Renovation,Completed,,District 09,1,2,Dwelling - Multiple Units,44.63684125334115,-63.633909085727176
3265,BPRES-2023-12208,2023-09-18,10000,Renovation,Renovation,Completed,HALIFAX,District 09,0,2,Dwelling - Multiple Units,44.64382580344318,-63.61677912812703
3266,BPRES-2023-12254,2023-11-15,450000,New Building,New Building,Cancelled,FALL RIVER,District 01,2,1,Dwelling - Semi-Detached,44.821008337674535,-63.58464172047084
3267,BPRES-2023-12272,2023-10-06,358533,New Building,New Building,Completed,LAKE EGMONT,District 01,1,1,Dwelling - Single Detached,44.9954787172513,-63.300920783875526
3268,BPRES-2023-12328,2023-10-03,20000,Renovation,Renovation,Completed,HALIFAX,District 10,0,1,Dwelling - Semi-Detached,44.67326409111416,-63.658696829545626
3269,BPRES-2023-12361,2023-10-16,473000,New Building,New Building,Completed,DARTMOUTH,District 05,1,3,Dwelling - Single Detached,44.67434889604553,-63.56005986720027
3270,BPRES-2023-12452,2023-10-03,450000,New Building,New Building,Completed,HAMMONDS PLAINS,District 14,1,1,Dwelling - Single Detached,44.72326795675868,-63.8390362521641
3271,BPRES-2023-12516,2023-09-21,550000,New Building,New Building,Completed,HAMMONDS PLAINS,District 14,1,2,Dwelling - Single Detached,44.71929909705664,-63.77045807345226
3272,BPRES-2023-12589,2023-09-22,725000,New Building,New Building,Completed,HAMMONDS PLAINS,District 14,1,2,Dwelling - Single Detached,44.73208339892698,-63.80809906059615
3273,BPRES-2023-12642,2023-11-22,340500,Addition,Addition,Issued,HALIFAX,District 09,1,2,Dwelling - Multiple Units,44.64805285297872,-63.59605705617757
3274,BPRES-2023-12692,2025-12-19,650000,New Building,New Building,Issued,DARTMOUTH,District 06,4,3,Dwelling - Semi-Detached,44.67968422276241,-63.51358222464237
3275,BPRES-2023-12757,2023-11-02,800000,New Building,New Building,Completed,HAMMONDS PLAINS,District 14,1,1,Dwelling - Single Detached,44.718987166133324,-63.83645510077758
3276,BPRES-2023-12832,2023-10-26,400000,New Building,New Building,Completed,MIDDLE SACKVILLE,District 14,1,1,Dwelling - Single Detached,44.81025992051826,-63.714433988496985
3277,BPRES-2023-12876,,6500,New Building,New Building,Withdrawn,OYSTER POND,District 02,0,1,Accessory Structure,44.778290027366616,-62.9965029963652
3278,BPRES-2023-12934,2024-01-09,41000,New Building,New Building,Completed,LAKE CHARLOTTE,District 02,1,1,Dwelling - Seasonal,44.75679798453259,-62.94149130251438
3279,BPRES-2023-12982,2023-10-11,290000,New Building,New Building,Completed,TIMBERLEA,District 12,1,2,Dwelling - Single Detached,44.639204288711795,-63.72185683637529
3280,BPRES-2023-13035,2023-10-12,250000,New Building,New Building,Completed,TIMBERLEA,District 12,1,2,Dwelling - Single Detached,44.63939702162389,-63.72320577558497
3281,BPRES-2023-13069,2023-10-11,550000,New Building,New Building,Completed,BEDFORD,District 16,1,3,Dwelling - Single Detached,44.707459488098074,-63.724335592665575
3282,BPRES-2023-13109,2023-10-19,562000,Addition,Addition,Completed,WAVERLEY,District 01,0,2,Dwelling - Single Detached,44.789156166033415,-63.60326556873304
3283,BPRES-2023-13178,2024-01-17,240000,New Building,New Building,Expired,CLAM BAY,District 02,1,1,Dwelling - Single Detached,44.733745691211375,-62.94952408919266
3284,BPRES-2023-13210,2023-10-12,400000,New Building,New Building,Completed,HALIFAX,District 11,4,2,Dwelling - Semi-Detached,44.6010592920123,-63.60530211830599
3285,BPRES-2023-13269,2024-03-05,39000,New Building,New Building,Completed,HAMMONDS PLAINS,District 14,0,1,Accessory Structure,44.743473617525325,-63.726817737673606
3286,BPRES-2023-13335,2023-10-13,10000,New Building,New Building,Completed,HAMMONDS PLAINS,District 14,0,1,Accessory Structure,44.72326795675868,-63.8390362521641
3287,BPRES-2023-13385,2023-12-15,223000,Addition,Addition,Issued,BEAVER BANK,District 15,2,2,Dwelling - Multiple Units,44.80644694630853,-63.68900798879501
3288,BPRES-2023-13429,,150000,New Building,New Building,Cancelled,DARTMOUTH,District 06,1,1,Dwelling - Backyard Suite,44.690090633655394,-63.53167248769347
3289,BPRES-2023-13531,2023-12-15,200000,Renovation,Renovation,Completed,HALIFAX,District 11,1,1,Dwelling - Semi-Detached,44.61644465480548,-63.61904012115836
3290,BPRES-2023-13627,2023-10-31,65000,New Building,New Building,Completed,HAMMONDS PLAINS,District 14,1,2,Dwelling - Backyard Suite,44.72478541120348,-63.840062505668946
3291,BPRES-2023-13659,2024-01-03,80000,Renovation,Renovation,Expired,DARTMOUTH,District 05,0,2,Dwelling - Multiple Units,44.66814313788283,-63.57961977670509
3292,BPRES-2023-13733,2023-10-20,565000,New Building,New Building,Completed,HAMMONDS PLAINS,District 14,1,2,Dwelling - Single Detached,44.731661474148474,-63.80837023871798
3293,BPRES-2023-13802,2023-10-20,42937,Renovation,Renovation,Cancelled,BEDFORD,District 16,0,2,Dwelling - Single Detached,44.72733139397488,-63.6687071510861
3294,BPRES-2023-13881,,35000,New Building,New Building,Cancelled,DARTMOUTH,District 06,0,2,Accessory Structure,44.691404383061695,-63.50443959373705
3295,BPRES-2023-13925,2024-01-22,720000,New Building,New Building,Completed,UPPER TANTALLON,District 13,2,2,Dwelling - Multiple Units,44.726124266598504,-63.87230302166667
3296,BPRES-2023-13989,2023-10-27,50000,New Building,New Building,Completed,HUBLEY,District 13,0,1,Accessory Structure,44.663356922184406,-63.79329325014075
3297,BPRES-2023-14045,2023-11-08,1739396,New Building,New Building,Completed,DARTMOUTH,District 03,6,2,Dwelling - Townhouse,44.65876610734795,-63.53255093254694
3298,BPRES-2023-14162,2023-11-01,50000,New Building,New Building,Completed,FALL RIVER,District 01,0,1,Accessory Structure,44.82263456511107,-63.645532609769354
3299,BPRES-2023-14226,2024-03-26,300000,New Building,New Building,Expired,OSTREA LAKE,District 02,1,1,Dwelling - Single Detached,44.775311380582984,-63.10126530391338
3300,BPRES-2023-14257,2023-12-13,10000,Renovation,Renovation,Expired,DARTMOUTH,District 05,0,3,Dwelling - Multiple Units,44.66269215782243,-63.554830724707365
3301,BPRES-2023-14341,2024-06-12,240000,Addition,Addition,Completed,HALIFAX,District 11,1,1,Dwelling - Multiple Units,44.629879155148,-63.62529737123765
3302,BPRES-2023-14451,2023-11-07,50000,New Building,New Building,Completed,MIDDLE PORTERS LAKE,District 02,1,2,Dwelling - Backyard Suite,44.69515943871166,-63.29431974833275
3303,BPRES-2023-14494,2023-11-23,25000,Renovation,Renovation,Expired,DARTMOUTH,District 05,0,2,Dwelling - Multiple Units,44.67047779283222,-63.56748330352162
3304,BPRES-2023-14558,2023-11-06,5000,Renovation,Renovation,Expired,EAST PRESTON,District 04,0,1,Dwelling - Single Detached,44.72520434904823,-63.401504307220165
3305,BPRES-2023-14577,2023-11-22,28000,New Building,New Building,Expired,UPPER TANTALLON,District 13,0,1,Accessory Structure,44.692876773441924,-63.86490617055602
3306,BPRES-2023-14672,2023-11-15,22000,New Building,New Building,Completed,LAWRENCETOWN,District 02,0,1,Accessory Structure,44.68462420880766,-63.39698976345513
3307,BPRES-2023-14733,2023-11-22,400000,New Building,New Building,Completed,UPPER SACKVILLE,District 14,1,1,Dwelling - Single Detached,44.80796732174223,-63.75929549561114
3308,BPRES-2023-14789,2023-12-08,250000,New Building,New Building,Completed,LOWER PROSPECT,District 13,1,1,Dwelling - Single Detached,44.45230707756972,-63.72305749602438
3309,BPRES-2023-14845,2024-02-21,165000,Addition,Addition,Expired,BOUTILIERS POINT,District 13,0,2,Dwelling - Single Detached,44.670503809023465,-63.926227032869754
3310,BPRES-2023-14941,2024-01-04,300000,New Building,New Building,Completed,LOWER EAST CHEZZETCOOK,District 02,2,2,Dwelling - Multiple Units,44.70322395491634,-63.211311140541184
3311,BPRES-2023-14989,2023-11-24,310902.5,New Building,New Building,Completed,CLAM BAY,District 02,1,1,Dwelling - Single Detached,44.73162973637599,-62.92787551978012
3312,BPRES-2023-15093,,8000,New Building,New Building,Withdrawn,BEDFORD,District 16,0,1,Accessory Structure,44.717605374539694,-63.70879022569416
3313,BPRES-2023-15134,2024-04-05,350000,Addition,Addition,Completed,HALIFAX,District 08,2,2,Dwelling - Multiple Units,44.66033002266771,-63.614295348858576
3314,BPRES-2023-15191,2023-11-23,1000000,New Building,New Building,Completed,HAMMONDS PLAINS,District 14,1,2,Dwelling - Single Detached,44.73721362465785,-63.8020060363194
3315,BPRES-2023-15280,2023-11-24,840000,New Building,New Building,Completed,HAMMONDS PLAINS,District 14,1,1,Dwelling - Single Detached,44.72631749347544,-63.829759323579545
3316,BPRES-2023-15308,,35000,Renovation,Renovation,Application Incomplete,HALIFAX,District 10,1,2,Dwelling - Single Detached,44.674353839542746,-63.65039818117122
3317,BPRES-2023-15330,,250000,New Building,New Building,Application Incomplete,HALIFAX,District 07,1,2,Dwelling - Backyard Suite,44.629658435634,-63.58390824687961
3318,BPRES-2023-15416,2023-12-04,600000,New Building,New Building,Completed,WHITES LAKE,District 13,1,2,Dwelling - Single Detached,44.51683701276472,-63.749548806357986
3319,BPRES-2023-15457,2025-01-13,31307,New Building,New Building,Completed,ELMSDALE,District 01,0,1,Accessory Structure,44.969809179784846,-63.4825561221776
3320,BPRES-2023-15519,2024-06-11,100000,Renovation,Renovation,Expired,HALIFAX,District 09,1,1,Dwelling - Backyard Suite,44.64596684260282,-63.60926884585527
3321,BPRES-2023-15591,2023-12-13,600000,New Building,New Building,Completed,HAMMONDS PLAINS,District 14,1,2,Dwelling - Single Detached,44.726300290682744,-63.82804342825961
3322,BPRES-2023-15635,2024-06-14,160000,New Building,New Building,Expired,WEST PENNANT,District 11,1,2,Dwelling - Backyard Suite,44.470694526350115,-63.64135989724446
3323,BPRES-2023-15773,2023-12-18,200000,New Building,New Building,Completed,MIDDLE SACKVILLE,District 14,1,2,Dwelling - Single Detached,44.79263692641549,-63.757379819809735
3324,BPRES-2023-15856,2024-01-05,81995,New Building,New Building,Expired,OAKFIELD,District 01,0,1,Accessory Structure,44.9061743396584,-63.567204683714756
3325,BPRES-2023-15920,2023-12-21,56000,Renovation,Renovation,Completed,HALIFAX,District 11,0,2,Dwelling - Single Detached,44.630963857562975,-63.622963235183605
3326,BPRES-2023-15973,2024-01-15,200000,Addition,Addition,Completed,UPPER TANTALLON,District 13,0,2,Dwelling - Single Detached,44.72917004800051,-63.87374775207824
3327,BPRES-2023-16051,2025-02-07,1500000,New Building,New Building,Issued,WEST CHEZZETCOOK,District 02,6,1,Dwelling - Townhouse,44.72665010229781,-63.27967879985698
3328,BPRES-2023-16097,2024-01-09,500000,Renovation,Renovation,Completed,COLE HARBOUR,District 04,0,1,Dwelling - Single Detached,44.663748966250374,-63.48887259325102
3329,BPRES-2023-16134,2025-04-07,305000,Addition,Addition,Issued,BROOKSIDE,District 13,0,3,Dwelling - Single Detached,44.554523938496324,-63.722043755647015
3330,BPRES-2023-16222,2023-12-20,10000,New Building,New Building,Completed,LAWRENCETOWN,District 02,0,1,Accessory Structure,44.65177499205098,-63.39501229634184
3331,BPRES-2023-16298,2024-01-04,35000,New Building,New Building,Completed,HAMMONDS PLAINS,District 14,0,1,Accessory Structure,44.72348395172976,-63.83949054655235
3332,BPRES-2023-16336,,430000,New Building,New Building,Withdrawn,BOUTILIERS POINT,District 13,1,2,Dwelling - Backyard Suite,44.65878391116511,-63.956666828102904
3333,BPRES-2023-16409,2024-01-04,125000,New Building,New Building,Completed,SHEET HARBOUR,District 02,1,1,Dwelling - Single Detached,44.9092566673373,-62.554830747007095
3334,BPRES-2023-16491,2024-01-04,180000,New Building,New Building,Completed,HAMMONDS PLAINS,District 14,1,1,Dwelling - Single Detached,44.72691783550337,-63.839592669749955
3335,BPRES-2023-16551,2024-01-11,1500,Renovation,Renovation,Completed,HERRING COVE,District 11,0,1,Dwelling - Single Detached,44.5700633512947,-63.56870565112163
3336,BPRES-2024-00041,2024-01-16,40000,New Building,New Building,Completed,BOUTILIERS POINT,District 13,0,1,Accessory Structure,44.666885920787465,-63.961419002405975
3337,BPRES-2024-00083,2024-02-15,25000,Renovation,Renovation,Issued,DARTMOUTH,District 05,1,1,Dwelling - Multiple Units,44.676758382882646,-63.57758514515493
3338,BPRES-2024-00199,2024-01-11,20995,New Building,New Building,Completed,WELLINGTON,District 01,0,1,Accessory Structure,44.85429076014177,-63.60886728140439
3339,BPRES-2024-00257,,30000,Renovation,Renovation,Withdrawn,HERRING COVE,District 11,1,3,Dwelling - Single Detached,44.57884784789228,-63.576175751842136
3340,BPRES-2024-00300,,275000,New Building,New Building,Withdrawn,HALIFAX,District 11,2,3,Dwelling - Semi-Detached,44.593229131954544,-63.60211340620874
3341,BPRES-2024-00355,2024-01-12,675000,New Building,New Building,Completed,BEDFORD,District 16,1,2,Dwelling - Single Detached,44.708872929589994,-63.729022817362264
3342,BPRES-2024-00456,2024-01-16,10000,Renovation,Renovation,Cancelled,HUBBARDS,District 13,0,1,Dwelling - Single Detached,44.63346325799731,-64.0422679255803
3343,BPRES-2024-00487,2024-07-05,1200000,New Building,New Building,Completed,THREE FATHOM HARBOUR,District 02,1,2,Dwelling - Single Detached,44.63836935000742,-63.30199571933134
3344,BPRES-2024-00528,2025-08-05,430000,New Building,New Building,Issued,WILLIAMSWOOD,District 11,1,2,Dwelling - Single Detached,44.51793645087478,-63.63468715407218
3345,BPRES-2024-00594,2024-01-22,275000,New Building,New Building,Completed,PLEASANT VALLEY,District 01,1,1,Dwelling - Single Detached,45.04484101162503,-62.81145705451577
3346,BPRES-2024-00677,2024-03-08,69000,Addition,Addition,Completed,HALIFAX,District 07,1,3,Dwelling - Multiple Units,44.639491401306415,-63.59649320330636
3347,BPRES-2024-00748,2024-04-18,13000,Renovation,Renovation,Completed,HALIFAX,District 12,0,2,Dwelling - Single Detached,44.67116406541827,-63.67332704783976
3348,BPRES-2024-00824,2024-03-22,50096,Addition,Addition,Completed,DARTMOUTH,District 06,0,2,Dwelling - Single Detached,44.70466579284778,-63.53381320406174
3349,BPRES-2024-00888,2024-02-16,38000,Renovation,Renovation,Completed,HALIFAX,District 08,1,2,Dwelling - Multiple Units,44.672592452619384,-63.607471815097554
3350,BPRES-2024-00964,2024-01-29,105374,Renovation,Renovation,Expired,HALIFAX,District 09,0,2,Dwelling - Single Detached,44.65354334080544,-63.60551872797458
3351,BPRES-2024-01027,2024-02-02,50000,New Building,New Building,Issued,HALIFAX,District 09,0,1,Accessory Structure,44.644135036405245,-63.593867706645916
3352,BPRES-2024-01096,2024-03-01,29827,Renovation,Renovation,Completed,HALIFAX,District 10,1,1,Dwelling - Single Detached,44.6586841491672,-63.63301120794012
3353,BPRES-2024-01185,2024-02-14,470000,New Building,New Building,Completed,TIMBERLEA,District 12,1,3,Dwelling - Single Detached,44.64522432835373,-63.72456065988601
3354,BPRES-2024-01310,2024-02-12,35000,New Building,New Building,Issued,LOWER SHIP HARBOUR,District 02,0,1,Accessory Structure,44.78498776545101,-62.83461975645089
3355,BPRES-2024-01445,2024-02-12,20000,New Building,New Building,Completed,HACKETTS COVE,District 13,0,1,Accessory Structure,44.54551202899217,-63.93526804891908
3356,BPRES-2024-01479,2024-02-15,35000,Renovation,Renovation,Completed,DARTMOUTH,District 06,1,1,Dwelling - Single Detached,44.70622974508664,-63.53644797805045
3357,BPRES-2024-01521,2024-04-08,175000,New Building,New Building,Issued,MUSQUODOBOIT HARBOUR,District 02,1,2,Dwelling - Single Detached,44.7960574517405,-63.187203462335425
3358,BPRES-2024-01585,2024-03-18,37000,Renovation,Renovation,Completed,BEDFORD,District 16,1,2,Dwelling - Multiple Units,44.72874608250518,-63.669070676241326
3359,BPRES-2024-01664,2024-02-20,650000,New Building,New Building,Completed,BEAVER BANK,District 15,1,1,Dwelling - Single Detached,44.82031694918593,-63.69867081451965
3360,BPRES-2024-01721,2024-03-18,300000,New Building,New Building,Completed,HAMMONDS PLAINS,District 14,1,3,Dwelling - Single Detached,44.72655724515695,-63.84102363047722
3361,BPRES-2024-01822,2024-06-14,10000,Renovation,Renovation,Issued,HALIFAX,District 10,1,1,Dwelling - Single Detached,44.68719721992514,-63.659571417279146
3362,BPRES-2024-01882,2024-04-09,95000,New Building,New Building,Completed,DARTMOUTH,District 06,1,1,Dwelling - Backyard Suite,44.685537090669314,-63.51897316764686
3363,BPRES-2024-01943,2024-03-14,25500,Renovation,Renovation,Completed,DARTMOUTH,District 05,0,2,Dwelling - Single Detached,44.67052887310448,-63.58061245440902
3364,BPRES-2024-02022,2024-03-04,40000,Renovation,Renovation,Completed,HALIFAX,District 09,0,2,Dwelling - Single Detached,44.64570473343102,-63.593999585797434
3365,BPRES-2024-02078,2024-03-04,600000,New Building,New Building,Completed,UPPER SACKVILLE,District 14,1,2,Dwelling - Single Detached,44.80351946973124,-63.761822982875
3366,BPRES-2024-02138,2024-11-01,950000,Addition,Addition,Completed,HALIFAX,District 10,3,2,Dwelling - Multiple Units,44.653523908384784,-63.63699251595304
3367,BPRES-2024-02196,2024-03-15,33000,New Building,New Building,Completed,COLE HARBOUR,District 04,0,1,Accessory Structure,44.66970777099545,-63.50216460139107
3368,BPRES-2024-02234,2024-06-10,750000,New Building,New Building,Completed,TIMBERLEA,District 12,1,2,Dwelling - Single Detached,44.64349523708637,-63.722254384770146
3369,BPRES-2024-02273,2024-04-17,1589600,New Building,New Building,Completed,BEDFORD,District 16,6,2,Dwelling - Townhouse,44.70637001443678,-63.71673188954239
3370,BPRES-2024-02370,2024-03-11,425000,New Building,New Building,Completed,THREE FATHOM HARBOUR,District 02,1,1,Dwelling - Single Detached,44.64802812504093,-63.30453954724605
3371,BPRES-2024-02452,2024-03-11,40000,New Building,New Building,Completed,TANGIER,District 02,0,1,Accessory Structure,44.8046114752775,-62.69331853315406
3372,BPRES-2024-02505,2024-05-03,56100,Renovation,Renovation,Completed,COLE HARBOUR,District 04,1,2,Dwelling - Multiple Units,44.67543558322916,-63.48961316137808
3373,BPRES-2024-02638,2024-07-02,9000,Renovation,Renovation,Issued,LOWER SACKVILLE,District 15,1,2,Dwelling - Single Detached,44.78490141585459,-63.68119548371458
3374,BPRES-2024-02713,2024-05-08,460000,New Building,New Building,Amendment Review,BEDFORD,District 16,1,2,Dwelling - Single Detached,44.73307468061799,-63.66121550411964
3375,BPRES-2024-02790,2024-04-05,250000,New Building,New Building,Completed,BEECHVILLE,District 12,1,3,Dwelling - Single Detached,44.638356997226715,-63.67759496764319
3376,BPRES-2024-02853,2024-04-05,250000,New Building,New Building,Completed,BEECHVILLE,District 12,1,3,Dwelling - Single Detached,44.638277141148926,-63.67752122572749
3377,BPRES-2024-02894,2024-03-21,10000,Renovation,Renovation,Completed,WEST CHEZZETCOOK,District 02,0,1,Accessory Structure,44.709821986567555,-63.26112680962659
3378,BPRES-2024-02975,2024-03-20,850000,New Building,New Building,Completed,UPPER TANTALLON,District 13,1,3,Dwelling - Single Detached,44.722220605610744,-63.87371052177994
3379,BPRES-2024-03052,2024-05-30,52500,Addition,Addition,Completed,DARTMOUTH,District 05,0,1,Dwelling - Single Detached,44.676802877694485,-63.583443386915626
3380,BPRES-2024-03131,2024-03-22,150000,New Building,New Building,Completed,MIDDLE SACKVILLE,District 14,1,2,Dwelling - Single Detached,44.80052914864792,-63.76848765355697
3381,BPRES-2024-03175,2024-04-08,500000,New Building,New Building,Completed,BEECHVILLE,District 12,2,3,Dwelling - Semi-Detached,44.63953281004903,-63.67876904850216
3382,BPRES-2024-03256,2024-03-27,277391,Renovation,Renovation,Expired,TIMBERLEA,District 12,0,2,Dwelling - Semi-Detached,44.656026076556735,-63.73966823520699
3383,BPRES-2024-03301,2024-04-17,650000,New Building,New Building,Issued,PORTUGUESE COVE,District 11,1,1,Dwelling - Single Detached,44.51478501393697,-63.54600277593605
3384,BPRES-2024-03325,,10000,New Building,New Building,Applicant Revisions,LOCHABER MINES,District 02,0,1,Accessory Structure,45.01087980874733,-62.47921925562008
3385,BPRES-2024-03340,2024-04-10,350000,New Building,New Building,Completed,BEECHVILLE,District 12,2,3,Dwelling - Semi-Detached,44.63859843858875,-63.677185340566666
3386,BPRES-2024-03437,,135000,New Building,New Building,Cancelled,ELMSDALE,District 01,1,2,Accessory Structure,44.96767020283919,-63.487576554954494
3387,BPRES-2024-03486,,6000,Renovation,Renovation,Withdrawn,HALIFAX,District 10,1,1,Dwelling - Multiple Units,44.68305380599704,-63.6636995739305
3388,BPRES-2024-03527,2024-04-10,300000,New Building,New Building,Completed,PORTERS LAKE,District 02,1,1,Dwelling - Single Detached,44.75456335900986,-63.28871122881877
3389,BPRES-2024-03611,2024-05-02,645000,New Building,New Building,Expired,WEST PORTERS LAKE,District 02,1,1,Dwelling - Single Detached,44.693677954259755,-63.30725006363435
3390,BPRES-2024-03666,2024-04-30,20000,New Building,New Building,Completed,DEVON,District 01,1,1,Dwelling - Single Detached,44.91428484438894,-63.408317239938576
3391,BPRES-2024-03701,2024-04-12,200000,New Building,New Building,Completed,BEECHVILLE,District 12,1,3,Dwelling - Single Detached,44.63867076903192,-63.677945550148024
3392,BPRES-2024-03755,2024-04-19,15,New Building,New Building,Completed,HACKETTS COVE,District 13,0,1,Accessory Structure,44.57214545658112,-63.92267965833992
3393,BPRES-2024-03810,2024-04-10,250000,New Building,New Building,Completed,BEECHVILLE,District 12,1,3,Dwelling - Single Detached,44.63931568742419,-63.67909712982824
3394,BPRES-2024-03856,2024-04-23,10000,New Building,New Building,Expired,HAMMONDS PLAINS,District 14,0,1,Accessory Structure,44.727935478482834,-63.839759071169894
3395,BPRES-2024-03946,2024-04-24,10000,New Building,New Building,Completed,HERRING COVE,District 11,0,1,Accessory Structure,44.5653529859811,-63.56224573978885
3396,BPRES-2024-03986,2024-04-11,250000,New Building,New Building,Completed,BEECHVILLE,District 12,1,3,Dwelling - Single Detached,44.63893025165172,-63.6789398675692
3397,BPRES-2024-03998,2024-04-26,37000,New Building,New Building,Completed,STILLWATER LAKE,District 13,0,1,Accessory Structure,44.69413366233708,-63.82526714059318
3398,BPRES-2024-04043,,40000,New Building,New Building,Application Incomplete,LAKE ECHO,District 02,0,1,Accessory Structure,44.71897796504728,-63.39676138481705
3399,BPRES-2024-04085,2024-04-25,21000,Addition,Addition,Completed,HALIFAX,District 08,0,2,Dwelling - Single Detached,44.64955613446167,-63.59263430838082
3400,BPRES-2024-04161,2024-04-15,250000,New Building,New Building,Completed,BEECHVILLE,District 12,1,3,Dwelling - Single Detached,44.638622286169074,-63.679866854067974
3401,BPRES-2024-04185,2024-05-23,465000,New Building,New Building,Completed,TIMBERLEA,District 12,1,2,Dwelling - Single Detached,44.645686600521366,-63.72651399062227
3402,BPRES-2024-04227,2024-04-23,400000,New Building,New Building,Completed,TANTALLON,District 13,1,2,Dwelling - Single Detached,44.64966216356245,-63.900335776339695
3403,BPRES-2024-04257,2024-06-17,305000,New Building,New Building,Issued,HALIFAX,District 10,4,2,Dwelling - Multiple Units,44.65323750282216,-63.637879176166976
3404,BPRES-2024-04275,2024-04-24,861229,New Building,New Building,Completed,DARTMOUTH,District 03,6,2,Dwelling - Townhouse,44.66053870454563,-63.53414304138298
3405,BPRES-2024-04346,2024-05-09,60000,New Building,New Building,Completed,BAYSIDE,District 13,0,1,Accessory Structure,44.530715809795176,-63.816636691576505
3406,BPRES-2024-04400,2024-06-12,110000,Addition,Addition,Completed,GRAND LAKE,District 01,1,2,Dwelling - Multiple Units,44.883789420494075,-63.59264660019485
3407,BPRES-2024-04454,2024-05-02,95000,Renovation,Renovation,Completed,HALIFAX,District 09,0,3,Dwelling - Single Detached,44.64229565805811,-63.629683008932844
3408,BPRES-2024-04550,,1,New Building,New Building,Withdrawn,HALIFAX,District 08,1,2,Dwelling - Backyard Suite,44.65526703117117,-63.61688915865682
3409,BPRES-2024-04651,2025-03-17,5000,Renovation,Renovation,Completed,MIDDLE SACKVILLE,District 14,1,1,Dwelling - Multiple Units,44.78205525621778,-63.70934106360464
3410,BPRES-2024-04741,2024-05-13,20995,New Building,New Building,Expired,FLETCHERS LAKE,District 01,0,1,Accessory Structure,44.85329691853872,-63.60295910549588
3411,BPRES-2024-04825,2024-04-25,500000,New Building,New Building,Completed,BEECHVILLE,District 12,2,2,Dwelling - Semi-Detached,44.63994530188735,-63.67876632288784
3412,BPRES-2024-04844,2024-04-24,500000,New Building,New Building,Completed,BEECHVILLE,District 12,2,2,Dwelling - Semi-Detached,44.63962793122053,-63.67813459896181
3413,BPRES-2024-04870,2024-05-17,25000,Addition,Addition,Expired,HALIFAX,District 10,0,1,Dwelling - Single Detached,44.65458816702191,-63.653968596490806
3414,BPRES-2024-04944,2024-04-29,650000,New Building,New Building,Completed,BROOKSIDE,District 13,1,2,Dwelling - Single Detached,44.531667929116864,-63.71044574818629
3415,BPRES-2024-04983,2024-05-02,250000,New Building,New Building,Completed,TANGIER,District 02,1,1,Dwelling - Single Detached,44.800075160766774,-62.69514034586884
3416,BPRES-2024-05075,2024-05-13,150000,New Building,New Building,Completed,GLEN MARGARET,District 13,1,1,Dwelling - Backyard Suite,44.58208317660002,-63.92081616921101
3417,BPRES-2024-05135,,956102.65,Renovation,Renovation,Withdrawn,HALIFAX,District 08,4,2,Dwelling - Multiple Units,44.650909834956046,-63.58200296369946
3418,BPRES-2024-05212,2024-05-14,8000,New Building,New Building,Completed,MIDDLE SACKVILLE,District 14,0,2,Accessory Structure,44.787050494507085,-63.755603217088726
3419,BPRES-2024-05272,2025-12-15,32000,Renovation,Renovation,Completed,DARTMOUTH,District 06,1,2,Dwelling - Multiple Units,44.69512760016705,-63.53441736373444
3420,BPRES-2024-05349,2024-05-07,1200,Renovation,Renovation,Completed,BEDFORD,District 16,0,2,Dwelling - Townhouse,44.703455434359064,-63.686740509936136
3421,BPRES-2024-05420,,12700,Renovation,Renovation,Withdrawn,DARTMOUTH,District 05,1,3,Dwelling - Multiple Units,44.683426099970006,-63.593822541475056
3422,BPRES-2024-05482,2024-05-23,25000,New Building,New Building,Completed,HALIFAX,District 11,0,1,Accessory Structure,44.62569645264077,-63.61170160014491
3423,BPRES-2024-05538,2024-05-31,500000,New Building,New Building,Completed,HERRING COVE,District 11,1,2,Dwelling - Single Detached,44.5655155463639,-63.55948706423635
3424,BPRES-2024-05590,2024-05-27,300000,New Building,New Building,Completed,LAWRENCETOWN,District 02,1,2,Dwelling - Single Detached,44.669891443085156,-63.37576734917284
3425,BPRES-2024-05634,,50000,New Building,New Building,Withdrawn,UPPER TANTALLON,District 13,0,1,Accessory Structure,44.726124266598504,-63.87230302166667
3426,BPRES-2024-05693,2024-06-10,562000,New Building,New Building,Cancelled,FALL RIVER,District 01,1,1,Dwelling - Single Detached,44.835636482979474,-63.63288920667353
3427,BPRES-2024-05720,2025-08-26,500000,New Building,New Building,Issued,PROSPECT BAY,District 13,1,2,Dwelling - Single Detached,44.51587375764669,-63.77486738142636
3428,BPRES-2024-05767,2024-07-17,30000,Renovation,Renovation,Completed,COW BAY,District 03,1,2,Dwelling - Single Detached,44.62729279080978,-63.42971882091339
3429,BPRES-2024-05808,2024-06-21,575000,New Building,New Building,Completed,FALL RIVER,District 01,1,2,Dwelling - Single Detached,44.84091846732959,-63.64280438447414
3430,BPRES-2024-05854,2024-06-07,300000,Renovation,Renovation,Completed,TIMBERLEA,District 12,1,3,Dwelling - Multiple Units,44.653758985598735,-63.73768365550208
3431,BPRES-2024-05921,2024-05-23,32000,New Building,New Building,Completed,LAKE LOON,District 04,0,1,Accessory Structure,44.712082608489666,-63.499941909740876
3432,BPRES-2024-05983,2024-08-28,345584.5,Addition,Addition,Completed,DARTMOUTH,District 06,0,1,Dwelling - Single Detached,44.72646274260451,-63.540516374354446
3433,BPRES-2024-06099,2024-05-23,625000,New Building,New Building,Completed,FALL RIVER,District 01,1,2,Dwelling - Single Detached,44.83646354953097,-63.63104457880602
3434,BPRES-2024-06181,2024-07-22,15000,Addition,Addition,Completed,HALIFAX,District 09,0,2,Dwelling - Single Detached,44.653521181195764,-63.606251600114405
3435,BPRES-2024-06223,2024-07-08,402000,New Building,New Building,Issued,HALIFAX,District 11,4,3,Dwelling - Multiple Units,44.62147724941532,-63.61942926904758
3436,BPRES-2024-06303,2024-07-04,15000,Addition,Addition,Completed,HAMMONDS PLAINS,District 14,0,2,Dwelling - Single Detached,44.730340696503674,-63.81039147384511
3437,BPRES-2024-06408,2024-05-27,270000,New Building,New Building,Expired,HALIFAX,District 11,1,2,Dwelling - Single Detached,44.608004765240125,-63.60464898357905
3438,BPRES-2024-06471,2024-05-30,650000,New Building,New Building,Completed,LAWRENCETOWN,District 02,1,2,Dwelling - Single Detached,44.65401586400505,-63.36070627739157
3439,BPRES-2024-06552,2024-06-12,64000,New Building,New Building,Completed,MIDDLE SACKVILLE,District 14,1,1,Dwelling - Backyard Suite,44.80031802087614,-63.71593820591425
3440,BPRES-2024-06594,2024-05-28,500000,New Building,New Building,Completed,BEDFORD,District 16,1,2,Dwelling - Single Detached,44.70733916863786,-63.7256597700387
3441,BPRES-2024-06649,2024-07-12,80000,Addition,Addition,Amendment Requested,DARTMOUTH,District 06,0,3,Dwelling - Single Detached,44.729200589480186,-63.546770927853835
3442,BPRES-2024-06702,,5900000,New Building,New Building,Cancelled,,District 14,29,3,Dwelling - Multiple Units,44.72521530833651,-63.74209577912659
3443,BPRES-2024-06738,2024-07-11,799000,New Building,New Building,Issued,HAMMONDS PLAINS,District 14,6,1,Dwelling - Multiple Units,44.725141335878874,-63.74266693479238
3444,BPRES-2024-06766,2024-06-03,45000,New Building,New Building,Completed,LOWER SACKVILLE,District 15,0,1,Accessory Structure,44.7583841840156,-63.66505213835672
3445,BPRES-2024-06843,2024-06-05,230000,New Building,New Building,Completed,MIDDLE SACKVILLE,District 14,1,2,Dwelling - Single Detached,44.79691252813238,-63.76533064955939
3446,BPRES-2024-06895,2024-06-10,170000,New Building,New Building,Completed,UPPER LAKEVILLE,District 02,0,1,Accessory Structure,44.78336892284544,-62.95519296285387
3447,BPRES-2024-06940,2024-07-15,185200,New Building,New Building,Completed,COLE HARBOUR,District 04,1,1,Dwelling - Backyard Suite,44.67318466565978,-63.47006459114184
3448,BPRES-2024-07003,,30000,New Building,New Building,Applicant Revisions,HEAD OF CHEZZETCOOK,District 02,1,1,Dwelling - Seasonal,44.74627100094685,-63.253081289315034
3449,BPRES-2024-07088,2024-06-26,60000,Addition,Addition,Issued,HERRING COVE,District 11,0,1,Dwelling - Single Detached,44.584250001354704,-63.583488214024655
3450,BPRES-2024-07157,2024-06-25,592000,New Building,New Building,Issued,WAVERLEY,District 01,2,3,Dwelling - Multiple Units,44.786237548672595,-63.60644909040143
3451,BPRES-2024-07231,2024-08-29,213798,New Building,New Building,Completed,LOWER SACKVILLE,District 15,1,1,Dwelling - Backyard Suite,44.76195815186251,-63.664130053634906
3452,BPRES-2024-07274,2024-06-11,28000,Renovation,Renovation,Amendment Review,SHIP HARBOUR,District 02,0,2,Dwelling - Single Detached,44.79965195547567,-62.88422112370424
3453,BPRES-2024-07302,2024-06-14,400000,New Building,New Building,Completed,HALIFAX,District 11,4,2,Dwelling - Semi-Detached,44.58623474003675,-63.58897687487398
3454,BPRES-2024-07372,2024-06-10,29000,New Building,New Building,Completed,WILLIAMSWOOD,District 11,0,1,Accessory Structure,44.51715500320482,-63.63787747162257
3455,BPRES-2024-07413,2024-06-17,350000,New Building,New Building,Completed,DARTMOUTH,District 06,1,2,Dwelling - Single Detached,44.714681625453245,-63.543925037952214
3456,BPRES-2024-07471,2024-07-29,550000,New Building,New Building,Issued,EASTERN PASSAGE,District 03,4,2,Dwelling - Multiple Units,44.63017591475014,-63.507610829187264
3457,BPRES-2024-07547,,700000,New Building,New Building,Withdrawn,DARTMOUTH,District 05,4,2,Dwelling - Semi-Detached,44.688521054078024,-63.568707731486626
3458,BPRES-2024-07575,,60000,Addition,Addition,Applicant Revisions,TIMBERLEA,District 12,0,1,Dwelling - Single Detached,44.64432903628528,-63.70959453253591
3459,BPRES-2024-07656,2024-06-19,230000,New Building,New Building,Issued,TIMBERLEA,District 12,1,3,Dwelling - Single Detached,44.64550761563368,-63.72542553071284
3460,BPRES-2024-07733,2024-10-09,340000,New Building,New Building,Issued,WHITES LAKE,District 13,2,2,Dwelling - Single Detached,44.54371492641227,-63.737531796105976
3461,BPRES-2024-07861,2024-06-20,325000,Renovation,Renovation,Expired,DARTMOUTH,District 06,0,2,Dwelling - Single Detached,44.689067294181044,-63.50287594502671
3462,BPRES-2024-07907,,8400,New Building,New Building,Withdrawn,COLE HARBOUR,District 04,0,1,Accessory Structure,44.68042570182828,-63.48582028182407
3463,BPRES-2024-07972,2024-07-29,85000,Renovation,Renovation,Completed,HALIFAX,District 10,1,1,Dwelling - Multiple Units,44.67941944830768,-63.65434053893707
3464,BPRES-2024-08078,2024-11-22,800000,New Building,New Building,Completed,DARTMOUTH,District 06,2,2,Dwelling - Semi-Detached,44.714154792972174,-63.53853453744664
3465,BPRES-2024-08132,2024-06-26,58000,New Building,New Building,Issued,BROOKSIDE,District 13,0,2,Accessory Structure,44.544649333496054,-63.70907040557808
3466,BPRES-2024-08214,2024-07-15,450000,New Building,New Building,Completed,EASTERN PASSAGE,District 03,1,2,Dwelling - Single Detached,44.61704168786061,-63.484333720962326
3467,BPRES-2024-08267,2024-10-25,195000,New Building,New Building,Completed,DARTMOUTH,District 05,0,2,Accessory Structure,44.68139415569576,-63.56682845554283
3468,BPRES-2024-08314,2024-07-15,180000,New Building,New Building,Completed,HALIFAX,District 09,1,2,Dwelling - Backyard Suite,44.6447816153517,-63.59560513446593
3469,BPRES-2024-08369,2024-07-10,45000,New Building,New Building,Issued,GAETZ BROOK,District 02,0,1,Accessory Structure,44.775662742588636,-63.207680508030585
3470,BPRES-2024-08402,2024-07-29,400000,New Building,New Building,Completed,HALIFAX,District 11,4,3,Dwelling - Semi-Detached,44.60088869682192,-63.603085810734505
3471,BPRES-2024-08410,2024-07-23,,New Building,New Building,Completed,HALIFAX,District 11,4,2,Dwelling - Semi-Detached,44.60048448812179,-63.60352267903062
3472,BPRES-2024-08416,2024-07-31,400000,New Building,New Building,Completed,HALIFAX,District 11,4,3,Dwelling - Multiple Units,44.60167094152819,-63.60334392308919
3473,BPRES-2024-08426,2024-07-10,35861,New Building,New Building,Completed,UPPER SACKVILLE,District 14,0,1,Accessory Structure,44.81222214752394,-63.76281420587969
3474,BPRES-2024-08473,2024-07-15,720000,New Building,New Building,Completed,FALL RIVER,District 01,1,2,Dwelling - Single Detached,44.831344030160906,-63.630637866959844
3475,BPRES-2024-08578,2024-07-02,300000,New Building,New Building,Completed,TIMBERLEA,District 12,1,2,Dwelling - Single Detached,44.64432572675818,-63.72411943407552
3476,BPRES-2024-08623,2024-07-05,450000,New Building,New Building,Completed,BEDFORD,District 16,1,3,Dwelling - Single Detached,44.708373182123694,-63.72030004317512
3477,BPRES-2024-08692,2024-08-21,35000,Renovation,Renovation,Completed,DARTMOUTH,District 05,1,2,Dwelling - Single Detached,44.67131077366919,-63.55021600874327
3478,BPRES-2024-08777,2024-07-11,600000,New Building,New Building,Completed,DARTMOUTH,District 06,1,2,Dwelling - Single Detached,44.71382654756084,-63.54395665791889
3479,BPRES-2024-08834,2024-09-19,550000,New Building,New Building,Issued,COW BAY,District 03,2,2,Dwelling - Multiple Units,44.63172001509742,-63.427747102302106
3480,BPRES-2024-08924,2024-07-12,31714,Renovation,Renovation,Completed,HALIFAX,District 08,0,2,Dwelling - Single Detached,44.66634439293914,-63.611011904498305
3481,BPRES-2024-08997,2024-08-30,30000,Renovation,Renovation,Completed,HALIFAX,District 07,1,1,Dwelling - Multiple Units,44.635507236635355,-63.58571347327234
3482,BPRES-2024-09063,2024-07-29,500000,New Building,New Building,Issued,HALIFAX,District 11,4,1,Dwelling - Semi-Detached,44.60178526340284,-63.60282052064444
3483,BPRES-2024-09071,2024-08-22,150000,New Building,New Building,Completed,COLE HARBOUR,District 04,1,1,Dwelling - Backyard Suite,44.66642383930999,-63.497339812188926
3484,BPRES-2024-09086,2024-07-29,500000,New Building,New Building,Issued,HALIFAX,District 11,4,1,Dwelling - Semi-Detached,44.601972479105704,-63.60288297303481
3485,BPRES-2024-09118,2024-08-14,210000,Renovation,Renovation,Issued,DARTMOUTH,District 06,0,1,Dwelling - Multiple Units,44.68333662785069,-63.54506856669965
3486,BPRES-2024-09229,2024-07-23,855000,New Building,New Building,Completed,OAKFIELD,District 01,1,2,Dwelling - Single Detached,44.90720177583464,-63.58877954824116
3487,BPRES-2024-09363,2024-07-18,45000,New Building,New Building,Completed,WEST DOVER,District 13,0,1,Accessory Structure,44.50818107080117,-63.88403964664906
3488,BPRES-2024-09410,2024-08-28,1357500,New Building,New Building,Completed,LUCASVILLE,District 14,1,1,Dwelling - Single Detached,44.76636308573073,-63.744126288565425
3489,BPRES-2024-09475,2024-07-26,13000,New Building,New Building,Completed,HUBBARDS,District 13,0,1,Accessory Structure,44.63392198927379,-64.04294153942422
3490,BPRES-2024-09507,,50000,Renovation,Renovation,Cancelled,HALIFAX,District 10,1,1,Dwelling - Backyard Suite,44.67940648256722,-63.65857772901142
3491,BPRES-2024-09640,2024-09-17,15000,New Building,New Building,Issued,BOUTILIERS POINT,District 13,0,1,Accessory Structure,44.66298470616705,-63.94855882899229
3492,BPRES-2024-09714,2024-08-14,10000,Addition,Addition,Completed,HATCHET LAKE,District 13,0,1,Dwelling - Single Detached,44.567117856995964,-63.72591886787756
3493,BPRES-2024-09845,2024-09-23,100000,New Building,New Building,Issued,COW BAY,District 03,0,2,Accessory Structure,44.63172001509742,-63.427747102302106
3494,BPRES-2024-09945,2024-07-31,22000,New Building,New Building,Completed,COW BAY,District 03,0,1,Accessory Structure,44.631108861511265,-63.433847567667556
3495,BPRES-2024-09980,2024-08-28,94700,Renovation,Renovation,Issued,BEAVER BANK,District 15,0,3,Dwelling - Single Detached,44.8437626809635,-63.68525567088013
3496,BPRES-2024-10042,2024-07-30,400000,New Building,New Building,Completed,HALIFAX,District 11,4,3,Dwelling - Semi-Detached,44.60136218540756,-63.6033443352272
3497,BPRES-2024-10091,2024-10-21,150000,Addition,Addition,Issued,HALIFAX,District 07,1,2,Dwelling - Multiple Units,44.641103338254986,-63.58836467482967
3498,BPRES-2024-10223,2024-08-19,35000,New Building,New Building,Issued,OAKFIELD,District 01,0,1,Accessory Structure,44.92352823236079,-63.562498087690415
3499,BPRES-2024-10297,2024-08-23,750000,New Building,New Building,Completed,BEDFORD,District 16,1,2,Dwelling - Single Detached,44.70788304973449,-63.727046552609394
3500,BPRES-2024-10367,,46000,Renovation,Renovation,In Review,DARTMOUTH,District 05,1,3,Dwelling - Multiple Units,44.67315438777883,-63.58884550539653
3501,BPRES-2024-10419,,962000,New Building,New Building,Withdrawn,HALIFAX,District 09,8,3,Dwelling - Multiple Units,44.64442176198298,-63.62378610783741
3502,BPRES-2024-10523,2024-08-16,3000,Renovation,Renovation,Issued,BEDFORD,District 16,0,2,Dwelling - Single Detached,44.72725722764709,-63.65564573974377
3503,BPRES-2024-10581,2024-09-09,45000,New Building,New Building,Issued,CLAM BAY,District 02,0,1,Accessory Structure,44.730310965477805,-62.92900215074852
3504,BPRES-2024-10659,2024-09-17,120500,Addition,Addition,Issued,DARTMOUTH,District 05,0,1,Dwelling - Single Detached,44.67665839726755,-63.55411458424303
3505,BPRES-2024-10722,2024-08-21,65000,New Building,New Building,Issued,PORTERS LAKE,District 02,0,1,Accessory Structure,44.71272436143169,-63.30810808120922
3506,BPRES-2024-10799,2024-08-23,38000,New Building,New Building,Issued,EASTERN PASSAGE,District 03,0,1,Accessory Structure,44.610295816942305,-63.47201833503546
3507,BPRES-2024-10934,2024-09-09,26000,New Building,New Building,Issued,COLE HARBOUR,District 04,0,1,Accessory Structure,44.658137828792064,-63.455986180273584
3508,BPRES-2024-10974,2024-08-29,35000,New Building,New Building,Issued,TIMBERLEA,District 12,0,1,Accessory Structure,44.64896338162705,-63.73891321558349
3509,BPRES-2024-11019,2024-09-05,10000,New Building,New Building,Issued,PROSPECT,District 13,0,1,Accessory Structure,44.47302955870689,-63.79147974221435
3510,BPRES-2024-11136,2024-09-25,27000,Renovation,Renovation,Completed,HALIFAX,District 11,1,2,Dwelling - Multiple Units,44.586126775263,-63.58951228983376
3511,BPRES-2024-11208,2024-10-08,226500,New Building,New Building,Issued,WILLIAMSWOOD,District 11,1,1,Dwelling - Single Detached,44.488443648378095,-63.61687626318545
3512,BPRES-2024-11325,2024-09-09,425000,New Building,New Building,Completed,GOFFS,District 01,1,1,Dwelling - Single Detached,44.88526365216265,-63.48073831824761
3513,BPRES-2024-11446,2024-09-03,5000,New Building,New Building,Issued,MIDDLE SACKVILLE,District 14,0,1,Accessory Structure,44.82392424055871,-63.71699855457657
3514,BPRES-2024-11582,2024-10-01,50000,Renovation,Renovation,Completed,COLE HARBOUR,District 04,1,3,Dwelling - Multiple Units,44.67674983983678,-63.48700451257803
3515,BPRES-2024-11619,2024-08-28,650000,New Building,New Building,Completed,BROOKSIDE,District 13,1,3,Dwelling - Single Detached,44.53020471156099,-63.711097921648545
3516,BPRES-2024-11673,2024-10-08,,Addition,Addition,Issued,WEST LOON LAKE,District 01,0,1,Dwelling - Single Detached,45.26395028400338,-62.72888412035027
3517,BPRES-2024-11723,2024-09-23,40000,New Building,New Building,Completed,HAMMONDS PLAINS,District 14,0,1,Accessory Structure,44.71037384813651,-63.828188291511125
3518,BPRES-2024-11780,2024-09-26,300000,New Building,New Building,Issued,HALIFAX,District 09,2,3,Dwelling - Single Detached,44.63571821497747,-63.62450163976843
3519,BPRES-2024-11858,2024-09-25,3500,Renovation,Renovation,Completed,HARTLIN SETTLEMENT,District 02,0,1,Accessory Structure,44.76225549547267,-63.006170165573344
3520,BPRES-2024-11942,2024-09-04,329654,New Building,New Building,Completed,BEDFORD,District 16,1,2,Dwelling - Single Detached,44.70685858413303,-63.72298130081036
3521,BPRES-2024-12047,2024-09-24,54469,Addition,Addition,Issued,HALIFAX,District 09,0,1,Dwelling - Multiple Units,44.641032839894685,-63.59933384949933
3522,BPRES-2024-12117,2024-10-17,88368,Addition,Addition,Completed,HALIFAX,District 10,0,2,Dwelling - Single Detached,44.67947005164386,-63.663695622860416
3523,BPRES-2024-12203,2024-12-13,83000,New Building,New Building,Issued,MUSHABOOM,District 02,1,1,Dwelling - Single Detached,44.84976156559299,-62.52885095866517
3524,BPRES-2024-12399,2024-09-10,277500,New Building,New Building,Issued,CLAM HARBOUR,District 02,1,2,Dwelling - Single Detached,44.726549366361446,-62.885320814180666
3525,BPRES-2024-12495,2024-11-15,400000,New Building,New Building,Completed,HALIFAX,District 11,4,3,Dwelling - Multiple Units,44.60105810414917,-63.60355298120593
3526,BPRES-2024-12512,2024-10-31,63000,Addition,Addition,Issued,HALIFAX,District 09,1,2,Dwelling - Multiple Units,44.64101866182009,-63.60107614911082
3527,BPRES-2024-12614,2024-09-20,850000,New Building,New Building,Completed,TIMBERLEA,District 12,1,2,Dwelling - Single Detached,44.64395590733631,-63.72322715590985
3528,BPRES-2024-12693,2025-04-11,32000,New Building,New Building,Issued,MOSER RIVER,District 02,0,1,Accessory Structure,45.00969999905977,-62.27067590774779
3529,BPRES-2024-12755,2024-09-25,37000,Renovation,Renovation,Completed,HALIFAX,District 11,1,3,Dwelling - Multiple Units,44.63058438301384,-63.61951712155657
3530,BPRES-2024-12875,,52000,Renovation,Renovation,Applicant Revisions,PORTERS LAKE,District 02,1,2,Dwelling - Backyard Suite,44.717139410586164,-63.30030431414861
3531,BPRES-2024-13069,2024-11-01,150000,Renovation,Renovation,Completed,FLETCHERS LAKE,District 01,1,2,Dwelling - Multiple Units,44.83561982313896,-63.60931896146374
3532,BPRES-2024-13230,2024-10-08,97000,Addition,Addition,Issued,HALIFAX,District 08,0,2,Dwelling - Single Detached,44.66737614386945,-63.611060457601724
3533,BPRES-2024-13374,2024-10-04,230000,New Building,New Building,Amendment Applicant Revisions,PLEASANT HARBOUR,District 02,1,1,Dwelling - Single Detached,44.789652352904454,-62.72678853122811
3534,BPRES-2024-13564,2024-09-23,32000,New Building,New Building,Completed,FALL RIVER,District 01,0,1,Accessory Structure,44.82058846646338,-63.60743992960616
3535,BPRES-2024-13663,2024-10-02,100000,Renovation,Renovation,Issued,DARTMOUTH,District 05,0,2,Dwelling - Multiple Units,44.68594028995464,-63.585572594327886
3536,BPRES-2024-13716,2024-10-04,80000,New Building,New Building,Issued,,District 01,1,1,Dwelling - Single Detached,44.865890632855354,-63.61120921685169
3537,BPRES-2024-13726,2025-09-05,420000,New Building,New Building,Issued,HALIFAX,District 11,4,2,Dwelling - Multiple Units,44.586716520732416,-63.59122216979024
3538,BPRES-2024-13964,2024-10-08,400000,New Building,New Building,Issued,MIDDLE SACKVILLE,District 14,1,2,Dwelling - Single Detached,44.80453344519957,-63.7334452438652
3539,BPRES-2024-14026,2025-01-08,130000,Renovation,Renovation,Issued,HALIFAX,District 08,1,2,Dwelling - Multiple Units,44.65379084643409,-63.59968111539948
3540,BPRES-2024-14076,2024-10-02,380000,New Building,New Building,Completed,DARTMOUTH,District 06,1,2,Dwelling - Single Detached,44.71466660277053,-63.54448972368313
3541,BPRES-2024-14268,2024-10-10,465000,New Building,New Building,Issued,HACKETTS COVE,District 13,1,2,Dwelling - Single Detached,44.542859030056334,-63.940443231543156
3542,BPRES-2024-14387,2024-10-10,60000,New Building,New Building,Issued,EAST PETPESWICK,District 02,0,1,Accessory Structure,44.726012523262675,-63.16113585146487
3543,BPRES-2024-14430,2024-10-01,250000,New Building,New Building,Completed,BEECHVILLE,District 12,1,3,Dwelling - Single Detached,44.6369215267113,-63.67635778554952
3544,BPRES-2024-14477,2024-10-08,250000,New Building,New Building,Completed,TIMBERLEA,District 12,1,2,Dwelling - Single Detached,44.64474177597465,-63.726005095983425
3545,BPRES-2024-14580,2024-11-29,1661000,New Building,New Building,Amendment Requested,LUCASVILLE,District 14,1,1,Dwelling - Single Detached,44.76822408531461,-63.74436888023076
3546,BPRES-2024-14756,2024-10-23,540000,New Building,New Building,Completed,UPPER TANTALLON,District 13,1,2,Dwelling - Single Detached,44.7229471788177,-63.869800993870854
3547,BPRES-2024-14854,2024-11-01,75000,Addition,Addition,Completed,COLE HARBOUR,District 04,1,2,Dwelling - Backyard Suite,44.672201795522504,-63.49807531322848
3548,BPRES-2024-14899,2024-11-18,680000,New Building,New Building,Completed,HALIFAX,District 11,4,3,Dwelling - Multiple Units,44.60234429449379,-63.60358974264053
3549,BPRES-2024-15045,2025-03-07,80000,Renovation,Renovation,Cancelled,DARTMOUTH,District 06,1,1,Dwelling - Multiple Units,44.68949631559563,-63.531314000469344
3550,BPRES-2024-15134,2025-01-22,31000,Renovation,Renovation,Completed,DARTMOUTH,District 05,1,1,Dwelling - Single Detached,44.686636258290406,-63.57922734988144
3551,BPRES-2024-15195,,9000,Renovation,Renovation,Withdrawn,DARTMOUTH,District 05,2,4,Dwelling - Multiple Units,44.66769361516129,-63.556170854054095
3552,BPRES-2024-15261,2025-02-04,180000,Addition,Addition,Issued,MIDDLE SACKVILLE,District 14,1,2,Dwelling - Single Detached,44.81438650002374,-63.74777386261327
3553,BPRES-2024-15292,2024-11-01,680000,New Building,New Building,Completed,HALIFAX,District 11,4,3,Dwelling - Multiple Units,44.602499191206725,-63.603499340959324
3554,BPRES-2024-15346,2024-10-24,300000,New Building,New Building,Completed,BOUTILIERS POINT,District 13,1,2,Dwelling - Single Detached,44.65673512159974,-63.94951722600331
3555,BPRES-2024-15375,2024-10-31,15000000,New Building,New Building,Completed,DARTMOUTH,District 06,4,3,Dwelling - Townhouse,44.71473439837026,-63.540533600730015
3556,BPRES-2024-15432,2024-10-17,400000,New Building,New Building,Issued,HALIFAX,District 11,4,2,Dwelling - Multiple Units,44.5863344804655,-63.589109603055434
3557,BPRES-2024-15442,2024-10-25,400000,New Building,New Building,Completed,HALIFAX,District 11,4,2,Dwelling - Multiple Units,44.58664176698179,-63.58949125462508
3558,BPRES-2024-15500,2025-07-21,425000,New Building,New Building,Amendment Applicant Revisions,DARTMOUTH,District 06,4,3,Dwelling - Multiple Units,44.6870957565954,-63.53842809207228
3559,BPRES-2024-15621,2024-11-22,30000,New Building,New Building,Issued,LOWER SACKVILLE,District 15,0,1,Accessory Structure,44.786505623693884,-63.694036085911364
3560,BPRES-2024-15680,2024-10-24,125000,New Building,New Building,Completed,HAMMONDS PLAINS,District 14,1,2,Dwelling - Backyard Suite,44.729020191153104,-63.80833875384107
3561,BPRES-2024-15770,2025-04-25,150000,New Building,New Building,Amendment Applicant Revisions,COLE HARBOUR,District 04,1,2,Dwelling - Backyard Suite,44.65395586023596,-63.48506343294967
3562,BPRES-2024-15831,,150000,Addition,Addition,Withdrawn,,Unidentified,0,2,Dwelling - Single Detached,,
3563,BPRES-2024-15928,2025-07-18,200000,Addition,Addition,Issued,HAMMONDS PLAINS,District 14,0,2,Dwelling - Single Detached,44.7181735214829,-63.76484021020843
3564,BPRES-2024-15993,2024-11-18,608000,New Building,New Building,Issued,HALIFAX,District 11,4,3,Dwelling - Multiple Units,44.61565387078702,-63.62105397260015
3565,BPRES-2024-16060,,589132,Addition,Addition,Withdrawn,HAMMONDS PLAINS,District 14,1,2,Dwelling - Multiple Units,44.77094927598156,-63.767552933768556
3566,BPRES-2024-16092,2025-02-10,250000,New Building,New Building,Completed,WHITES LAKE,District 13,1,1,Dwelling - Single Detached,44.517577104430266,-63.76384104553875
3567,BPRES-2024-16158,2024-11-20,866198,New Building,New Building,Completed,WEST PORTERS LAKE,District 02,2,2,Dwelling - Multiple Units,44.67712553444399,-63.31176197515516
3568,BPRES-2024-16225,2024-11-20,42000,Addition,Addition,Issued,HAMMONDS PLAINS,District 14,0,1,Accessory Structure,44.73899936074326,-63.75179026684773
3569,BPRES-2024-16285,2026-02-23,225000,Renovation,Renovation,Issued,WEST PENNANT,District 11,1,2,Dwelling - Multiple Units,44.467877870277086,-63.65437424714588
3570,BPRES-2024-16339,2024-11-27,600000,New Building,New Building,Issued,DARTMOUTH,District 06,1,2,Dwelling - Single Detached,44.71520582926967,-63.544512514835084
3571,BPRES-2024-16389,2024-11-08,200000,Renovation,Renovation,Issued,HALIFAX,District 10,0,2,Dwelling - Single Detached,44.663864826237365,-63.647875169560415
3572,BPRES-2024-16517,2024-11-14,280000,New Building,New Building,Amendment Applicant Revisions,BEAVER BANK,District 15,2,2,Dwelling - Multiple Units,44.82827221575067,-63.6755162817289
3573,BPRES-2024-16577,2024-12-06,30000,Renovation,Renovation,Completed,EAST PRESTON,District 04,0,1,Dwelling - Single Detached,44.72154451215847,-63.40075920257081
3574,BPRES-2024-16680,2024-11-15,584000,New Building,New Building,Issued,HALIFAX,District 11,4,2,Dwelling - Multiple Units,44.602559058297146,-63.60403435007527
3575,BPRES-2024-16692,2024-12-17,70000,Renovation,Renovation,Completed,GRAND DESERT,District 02,1,2,Dwelling - Multiple Units,44.68560464384886,-63.25913144945251
3576,BPRES-2024-16719,2024-11-18,292000,New Building,New Building,Issued,HALIFAX,District 11,4,2,Dwelling - Multiple Units,44.602912152526486,-63.60400084444554
3577,BPRES-2024-16745,2025-01-20,1500,Renovation,Renovation,Completed,PORTERS LAKE,District 02,1,1,Dwelling - Backyard Suite,44.746684031289874,-63.3298521629744
3578,BPRES-2024-16773,2024-12-17,179000,Addition,Addition,Completed,HALIFAX,District 09,2,2,Dwelling - Multiple Units,44.64736312094786,-63.59851855513523
3579,BPRES-2024-16853,2025-12-19,10000,Renovation,Renovation,Completed,MIDDLE SACKVILLE,District 14,1,2,Dwelling - Backyard Suite,44.80588180826681,-63.74155586378623
3580,BPRES-2024-16879,2024-11-25,450000,New Building,New Building,Issued,LUCASVILLE,District 14,1,2,Dwelling - Single Detached,44.76137901391593,-63.74980584528418
3581,BPRES-2024-16965,2025-05-20,300000,Addition,Addition,Cancelled,LEWIS LAKE,District 13,1,1,Dwelling - Multiple Units,44.68234091120113,-63.841555772024535
3582,BPRES-2024-17001,2024-12-05,40000,New Building,New Building,Completed,HALIFAX,District 09,0,2,Accessory Structure,44.65532193658503,-63.60658707965491
3583,BPRES-2024-17060,2025-09-25,15000,Addition,Addition,Issued,HALIFAX,District 09,0,1,Dwelling - Single Detached,44.64193097411916,-63.627646334396665
3584,BPRES-2024-17194,2024-11-22,500000,New Building,New Building,Issued,HALIFAX,District 11,4,2,Dwelling - Semi-Detached,44.601612224842455,-63.602813937647525
3585,BPRES-2024-17262,2024-11-20,140944.96,Renovation,Renovation,Completed,LOWER SACKVILLE,District 15,0,1,Dwelling - Single Detached,44.78399188682117,-63.68728654917733
3586,BPRES-2024-17325,,180000,Addition,Addition,Withdrawn,DUNCANS COVE,District 11,0,2,Dwelling - Semi-Detached,44.50198796743363,-63.52041756642978
3587,BPRES-2024-17400,2025-01-27,400000,New Building,New Building,Issued,LAKE ECHO,District 02,1,1,Dwelling - Single Detached,44.74073356982848,-63.385995585744716
3588,BPRES-2024-17474,2024-11-25,250000,New Building,New Building,Completed,TIMBERLEA,District 12,1,3,Dwelling - Single Detached,44.64474869655313,-63.72642386974355
3589,BPRES-2024-17599,2024-12-05,250000,Addition,Addition,Completed,DARTMOUTH,District 05,0,2,Dwelling - Single Detached,44.68237877930116,-63.56375362601421
3590,BPRES-2024-17679,,,Renovation,Renovation,Applicant Revisions,HAMMONDS PLAINS,District 14,1,2,Dwelling - Multiple Units,44.734305951985334,-63.77390835029723
3591,BPRES-2024-17755,2024-12-02,10000,New Building,New Building,Issued,PROSPECT BAY,District 13,0,1,Accessory Structure,44.5172353635206,-63.77341839285491
3592,BPRES-2024-17787,2024-12-09,28000,New Building,New Building,Completed,GAETZ BROOK,District 02,0,1,Accessory Structure,44.76759161404449,-63.21553973463052
3593,BPRES-2024-17835,2024-12-04,152200,New Building,New Building,Issued,MUSQUODOBOIT HARBOUR,District 02,1,1,Dwelling - Backyard Suite,44.79245448195676,-63.17527063361835
3594,BPRES-2024-17930,2025-01-03,20000,Renovation,Renovation,Completed,HALIFAX,District 10,1,1,Dwelling - Semi-Detached,44.676635264867805,-63.65155116414069
3595,BPRES-2024-17943,2024-12-02,133354,Renovation,Renovation,Completed,HALIFAX,District 11,0,1,Dwelling - Single Detached,44.620207312198715,-63.60476639696193
3596,BPRES-2024-17976,,5400,Addition,Addition,Applicant Revisions,BEECHVILLE,District 12,0,2,Dwelling - Single Detached,44.63627590123892,-63.683882155375926
3597,BPRES-2024-18033,2025-02-19,160000,Addition,Addition,Completed,WAVERLEY,District 01,0,2,Dwelling - Single Detached,44.74903801183358,-63.56580730788286
3598,BPRES-2024-18111,2025-01-07,50000,Renovation,Renovation,Completed,PORTERS LAKE,District 02,1,3,Dwelling - Multiple Units,44.74486955124979,-63.30103348576961
3599,BPRES-2024-18190,2025-07-15,1000000,Addition,Addition,Amendment Applicant Revisions,PORTERS LAKE,District 02,8,1,Dwelling - Townhouse,44.75388353578314,-63.297418396494805
3600,BPRES-2024-18264,2025-01-06,40000,Renovation,Renovation,Completed,DARTMOUTH,District 05,0,2,Dwelling - Semi-Detached,44.67470754550746,-63.581629871348746
3601,BPRES-2024-18310,2025-02-27,160000,New Building,New Building,Issued,HALIFAX,District 07,1,1,Dwelling - Backyard Suite,44.634630251946355,-63.59967460908815
3602,BPRES-2024-18369,2025-03-04,204000,New Building,New Building,Completed,HUBLEY,District 13,1,1,Dwelling - Backyard Suite,44.67548203556052,-63.82491758493259
3603,BPRES-2024-18422,2024-12-11,30000,New Building,New Building,Issued,OAKFIELD,District 01,0,1,Accessory Structure,44.90752691305741,-63.56336714237599
3604,BPRES-2024-18534,,175000,New Building,New Building,Applicant Revisions,WHITES LAKE,District 13,1,2,Dwelling - Backyard Suite,44.52514038484761,-63.7694971258634
3605,BPRES-2024-18640,2026-03-10,42427.43,Renovation,Renovation,Completed,WEST QUODDY,District 02,1,2,Dwelling - Multiple Units,44.90666390684413,-62.35105434291056
3606,BPRES-2024-18682,2025-01-03,300000,New Building,New Building,Completed,TIMBERLEA,District 12,1,2,Dwelling - Single Detached,44.64623551253621,-63.726059190708725
3607,BPRES-2024-18768,2025-02-10,1350000,New Building,New Building,Issued,HALIFAX,District 08,4,3,Dwelling - Multiple Units,44.65382812337198,-63.58795446491734
3608,BPRES-2024-18869,2024-12-23,16000,New Building,New Building,Completed,FLETCHERS LAKE,District 01,0,1,Accessory Structure,44.848587568227025,-63.60721959932227
3609,BPRES-2024-18940,2025-02-11,58000,New Building,New Building,Issued,WAVERLEY,District 01,0,2,Accessory Structure,44.74088933969611,-63.556641744618716
3610,BPRES-2025-00007,2025-01-15,120000,Addition,Addition,Issued,WHITES LAKE,District 13,0,1,Dwelling - Single Detached,44.544190445574486,-63.738133469745634
3611,BPRES-2025-00061,2025-01-09,40000,Renovation,Renovation,Completed,DARTMOUTH,District 05,0,2,Dwelling - Single Detached,44.68366933149653,-63.56744874750302
3612,BPRES-2025-00090,2025-01-15,30000,New Building,New Building,Issued,WEST PORTERS LAKE,District 02,0,1,Accessory Structure,44.697225836606336,-63.313162009000756
3613,BPRES-2025-00126,2025-04-25,625000,New Building,New Building,Issued,HALIFAX,District 11,4,3,Dwelling - Multiple Units,44.58741218285935,-63.59011646983819
3614,BPRES-2025-00210,2025-01-24,10000,New Building,New Building,Issued,MEAGHERS GRANT,District 01,0,1,Accessory Structure,44.94439688160395,-63.25803206989433
3615,BPRES-2025-00270,2025-01-15,320000,Renovation,Renovation,Issued,HALIFAX,District 11,0,2,Dwelling - Single Detached,44.62599626870578,-63.596785961855865
3616,BPRES-2025-00338,,240000,New Building,New Building,Withdrawn,BEDFORD,District 16,1,2,Dwelling - Single Detached,44.7278167959442,-63.65342830560878
3617,BPRES-2025-00387,2025-04-30,550000,New Building,New Building,Issued,PORTERS LAKE,District 02,5,1,Dwelling - Townhouse,44.75002499281982,-63.297141511564
3618,BPRES-2025-00443,2025-07-25,500000,New Building,New Building,Issued,EAST PRESTON,District 04,4,1,Dwelling - Townhouse,44.730128355962016,-63.40431096114192
3619,BPRES-2025-00507,2025-01-17,650000,New Building,New Building,Completed,HACKETTS COVE,District 13,1,1,Dwelling - Single Detached,44.57473627107663,-63.92582844689663
3620,BPRES-2025-00575,2025-01-20,5800,Renovation,Renovation,Completed,FALL RIVER,District 01,0,1,Dwelling - Single Detached,44.808226586442544,-63.61682456054511
3621,BPRES-2025-00622,2025-01-21,350000,New Building,New Building,Issued,EAST PETPESWICK,District 02,1,1,Dwelling - Single Detached,44.69936694663692,-63.14667968667566
3622,BPRES-2025-00685,2025-10-30,12000000,New Building,New Building,Issued,LAWRENCETOWN,District 02,150,2,Dwelling - Townhouse,44.70580502035787,-63.411542690577086
3623,BPRES-2025-00799,2025-03-26,250000,Addition,Addition,Issued,EASTERN PASSAGE,District 03,0,2,Dwelling - Single Detached,44.61231111471437,-63.450259010274415
3624,BPRES-2025-00841,2025-01-24,5000,New Building,New Building,Issued,WHITES LAKE,District 13,0,1,Accessory Structure,44.51546614475449,-63.765421370085605
3625,BPRES-2025-00944,2025-01-27,400000,New Building,New Building,Completed,HALIFAX,District 11,4,3,Dwelling - Multiple Units,44.602048916260756,-63.60389250915708
3626,BPRES-2025-00966,2025-04-03,267500,Addition,Addition,Issued,HALIFAX,District 10,0,1,Dwelling - Single Detached,44.684671169810564,-63.66223563566092
3627,BPRES-2025-01068,2025-02-27,75000,Renovation,Renovation,Completed,DARTMOUTH,District 05,1,1,Dwelling - Multiple Units,44.67646211478632,-63.5512823104019
3628,BPRES-2025-01140,2026-05-13,8600,Renovation,Renovation,Issued,DARTMOUTH,District 05,0,2,Dwelling - Single Detached,44.673461707769555,-63.56000743528175
3629,BPRES-2025-01254,2025-02-03,880000,New Building,New Building,Completed,BEDFORD,District 16,1,2,Dwelling - Single Detached,44.70484917847485,-63.72219606647789
3630,BPRES-2025-01301,2025-03-26,100000,Renovation,Renovation,Completed,FERGUSONS COVE,District 11,0,3,Dwelling - Single Detached,44.59274424416011,-63.558519861920836
3631,BPRES-2025-01334,2025-08-06,100000,New Building,New Building,Issued,HAMMONDS PLAINS,District 14,1,2,Dwelling - Backyard Suite,44.73757721869897,-63.794813888835634
3632,BPRES-2025-01407,2025-03-28,113700,Addition,Addition,Issued,DARTMOUTH,District 05,0,2,Dwelling - Single Detached,44.67601158850946,-63.56619080103838
3633,BPRES-2025-01479,2025-02-27,40000,Renovation,Renovation,Completed,HALIFAX,District 09,1,3,Dwelling - Multiple Units,44.64560384354353,-63.59853950505958
3634,BPRES-2025-01498,2025-02-26,400000,New Building,New Building,Amendment Review,HALIFAX,District 11,4,3,Dwelling - Multiple Units,44.60140438438561,-63.6046315611809
3635,BPRES-2025-01548,,120000,Renovation,Renovation,In Review,MIDDLE SACKVILLE,District 14,1,1,Dwelling - Multiple Units,44.789401011907344,-63.714349795577306
3636,BPRES-2025-01578,2025-02-20,190000,New Building,New Building,Completed,HATCHET LAKE,District 13,0,1,Accessory Structure,44.54859543852326,-63.73101245605593
3637,BPRES-2025-01646,2025-02-11,425000,New Building,New Building,Completed,MIDDLE SACKVILLE,District 14,1,2,Dwelling - Single Detached,44.79949533893798,-63.76767302095789
3638,BPRES-2025-01715,2025-02-11,425000,New Building,New Building,Completed,MIDDLE SACKVILLE,District 14,1,3,Dwelling - Single Detached,44.79882896100476,-63.76676335579548
3639,BPRES-2025-01752,2025-06-05,118000,New Building,New Building,Issued,WEST PETPESWICK,District 02,1,1,Dwelling - Single Detached,44.73580390229127,-63.18388580298148
3640,BPRES-2025-01857,,100000,Renovation,Renovation,Withdrawn,HALIFAX,District 09,1,3,Dwelling - Multiple Units,44.64669068601867,-63.603759500450025
3641,BPRES-2025-01924,,2150000,New Building,New Building,Cancelled,HALIFAX,District 07,1,2,Dwelling - Single Detached,44.62426773481322,-63.575577175944254
3642,BPRES-2025-01947,2025-03-28,350000,New Building,New Building,Issued,MUSQUODOBOIT HARBOUR,District 02,1,2,Dwelling - Single Detached,44.78420842074127,-63.16177713584843
3643,BPRES-2025-02020,2025-03-07,80000,New Building,New Building,Completed,WEST JEDDORE,District 02,0,1,Accessory Structure,44.71056198281398,-63.01541656400175
3644,BPRES-2025-02138,2025-03-27,470000,New Building,New Building,Completed,MUSQUODOBOIT HARBOUR,District 02,2,1,Dwelling - Semi-Detached,44.78820251487545,-63.14847569541882
3645,BPRES-2025-02180,2025-03-07,10000,New Building,New Building,Issued,OYSTER POND,District 02,0,2,Accessory Structure,44.78175008528415,-63.005248768231624
3646,BPRES-2025-02260,2025-02-25,250000,New Building,New Building,Completed,BEECHVILLE,District 12,1,3,Dwelling - Single Detached,44.63611081462543,-63.675717589424174
3647,BPRES-2025-02390,2025-05-02,250000,Addition,Addition,Issued,HALIFAX,District 10,0,2,Dwelling - Single Detached,44.69133352594666,-63.66074293115138
3648,BPRES-2025-02465,2025-03-03,275000,New Building,New Building,Issued,BEECHVILLE,District 12,1,3,Dwelling - Single Detached,44.63883913559995,-63.68182013729405
3649,BPRES-2025-02496,2025-03-06,72000,Renovation,Renovation,Cancelled,FALL RIVER,District 01,1,1,Dwelling - Multiple Units,44.8098641474897,-63.585804871657764
3650,BPRES-2025-02580,,66000,New Building,New Building,Applicant Revisions,MIDDLE SACKVILLE,District 14,0,2,Accessory Structure,44.7824117609316,-63.74300367882864
3651,BPRES-2025-02746,2025-09-22,55000,Renovation,Renovation,Completed,BEDFORD,District 16,1,2,Dwelling - Multiple Units,44.7394243355611,-63.65133076735445
3652,BPRES-2025-02825,2025-04-01,146000,Addition,Addition,Completed,DARTMOUTH,District 05,0,2,Dwelling - Single Detached,44.67315081881788,-63.587158618005496
3653,BPRES-2025-02906,2025-03-20,450000,New Building,New Building,Completed,LAKE CHARLOTTE,District 02,1,1,Dwelling - Single Detached,44.76670949229437,-62.93163287435487
3654,BPRES-2025-02971,2025-04-16,350000,Addition,Addition,Completed,BOUTILIERS POINT,District 13,0,1,Dwelling - Single Detached,44.65546930334653,-63.94936204391755
3655,BPRES-2025-03034,2025-03-24,750000,New Building,New Building,Issued,DARTMOUTH,District 06,2,2,Dwelling - Semi-Detached,44.7147640220975,-63.53820722513116
3656,BPRES-2025-03067,2025-05-29,357000,New Building,New Building,Issued,BEDFORD,District 16,1,1,Dwelling - Single Detached,44.72983328832707,-63.6588393141085
3657,BPRES-2025-03147,2025-03-14,701500,New Building,New Building,Completed,MIDDLE SACKVILLE,District 14,1,1,Dwelling - Single Detached,44.800589754172165,-63.76654657469394
3658,BPRES-2025-03240,,40000,Renovation,Renovation,Application Incomplete,DARTMOUTH,District 06,0,1,Dwelling - Single Detached,44.67492034154524,-63.54371444070175
3659,BPRES-2025-03303,2025-03-31,109500,Renovation,Renovation,Issued,FLETCHERS LAKE,District 01,0,2,Dwelling - Single Detached,44.830643357707906,-63.6120398623311
3660,BPRES-2025-03383,2025-11-26,20000,Renovation,Renovation,Issued,EASTERN PASSAGE,District 03,1,1,Dwelling - Multiple Units,44.609710598536935,-63.48517100981331
3661,BPRES-2025-03469,2025-05-05,550000,New Building,New Building,Completed,EAST CHEZZETCOOK,District 02,4,1,Dwelling - Townhouse,44.71090776474495,-63.23077322266661
3662,BPRES-2025-03506,2025-05-21,50000,Addition,Addition,Issued,LOCHABER MINES,District 02,0,1,Dwelling - Single Detached,45.005241595384156,-62.47515829616134
3663,BPRES-2025-03610,2025-08-20,80000,Addition,Addition,Issued,HALIFAX,District 08,0,1,Dwelling - Single Detached,44.65993342341994,-63.61619408312171
3664,BPRES-2025-03703,2025-05-07,450000,New Building,New Building,Issued,LAWRENCETOWN,District 02,1,2,Dwelling - Single Detached,44.65106686655809,-63.40363008475831
3665,BPRES-2025-03781,2025-05-09,48000,New Building,New Building,Issued,BEAVER HARBOUR,District 02,0,1,Accessory Structure,44.868249252326585,-62.42876742299158
3666,BPRES-2025-03831,2025-11-04,650000,New Building,New Building,Issued,BEAVER BANK,District 15,1,3,Dwelling - Single Detached,44.83862001528,-63.6645048896651
3667,BPRES-2025-03876,2026-03-23,1465644,New Building,New Building,Completed,DARTMOUTH,District 03,6,2,Dwelling - Townhouse,44.66025297506131,-63.53296387601182
3668,BPRES-2025-03908,2025-04-01,600000,New Building,New Building,Completed,FALL RIVER,District 01,1,2,Dwelling - Single Detached,44.84271346940293,-63.64065522321785
3669,BPRES-2025-03932,2025-05-13,1465644,New Building,New Building,Issued,DARTMOUTH,District 03,6,2,Dwelling - Townhouse,44.66115087400552,-63.53476705961028
3670,BPRES-2025-04039,2025-03-31,200000,New Building,New Building,Completed,BEECHVILLE,District 12,1,2,Dwelling - Single Detached,44.63841227548619,-63.68153901238537
3671,BPRES-2025-04122,2025-04-07,430000,New Building,New Building,Completed,FALL RIVER,District 01,1,2,Dwelling - Single Detached,44.84348575762661,-63.63989693302111
3672,BPRES-2025-04174,2025-04-02,149000,New Building,New Building,Issued,EAST PETPESWICK,District 02,1,2,Dwelling - Single Detached,44.68717461270711,-63.14687017136094
3673,BPRES-2025-04247,2025-05-14,4500,Addition,Addition,Issued,HALIFAX,District 09,0,2,Dwelling - Single Detached,44.64974172348283,-63.62620043931799
3674,BPRES-2025-04324,2025-04-02,430000,New Building,New Building,Issued,FALL RIVER,District 01,1,2,Dwelling - Single Detached,44.84362982862212,-63.64062448814747
3675,BPRES-2025-04421,2025-09-11,750000,New Building,New Building,Issued,DARTMOUTH,District 05,7,3,Dwelling - Multiple Units,44.679760921317076,-63.58769185080024
3676,BPRES-2025-04442,2025-04-07,200000,New Building,New Building,Issued,BEECHVILLE,District 12,1,3,Dwelling - Single Detached,44.6387341283784,-63.68124129520265
3677,BPRES-2025-04503,2025-04-15,400000,New Building,New Building,Completed,HALIFAX,District 11,4,3,Dwelling - Semi-Detached,44.601907935788866,-63.60473378196841
3678,BPRES-2025-04548,2025-07-04,750000,New Building,New Building,Issued,MUSQUODOBOIT HARBOUR,District 02,2,1,Dwelling - Multiple Units,44.78980867182607,-63.172417381602074
3679,BPRES-2025-04601,,200000,Addition,Addition,In Review,HALIFAX,District 09,2,2,Dwelling - Multiple Units,44.65022545767881,-63.611435991360956
3680,BPRES-2025-04657,2025-04-17,25000,New Building,New Building,Issued,PORTERS LAKE,District 02,0,1,Accessory Structure,44.75432225814977,-63.28870606461798
3681,BPRES-2025-04685,2025-04-28,924000,New Building,New Building,Issued,EAST PRESTON,District 04,1,1,Dwelling - Single Detached,44.716078536017086,-63.41531986048154
3682,BPRES-2025-04756,2025-04-14,10000,Renovation,Renovation,Cancelled,FALL RIVER,District 01,1,2,Dwelling - Multiple Units,44.82755080164196,-63.60924301020206
3683,BPRES-2025-04858,2025-04-16,525000,New Building,New Building,Issued,FALL RIVER,District 01,1,2,Dwelling - Single Detached,44.84227241080628,-63.638056076813776
3684,BPRES-2025-04946,2025-04-28,300000,New Building,New Building,Issued,PORTERS LAKE,District 02,1,1,Dwelling - Single Detached,44.75412386602089,-63.2895835874741
3685,BPRES-2025-04961,,32000,Renovation,Renovation,Cancelled,HALIFAX,District 08,0,9,Dwelling - Multiple Units,44.66451933571247,-63.59472796194316
3686,BPRES-2025-05033,2026-05-20,125000,New Building,New Building,Issued,HAMMONDS PLAINS,District 14,0,1,Accessory Structure,44.718066419393665,-63.7640034324672
3687,BPRES-2025-05148,2025-04-25,100000,Renovation,Renovation,Issued,HALIFAX,District 10,0,2,Dwelling - Single Detached,44.66539844881367,-63.654675234054295
3688,BPRES-2025-05193,,80000,Addition,Addition,Cancelled,BEAVER BANK,District 15,1,1,Dwelling - Backyard Suite,44.83400076704797,-63.67071200220571
3689,BPRES-2025-05261,2025-06-05,350000,New Building,New Building,Issued,HALIFAX,District 11,1,3,Dwelling - Single Detached,44.60962096250884,-63.6148474849564
3690,BPRES-2025-05298,,2000,Renovation,Renovation,Withdrawn,HALIFAX,District 08,0,2,Dwelling - Multiple Units,44.66492446357253,-63.5983619339239
3691,BPRES-2025-05309,2025-05-07,250000,Addition,Addition,Issued,DARTMOUTH,District 06,0,2,Dwelling - Single Detached,44.68468136285642,-63.505065624615746
3692,BPRES-2025-05377,2025-04-22,200000,New Building,New Building,Completed,LAWRENCETOWN,District 02,1,1,Dwelling - Backyard Suite,44.64927438646685,-63.40699671041633
3693,BPRES-2025-05402,2025-04-24,700000,New Building,New Building,Completed,MIDDLE SACKVILLE,District 14,1,2,Dwelling - Single Detached,44.79504186070528,-63.767741818412205
3694,BPRES-2025-05445,2025-05-20,120000,Addition,Addition,Issued,HALIFAX,District 07,0,2,Dwelling - Single Detached,44.641627834598644,-63.57635577190097
3695,BPRES-2025-05502,2025-05-30,150000,New Building,New Building,Completed,DARTMOUTH,District 03,1,2,Dwelling - Backyard Suite,44.665248706147906,-63.540102705054714
3696,BPRES-2025-05570,2025-05-05,57506,Addition,Addition,Issued,HALIFAX,District 09,0,2,Dwelling - Single Detached,44.64629294316742,-63.607788399572236
3697,BPRES-2025-05635,,40000,Renovation,Renovation,Withdrawn,ENFIELD,District 01,1,1,Dwelling - Multiple Units,44.937440631050805,-63.548202414383354
3698,BPRES-2025-05674,2025-05-08,400000,New Building,New Building,Issued,HALIFAX,District 11,4,3,Dwelling - Multiple Units,44.60339666100999,-63.603961659925965
3699,BPRES-2025-05718,2025-05-15,495000,New Building,New Building,Completed,CLAM BAY,District 02,1,1,Dwelling - Single Detached,44.73030684251211,-62.93295021190321
3700,BPRES-2025-05773,2025-07-24,750000,New Building,New Building,Completed,HALIFAX,District 11,4,3,Dwelling - Multiple Units,44.61803457558905,-63.62102648819607
3701,BPRES-2025-05815,2025-05-27,275000,New Building,New Building,Completed,LOWER SACKVILLE,District 15,1,1,Dwelling - Single Detached,44.76435008750689,-63.69830802050117
3702,BPRES-2025-05820,2025-05-23,1550000,New Building,New Building,Completed,BEDFORD,District 16,5,3,Dwelling - Townhouse,44.71863606958099,-63.71794649762364
3703,BPRES-2025-05860,2025-04-29,200000,New Building,New Building,Issued,MIDDLE SACKVILLE,District 14,1,2,Dwelling - Single Detached,44.802843142958864,-63.76698327867802
3704,BPRES-2025-05929,2025-06-09,30000,Renovation,Renovation,Completed,COLE HARBOUR,District 04,1,1,Dwelling - Single Detached,44.67397123657306,-63.484944006926916
3705,BPRES-2025-05988,,1000,Renovation,Renovation,Withdrawn,BEAVER BANK,District 15,0,1,Dwelling - Single Detached,44.8560719368504,-63.68499837788377
3706,BPRES-2025-06002,2025-08-26,1860000,New Building,New Building,Issued,BEDFORD,District 16,6,3,Dwelling - Townhouse,44.71839059674074,-63.71801263233415
3707,BPRES-2025-06089,2025-06-18,300000,New Building,New Building,Completed,COOKS BROOK,District 01,1,1,Dwelling - Single Detached,45.009410390003545,-63.265571387075646
3708,BPRES-2025-06159,2025-12-10,800000,New Building,New Building,Issued,HALIFAX,District 11,4,2,Dwelling - Multiple Units,44.60177114813305,-63.60714519219814
3709,BPRES-2025-06287,,50000,New Building,New Building,Withdrawn,LOWER SACKVILLE,District 15,0,1,Accessory Structure,44.754325069354316,-63.67230360829143
3710,BPRES-2025-06368,,25000,New Building,New Building,Applicant Revisions,CHERRY BROOK,District 04,0,1,Accessory Structure,44.707480200466065,-63.47737711720753
3711,BPRES-2025-06394,2025-05-29,450000,New Building,New Building,Issued,HARRIETSFIELD,District 11,1,2,Dwelling - Single Detached,44.5479667263627,-63.64400923329324
3712,BPRES-2025-06419,2025-06-10,700000,New Building,New Building,Issued,BEDFORD,District 16,2,1,Dwelling - Multiple Units,44.727749503924095,-63.66915059320316
3713,BPRES-2025-06491,2025-05-15,56513.9,New Building,New Building,Completed,HAMMONDS PLAINS,District 14,0,1,Accessory Structure,44.7352483691495,-63.80374558244223
3714,BPRES-2025-06515,2025-05-12,650000,New Building,New Building,Issued,FALL RIVER,District 01,1,2,Dwelling - Single Detached,44.83624932049679,-63.63282934586316
3715,BPRES-2025-06617,2025-08-15,50000,Renovation,Renovation,Completed,DARTMOUTH,District 05,1,3,Dwelling - Townhouse,44.667343133503586,-63.57717696311247
3716,BPRES-2025-06677,2025-07-24,300000,New Building,New Building,Issued,COLE HARBOUR,District 04,1,2,Dwelling - Backyard Suite,44.68396919750586,-63.48467915361897
3717,BPRES-2025-06728,2025-05-15,680000,New Building,New Building,Completed,PORTUGUESE COVE,District 11,1,2,Dwelling - Single Detached,44.51409400332669,-63.54674294197387
3718,BPRES-2025-06833,2025-06-04,40000,Renovation,Renovation,Completed,HALIFAX,District 09,1,2,Dwelling - Multiple Units,44.64840970198914,-63.62607671711777
3719,BPRES-2025-06892,2025-05-28,57000,New Building,New Building,Completed,HUBLEY,District 13,0,2,Accessory Structure,44.66036838332649,-63.795105168996756
3720,BPRES-2025-06973,2025-06-04,330278.96,New Building,New Building,Completed,HUBLEY,District 13,1,1,Dwelling - Single Detached,44.67177133407824,-63.79682697662243
3721,BPRES-2025-07053,2025-08-26,20000,New Building,New Building,Completed,DARTMOUTH,District 05,0,1,Accessory Structure,44.691158846294755,-63.569881106654535
3722,BPRES-2025-07078,2025-05-29,380000,New Building,New Building,Issued,HALIFAX,District 11,3,3,Dwelling - Multiple Units,44.60332211066915,-63.60335126297535
3723,BPRES-2025-07126,2025-06-25,400000,New Building,New Building,Issued,DARTMOUTH,District 06,1,3,Dwelling - Single Detached,44.70493991634627,-63.55194058615384
3724,BPRES-2025-07210,2025-05-26,175000,New Building,New Building,Completed,LAKE LOON,District 04,1,1,Dwelling - Backyard Suite,44.711806879733466,-63.499767158236246
3725,BPRES-2025-07279,2025-08-12,280000,Addition,Addition,Issued,DARTMOUTH,District 05,0,2,Dwelling - Single Detached,44.67685001992077,-63.55204288325876
3726,BPRES-2025-07338,,50000,Addition,Addition,Applicant Revisions,EAST PRESTON,District 04,0,2,Dwelling - Single Detached,44.72076420051818,-63.40955293677178
3727,BPRES-2025-07501,2026-04-27,15000,Renovation,Renovation,Issued,LOWER SACKVILLE,District 15,1,2,Dwelling - Backyard Suite,44.786019376177634,-63.6834842423663
3728,BPRES-2025-07536,2025-06-02,50000,New Building,New Building,Issued,MIDDLE SACKVILLE,District 14,0,1,Accessory Structure,44.77927108820204,-63.740885249902014
3729,BPRES-2025-07639,2025-06-13,350000,New Building,New Building,Issued,SEABRIGHT,District 13,1,1,Dwelling - Single Detached,44.61428591902519,-63.93357628615253
3730,BPRES-2025-07652,2025-06-06,400000,New Building,New Building,Issued,HALIFAX,District 11,4,2,Dwelling - Multiple Units,44.58653464947561,-63.588632357371104
3731,BPRES-2025-07690,2025-05-30,200000,New Building,New Building,Issued,BEECHVILLE,District 12,1,3,Dwelling - Single Detached,44.63738714147547,-63.67528641148254
3732,BPRES-2025-07764,2025-06-20,170000,New Building,New Building,Issued,GAETZ BROOK,District 02,1,2,Dwelling - Backyard Suite,44.76463981338507,-63.21580706026058
3733,BPRES-2025-07849,,29995,New Building,New Building,Application Incomplete,PORTERS LAKE,District 02,0,1,Accessory Structure,44.78425364024445,-63.36353921223378
3734,BPRES-2025-07965,2025-06-09,550000,New Building,New Building,Completed,FALL RIVER,District 01,2,2,Dwelling - Multiple Units,44.83788064343535,-63.642066529097306
3735,BPRES-2025-08043,2025-06-26,500000,New Building,New Building,Issued,BEDFORD,District 16,1,2,Dwelling - Single Detached,44.718996839244696,-63.717333947468916
3736,BPRES-2025-08077,,400000,New Building,New Building,Applicant Revisions,PORTERS LAKE,District 02,0,1,Accessory Structure,44.717139410586164,-63.30030431414861
3737,BPRES-2025-08140,2025-06-17,250000,New Building,New Building,Issued,HAMMONDS PLAINS,District 14,1,2,Dwelling - Single Detached,44.72768191459699,-63.808765850073634
3738,BPRES-2025-08181,2025-06-04,25000,New Building,New Building,Completed,WEST PORTERS LAKE,District 02,0,1,Accessory Structure,44.698104804095806,-63.30725497751192
3739,BPRES-2025-08223,2026-06-19,73500,New Building,New Building,Issued,ELMSVALE,District 01,0,1,Accessory Structure,45.07631501939276,-63.09507411458379
3740,BPRES-2025-08278,2025-06-04,300000,New Building,New Building,Completed,BEAVER BANK,District 15,1,2,Dwelling - Single Detached,44.827200724279535,-63.6722336160627
3741,BPRES-2025-08346,2025-06-12,8000,New Building,New Building,Completed,TERENCE BAY,District 13,0,1,Accessory Structure,44.472381677572486,-63.720868318174006
3742,BPRES-2025-08388,2025-07-15,105000,Renovation,Renovation,Completed,HALIFAX,District 11,1,3,Dwelling - Multiple Units,44.62376802544989,-63.61847555368624
3743,BPRES-2025-08479,2025-06-19,60000,New Building,New Building,Issued,BEAVER BANK,District 15,0,1,Accessory Structure,44.84696669754033,-63.695700237818244
3744,BPRES-2025-08568,2025-06-23,3800,Renovation,Renovation,Completed,HALIFAX,District 11,0,2,Dwelling - Single Detached,44.608269266643816,-63.60107133620387
3745,BPRES-2025-08620,2025-08-11,15000,New Building,New Building,Issued,DARTMOUTH,District 06,0,1,Accessory Structure,44.71128835506107,-63.54480447098791
3746,BPRES-2025-08686,2025-07-18,100000,Renovation,Renovation,Completed,UPPER TANTALLON,District 13,0,2,Dwelling - Single Detached,44.68621461572248,-63.86577759265681
3747,BPRES-2025-08727,2025-06-16,315000,New Building,New Building,Completed,DARTMOUTH,District 06,1,3,Dwelling - Single Detached,44.71486850724387,-63.54394687821952
3748,BPRES-2025-08782,,4500,Renovation,Renovation,Applicant Revisions,SHEET HARBOUR,District 02,1,2,Dwelling - Single Detached,44.927710952480545,-62.54324753644009
3749,BPRES-2025-08832,2025-06-18,60000,New Building,New Building,Issued,BEAVER BANK,District 15,0,1,Accessory Structure,44.873170801347264,-63.68099031542601
3750,BPRES-2025-08933,2025-06-16,300000,New Building,New Building,Completed,BEECHVILLE,District 12,1,3,Dwelling - Single Detached,44.63646210772151,-63.67648714076076
3751,BPRES-2025-08979,2025-07-22,50000,Renovation,Renovation,Issued,DARTMOUTH,District 06,2,2,Dwelling - Multiple Units,44.68614339851265,-63.505892733840895
3752,BPRES-2025-09053,2025-06-19,200000,New Building,New Building,Issued,BEECHVILLE,District 12,1,3,Dwelling - Single Detached,44.63748008891882,-63.67471723677075
3753,BPRES-2025-09124,2025-06-18,37000,New Building,New Building,Completed,WYSES CORNER,District 01,0,1,Accessory Structure,44.96221940445918,-63.31127911297826
3754,BPRES-2025-09198,2025-07-04,85000,Renovation,Renovation,Completed,HALIFAX,District 11,1,3,Dwelling - Multiple Units,44.61829727609818,-63.61362000083862
3755,BPRES-2025-09267,2025-08-21,93000,Addition,Addition,Amendment Application Incomplete,HALIFAX,District 11,0,2,Dwelling - Single Detached,44.621708935616326,-63.5845674175005
3756,BPRES-2025-09309,2025-09-02,1095000,New Building,New Building,Issued,SHIP HARBOUR,District 02,1,2,Dwelling - Single Detached,44.81354171745056,-62.85535079143644
3757,BPRES-2025-09397,2025-07-21,1250000,New Building,New Building,Issued,,District 06,5,3,Dwelling - Townhouse,,
3758,BPRES-2025-09437,2025-07-04,80000,Renovation,Renovation,Issued,HUBBARDS,District 13,1,2,Dwelling - Multiple Units,44.629457061141586,-64.04045142511889
3759,BPRES-2025-09512,2025-08-07,80000,Addition,Addition,Issued,WAVERLEY,District 01,0,2,Dwelling - Single Detached,44.756035549549665,-63.57158583465509
3760,BPRES-2025-09558,2025-07-10,59000,New Building,New Building,Completed,PORTUGUESE COVE,District 11,0,1,Accessory Structure,44.51279447064104,-63.53870026559112
3761,BPRES-2025-09684,2025-07-08,285000,New Building,New Building,Issued,BEAVER BANK,District 15,1,2,Dwelling - Single Detached,44.82652361553036,-63.67327193848351
3762,BPRES-2025-09705,2025-07-10,428000,New Building,New Building,Issued,DARTMOUTH,District 06,1,2,Dwelling - Single Detached,44.71552824309724,-63.53988058617004
3763,BPRES-2025-09821,,120000,New Building,New Building,Application Incomplete,OSTREA LAKE,District 02,1,2,Dwelling - Backyard Suite,44.753709918038744,-63.108160119299065
3764,BPRES-2025-09911,2025-07-21,30000,Renovation,Renovation,Issued,COW BAY,District 03,1,2,Dwelling - Single Detached,44.6255954687247,-63.44667612430049
3765,BPRES-2025-09965,2025-07-03,40000,New Building,New Building,Issued,HAMMONDS PLAINS,District 14,0,1,Accessory Structure,44.75801028965394,-63.798687233950645
3766,BPRES-2025-10037,2025-08-12,25000,Addition,Addition,Issued,LAWRENCETOWN,District 02,0,1,Accessory Structure,44.683175426851356,-63.43507665649218
3767,BPRES-2025-10133,2025-08-11,30000,New Building,New Building,Issued,PROSPECT,District 13,0,1,Accessory Structure,44.49144029682422,-63.796814261823705
3768,BPRES-2025-10207,2025-11-04,375000,New Building,New Building,Issued,CLAM BAY,District 02,1,1,Dwelling - Single Detached,44.735913679632844,-62.9259620290275
3769,BPRES-2025-10276,2025-07-31,57556,Renovation,Renovation,Completed,LOWER SACKVILLE,District 15,0,2,Dwelling - Single Detached,44.78812090162728,-63.68665607333971
3770,BPRES-2025-10327,2025-08-13,200000,New Building,New Building,Issued,MIDDLE SACKVILLE,District 14,1,2,Dwelling - Single Detached,44.80308865003761,-63.76273181666002
3771,BPRES-2025-10370,2025-10-29,800000,New Building,New Building,Completed,HALIFAX,District 09,6,3,Dwelling - Multiple Units,44.6530989952425,-63.616420269160166
3772,BPRES-2025-10425,2025-08-08,240000,New Building,New Building,Amendment Applicant Revisions,COW BAY,District 03,2,1,Dwelling - Single Detached,44.61974246785224,-63.439540024125954
3773,BPRES-2025-10514,2025-09-17,42000,New Building,New Building,Completed,EAST PETPESWICK,District 02,0,1,Accessory Structure,44.6983149791544,-63.14096565477107
3774,BPRES-2025-10557,2025-07-24,75600,New Building,New Building,Issued,UPPER TANTALLON,District 13,0,2,Accessory Structure,44.723938202985366,-63.877457626122165
3775,BPRES-2025-10592,2025-09-11,100000,New Building,New Building,Issued,EAST JEDDORE,District 02,1,1,Dwelling - Single Detached,44.74424056831969,-63.0126109933137
3776,BPRES-2025-10683,2025-07-31,500000,New Building,New Building,Issued,MIDDLE SACKVILLE,District 14,1,1,Dwelling - Single Detached,44.79386399052517,-63.75888127434353
3777,BPRES-2025-10773,2026-03-31,6900,New Building,New Building,Issued,CHAPLIN,District 01,0,1,Accessory Structure,45.207671312293144,-62.85148119250095
3778,BPRES-2025-10835,2026-03-17,400000,New Building,New Building,Issued,LOWER PROSPECT,District 13,1,3,Dwelling - Single Detached,44.45940393454549,-63.721334249338035
3779,BPRES-2025-10924,2025-09-25,25000,Addition,Addition,Issued,LOWER SACKVILLE,District 15,0,1,Dwelling - Single Detached,44.77267964092513,-63.68693590101017
3780,BPRES-2025-11105,2025-08-20,10000,Renovation,Renovation,Issued,HALIFAX,District 09,1,2,Dwelling - Semi-Detached,44.64638400731343,-63.60172447010406
3781,BPRES-2025-11166,2025-08-07,17000,Renovation,Renovation,Completed,LOWER SACKVILLE,District 15,0,2,Dwelling - Single Detached,44.758578114404074,-63.6786525490025
3782,BPRES-2025-11233,2025-08-21,40000,Renovation,Renovation,Completed,LOWER SACKVILLE,District 15,1,2,Dwelling - Single Detached,44.786275806236596,-63.678960708378945
3783,BPRES-2025-11318,2025-09-05,750000,New Building,New Building,Issued,DARTMOUTH,District 06,2,3,Dwelling - Semi-Detached,44.71339157350665,-63.53941691335422
3784,BPRES-2025-11365,2025-07-30,275000,New Building,New Building,Issued,BEECHVILLE,District 12,1,3,Dwelling - Single Detached,44.63650417935458,-63.67455343449609
3785,BPRES-2025-11396,,278120,Renovation,Renovation,Withdrawn,HALIFAX,District 09,1,3,Dwelling - Multiple Units,44.64318099761321,-63.59024548449924
3786,BPRES-2025-11469,,200000,New Building,New Building,Withdrawn,CHASWOOD,District 01,1,1,Dwelling - Backyard Suite,45.04536601993503,-63.193940352540764
3787,BPRES-2025-11557,,150000,New Building,New Building,Applicant Revisions,WEST JEDDORE,District 02,1,2,Dwelling - Single Detached,44.722859751168976,-63.00977740578763
3788,BPRES-2025-11632,2025-08-13,60000,New Building,New Building,Completed,CLAM BAY,District 02,0,1,Accessory Structure,44.7300977167127,-62.92786123501942
3789,BPRES-2025-11658,2025-08-12,30000,New Building,New Building,Issued,DUNCANS COVE,District 11,0,1,Accessory Structure,44.500305377915026,-63.54254363924945
3790,BPRES-2025-11817,,6000,Renovation,Renovation,Applicant Revisions,LOWER SACKVILLE,District 15,1,1,Dwelling - Multiple Units,44.78146196944477,-63.69718437657975
3791,BPRES-2025-11834,2025-08-15,400000,New Building,New Building,Issued,HALIFAX,District 11,4,3,Dwelling - Semi-Detached,44.58675035211458,-63.588881881580555
3792,BPRES-2025-11890,2025-08-18,800000,New Building,New Building,Issued,TIMBERLEA,District 12,1,2,Dwelling - Single Detached,44.64392695791914,-63.72245323943771
3793,BPRES-2025-11931,2025-08-06,300000,New Building,New Building,Issued,TIMBERLEA,District 12,1,3,Dwelling - Single Detached,44.64514371360287,-63.72635579901897
3794,BPRES-2025-11980,2025-09-18,50000,New Building,New Building,Issued,EAST PETPESWICK,District 02,0,1,Accessory Structure,44.71075460708806,-63.16254875226095
3795,BPRES-2025-12038,,100000,New Building,New Building,Withdrawn,TIMBERLEA,District 12,0,1,Accessory Structure,44.67937464685217,-63.77695490319073
3796,BPRES-2025-12120,2025-12-12,500000,New Building,New Building,Amendment Review,DARTMOUTH,District 05,2,2,Dwelling - Multiple Units,44.666483396573426,-63.57461949642373
3797,BPRES-2025-12145,2025-08-28,32000,New Building,New Building,Completed,BEAVER BANK,District 15,0,1,Accessory Structure,44.88949769723626,-63.69942476739241
3798,BPRES-2025-12230,2025-09-09,280000,New Building,New Building,Completed,FALL RIVER,District 01,1,1,Dwelling - Single Detached,44.84298376840114,-63.64423698267087
3799,BPRES-2025-12314,2025-08-19,27000,New Building,New Building,Completed,WESTPHAL,District 04,0,1,Accessory Structure,44.69661438133663,-63.480850206037445
3800,BPRES-2025-12378,,48000,New Building,New Building,Applicant Revisions,WELLINGTON,District 01,0,1,Accessory Structure,44.86313077221314,-63.62763330537628
3801,BPRES-2025-12469,2026-04-09,80000,Addition,Addition,Issued,DARTMOUTH,District 06,0,2,Dwelling - Single Detached,44.67367168575851,-63.50541384199614
3802,BPRES-2025-12509,2025-09-08,375000,New Building,New Building,Issued,DARTMOUTH,District 06,1,3,Dwelling - Single Detached,44.71656524897137,-63.53826878683628
3803,BPRES-2025-12553,,25000,Renovation,Renovation,Withdrawn,HALIFAX,District 10,0,2,Dwelling - Single Detached,44.67444476527167,-63.650159730995405
3804,BPRES-2025-12647,2025-09-12,20000,New Building,New Building,Issued,HAMMONDS PLAINS,District 14,0,1,Accessory Structure,44.77667852463303,-63.765750750017034
3805,BPRES-2025-12702,,60000,New Building,New Building,Withdrawn,,District 02,0,1,Accessory Structure,44.72012365784459,-63.16338916651419
3806,BPRES-2025-12758,2025-10-06,19875,Renovation,Renovation,Completed,HALIFAX,District 12,0,2,Dwelling - Single Detached,44.66358029137184,-63.66562181778463
3807,BPRES-2025-12876,2025-09-09,250000,New Building,New Building,Issued,TANTALLON,District 13,1,1,Dwelling - Backyard Suite,44.6662242265858,-63.89711282647406
3808,BPRES-2025-12997,2025-09-10,20000,New Building,New Building,Completed,MIDDLE SACKVILLE,District 14,0,1,Accessory Structure,44.78735393379536,-63.74275200344525
3809,BPRES-2025-13064,,1000,Renovation,Renovation,Applicant Revisions,WESTPHAL,District 04,1,2,Dwelling - Multiple Units,44.69993317029189,-63.461629732622015
3810,BPRES-2025-13174,2025-11-26,65000,New Building,New Building,Issued,HACKETTS COVE,District 13,0,2,Accessory Structure,44.54593763673781,-63.93518081451966
3811,BPRES-2025-13247,2025-08-28,29000,New Building,New Building,Issued,LAKE ECHO,District 02,0,1,Accessory Structure,44.72578648578607,-63.4009028305894
3812,BPRES-2025-13282,,40000,New Building,New Building,Withdrawn,LOWER SACKVILLE,District 15,0,1,Accessory Structure,44.78547135777028,-63.69247718709284
3813,BPRES-2025-13326,,70537,Addition,Addition,Withdrawn,HALIFAX,District 11,6,3,Dwelling - Multiple Units,44.60958254240611,-63.61625840707493
3814,BPRES-2025-13362,2025-09-10,650000,New Building,New Building,Completed,WHITES LAKE,District 13,1,1,Dwelling - Single Detached,44.51943993282152,-63.7577235925506
3815,BPRES-2025-13409,2025-11-07,300000,Renovation,Renovation,Issued,HALIFAX,District 09,0,2,Dwelling - Multiple Units,44.64809185305885,-63.59700576377823
3816,BPRES-2025-13458,2025-09-23,390000,New Building,New Building,Issued,BEDFORD,District 16,1,2,Dwelling - Single Detached,44.70903130986463,-63.728080544419164
3817,BPRES-2025-13642,2025-09-17,1000000,New Building,New Building,Issued,UPPER TANTALLON,District 13,4,1,Dwelling - Townhouse,44.69861324216217,-63.89011715641291
3818,BPRES-2025-13707,,20000,Renovation,Renovation,Cancelled,COLE HARBOUR,District 04,1,2,Dwelling - Multiple Units,44.65212867335212,-63.47384884002837
3819,BPRES-2025-13725,2025-11-06,750000,New Building,New Building,Issued,DARTMOUTH,District 05,6,3,Dwelling - Multiple Units,44.688521054078024,-63.568707731486626
3820,BPRES-2025-13790,2025-10-24,200000,New Building,New Building,Issued,EASTERN PASSAGE,District 03,1,1,Dwelling - Single Detached,44.6078762165337,-63.48879023228865
3821,BPRES-2025-13911,2025-09-16,350000,New Building,New Building,Issued,DARTMOUTH,District 06,2,3,Dwelling - Semi-Detached,44.71346127234979,-63.540177609574506
3822,BPRES-2025-13975,,10000,New Building,New Building,Application Incomplete,,District 02,0,1,Accessory Structure,44.756088332135306,-63.17522160650054
3823,BPRES-2025-14069,2025-12-30,25000,Addition,Addition,Issued,MUSQUODOBOIT HARBOUR,District 02,0,1,Dwelling - Single Detached,44.79025352309727,-63.11809791767758
3824,BPRES-2025-14136,2025-11-04,300000,New Building,New Building,Issued,WEST PORTERS LAKE,District 02,1,1,Dwelling - Single Detached,44.67829674363746,-63.32997695416708
3825,BPRES-2025-14225,2025-09-17,700000,New Building,New Building,Issued,BOUTILIERS POINT,District 13,1,2,Dwelling - Single Detached,44.67321532965106,-63.93086755171643
3826,BPRES-2025-14260,2025-10-20,400000,New Building,New Building,Issued,HERRING COVE,District 11,2,1,Dwelling - Semi-Detached,44.579962880413326,-63.57424204751513
3827,BPRES-2025-14307,2025-09-22,25000,Renovation,Renovation,Issued,UPPER TANTALLON,District 13,0,3,Dwelling - Single Detached,44.724347917635725,-63.87984916297593
3828,BPRES-2025-14379,2025-09-26,5000,Renovation,Renovation,Amendment Review,DARTMOUTH,District 05,0,3,Dwelling - Multiple Units,44.68610934343934,-63.58353504122579
3829,BPRES-2025-14469,2025-10-27,60000,Addition,Addition,Completed,UPPER SACKVILLE,District 14,0,1,Dwelling - Single Detached,44.8135294498549,-63.76262433970295
3830,BPRES-2025-14553,2025-10-02,1500,Renovation,Renovation,Completed,TIMBERLEA,District 12,0,2,Dwelling - Semi-Detached,44.65141733367373,-63.73680240283077
3831,BPRES-2025-14603,2025-10-07,14000,New Building,New Building,Issued,,District 01,0,1,Accessory Structure,44.76980205815297,-63.580383060163605
3832,BPRES-2025-14675,2025-09-25,340000,New Building,New Building,Issued,DARTMOUTH,District 06,1,2,Dwelling - Single Detached,44.716017901655356,-63.53883506522792
3833,BPRES-2025-14718,2025-11-13,100000,Addition,Addition,Issued,HALIFAX,District 09,0,2,Dwelling - Single Detached,44.643466763489684,-63.60579838238965
3834,BPRES-2025-14782,2025-10-22,14000,Addition,Addition,Issued,EAST SHIP HARBOUR,District 02,0,1,Dwelling - Single Detached,44.77682875317771,-62.794813491302314
3835,BPRES-2025-14852,,10000,New Building,New Building,Application Incomplete,HALIFAX,District 12,0,1,Accessory Structure,44.67178466042024,-63.67271474067383
3836,BPRES-2025-14920,2025-10-01,30000,New Building,New Building,Issued,MIDDLE SACKVILLE,District 14,0,1,Accessory Structure,44.81248709488458,-63.71980327507036
3837,BPRES-2025-14971,2025-10-24,410000,New Building,New Building,Amendment Applicant Revisions,HATCHET LAKE,District 13,2,3,Dwelling - Multiple Units,44.56531171745192,-63.71448457585403
3838,BPRES-2025-14988,2025-10-14,100000,Renovation,Renovation,Completed,BEDFORD,District 16,0,2,Dwelling - Single Detached,44.71087539397535,-63.684796775312584
3839,BPRES-2025-15008,2025-10-24,600000,New Building,New Building,Issued,HALIFAX,District 11,4,3,Dwelling - Semi-Detached,44.60222313246939,-63.604275680878686
3840,BPRES-2025-15085,2026-05-25,32000,New Building,New Building,Issued,LOWER SACKVILLE,District 15,0,1,Accessory Structure,44.77116819109973,-63.632914761572835
3841,BPRES-2025-15166,2025-10-10,85000,Renovation,Renovation,Issued,DARTMOUTH,District 05,0,4,Dwelling - Multiple Units,44.680654082706276,-63.59146716528498
3842,BPRES-2025-15269,2025-10-15,25000,Renovation,Renovation,Completed,HALIFAX,District 07,1,3,Dwelling - Multiple Units,44.632646614211225,-63.584144230180534
3843,BPRES-2025-15341,2025-10-28,500000,New Building,New Building,Issued,CLAM BAY,District 02,1,1,Dwelling - Single Detached,44.72826063197822,-62.939493966572066
3844,BPRES-2025-15433,2025-10-17,400000,New Building,New Building,Issued,LAKE ECHO,District 02,1,2,Dwelling - Single Detached,44.73008220264947,-63.382331922435235
3845,BPRES-2025-15471,2025-10-10,500000,New Building,New Building,Completed,MIDDLE SACKVILLE,District 14,1,1,Dwelling - Single Detached,44.813445579843346,-63.7131210141514
3846,BPRES-2025-15566,2025-11-18,300000,New Building,New Building,Issued,MEAGHERS GRANT,District 01,1,1,Dwelling - Single Detached,44.9121614421736,-63.206306623295525
3847,BPRES-2025-15652,2025-11-12,80000,New Building,New Building,Issued,HEAD OF ST MARGARETS BAY,District 13,1,2,Dwelling - Backyard Suite,44.67669502915092,-63.92294255702494
3848,BPRES-2025-15721,2025-10-14,130000,Renovation,Renovation,Completed,HALIFAX,District 07,0,5,Dwelling - Multiple Units,44.63750457675961,-63.57031902758681
3849,BPRES-2025-15760,,475000,New Building,New Building,Withdrawn,PORTERS LAKE,District 02,1,2,Dwelling - Single Detached,44.73583873552844,-63.29233253590822
3850,BPRES-2025-15815,,12000,New Building,New Building,Applicant Revisions,WINDSOR JUNCTION,District 01,0,1,Accessory Structure,44.780010184068495,-63.62300958114278
3851,BPRES-2025-15870,2025-10-30,500000,New Building,New Building,Issued,HERRING COVE,District 11,2,2,Dwelling - Semi-Detached,44.580071433396874,-63.57482245859329
3852,BPRES-2025-15906,2025-10-31,450000,New Building,New Building,Issued,BEDFORD,District 16,1,3,Dwelling - Single Detached,44.70936295883677,-63.72936941774525
3853,BPRES-2025-15966,2026-01-27,150000,Addition,Addition,Issued,HALIFAX,District 07,0,3,Dwelling - Multiple Units,44.64068430822078,-63.59793499240909
3854,BPRES-2025-16021,,450000,New Building,New Building,Withdrawn,FALL RIVER,District 01,1,2,Dwelling - Single Detached,44.83968916066771,-63.64253703606695
3855,BPRES-2025-16046,2025-11-03,325000,New Building,New Building,Issued,GOFFS,District 01,1,1,Dwelling - Single Detached,44.8848699300996,-63.48306157612785
3856,BPRES-2025-16119,2025-12-01,500000,New Building,New Building,Issued,HALIFAX,District 11,4,2,Dwelling - Semi-Detached,44.60203782278749,-63.60569021362267
3857,BPRES-2025-16153,2026-03-05,75000,Addition,Addition,Issued,HALIFAX,District 10,0,2,Dwelling - Single Detached,44.66793023024473,-63.654089883070604
3858,BPRES-2025-16197,2025-11-04,85000,Addition,Addition,Issued,DARTMOUTH,District 03,0,1,Dwelling - Single Detached,44.66705116073868,-63.510657351182914
3859,BPRES-2025-16277,2025-12-15,100000,New Building,New Building,Issued,HALIFAX,District 08,1,2,Dwelling - Backyard Suite,44.64952116041439,-63.59364706116621
3860,BPRES-2025-16319,2025-11-13,1200000,New Building,New Building,Issued,HAMMONDS PLAINS,District 14,2,2,Dwelling - Multiple Units,44.72111131476433,-63.7694282241315
3861,BPRES-2025-16374,,700000,New Building,New Building,Withdrawn,HERRING COVE,District 11,2,2,Dwelling - Semi-Detached,44.57970285905239,-63.575232732164835
3862,BPRES-2025-16456,2025-11-13,350000,New Building,New Building,Issued,HARRIETSFIELD,District 11,1,2,Dwelling - Single Detached,44.54368138439255,-63.64551072836892
3863,BPRES-2025-16503,2025-11-04,1850,Renovation,Renovation,Completed,BEDFORD,District 16,0,2,Dwelling - Single Detached,44.70985137755611,-63.682303393540366
3864,BPRES-2025-16615,,600,Renovation,Renovation,Withdrawn,LAWRENCETOWN,District 02,1,1,Dwelling - Multiple Units,44.68381583323854,-63.42849255023816
3865,BPRES-2025-16679,2025-12-01,600000,New Building,New Building,Issued,MUSQUODOBOIT HARBOUR,District 02,1,2,Dwelling - Single Detached,44.8002802322056,-63.1611503644989
3866,BPRES-2025-16772,2025-12-15,450000,New Building,New Building,Amendment Applicant Revisions,HALIFAX,District 10,4,2,Dwelling - Multiple Units,44.684192864929074,-63.661414108648586
3867,BPRES-2025-16834,2025-11-27,240000,New Building,New Building,Issued,HALIFAX,District 11,1,3,Dwelling - Single Detached,44.60916221590159,-63.60298137497658
3868,BPRES-2025-16880,2025-11-13,,New Building,New Building,Issued,MIDDLE SACKVILLE,District 14,1,1,Dwelling - Single Detached,44.79900195738541,-63.76871498465588
3869,BPRES-2025-16945,2025-11-17,700000,New Building,New Building,Issued,FRENCH VILLAGE,District 13,1,2,Dwelling - Single Detached,44.629647007043,-63.918726301004696
3870,BPRES-2025-16991,2025-11-18,1200,New Building,New Building,Issued,NORTH PRESTON,District 04,0,1,Accessory Structure,44.74883592677785,-63.466653808717965
3871,BPRES-2025-17082,2025-12-16,257300,Addition,Addition,Issued,DARTMOUTH,District 05,2,2,Dwelling - Multiple Units,44.679493511148316,-63.59537291042383
3872,BPRES-2025-17157,2025-12-01,200000,New Building,New Building,Issued,HAMMONDS PLAINS,District 14,0,2,Accessory Structure,44.771323333865446,-63.75671017088701
3873,BPRES-2025-17251,2026-01-06,570000,New Building,New Building,Issued,FALL RIVER,District 01,1,1,Dwelling - Single Detached,44.841430823089944,-63.64130337863802
3874,BPRES-2025-17310,2025-11-18,35000,Addition,Addition,Completed,MINEVILLE,District 02,0,1,Dwelling - Single Detached,44.70539038782048,-63.38811254807488
3875,BPRES-2025-17397,2025-11-17,500000,New Building,New Building,Issued,MIDDLE SACKVILLE,District 14,1,1,Dwelling - Single Detached,44.80061555711939,-63.76422017038758
3876,BPRES-2025-17439,2025-12-11,20000,Renovation,Renovation,Issued,HALIFAX,District 10,1,2,Dwelling - Multiple Units,44.65400101434948,-63.63516026168424
3877,BPRES-2025-17485,2026-05-08,150000,New Building,New Building,Amendment Review,WEST PENNANT,District 11,1,2,Dwelling - Backyard Suite,44.4676846942217,-63.65398573825365
3878,BPRES-2025-17516,2025-12-16,200000,New Building,New Building,Issued,HALIFAX,District 09,1,2,Dwelling - Backyard Suite,44.6529080141455,-63.6162794359856
3879,BPRES-2025-17597,2026-05-13,120000,Addition,Addition,Issued,HAMMONDS PLAINS,District 14,1,2,Dwelling - Backyard Suite,44.720368521444726,-63.827311375537036
3880,BPRES-2025-17795,,20000,Renovation,Renovation,Applicant Revisions,HALIFAX,District 09,1,1,Dwelling - Multiple Units,44.65769482392043,-63.622453295168164
3881,BPRES-2025-17877,2025-12-01,90595.37,Renovation,Renovation,Issued,BEAVER BANK,District 15,0,2,Dwelling - Multiple Units,44.83319279327937,-63.680960467144004
3882,BPRES-2025-17944,2025-12-01,25000,New Building,New Building,Issued,DARTMOUTH,District 03,0,1,Accessory Structure,44.665153270417655,-63.55023575225281
3883,BPRES-2025-18023,,175000,Renovation,Renovation,Withdrawn,WEST PENNANT,District 11,1,2,Dwelling - Single Detached,44.467877870277086,-63.65437424714588
3884,BPRES-2025-18049,2025-12-01,400000,New Building,New Building,Issued,HALIFAX,District 11,4,3,Dwelling - Semi-Detached,44.58673807131732,-63.58962587190322
3885,BPRES-2025-18141,2026-04-02,15000,New Building,New Building,Issued,BEAVER BANK,District 15,0,1,Accessory Structure,44.82828867698111,-63.6827617600865
3886,BPRES-2025-18207,2025-12-09,560000,New Building,New Building,Completed,WELLINGTON,District 01,2,1,Dwelling - Multiple Units,44.8737386635629,-63.60048677258083
3887,BPRES-2025-18300,,70000,Renovation,Renovation,Withdrawn,HALIFAX,District 09,1,1,Dwelling - Backyard Suite,44.64111354285645,-63.60789931228516
3888,BPRES-2025-18399,2025-12-08,10000,New Building,New Building,Issued,PROSPECT,District 13,0,1,Accessory Structure,44.49256772736127,-63.811446221203866
3889,BPRES-2025-18454,2026-03-10,50000,New Building,New Building,Issued,HAMMONDS PLAINS,District 14,1,2,Dwelling - Backyard Suite,44.751658798936795,-63.788725486234775
3890,BPRES-2025-18547,2026-03-18,80000,Addition,Addition,Issued,HALIFAX,District 07,2,2,Dwelling - Multiple Units,44.63284859057412,-63.572606560233986
3891,BPRES-2025-18636,2025-12-16,3996,Renovation,Renovation,Issued,DARTMOUTH,District 06,0,2,Dwelling - Semi-Detached,44.67772444376742,-63.538161956144606
3892,BPRES-2025-18695,2026-04-24,942183,New Building,New Building,Issued,HALIFAX,District 10,4,2,Dwelling - Semi-Detached,44.67894474516822,-63.66029428303878
3893,BPRES-2025-18806,2026-03-16,180000,New Building,New Building,Issued,LAWRENCETOWN,District 02,1,1,Dwelling - Backyard Suite,44.70265572850773,-63.415658986418556
3894,BPRES-2025-18913,,1600000,New Building,New Building,In Review,HALIFAX,District 09,8,4,Dwelling - Multiple Units,44.6424880394483,-63.61521486373188
3895,BPRES-2025-18953,,800000,Renovation,Renovation,Application Incomplete,HERRING COVE,District 11,0,4,Dwelling - Single Detached,44.56378051797703,-63.55949137964391
3896,BPRES-2025-19020,2026-06-05,28000,New Building,New Building,Issued,EAST LAWRENCETOWN,District 02,0,1,Accessory Structure,44.67390508040874,-63.31924751142872
3897,BPRES-2025-19049,,80000,New Building,New Building,Applicant Revisions,GLEN HAVEN,District 13,0,1,Accessory Structure,44.648803084884705,-63.91440296275385
3898,BPRES-2025-19103,,200000,New Building,New Building,Applicant Revisions,HALIFAX,District 09,1,2,Dwelling - Backyard Suite,44.64276794806945,-63.62304900939669
3899,BPRES-2026-00041,,85000,Addition,Addition,Applicant Revisions,EASTERN PASSAGE,District 03,1,2,Dwelling - Multiple Units,44.60620390888844,-63.46597938435455
3900,BPRES-2026-00078,2026-03-24,400000,Addition,Addition,Issued,DARTMOUTH,District 06,0,1,Dwelling - Single Detached,44.70906624580952,-63.544255426741735
3901,BPRES-2026-00132,2026-01-21,509000,Renovation,Renovation,Completed,DUTCH SETTLEMENT,District 01,0,2,Dwelling - Single Detached,44.98727581469068,-63.43799424777665
3902,BPRES-2026-00200,2026-01-09,32422.97,Renovation,Renovation,Completed,BEAVER BANK,District 15,0,1,Dwelling - Single Detached,44.87460939338152,-63.69676283477986
3903,BPRES-2026-00243,,40000,Renovation,Renovation,Application Incomplete,LOWER SACKVILLE,District 15,1,2,Dwelling - Multiple Units,44.76661769483116,-63.693040393333135
3904,BPRES-2026-00293,2026-04-10,100000,New Building,New Building,Issued,MIDDLE PORTERS LAKE,District 02,0,2,Accessory Structure,44.69507325530337,-63.2955353700613
3905,BPRES-2026-00396,2026-01-22,27613,Addition,Addition,Completed,STILLWATER LAKE,District 13,0,1,Dwelling - Single Detached,44.69308539709776,-63.828646880124374
3906,BPRES-2026-00497,2026-01-16,18000,New Building,New Building,Completed,LUCASVILLE,District 14,0,1,Accessory Structure,44.762203686003616,-63.71361845207273
3907,BPRES-2026-00566,2026-05-20,150000,Renovation,Renovation,Issued,DARTMOUTH,District 03,2,2,Dwelling - Multiple Units,44.64843079464921,-63.539592253097325
3908,BPRES-2026-00604,,90000,New Building,New Building,Withdrawn,LOWER SACKVILLE,District 15,0,1,Accessory Structure,44.76863324205888,-63.680366433954404
3909,BPRES-2026-00648,,15000,Renovation,Renovation,Applicant Revisions,WAVERLEY,District 01,1,1,Dwelling - Multiple Units,44.785481177708206,-63.60338287729943
3910,BPRES-2026-00684,2026-01-28,500000,New Building,New Building,Issued,DEVON,District 01,1,1,Dwelling - Single Detached,44.900191975086834,-63.43105673750403
3911,BPRES-2026-00777,2026-04-20,35000,Renovation,Renovation,Issued,HALIFAX,District 10,1,1,Dwelling - Multiple Units,44.6474674098926,-63.642597200511176
3912,BPRES-2026-00892,2026-04-10,10000,Renovation,Renovation,Issued,LOWER SACKVILLE,District 15,1,1,Dwelling - Single Detached,44.786505623693884,-63.694036085911364
3913,BPRES-2026-00989,,100000,Renovation,Renovation,Applicant Revisions,DARTMOUTH,District 05,1,2,Dwelling - Backyard Suite,44.66889752786619,-63.562468600096054
3914,BPRES-2026-01066,2026-02-06,700000,New Building,New Building,Issued,OAKFIELD,District 01,1,1,Dwelling - Single Detached,44.91350927135422,-63.58344647957143
3915,BPRES-2026-01122,,300000,New Building,New Building,Applicant Revisions,BOUTILIERS POINT,District 13,1,2,Dwelling - Backyard Suite,44.66758988941329,-63.96274242982118
3916,BPRES-2026-01240,2026-02-23,80000,Renovation,Renovation,Issued,HAMMONDS PLAINS,District 14,1,1,Dwelling - Multiple Units,44.726087882568315,-63.82749651668454
3917,BPRES-2026-01326,2026-02-11,350000,Addition,Addition,Amendment Review,HALIFAX,District 09,0,2,Dwelling - Single Detached,44.64314461647226,-63.611801260464716
3918,BPRES-2026-01409,2026-02-13,550000,New Building,New Building,Issued,WHITES LAKE,District 13,1,1,Dwelling - Single Detached,44.521068821447315,-63.7556413983505
3919,BPRES-2026-01472,2026-03-18,500000,New Building,New Building,Issued,BEAVER BANK,District 15,1,1,Dwelling - Single Detached,44.849168280823505,-63.68134928580646
3920,BPRES-2026-01543,2026-03-20,150000,Addition,Addition,Issued,HALIFAX,District 09,0,2,Dwelling - Single Detached,44.64406481080631,-63.61498541725115
3921,BPRES-2026-01579,2026-03-25,20000,New Building,New Building,Issued,HERRING COVE,District 11,0,1,Accessory Structure,44.56385000402233,-63.56973514896553
3922,BPRES-2026-01663,2026-03-11,100000,New Building,New Building,Issued,MIDDLE SACKVILLE,District 14,0,1,Accessory Structure,44.79575836012628,-63.76826829592422
3923,BPRES-2026-01693,2026-03-12,260000,New Building,New Building,Issued,MYERS POINT,District 02,1,1,Dwelling - Single Detached,44.77280563838243,-63.041290385559414
3924,BPRES-2026-01780,,45000,Addition,Addition,Applicant Revisions,EAST PENNANT,District 11,1,2,Dwelling - Multiple Units,44.46973073280897,-63.63167652730759
3925,BPRES-2026-01839,2026-05-04,100000,Addition,Addition,Issued,COLE HARBOUR,District 04,0,2,Dwelling - Single Detached,44.657167364958994,-63.482263738498766
3926,BPRES-2026-01935,2026-04-13,100000,New Building,New Building,Issued,PORTERS LAKE,District 02,0,2,Accessory Structure,44.74208033013224,-63.31613671526451
3927,BPRES-2026-02002,2026-03-03,350000,New Building,New Building,Issued,DARTMOUTH,District 06,1,3,Dwelling - Single Detached,44.71528865845226,-63.53929190807958
3928,BPRES-2026-02067,2026-03-31,150000,Addition,Addition,Issued,DARTMOUTH,District 05,0,1,Dwelling - Single Detached,44.681630440554166,-63.56810250788295
3929,BPRES-2026-02183,2026-05-12,1156351,New Building,New Building,Amendment Review,WEST DOVER,District 13,2,1,Dwelling - Multiple Units,44.504103098461215,-63.8781453051292
3930,BPRES-2026-02236,2026-06-03,400000,Addition,Addition,Issued,HALIFAX,District 07,0,2,Dwelling - Single Detached,44.629696666019775,-63.5889085776115
3931,BPRES-2026-02324,2026-03-13,30500,New Building,New Building,Completed,WYSES CORNER,District 01,0,1,Accessory Structure,44.9629186591317,-63.27183437183789
3932,BPRES-2026-02357,2026-04-02,125000,New Building,New Building,Issued,DARTMOUTH,District 03,1,2,Dwelling - Backyard Suite,44.665588922699555,-63.54012618474588
3933,BPRES-2026-02411,,6440,New Building,New Building,Applicant Revisions,MIDDLE MUSQUODOBOIT,District 01,0,1,Accessory Structure,45.026282418027186,-63.159457999934936
3934,BPRES-2026-02479,2026-04-23,500000,New Building,New Building,Issued,HERRING COVE,District 11,2,3,Dwelling - Semi-Detached,44.57952248693257,-63.57483644822146
3935,BPRES-2026-02527,,,Addition,Addition,Withdrawn,HERRING COVE,District 11,0,,Dwelling - Single Detached,44.58013927016856,-63.58009338086707
3936,BPRES-2026-02659,2026-03-25,170000,Addition,Addition,Issued,UPPER HAMMONDS PLAINS,District 14,0,1,Dwelling - Single Detached,44.745424418925055,-63.832275444090364
3937,BPRES-2026-02704,2026-03-20,180000,New Building,New Building,Issued,MIDDLE SACKVILLE,District 14,2,2,Dwelling - Multiple Units,44.802147785023735,-63.763282834219844
3938,BPRES-2026-02783,2026-03-20,13700,Renovation,Renovation,Completed,COLE HARBOUR,District 04,0,2,Dwelling - Semi-Detached,44.67551701729168,-63.48966219847769
3939,BPRES-2026-02806,2026-05-20,200000,New Building,New Building,Issued,BEDFORD,District 16,5,3,Dwelling - Townhouse,44.706785932208255,-63.70886609257623
3940,BPRES-2026-02860,2026-03-31,320000,New Building,New Building,Issued,TANTALLON,District 13,1,1,Dwelling - Backyard Suite,44.667986982344814,-63.90280857210158
3941,BPRES-2026-02921,2026-03-17,440000,New Building,New Building,Issued,GAETZ BROOK,District 02,1,1,Dwelling - Single Detached,44.7657744853032,-63.21517085843196
3942,BPRES-2026-02959,2026-04-21,400000,New Building,New Building,Issued,HALIFAX,District 11,4,3,Dwelling - Semi-Detached,44.59885783460606,-63.60066668940701
3943,BPRES-2026-02961,2026-04-21,400000,New Building,New Building,Issued,HALIFAX,District 11,4,3,Dwelling - Semi-Detached,44.598883948417864,-63.601472294112284
3944,BPRES-2026-02963,2026-04-21,400000,New Building,New Building,Issued,HALIFAX,District 11,4,3,Dwelling - Semi-Detached,44.598640728717136,-63.60118719648386
3945,BPRES-2026-02972,2026-03-19,600000,New Building,New Building,Issued,BEDFORD,District 16,1,3,Dwelling - Single Detached,44.710405326248704,-63.72577556555246
3946,BPRES-2026-03025,2026-03-26,15000,New Building,New Building,Issued,LAKEVIEW,District 01,0,1,Accessory Structure,44.76590934720084,-63.62755110961368
3947,BPRES-2026-03115,2026-04-07,210000,New Building,New Building,Issued,HAMMONDS PLAINS,District 14,1,1,Dwelling - Backyard Suite,44.7056761605107,-63.823567223474264
3948,BPRES-2026-03164,2026-04-13,67628,Addition,Addition,Issued,HALIFAX,District 09,0,3,Dwelling - Single Detached,44.643874119774246,-63.60840410792577
3949,BPRES-2026-03268,2026-04-16,40000,New Building,New Building,Issued,MIDDLE SACKVILLE,District 14,0,1,Accessory Structure,44.80572582396408,-63.76422392539896
3950,BPRES-2026-03356,,75000,Addition,Addition,Applicant Revisions,HALIFAX,District 11,1,2,Dwelling - Backyard Suite,44.606329622282495,-63.6126127237411
3951,BPRES-2026-03413,2026-04-20,400000,New Building,New Building,Issued,HALIFAX,District 11,4,3,Dwelling - Semi-Detached,44.58704990587173,-63.589274377859375
3952,BPRES-2026-03464,2026-04-30,300000,Renovation,Renovation,Issued,LOWER SACKVILLE,District 15,0,2,Dwelling - Single Detached,44.77227111942912,-63.666850770860755
3953,BPRES-2026-03514,2026-04-21,1158446,New Building,New Building,Issued,DARTMOUTH,District 03,6,3,Dwelling - Townhouse,44.66297483732021,-63.539285867659224
3954,BPRES-2026-03556,2026-04-17,125000,New Building,New Building,Issued,LOWER EAST CHEZZETCOOK,District 02,1,1,Dwelling - Backyard Suite,44.68380770808409,-63.21668256798074
3955,BPRES-2026-03594,2026-04-24,934119,New Building,New Building,Issued,DARTMOUTH,District 03,6,2,Dwelling - Townhouse,44.663245518271644,-63.5389379433867
3956,BPRES-2026-03641,2026-04-13,400000,New Building,New Building,Issued,MIDDLE SACKVILLE,District 14,1,1,Dwelling - Single Detached,44.80325414264744,-63.76456892706909
3957,BPRES-2026-03710,2026-04-14,425000,New Building,New Building,Issued,BEDFORD,District 16,1,2,Dwelling - Single Detached,44.70972192815861,-63.72676751798185
3958,BPRES-2026-03811,,350000,New Building,New Building,Withdrawn,,District 13,1,1,Dwelling - Backyard Suite,44.6994122677939,-63.889483497339874
3959,BPRES-2026-03862,2026-04-29,85000,Renovation,Renovation,Issued,HALIFAX,District 07,1,3,Dwelling - Multiple Units,44.639697626006054,-63.59527923060867
3960,BPRES-2026-03889,2026-04-28,492870,New Building,New Building,Issued,LUCASVILLE,District 14,1,1,Dwelling - Single Detached,44.768707827581515,-63.71793823020737
3961,BPRES-2026-03939,2026-04-27,200000,New Building,New Building,Amendment Application Incomplete,MIDDLE SACKVILLE,District 14,1,3,Dwelling - Single Detached,44.79353643393599,-63.76622172229105
3962,BPRES-2026-04007,2026-05-01,200000,New Building,New Building,Issued,HEAD OF JEDDORE,District 02,1,1,Dwelling - Single Detached,44.74513577873813,-63.05727976748349
3963,BPRES-2026-04063,2026-05-19,500000,New Building,New Building,Issued,COW BAY,District 03,1,2,Dwelling - Single Detached,44.620456148203644,-63.44140725315121
3964,BPRES-2026-04118,2026-04-15,325000,New Building,New Building,Issued,HEAD OF JEDDORE,District 02,1,1,Dwelling - Single Detached,44.74630844944548,-63.05522997273197
3965,BPRES-2026-04172,2026-05-11,120000,Addition,Addition,Issued,MYERS POINT,District 02,0,1,Dwelling - Single Detached,44.7657475025754,-63.04471502420681
3966,BPRES-2026-04277,2026-04-28,200000,New Building,New Building,Issued,LAWRENCETOWN,District 02,1,1,Dwelling - Backyard Suite,44.694792666670594,-63.430710107672404
3967,BPRES-2026-04366,2026-06-22,257311.23,Renovation,Renovation,Issued,COLE HARBOUR,District 04,1,2,Dwelling - Semi-Detached,44.67528638084444,-63.48953377087229
3968,BPRES-2026-04394,2026-04-21,65000,Renovation,Renovation,Issued,HALIFAX,District 07,0,1,Dwelling - Single Detached,44.630622631485394,-63.58372044936139
3969,BPRES-2026-04430,2026-06-10,45000,Renovation,Renovation,Issued,HAMMONDS PLAINS,District 14,1,2,Dwelling - Multiple Units,44.72383790610013,-63.82310361825205
3970,BPRES-2026-04474,2026-05-25,1400000,New Building,New Building,Issued,HALIFAX,District 11,4,2,Dwelling - Semi-Detached,44.598505134180854,-63.60107340261069
3971,BPRES-2026-04542,2026-06-16,150000,Addition,Addition,Issued,HALIFAX,District 09,0,2,Dwelling - Single Detached,44.63668263810428,-63.623928399064546
3972,BPRES-2026-04585,2026-05-07,100000,Addition,Addition,Issued,TANTALLON,District 13,0,2,Dwelling - Single Detached,44.65387165783386,-63.912530996797706
3973,BPRES-2026-04645,2026-05-15,400000,New Building,New Building,Amendment Review,FALL RIVER,District 01,1,1,Dwelling - Single Detached,44.84360462920854,-63.64276865385608
3974,BPRES-2026-04684,2026-05-11,400000,New Building,New Building,Issued,HAMMONDS PLAINS,District 14,1,2,Dwelling - Single Detached,44.72251087984506,-63.84052615978083
3975,BPRES-2026-04735,,8000,Addition,Addition,Applicant Revisions,MIDDLE SACKVILLE,District 14,0,2,Dwelling - Single Detached,44.82338569852533,-63.718389240874295
3976,BPRES-2026-04806,2026-04-27,25000,New Building,New Building,Issued,CONROD SETTLEMENT,District 02,0,1,Accessory Structure,44.75540369156674,-63.24256400723521
3977,BPRES-2026-04884,2026-06-18,810000,New Building,New Building,Issued,BEDFORD,District 16,1,3,Dwelling - Single Detached,44.710047459855055,-63.725429748204974
3978,BPRES-2026-04981,2026-05-15,110000,Renovation,Renovation,Issued,HALIFAX,District 10,0,2,Dwelling - Semi-Detached,44.65140789740463,-63.642882067061606
3979,BPRES-2026-05046,2026-04-30,37000,New Building,New Building,Issued,FALL RIVER,District 01,0,1,Accessory Structure,44.83547208601542,-63.59245746796734
3980,BPRES-2026-05145,2026-06-03,175000,Addition,Addition,Issued,LAWRENCETOWN,District 02,0,2,Dwelling - Single Detached,44.68341274252522,-63.41473281432448
3981,BPRES-2026-05239,2026-06-05,350000,Addition,Addition,Issued,LAKESIDE,District 12,0,2,Dwelling - Single Detached,44.64041089173577,-63.701369690366526
3982,BPRES-2026-05322,2026-05-26,60000,New Building,New Building,Issued,LAKE ECHO,District 02,0,1,Accessory Structure,44.728032612784475,-63.39284458099271
3983,BPRES-2026-05388,,200000,Renovation,Renovation,In Review,BROOKSIDE,District 13,1,2,Dwelling - Multiple Units,44.5559309748467,-63.728007424585435
3984,BPRES-2026-05510,2026-06-09,650000,New Building,New Building,Amendment Review,MUSQUODOBOIT HARBOUR,District 02,1,1,Dwelling - Single Detached,44.790244620597164,-63.17047586155361
3985,BPRES-2026-05554,,400000,Addition,Addition,Applicant Revisions,HALIFAX,District 09,0,2,Dwelling - Single Detached,44.64386565673335,-63.636270218073875
3986,BPRES-2026-05610,2026-05-26,2500,Renovation,Renovation,Issued,HALIFAX,District 08,0,2,Dwelling - Multiple Units,44.64924859002324,-63.59260928838163
3987,BPRES-2026-05683,2026-06-04,600000,New Building,New Building,Amendment Review,CLAM BAY,District 02,1,2,Dwelling - Single Detached,44.731971317729304,-62.92932415652222
3988,BPRES-2026-05727,2026-05-12,500000,New Building,New Building,Amendment Review,MIDDLE SACKVILLE,District 14,1,1,Dwelling - Single Detached,44.81997618887697,-63.74425993007959
3989,BPRES-2026-05769,2026-05-07,60000,Addition,Addition,Issued,COLE HARBOUR,District 04,0,3,Dwelling - Single Detached,44.66143103836599,-63.47909851303318
3990,BPRES-2026-05855,2026-06-12,600000,New Building,New Building,Issued,HALIFAX,District 11,4,3,Dwelling - Semi-Detached,44.598529137170516,-63.60035523998773
3991,BPRES-2026-05906,,70000,New Building,New Building,Withdrawn,DARTMOUTH,District 06,0,1,Accessory Structure,44.68527623040888,-63.54154234326203
3992,BPRES-2026-05957,,25000,New Building,New Building,Applicant Revisions,WELLINGTON,District 01,0,1,Accessory Structure,44.86284381814151,-63.602884196537545
3993,BPRES-2026-06035,2026-06-17,60000,New Building,New Building,Issued,MUSHABOOM,District 02,0,1,Accessory Structure,44.85184067080624,-62.53552598696506
3994,BPRES-2026-06086,,30000,New Building,New Building,Withdrawn,OAKFIELD,District 01,0,1,Accessory Structure,44.90219677445915,-63.58330537802044
3995,BPRES-2026-06150,2026-05-21,2000,Renovation,Renovation,Issued,HALIFAX,District 08,-1,2,Dwelling - Multiple Units,44.650187382360095,-63.594504282272204
3996,BPRES-2026-06280,,15000,New Building,New Building,Application Incomplete,DARTMOUTH,District 06,1,1,Dwelling - Backyard Suite,44.685964972142465,-63.52340494413594
3997,BPRES-2026-06359,,25000,New Building,New Building,In Review,GOFFS,District 01,0,1,Accessory Structure,44.885847200968094,-63.48012283152639
3998,BPRES-2026-06435,,60000,New Building,New Building,In Review,LAKESIDE,District 12,1,1,Dwelling - Backyard Suite,44.63985535984644,-63.70590078322438
3999,BPRES-2026-06538,2026-06-15,50000,Addition,Addition,Issued,BEAVER BANK,District 15,0,2,Dwelling - Single Detached,44.87253759814368,-63.69789528327304
4000,BPRES-2026-06619,2026-06-12,50000,New Building,New Building,Issued,HALIFAX,District 08,0,2,Accessory Structure,44.66258517150016,-63.59531180274323
4001,BPRES-2026-06726,2026-06-09,100000,New Building,New Building,Issued,PROSPECT,District 13,0,1,Accessory Structure,44.46993486770581,-63.78435473951395
4002,BPRES-2026-06776,,400000,New Building,New Building,Application Incomplete,HALIBUT BAY,District 11,1,1,Dwelling - Single Detached,44.55047051685701,-63.558535364777995
4003,BPRES-2026-06837,2026-06-08,24000,New Building,New Building,Issued,MINEVILLE,District 02,0,1,Accessory Structure,44.704355087396124,-63.383519178207344
4004,BPRES-2026-06889,,2500,Renovation,Renovation,Applicant Revisions,PLEASANT POINT,District 02,1,2,Dwelling - Backyard Suite,44.69006356957545,-63.05393332749992
4005,BPRES-2026-06945,2026-06-11,306000,New Building,New Building,Issued,FALL RIVER,District 01,1,2,Dwelling - Backyard Suite,44.83525478952268,-63.63610556383651
4006,BPRES-2026-07025,2026-06-03,325000,New Building,New Building,Amendment Review,ELDERBANK,District 01,1,1,Dwelling - Single Detached,44.988000054399805,-63.23800457290748
4007,BPRES-2026-07065,2026-06-22,525000,New Building,New Building,Issued,,District 13,1,2,Dwelling - Single Detached,44.71776101634171,-63.864511171749335
4008,BPRES-2026-07177,,663000,New Building,New Building,Submitted,PORTERS LAKE,District 02,1,1,Dwelling - Single Detached,44.7582626042819,-63.286865761362215
4009,BPRES-2026-07318,,150000,New Building,New Building,Application Incomplete,FALL RIVER,District 01,1,1,Dwelling - Backyard Suite,44.82360796545647,-63.63785553104522
4010,BPRES-2026-07354,,18000,New Building,New Building,Application Incomplete,MOSER RIVER,District 02,0,1,Accessory Structure,44.97954060773264,-62.260564818614014
4011,BPRES-2026-07505,,425000,New Building,New Building,In Review,BEDFORD,District 16,1,3,Dwelling - Single Detached,44.71049802628424,-63.72548738457252
4012,BPRES-2026-07582,,60000,New Building,New Building,In Review,WESTPHAL,District 04,0,1,Accessory Structure,44.68498054782611,-63.47991135438321
4013,BPRES-2026-07690,2026-06-25,13000,Renovation,Renovation,Issued,WINDSOR JUNCTION,District 01,0,1,Dwelling - Single Detached,44.780186370398,-63.62838984435835
4014,BPRES-2026-07803,,5000,Addition,Addition,In Review,BEECHVILLE,District 12,0,2,Dwelling - Single Detached,44.63818448494636,-63.678314288262506
4015,BPRES-2026-07886,2026-06-22,32000,New Building,New Building,Issued,WILLIAMSWOOD,District 11,0,1,Accessory Structure,44.537183415796164,-63.65668991655307
4016,BPRES-2026-07996,,500000,New Building,New Building,In Review,HALIFAX,District 11,4,2,Dwelling - Semi-Detached,44.59827250105852,-63.600092840326546
4017,BPRES-2026-08045,,750000,New Building,New Building,Application Incomplete,HALIFAX,District 11,7,2,Dwelling - Multiple Units,44.60400530042796,-63.61161511947129
4018,BPRES-2026-08119,,36905,New Building,New Building,Applicant Revisions,MINEVILLE,District 02,0,1,Accessory Structure,44.69481910097639,-63.384032186095595
4019,BPRES-2026-08176,,140000,Addition,Addition,Applicant Revisions,HALIFAX,District 11,1,2,Dwelling - Single Detached,44.60641278455973,-63.61625608304039
4020,BPRES-2026-08325,,500000,New Building,New Building,Application Incomplete,,District 11,2,2,Dwelling - Single Detached,44.534519421225845,-63.54318060610311
4021,BPRES-2026-08355,,100000,New Building,New Building,In Review,FALL RIVER,District 01,0,1,Accessory Structure,44.79760953850278,-63.617269880170205
4022,BPRES-2026-08427,,800000,Renovation,Renovation,Submitted,HALIFAX,District 09,2,2,Dwelling - Single Detached,44.64412818290634,-63.607459164027354
4023,BPRES-2026-08533,,25000,New Building,New Building,In Review,MINEVILLE,District 02,0,1,Accessory Structure,44.68397845756269,-63.36072394079718
4024,BPRES-2026-08659,,750000,New Building,New Building,Applicant Revisions,HALIFAX,District 11,5,2,Dwelling - Townhouse,44.61025428326481,-63.605153621368295
4025,BPRES-2026-08840,,120000,New Building,New Building,In Review,HAMMONDS PLAINS,District 14,0,2,Accessory Structure,44.75950488825022,-63.80100294693552
4026,BPRES-2026-08889,,40000,New Building,New Building,In Review,MIDDLE SACKVILLE,District 14,0,1,Accessory Structure,44.79386399052517,-63.75888127434353
4027,BPRES-2026-09017,,450000,New Building,New Building,Submitted,EASTERN PASSAGE,District 03,1,1,Dwelling - Single Detached,44.601088721979465,-63.465621832725496
4028,BP-2020-00030,2021-01-18,366700,New Building,New Building,Completed,FALL RIVER,District 01,1,2,Dwelling - Single Detached,44.841147347069686,-63.63517933402052
4029,BP-2020-00038,,,New Building,New Building,Withdrawn,,Unidentified,0,,Dwelling - Single Detached,,
4030,BP-2020-00061,2020-12-23,415000,New Building,New Building,Completed,BEDFORD,District 16,1,2,Dwelling - Single Detached,44.7021690498146,-63.7118751771343
4031,BP-2020-00076,2021-01-22,200000,New Building,New Building,Issued,BALD ROCK,District 11,1,2,Dwelling - Single Detached,44.46797057562446,-63.581430896474785
4032,BP-2020-00089,2021-06-30,100,Renovation,Renovation,Expired,HALIFAX,District 09,0,3,Dwelling - Multiple Units,44.65364822512809,-63.605810886102354
4033,BP-2020-00093,2021-02-16,781600,New Building,New Building,Completed,MIDDLE SACKVILLE,District 14,1,2,Dwelling - Single Detached,44.78677230939713,-63.76426162692728
4034,BP-2020-00103,2022-01-04,6800000,New Building,New Building,Amendment Applicant Revisions,HALIFAX,District 10,53,9,Mixed Use - Residential & Other Use(s),44.657020458522474,-63.6299855425033
4035,BP-2020-00114,2021-03-11,350000,Addition,Addition,Completed,HALIFAX,District 09,0,2,Mixed Use - Residential & Other Use(s),44.64184884904308,-63.59519790929718
4036,BP-2020-00167,2021-03-30,20000,Renovation,Renovation,Expired,PORTUGUESE COVE,District 11,0,1,Accessory Structure,44.52759391444464,-63.543380483126064
4037,BP-2020-00187,,,Renovation,Renovation,Withdrawn,DARTMOUTH,District 05,0,2,Dwelling - Multiple Units,44.680862501125496,-63.59176962658457
4038,BP-2020-00197,2021-01-12,300000,New Building,New Building,Completed,MIDDLE SACKVILLE,District 14,1,3,Dwelling - Single Detached,44.791045460267334,-63.76226299560892
4039,BP-2020-00243,2021-04-09,260000,New Building,New Building,Completed,TIMBERLEA,District 12,1,2,Dwelling - Single Detached,44.64152561424505,-63.719806287872956
4040,BP-2020-00250,2021-02-19,40000,Renovation,Renovation,Completed,HALIFAX,District 07,4,3,Dwelling - Multiple Units,44.639674704315944,-63.573908306808946
4041,BP-2020-00265,2021-06-18,4298004,New Building,New Building,Completed,HALIFAX,District 11,38,4,Mixed Use - Residential & Other Use(s),44.62228578904793,-63.61721742745506
4042,BP-2020-00337,2021-01-22,355000,New Building,New Building,Expired,EAST LAWRENCETOWN,District 02,1,2,Dwelling - Single Detached,44.64932746074696,-63.32451672824655
4043,BP-2020-00375,2021-01-22,300000,New Building,New Building,Completed,DARTMOUTH,District 06,1,2,Dwelling - Single Detached,44.70490103497616,-63.55095730562269
4044,BP-2020-00391,2021-01-14,32000,New Building,New Building,Expired (Closed),WEST PORTERS LAKE,District 02,0,1,Accessory Structure,44.698104804095806,-63.30725497751192
4045,BP-2020-00408,2021-04-21,6700000,New Building,New Building,Completed,BEECHVILLE,District 12,0,3,Commercial,44.64014791977936,-63.67710837588923
4046,BP-2020-00411,2021-01-26,250000,New Building,New Building,Completed,HALIFAX,District 16,1,2,Dwelling - Single Detached,44.69569213672488,-63.67620073138263
4047,BP-2020-00423,,13500000,New Building,New Building,Ready For Issue,DARTMOUTH,District 03,74,7,Mixed Use - Residential & Other Use(s),44.669875065698385,-63.507210761869665
4048,BP-2020-00446,,,New Building,New Building,Withdrawn,,Unidentified,0,,Dwelling - Single Detached,,
4049,BP-2020-00470,2021-01-12,400000,New Building,New Building,Completed,HAMMONDS PLAINS,District 14,1,3,Dwelling - Single Detached,44.71514437727208,-63.73426147161919
4050,BP-2020-00477,2021-04-01,1000,Renovation,Renovation,Completed,HALIFAX,District 09,1,3,Dwelling - Multiple Units,44.641433239483746,-63.616051553454774
4051,BP-2020-00496,2021-02-03,200000,Renovation,Renovation,Completed,HALIFAX,District 09,0,1,Commercial,44.64626980116062,-63.62094261375594
4052,BP-2020-00521,2021-01-22,999000,Renovation,Renovation,Expired (Closed),,Unidentified,0,2,Institutional and Governmental,,
4053,BP-2020-00537,2021-12-13,10121260,New Building,New Building,Completed,HAMMONDS PLAINS,District 13,55,4,Dwelling - Multiple Units,44.72534762014277,-63.749573737743965
4054,BP-2020-00552,2021-01-22,80000,New Building,New Building,Completed,HUBLEY,District 13,1,1,Dwelling - Single Detached,44.68030655633217,-63.82544300928536
4055,BP-2020-00559,2023-02-13,15000000,New Building,New Building,Issued,HALIFAX,District 07,350,23,Mixed Use - Residential & Other Use(s),44.64565149126535,-63.57239533124643
4056,BP-2020-00565,2021-10-14,50000,New Building,New Building,Expired,HATCHET LAKE,District 13,1,1,Dwelling - Backyard Suite,44.566722924884274,-63.712890805596714
4057,BP-2020-00635,2021-02-26,25000,Renovation,Renovation,Expired,LOWER SACKVILLE,District 15,0,1,Commercial,44.75614760327962,-63.661301023383594
4058,BP-2020-00648,2021-02-03,44000,Renovation,Renovation,Completed,HALIFAX,District 11,1,1,Dwelling - Multiple Units,44.629313974286944,-63.61286659938382
4059,BP-2021-00018,2021-01-20,423000,Renovation,Renovation,Expired (Closed),HALIFAX,District 07,0,5,Institutional and Governmental,44.63643237802027,-63.58779812283581
4060,BP-2021-00040,2021-01-26,3576000,Renovation,Renovation,Completed,HALIFAX,District 07,0,2,Commercial,44.64630242810192,-63.57479442574708
4061,BP-2021-00062,2021-02-03,190000,Renovation,Renovation,Expired (Closed),DARTMOUTH,District 06,0,1,Commercial,44.70546760081581,-63.561180281035746
4062,BP-2021-00086,2021-04-09,60000,Addition,Addition,Completed,HALIFAX,District 09,0,2,Dwelling - Single Detached,44.642688981062825,-63.61061317395118
4063,BP-2021-00110,2021-01-25,250000,New Building,New Building,Expired,HALIFAX,District 16,1,2,Dwelling - Single Detached,44.69581887820191,-63.67648069173762
4064,BP-2021-00165,2021-01-22,300000,New Building,New Building,Completed,BEDFORD,District 16,1,2,Dwelling - Single Detached,44.730911903890394,-63.678457890901406
4065,BP-2021-00187,2021-01-22,400000,New Building,New Building,Completed,BEDFORD,District 16,1,2,Dwelling - Single Detached,44.70234156990892,-63.71347830988682
4066,BP-2021-00220,2021-01-22,550000,New Building,New Building,Completed,BEDFORD,District 16,1,3,Dwelling - Single Detached,44.70016260489065,-63.71200365140508
4067,BP-2021-00233,2021-01-22,26800,Renovation,Renovation,Completed,BAYSIDE,District 13,0,1,Dwelling - Single Detached,44.53316611202154,-63.79711939367774
4068,BP-2021-00275,,150000,Addition,Addition,Withdrawn,HALIFAX,District 07,1,2,Dwelling - Single Detached,44.634107722951676,-63.5899413217392
4069,BP-2021-00295,2021-06-16,54000,New Building,New Building,Cancelled,HAMMONDS PLAINS,District 14,0,1,Accessory Structure,44.73761226236754,-63.752024079105716
4070,BP-2021-00306,2021-02-24,40866,Renovation,Renovation,Expired,HALIFAX,District 07,0,1,Commercial,44.644701522069,-63.57934135404518
4071,BP-2021-00325,2021-02-26,11000,New Building,New Building,Completed,LOWER SACKVILLE,District 15,0,1,Accessory Structure,44.762323185711054,-63.664666858791286
4072,BP-2021-00346,2021-02-10,21000,Addition,Addition,Completed,,Unidentified,0,1,Commercial,44.63342039626504,-63.70576386051933
4073,BP-2021-00354,2021-02-10,50000,Addition,Addition,Expired (Closed),MEAGHERS GRANT,District 01,0,1,Dwelling - Single Detached,44.926483506180716,-63.23939846509272
4074,BP-2021-00363,2021-01-20,20000,New Building,New Building,Completed,HUBLEY,District 13,0,1,Accessory Structure,44.6728797960137,-63.79051894471652
4075,BP-2021-00382,2021-01-22,354000,New Building,New Building,Completed,WELLINGTON,District 01,1,1,Dwelling - Single Detached,44.867183398634666,-63.60830608933353
4076,BP-2021-00463,2021-04-27,600000,New Building,New Building,Completed,BEAVER BANK,District 15,1,1,Mixed Use - Residential & Other Use(s),44.835255481541715,-63.678938640482656
4077,BP-2021-00484,2021-03-05,300000,New Building,New Building,Completed,HAMMONDS PLAINS,District 14,1,2,Dwelling - Single Detached,44.74080019379978,-63.728433985014405
4078,BP-2021-00508,2024-05-13,205000,Addition,Addition,Issued,SAMBRO,District 11,0,1,Commercial,44.47827797941829,-63.60258614845684
4079,BP-2021-00525,2021-03-31,133000,New Building,New Building,Issued,BEAVER BANK,District 15,1,2,Dwelling - Single Detached,44.80669031633429,-63.68890374628846
4080,BP-2021-00565,2021-04-09,42000,Renovation,Renovation,Completed,DARTMOUTH,District 05,0,3,Dwelling - Multiple Units,44.684294322478706,-63.58479365520665
4081,BP-2021-00599,2021-01-22,350000,New Building,New Building,Completed,WHITES LAKE,District 13,1,1,Dwelling - Single Detached,44.51452854467134,-63.76888201866392
4082,BP-2021-00612,2021-02-12,130000,New Building,New Building,Completed,MIDDLE SACKVILLE,District 14,1,2,Dwelling - Single Detached,44.78224575782252,-63.74782976197903
4083,BP-2021-00631,2021-02-23,470500,New Building,New Building,Completed,GAETZ BROOK,District 02,1,2,Dwelling - Single Detached,44.783379197000784,-63.193738487203746
4084,BP-2021-00662,2021-03-01,60000,Addition,Addition,Expired,HALIFAX,Unidentified,1,2,Dwelling - Multiple Units,44.61890872118733,-63.61426081417391
4085,BP-2021-00688,2021-02-03,125000,Renovation,Renovation,Expired (Closed),HALIFAX,District 07,0,2,Dwelling - Single Detached,44.64019281553756,-63.57663693203572
4086,BP-2021-00698,,,New Building,New Building,Withdrawn,,Unidentified,0,,Dwelling - Single Detached,,
4087,BP-2021-00716,2021-02-03,175000,New Building,New Building,Completed,PORTERS LAKE,District 02,1,1,Dwelling - Single Detached,44.75565349192686,-63.28510705005725
4088,BP-2021-00728,2021-03-19,668000,New Building,New Building,Completed,BEDFORD,District 16,1,2,Dwelling - Single Detached,44.70154256399796,-63.7147587901436
4089,BP-2021-00739,2022-06-01,47563000,New Building,New Building,Issued,DARTMOUTH,District 05,220,27,Mixed Use - Residential & Other Use(s),44.663776757623694,-63.564629491082115
4090,BP-2021-00744,2021-10-06,1750,Renovation,Renovation,Expired,KETCH HARBOUR,District 11,1,3,Dwelling - Single Detached,44.49260788794733,-63.5495650068229
4091,BP-2021-00757,2021-02-03,12000,New Building,New Building,Completed,MUSQUODOBOIT HARBOUR,District 02,0,1,Accessory Structure,44.78984075587832,-63.11502750581759
4092,BP-2021-00763,,200000,New Building,New Building,Withdrawn,COLE HARBOUR,District 04,0,1,Industrial,44.65611534434661,-63.488240919327126
4093,BP-2021-00774,2021-02-23,210000,Renovation,Renovation,Completed,HALIFAX,District 08,0,3,Commercial,44.660419238036326,-63.601064025704794
4094,BP-2021-00818,2021-04-27,125000,Renovation,Renovation,Expired,PEGGYS COVE,District 13,0,2,Dwelling - Single Detached,44.49428691627531,-63.91620906622738
4095,BP-2021-00848,2021-04-06,35000,Renovation,Renovation,Completed,BEDFORD,District 16,0,2,Commercial,44.70706104901189,-63.70901383719901
4096,BP-2021-00852,2021-01-27,235000,New Building,New Building,Completed,UPPER SACKVILLE,District 14,1,1,Dwelling - Single Detached,44.80735650782104,-63.756786655264456
4097,BP-2021-00882,2021-02-26,12977,New Building,New Building,Completed,DARTMOUTH,District 05,0,1,Accessory Structure,44.6658799700526,-63.55734658602662
4098,BP-2021-00900,2021-05-21,12000000,Addition,Addition,Completed,HALIFAX,District 10,-40,7,Mixed Use - Residential & Other Use(s),44.68602616586786,-63.673696699946184
4099,BP-2021-00910,2021-04-19,200000,New Building,New Building,Completed,TIMBERLEA,District 12,1,2,Dwelling - Single Detached,44.641946619482816,-63.719847638415516
4100,BP-2021-00940,2021-02-10,661000,New Building,New Building,Completed,MINEVILLE,District 02,1,2,Dwelling - Single Detached,44.68812969068178,-63.35552834138008
4101,BP-2021-00954,2021-03-08,10000,New Building,New Building,Expired (Closed),DARTMOUTH,District 06,0,1,Accessory Structure,44.68777789482942,-63.54258865621636
4102,BP-2021-00972,2021-02-23,337000,New Building,New Building,Completed,LUCASVILLE,District 14,1,1,Dwelling - Single Detached,44.76450917907514,-63.73625409628207
4103,BP-2021-00992,2021-02-12,400000,New Building,New Building,Completed,WAVERLEY,District 01,1,2,Dwelling - Single Detached,44.779268001432165,-63.58822999276033
4104,BP-2021-01021,2021-02-10,30000,New Building,New Building,Completed,WELLINGTON,District 01,0,1,Accessory Structure,44.863339058438065,-63.59548843966694
4105,BP-2021-01064,2023-04-14,50000,New Building,New Building,Completed,OAKFIELD,District 01,0,2,Accessory Structure,44.92432977440279,-63.573797479004234
4106,BP-2021-01093,2021-04-15,73147556,New Building,New Building,Completed,HALIFAX,District 07,235,16,Mixed Use - Residential & Other Use(s),44.64265359570287,-63.568647165611964
4107,BP-2021-01093,2021-04-15,73147556,New Building,New Building,Completed,HALIFAX,District 07,235,16,Mixed Use - Residential & Other Use(s),44.64265359570287,-63.568647165611964
4108,BP-2021-01116,2021-05-20,205000,New Building,New Building,Completed,EAST PRESTON,District 04,1,1,Dwelling - Single Detached,44.716718766616864,-63.44385271748731
4109,BP-2021-01148,2022-06-22,80000,Addition,Addition,Completed,HALIFAX,District 07,0,2,Dwelling - Single Detached,44.63355397422153,-63.585631832685934
4110,BP-2021-01212,2021-02-17,104363.77,Renovation,Renovation,Completed,LOWER SACKVILLE,District 15,0,2,Commercial,44.76503727639452,-63.67683468296273
4111,BP-2021-01233,2021-06-10,100000,Addition,Addition,Completed,DARTMOUTH,District 05,0,2,Commercial,44.66650728688323,-63.566242190974705
4112,BP-2021-01244,2021-02-03,150000,New Building,New Building,Completed,LUCASVILLE,District 14,1,3,Dwelling - Single Detached,44.77181912124612,-63.71389487749274
4113,BP-2021-01269,2021-05-03,50000,Renovation,Renovation,Completed,DARTMOUTH,District 05,0,1,Commercial,44.66483689899745,-63.567778588203
4114,BP-2021-01292,2021-12-29,10000,Renovation,Renovation,Completed,DARTMOUTH,District 05,1,1,Dwelling - Single Detached,44.658176941494844,-63.55286359221262
4115,BP-2021-01322,2021-02-10,350000,New Building,New Building,Completed,ENFIELD,District 01,1,2,Dwelling - Single Detached,44.94019974243405,-63.5207026970434
4116,BP-2021-01386,2021-03-05,215000,Renovation,Renovation,Completed,DARTMOUTH,District 03,0,2,Commercial,44.67049142023758,-63.5086400649263
4117,BP-2021-01404,2021-08-19,65000,New Building,New Building,Expired,FALL RIVER,District 01,0,1,Accessory Structure,44.83317273054439,-63.64964441636627
4118,BP-2021-01409,2021-03-24,220000,Renovation,Renovation,Expired,HALIFAX,District 09,0,2,Dwelling - Single Detached,44.65086278026579,-63.615049730261816
4119,BP-2021-01445,2021-02-25,400000,New Building,New Building,Completed,BEDFORD,District 16,1,2,Dwelling - Single Detached,44.702303418995555,-63.713783969135164
4120,BP-2021-01506,2021-03-29,15000,New Building,New Building,Completed,WEST PORTERS LAKE,District 02,0,1,Accessory Structure,44.67547722113901,-63.3009330027849
4121,BP-2021-01524,2021-02-25,300000,New Building,New Building,Completed,BOUTILIERS POINT,District 13,1,2,Dwelling - Single Detached,44.672017687648484,-63.962419420931504
4122,BP-2021-01538,2021-11-03,41421022,New Building,New Building,Completed,HALIFAX,District 08,257,30,Mixed Use - Residential & Other Use(s),44.6563129298986,-63.599659669971565
4123,BP-2021-01568,,10000,Renovation,Renovation,Cancelled,BEDFORD,District 16,0,2,Commercial,44.70706104901189,-63.70901383719901
4124,BP-2021-01596,2021-03-09,325000,New Building,New Building,Completed,BROOKSIDE,District 13,1,2,Dwelling - Single Detached,44.552356183963894,-63.70957456777131
4125,BP-2021-01606,2021-02-24,53000,Addition,Addition,Expired (Closed),BEAVER BANK,District 15,0,2,Dwelling - Single Detached,44.87250755746423,-63.69618458053855
4126,BP-2021-01622,2021-05-04,325000,New Building,New Building,Expired,HERRING COVE,District 11,1,2,Dwelling - Single Detached,44.57970966510471,-63.57575140612148
4127,BP-2021-01643,2021-02-25,425000,New Building,New Building,Completed,BEDFORD,District 16,1,3,Dwelling - Single Detached,44.70286901391062,-63.715912651307306
4128,BP-2021-01694,2021-03-09,23000,New Building,New Building,Cancelled,EASTERN PASSAGE,District 03,0,1,Accessory Structure,44.59870857891218,-63.45833184923128
4129,BP-2021-01704,2021-02-26,133152.67,Addition,Addition,Expired,FLETCHERS LAKE,District 01,0,1,Dwelling - Single Detached,44.83726365809903,-63.607954655871
4130,BP-2021-01718,2021-02-10,365000,New Building,New Building,Completed,BEDFORD,District 16,1,2,Dwelling - Single Detached,44.702855841631454,-63.712759511303695
4131,BP-2021-01735,2021-03-24,52000,Renovation,Renovation,Completed,DARTMOUTH,District 06,1,1,Dwelling - Single Detached,44.68354235124552,-63.52000537172899
4132,BP-2021-01757,2021-03-18,386000,New Building,New Building,Completed,COLE HARBOUR,District 04,1,2,Dwelling - Single Detached,44.64603941170996,-63.46386812458928
4133,BP-2021-01784,2021-02-18,115000,Renovation,Renovation,Completed,DARTMOUTH,District 06,1,2,Dwelling - Multiple Units,44.70008756519851,-63.55164157598905
4134,BP-2021-01798,2021-03-02,400000,New Building,New Building,Completed,BEDFORD,District 16,1,3,Dwelling - Single Detached,44.72066646450908,-63.71537411355465
4135,BP-2021-01837,2021-03-04,10000,Renovation,Renovation,Expired (Closed),DARTMOUTH,District 06,0,1,Dwelling - Single Detached,44.67334737281,-63.52267980019389
4136,BP-2021-01862,2021-02-12,22592,Addition,Addition,Expired (Closed),DARTMOUTH,District 06,0,1,Dwelling - Single Detached,44.71726358596231,-63.546247359689296
4137,BP-2021-01883,,11500,Renovation,Renovation,Withdrawn,LOWER SACKVILLE,District 15,1,1,Dwelling - Single Detached,44.76893044887698,-63.67521273900966
4138,BP-2021-01896,2021-02-22,400000,New Building,New Building,Completed,BEDFORD,District 16,1,2,Dwelling - Single Detached,44.70273625665536,-63.71392351554094
4139,BP-2021-01927,,,Renovation,Renovation,Applicant Revisions,BEDFORD,District 14,1,2,Dwelling - Single Detached,44.72691258663949,-63.695524719058774
4140,BP-2021-01956,2021-02-18,9500,Renovation,Renovation,Completed,HAMMONDS PLAINS,District 14,0,2,Dwelling - Single Detached,44.69921863950443,-63.760470353043274
4141,BP-2021-01972,2021-02-23,500000,New Building,New Building,Completed,HAMMONDS PLAINS,District 14,1,2,Dwelling - Single Detached,44.74385365872682,-63.8069603868079
4142,BP-2021-01979,2021-03-29,177875,New Building,New Building,Completed,TIMBERLEA,District 12,1,1,Dwelling - Single Detached,44.65772747592635,-63.73531335989123
4143,BP-2021-02001,2021-04-23,210000,Addition,Addition,Completed,HALIFAX,District 08,0,3,Dwelling - Single Detached,44.667280738195764,-63.60817278450353
4144,BP-2021-02027,2021-04-09,121500,Renovation,Renovation,Completed,HALIFAX,District 07,0,8,Commercial,44.64876025766245,-63.57178250895293
4145,BP-2021-02047,2021-02-19,400000,New Building,New Building,Completed,BEDFORD,District 16,1,2,Dwelling - Single Detached,44.702683121012825,-63.71437922213371
4146,BP-2021-02070,2021-05-06,132000,Addition,Addition,Expired,DARTMOUTH,District 05,0,2,Dwelling - Single Detached,44.677074576087314,-63.55427053251745
4147,BP-2021-02084,2021-02-23,275000,New Building,New Building,Completed,UPPER TANTALLON,District 13,1,1,Dwelling - Single Detached,44.696186847689674,-63.88300341293737
4148,BP-2021-02116,2021-03-18,180000,Renovation,Renovation,Completed,BEDFORD,District 16,0,2,Commercial,44.74712987517398,-63.63715855528099
4149,BP-2021-02125,2021-02-22,365000,New Building,New Building,Completed,BEDFORD,District 16,1,2,Dwelling - Single Detached,44.70313003968344,-63.71254439524936
4150,BP-2021-02134,2021-02-22,300000,New Building,New Building,Completed,TANTALLON,District 13,1,1,Dwelling - Single Detached,44.649121696211665,-63.89685505734226
4151,BP-2021-02145,2021-04-07,1000,Renovation,Renovation,Completed,HALIFAX,District 09,1,2,Dwelling - Multiple Units,44.65315062999466,-63.612645508836856
4152,BP-2021-02192,2021-02-25,400000,New Building,New Building,Completed,HALIFAX,District 11,2,3,Dwelling - Semi-Detached,44.59189039429114,-63.599777889747614
4153,BP-2021-02203,2021-04-12,10000,Renovation,Renovation,Completed,WAVERLEY,District 01,0,2,Dwelling - Single Detached,44.73941142954976,-63.54653756485502
4154,BP-2021-02228,2021-03-05,2000,Renovation,Renovation,Completed,HALIFAX,District 08,0,1,Accessory Structure,44.650451331132125,-63.59340066623973
4155,BP-2021-02265,2021-03-05,22000,Renovation,Renovation,Expired,HALIFAX,District 08,0,2,Dwelling - Single Detached,44.66848516378592,-63.615616309450445
4156,BP-2021-02294,2021-02-18,400000,New Building,New Building,Completed,DARTMOUTH,District 03,1,2,Dwelling - Single Detached,44.654576777512354,-63.52353561440382
4157,BP-2021-02316,2021-02-23,500000,New Building,New Building,Completed,BROOKSIDE,District 13,1,2,Dwelling - Single Detached,44.551563518346725,-63.70749768296596
4158,BP-2021-02340,2021-11-08,15110572,New Building,New Building,Completed,BEDFORD,District 16,66,7,Dwelling - Multiple Units,44.72540082814643,-63.69672822770508
4159,BP-2021-02360,2021-04-19,131000,New Building,New Building,Amendment Applicant Revisions,WEST PETPESWICK,District 02,1,2,Dwelling - Single Detached,44.73059000669676,-63.16955530287585
4160,BP-2021-02410,,,Renovation,Renovation,Withdrawn,HALIFAX,District 09,0,,Commercial,44.6554410728958,-63.62735803598994
4161,BP-2021-02428,2021-03-19,15000,Addition,Addition,Completed,BEDFORD,District 16,0,1,Dwelling - Single Detached,44.72144665962994,-63.657850872315265
4162,BP-2021-02447,2021-08-09,750000,New Building,New Building,Expired,HALIFAX,District 11,1,1,Dwelling - Single Detached,44.62629215411715,-63.59225058785282
4163,BP-2021-02458,2021-06-18,42898911,New Building,New Building,Issued,HALIFAX,District 10,324,13,Mixed Use - Residential & Other Use(s),44.65574635745054,-63.6306700490814
4164,BP-2021-02519,2021-06-14,300000,New Building,New Building,Expired,TERENCE BAY,District 13,1,2,Dwelling - Single Detached,44.499092536653876,-63.724558625499846
4165,BP-2021-02531,2021-03-04,25000,New Building,New Building,Expired (Closed),MILL LAKE,District 01,0,1,Accessory Structure,45.13064796284555,-62.911647504391574
4166,BP-2021-02568,2021-03-24,50000,Renovation,Renovation,Issued,HALIFAX,District 09,1,2,Dwelling - Multiple Units,44.64269581931557,-63.6074079713331
4167,BP-2021-02588,2021-07-28,200000,New Building,New Building,Expired,EASTERN PASSAGE,District 03,4,2,Dwelling - Semi-Detached,44.61444119141881,-63.467592846006916
4168,BP-2021-02608,2021-06-09,187500,Addition,Addition,Expired,ENFIELD,District 01,1,1,Agriculture,44.920571602107216,-63.547370388785545
4169,BP-2021-02622,2021-05-18,500000,New Building,New Building,Completed,HUBLEY,District 13,1,2,Dwelling - Single Detached,44.664322582748696,-63.80895857434893
4170,BP-2021-02640,2021-03-05,70000,Renovation,Renovation,Completed,DARTMOUTH,District 03,0,1,Commercial,44.671699340852136,-63.52323975926467
4171,BP-2021-02663,2021-02-26,350000,New Building,New Building,Completed,WELLINGTON,District 01,1,1,Dwelling - Single Detached,44.86760404890029,-63.60600820745849
4172,BP-2021-02671,2021-06-28,25000,New Building,New Building,Expired (Closed),EAST SHIP HARBOUR,District 02,0,1,Accessory Structure,44.776761239290835,-62.78919530949608
4173,BP-2021-02689,2021-02-26,250000,New Building,New Building,Completed,MIDDLE SACKVILLE,District 14,1,3,Dwelling - Single Detached,44.779311445594274,-63.734177737335656
4174,BP-2021-02711,2021-03-09,350000,New Building,New Building,Completed,HEAD OF CHEZZETCOOK,District 02,1,1,Dwelling - Single Detached,44.755490420014794,-63.227864738407725
4175,BP-2021-02727,2021-03-19,10000,New Building,New Building,Completed,LAKE LOON,District 04,0,1,Accessory Structure,44.711837172281314,-63.501775123981176
4176,BP-2021-02760,,150000,Renovation,Renovation,Withdrawn,COLE HARBOUR,District 04,0,1,Institutional and Governmental,44.66662606984868,-63.490799932089445
4177,BP-2021-02793,2021-03-03,31000,New Building,New Building,Completed,UPPER TANTALLON,District 13,0,1,Accessory Structure,44.69828886014698,-63.884536566787226
4178,BP-2021-02807,2021-03-19,50000,Renovation,Renovation,Completed,LOWER SACKVILLE,District 15,1,2,Dwelling - Single Detached,44.78193124247894,-63.68598670386544
4179,BP-2021-02831,2022-04-12,12643000,Addition,Addition,Issued,HALIFAX,District 10,78,7,Mixed Use - Residential & Other Use(s),44.658869385179536,-63.63221723713086
4180,BP-2021-02843,,290000,Addition,Addition,Withdrawn,FALL RIVER,District 01,0,1,Dwelling - Single Detached,44.812771672323045,-63.6146835957968
4181,BP-2021-02873,2021-08-06,150000,Addition,Addition,Expired,DARTMOUTH,District 05,0,2,Dwelling - Single Detached,44.68214007376878,-63.569016466185566
4182,BP-2021-02887,2021-03-11,450000,New Building,New Building,Completed,SEABRIGHT,District 13,1,2,Dwelling - Single Detached,44.61804201164677,-63.931204009528415
4183,BP-2021-02898,2021-04-09,40000,New Building,New Building,Expired,LUCASVILLE,District 14,0,1,Accessory Structure,44.760772204074875,-63.71799023834575
4184,BP-2021-02923,,5000,Renovation,Renovation,Applicant Revisions,HALIFAX,District 12,1,2,Dwelling - Single Detached,44.68196487687988,-63.67725943397
4185,BP-2021-02966,2021-05-25,21000,Renovation,Renovation,Completed,DARTMOUTH,District 05,1,2,Dwelling - Multiple Units,44.67032528525911,-63.563851647946045
4186,BP-2021-03009,2021-03-05,350000,New Building,New Building,Completed,TANTALLON,District 13,1,1,Dwelling - Single Detached,44.64966198381954,-63.89578334747403
4187,BP-2021-03034,2021-03-09,45500,Renovation,Renovation,Expired (Closed),HALIFAX,District 07,0,22,Commercial,44.64930696488166,-63.573363723911974
4188,BP-2021-03065,2021-03-04,375000,New Building,New Building,Completed,FALL RIVER,District 01,1,2,Dwelling - Single Detached,44.80933521653501,-63.588387234646234
4189,BP-2021-03086,2021-03-09,500000,New Building,New Building,Completed,HATCHET LAKE,District 13,1,1,Dwelling - Single Detached,44.54810104837821,-63.73143044088658
4190,BP-2021-03128,2021-06-23,1000000,New Building,New Building,Expired,HALIFAX,District 11,1,2,Dwelling - Single Detached,44.61960398455118,-63.57793025935942
4191,BP-2021-03136,2021-04-13,200000,New Building,New Building,Completed,TIMBERLEA,District 12,1,2,Dwelling - Single Detached,44.641917123121644,-63.71997510903203
4192,BP-2021-03143,2021-04-12,340000,New Building,New Building,Completed,HERRING COVE,District 11,1,2,Dwelling - Single Detached,44.573380849704684,-63.57202728130248
4193,BP-2021-03155,2021-03-25,259000,New Building,New Building,Completed,HALIFAX,District 10,1,3,Dwelling - Single Detached,44.677043321039854,-63.65758605292669
4194,BP-2021-03202,2021-11-10,13572120,New Building,New Building,Completed,HALIFAX,District 08,93,8,Mixed Use - Residential & Other Use(s),44.65572023618195,-63.598851203524724
4195,BP-2021-03222,2021-04-01,600000,New Building,New Building,Completed,WAVERLEY,District 01,1,2,Dwelling - Single Detached,44.78135942956147,-63.59809565916801
4196,BP-2021-03231,2021-03-16,430000,New Building,New Building,Completed,LUCASVILLE,District 14,1,2,Dwelling - Single Detached,44.76514226665818,-63.733570465036365
4197,BP-2021-03253,2021-03-08,500000,New Building,New Building,Completed,BEDFORD,District 16,1,2,Dwelling - Single Detached,44.72019039421375,-63.71685045293614
4198,BP-2021-03275,2021-06-09,40000,Renovation,Renovation,Expired,DARTMOUTH,District 05,0,2,Dwelling - Single Detached,44.66685242834606,-63.55849738404679
4199,BP-2021-03284,2021-04-06,400000,New Building,New Building,Completed,FALL RIVER,District 01,1,2,Dwelling - Single Detached,44.81005197007352,-63.5851895786909
4200,BP-2021-03290,2021-06-10,20000,Renovation,Renovation,Expired,HALIFAX,District 11,1,2,Dwelling - Multiple Units,44.614794055894144,-63.613292672751946
4201,BP-2021-03304,2021-05-13,295000,New Building,New Building,Completed,ELDERBANK,District 01,0,1,Commercial,44.974010026617506,-63.220714974276206
4202,BP-2021-03337,,350000,New Building,New Building,Withdrawn,HALIFAX,District 07,1,3,Dwelling - Single Detached,44.6318875967729,-63.59041456053803
4203,BP-2021-03353,2021-03-16,750000,New Building,New Building,Completed,BEDFORD,District 16,1,2,Dwelling - Single Detached,44.70108249283644,-63.71290123173837
4204,BP-2021-03368,,40000000,New Building,New Building,Withdrawn,GOODWOOD,District 13,0,1,Industrial,44.611952101599606,-63.675698400402695
4205,BP-2021-03381,2021-04-27,22500,New Building,New Building,Expired,LAWRENCETOWN,District 02,0,1,Accessory Structure,44.68322291646691,-63.410859014285
4206,BP-2021-03391,2021-03-23,64000,Renovation,Renovation,Expired,HALIFAX,District 09,0,2,Dwelling - Single Detached,44.65003397795571,-63.621823763359004
4207,BP-2021-03403,2021-04-13,131000,New Building,New Building,Completed,HAMMONDS PLAINS,District 14,1,1,Dwelling - Single Detached,44.72255752779312,-63.74888047948853
4208,BP-2021-03459,2021-05-18,239100,New Building,New Building,Completed,OSTREA LAKE,District 02,1,3,Dwelling - Single Detached,44.740908614136494,-63.10902216618942
4209,BP-2021-03478,2021-04-28,2875000,New Building,New Building,Completed,DARTMOUTH,District 06,0,1,Industrial,44.712492206795716,-63.56586177109013
4210,BP-2021-03487,2021-06-25,750000,New Building,New Building,Completed,HATCHET LAKE,District 13,2,2,Mixed Use - Residential & Other Use(s),44.57220269237169,-63.71324954841427
4211,BP-2021-03503,2021-03-09,21500,New Building,New Building,Completed,WINDSOR JUNCTION,District 01,0,1,Accessory Structure,44.79644360245405,-63.65200190786678
4212,BP-2021-03547,2021-08-17,500,Renovation,Renovation,Completed,HALIFAX,District 11,1,3,Dwelling - Semi-Detached,44.63027171256306,-63.6252713675798
4213,BP-2021-03573,,157000,Renovation,Renovation,Cancelled,MIDDLE SACKVILLE,District 14,0,2,Commercial,44.789401011907344,-63.714349795577306
4214,BP-2021-03596,2021-03-19,52000,Renovation,Renovation,Expired,WESTPHAL,District 04,0,2,Dwelling - Single Detached,44.69203174248251,-63.495981028339486
4215,BP-2021-03610,2021-04-28,150000,Addition,Addition,Issued,HALIFAX,District 09,0,2,Dwelling - Single Detached,44.64821302353364,-63.6164125147358
4216,BP-2021-03621,2021-03-23,1300000,New Building,New Building,Completed,FALL RIVER,District 01,1,2,Dwelling - Single Detached,44.81463549061166,-63.64284844169566
4217,BP-2021-03653,2021-03-16,313500,New Building,New Building,Completed,COLE HARBOUR,District 04,1,2,Dwelling - Single Detached,44.6470675808888,-63.46411214785942
4218,BP-2021-03666,2021-04-13,200000,New Building,New Building,Completed,TIMBERLEA,District 12,1,2,Dwelling - Single Detached,44.641597118907086,-63.721223570189466
4219,BP-2021-03714,2021-06-23,44500,Renovation,Renovation,Expired (Closed),DARTMOUTH,District 05,0,12,Dwelling - Multiple Units,44.666918282205884,-63.57139625207966
4220,BP-2021-03734,2021-04-13,200000,New Building,New Building,Completed,TIMBERLEA,District 12,1,2,Dwelling - Single Detached,44.641007435198254,-63.722002252690906
4221,BP-2021-03764,2021-07-16,79980,Renovation,Renovation,Expired (Closed),BEDFORD,District 16,0,4,Dwelling - Multiple Units,44.71868722000032,-63.686524992369534
4222,BP-2021-03783,2021-03-16,530000,New Building,New Building,Completed,BEDFORD,District 16,1,2,Dwelling - Single Detached,44.70319005758723,-63.71698057966904
4223,BP-2021-03796,2021-03-16,530000,New Building,New Building,Completed,BEDFORD,District 16,1,2,Dwelling - Single Detached,44.70310573548887,-63.7166260666563
4224,BP-2021-03809,2021-03-30,110777,Addition,Addition,Expired,LUCASVILLE,District 14,0,1,Dwelling - Single Detached,44.77141310902626,-63.72666347125925
4225,BP-2021-03821,2021-03-22,530000,New Building,New Building,Completed,BEDFORD,District 16,1,2,Dwelling - Single Detached,44.70263123235255,-63.71518275677735
4226,BP-2021-03830,2021-03-23,530000,New Building,New Building,Completed,BEDFORD,District 16,1,2,Dwelling - Single Detached,44.702616768731815,-63.714837593739915
4227,BP-2021-03873,2021-03-25,37000,New Building,New Building,Completed,LUCASVILLE,District 14,1,2,Dwelling - Backyard Suite,44.76450917907514,-63.73625409628207
4228,BP-2021-03888,2021-05-28,48800,Renovation,Renovation,Completed,MUSQUODOBOIT HARBOUR,District 02,0,2,Dwelling - Multiple Units,44.78638481289316,-63.14713886277952
4229,BP-2021-03900,2021-03-31,42000,Renovation,Renovation,Completed,HALIFAX,District 10,0,3,Dwelling - Multiple Units,44.66078578252591,-63.63217424530165
4230,BP-2021-03909,2021-04-13,53000,Renovation,Renovation,Completed,LOWER SACKVILLE,District 15,0,2,Dwelling - Multiple Units,44.772868797129355,-63.689615474827576
4231,BP-2021-03915,2021-04-09,44200,Renovation,Renovation,Completed,HALIFAX,District 08,0,15,Dwelling - Multiple Units,44.651856281977565,-63.58544010535536
4232,BP-2021-03927,2021-04-09,528500,Addition,Addition,Completed,HALIFAX,District 09,-1,2,Dwelling - Single Detached,44.64664718610332,-63.63218341795004
4233,BP-2021-03957,2021-05-05,341197,Renovation,Renovation,Completed,BEDFORD,District 16,0,1,Commercial,44.74045206436728,-63.654358883569074
4234,BP-2021-03999,,12000,New Building,New Building,Withdrawn,HAMMONDS PLAINS,District 14,0,1,Accessory Structure,44.75497785910751,-63.778707914436865
4235,BP-2021-04045,2021-04-16,438000,Addition,Addition,Completed,HAMMONDS PLAINS,District 14,0,2,Dwelling - Single Detached,44.71105818490294,-63.76110437927999
4236,BP-2021-04083,,650000,New Building,New Building,Withdrawn,PORTUGUESE COVE,District 11,1,2,Dwelling - Single Detached,44.527697345986745,-63.53620398519656
4237,BP-2021-04099,2021-06-22,62000,Renovation,Renovation,Issued,HALIFAX,District 10,1,1,Dwelling - Multiple Units,44.6518855303649,-63.63973869385712
4238,BP-2021-04115,2021-05-17,632000,Renovation,Renovation,Completed,DARTMOUTH,District 06,0,1,Industrial,44.70514154601996,-63.611284856838
4239,BP-2021-04134,2021-12-07,6000000,New Building,New Building,Completed,HALIFAX,District 16,39,7,Dwelling - Multiple Units,44.69676391778697,-63.661297226825404
4240,BP-2021-04148,2021-05-21,798000,Renovation,Renovation,Completed,HALIFAX,District 07,0,3,Commercial,44.64846610326862,-63.57593956290823
4241,BP-2021-04217,2021-06-02,530000,Addition,Addition,Expired (Closed),HALIFAX,District 07,0,2,Dwelling - Single Detached,44.635277933167224,-63.58749038364162
4242,BP-2021-04227,2021-05-04,250000,New Building,New Building,Completed,HALIFAX,District 11,2,3,Dwelling - Semi-Detached,44.601004119994016,-63.601113426841636
4243,BP-2021-04244,2022-07-15,1220985,Addition,Addition,Amendment Application Incomplete,BEDFORD,District 16,0,1,Institutional and Governmental,44.72372569136318,-63.70626367059329
4244,BP-2021-04255,2021-07-23,55000,Renovation,Renovation,Completed,WINDSOR JUNCTION,District 01,1,2,Dwelling - Multiple Units,44.78648189102401,-63.63357063831859
4245,BP-2021-04287,2021-06-25,433000,New Building,New Building,Completed,DARTMOUTH,District 05,1,2,Dwelling - Single Detached,44.66882278747289,-63.5690931699892
4246,BP-2021-04312,2021-08-31,4500000,New Building,New Building,Expired,DARTMOUTH,District 06,0,1,Industrial,44.71090639789018,-63.59026818126455
4247,BP-2021-04318,2021-03-23,695000,New Building,New Building,Completed,BEDFORD,District 16,1,2,Dwelling - Single Detached,44.7028212515206,-63.71577199336802
4248,BP-2021-04344,,40000,Renovation,Renovation,Withdrawn,HAMMONDS PLAINS,District 14,1,3,Mixed Use - Residential & Other Use(s),44.72686695197085,-63.749016604869055
4249,BP-2021-04353,2021-04-09,6500,New Building,New Building,Completed,WINDSOR JUNCTION,District 01,0,1,Accessory Structure,44.79343290801789,-63.65347042235866
4250,BP-2021-04385,2021-05-06,250000,New Building,New Building,Completed,HALIFAX,District 11,2,3,Dwelling - Semi-Detached,44.60060904829511,-63.6015963993392
4251,BP-2021-04387,2021-04-13,100000,Renovation,Renovation,Expired,BAYSIDE,District 13,0,2,Dwelling - Multiple Units,44.536186688056,-63.792677148448405
4252,BP-2021-04401,2021-04-15,200000,New Building,New Building,Completed,HALIFAX,District 11,2,2,Dwelling - Semi-Detached,44.59155876843974,-63.59966668535189
4253,BP-2021-04413,2021-04-09,350000,New Building,New Building,Completed,BEAVER BANK,District 15,1,2,Dwelling - Single Detached,44.8359821339075,-63.662517690216724
4254,BP-2021-04430,2021-04-13,130000,New Building,New Building,Completed,GAETZ BROOK,District 02,2,1,Dwelling - Semi-Detached,44.764233119089184,-63.214475791300615
4255,BP-2021-04437,2021-04-12,151000,New Building,New Building,Completed,MINEVILLE,District 02,1,2,Dwelling - Single Detached,44.70886478223538,-63.390250029495796
4256,BP-2021-04470,2021-04-13,20000,New Building,New Building,Completed,HARRIETSFIELD,District 11,0,1,Accessory Structure,44.56729129893345,-63.636328227600956
4257,BP-2021-04476,2021-04-12,7500,New Building,New Building,Completed,MURPHY COVE,District 02,0,1,Accessory Structure,44.782267515141484,-62.763705829276866
4258,BP-2021-04483,2021-04-21,70000,Renovation,Renovation,Completed,DARTMOUTH,District 06,0,1,Industrial,44.712444233864325,-63.59957159698863
4259,BP-2021-04496,2021-06-21,255000,Renovation,Renovation,Expired,HALIFAX,District 07,0,3,Commercial,44.64338577934373,-63.56896577062749
4260,BP-2021-04552,2021-04-12,500,Renovation,Renovation,Completed,BEDFORD,District 16,0,2,Dwelling - Single Detached,44.728073401345334,-63.66027340356554
4261,BP-2021-04593,2021-04-26,425000,New Building,New Building,Completed,MIDDLE SACKVILLE,District 14,1,2,Dwelling - Single Detached,44.78024401125007,-63.736988914334944
4262,BP-2021-04601,2023-06-28,400000,New Building,New Building,Completed,HALIFAX,District 11,3,2,Dwelling - Semi-Detached,44.58576398802583,-63.58829460601419
4263,BP-2021-04642,2021-05-13,17000,New Building,New Building,Expired,,District 14,0,1,Accessory Structure,,
4264,BP-2021-04656,,,Renovation,Renovation,Applicant Revisions,HALIFAX,District 09,1,2,Dwelling - Multiple Units,44.6519755419694,-63.61185433173488
4265,BP-2021-04672,2021-04-19,470000,New Building,New Building,Completed,WELLINGTON,District 01,1,2,Dwelling - Single Detached,44.86288646104221,-63.596076112438794
4266,BP-2021-04676,2021-05-06,40000,Renovation,Renovation,Expired,HALIFAX,District 08,0,3,Dwelling - Townhouse,44.665161662511345,-63.604200148663544
4267,BP-2021-04685,2021-08-10,335000,New Building,New Building,Completed,ENFIELD,District 01,1,1,Dwelling - Single Detached,44.912374114759196,-63.554803625387216
4268,BP-2021-04692,2021-04-13,160000,New Building,New Building,Completed,TIMBERLEA,District 12,1,3,Dwelling - Single Detached,44.63969095296316,-63.72322444859055
4269,BP-2021-04704,2021-03-24,200000,New Building,New Building,Completed,PORTERS LAKE,District 02,1,2,Dwelling - Single Detached,44.754680974047645,-63.29132114778402
4270,BP-2021-04708,2021-06-25,17115,Renovation,Renovation,Completed,HALIFAX,District 07,0,2,Dwelling - Multiple Units,44.636108976820694,-63.58584759079162
4271,BP-2021-04721,2021-05-13,287000,New Building,New Building,Completed,MIDDLE SACKVILLE,District 14,1,2,Dwelling - Single Detached,44.82281104379796,-63.710796572429395
4272,BP-2021-04757,2021-04-15,79900,Renovation,Renovation,Expired,DARTMOUTH,District 05,0,1,Dwelling - Single Detached,44.66560820538319,-63.55626013781678
4273,BP-2021-04788,2021-06-28,120000,New Building,New Building,Expired (Closed),EAST SHIP HARBOUR,District 02,1,2,Dwelling - Single Detached,44.776761239290835,-62.78919530949608
4274,BP-2021-04810,2021-04-14,77452,Renovation,Renovation,Completed,DARTMOUTH,District 06,0,2,Commercial,44.6802185722674,-63.54146033834093
4275,BP-2021-04845,2021-05-26,150000,Renovation,Renovation,Completed,HALIFAX,District 07,0,22,Commercial,44.652649421307245,-63.57452150316824
4276,BP-2021-04850,2021-04-19,500000,New Building,New Building,Completed,TIMBERLEA,District 12,1,2,Dwelling - Single Detached,44.64129169867872,-63.72082285924184
4277,BP-2021-04859,2021-07-21,900000,New Building,New Building,Completed,HALIFAX,District 11,3,2,Dwelling - Townhouse,44.6246248055933,-63.62312280960816
4278,BP-2021-04870,2021-06-04,68000,Renovation,Renovation,Completed,HALIFAX,District 07,0,3,Dwelling - Single Detached,44.632646614211225,-63.584144230180534
4279,BP-2021-04895,2021-11-01,530000,New Building,New Building,Completed,HERRING COVE,District 11,1,3,Dwelling - Single Detached,44.56737454337135,-63.56157950864275
4280,BP-2021-04946,,20000,New Building,New Building,Cancelled,TIMBERLEA,District 12,0,1,Accessory Structure,44.67024074526856,-63.77658151097558
4281,BP-2021-04953,2021-04-01,160000,New Building,New Building,Completed,TIMBERLEA,District 12,1,3,Dwelling - Single Detached,44.63991910018579,-63.72345351712993
4282,BP-2021-04971,2021-04-13,180000,New Building,New Building,Completed,TIMBERLEA,District 12,1,3,Dwelling - Single Detached,44.64066127459972,-63.72355979449979
4283,BP-2021-04990,2021-05-20,8000,Addition,Addition,Completed,PORTUGUESE COVE,District 11,0,1,Dwelling - Single Detached,44.52063217841931,-63.53292485387835
4284,BP-2021-05011,,82500,Addition,Addition,Applicant Revisions,GRAND LAKE,District 01,0,2,Dwelling - Single Detached,44.895138174140726,-63.589815198806846
4285,BP-2021-05034,2021-05-28,59500,Renovation,Renovation,Completed,DARTMOUTH,District 05,0,2,Dwelling - Multiple Units,44.67838759599333,-63.58792278985867
4286,BP-2021-05061,2021-11-09,51000,New Building,New Building,Issued,LOWER EAST CHEZZETCOOK,District 02,0,2,Accessory Structure,44.683867128559044,-63.206156065601014
4287,BP-2021-05070,2021-04-19,23000,New Building,New Building,Completed,BEAVER BANK,District 15,0,1,Accessory Structure,44.829000356644784,-63.68201897510388
4288,BP-2021-05103,2021-09-20,280000,New Building,New Building,Issued,PORTERS LAKE,District 02,1,2,Dwelling - Single Detached,44.70822545637335,-63.30352535004583
4289,BP-2021-05158,2021-06-01,125000,Renovation,Renovation,Expired,HALIFAX,District 09,0,5,Commercial,44.649368575944415,-63.61874247106554
4290,BP-2021-05251,2021-04-20,58500,Renovation,Renovation,Completed,DARTMOUTH,District 05,0,2,Dwelling - Multiple Units,44.67855897456257,-63.58763250533312
4291,BP-2021-05272,,10000,Renovation,Renovation,Withdrawn,SHIP HARBOUR,District 02,0,1,Dwelling - Single Detached,44.811990190056285,-62.88461257381244
4292,BP-2021-05336,,300000,New Building,New Building,Withdrawn,TANTALLON,District 13,1,1,Dwelling - Single Detached,44.66583313153123,-63.89191835001284
4293,BP-2021-05357,2021-05-21,400000,New Building,New Building,Completed,TIMBERLEA,District 12,1,2,Dwelling - Single Detached,44.64106599710132,-63.72396727821811
4294,BP-2021-05376,2021-04-19,25000,Renovation,Renovation,Completed,HALIFAX,District 08,0,2,Dwelling - Single Detached,44.66356680361113,-63.597901880593554
4295,BP-2021-05410,2021-04-26,400000,New Building,New Building,Completed,BEDFORD,District 16,1,3,Dwelling - Single Detached,44.71419159924603,-63.70436525628462
4296,BP-2021-05439,2021-04-30,95000,Renovation,Renovation,Completed,HALIFAX,District 10,0,2,Dwelling - Single Detached,44.66768330939534,-63.64412914412405
4297,BP-2021-05459,2021-07-16,490000,Renovation,Renovation,Completed,HALIFAX,District 09,0,1,Commercial,44.646189356815654,-63.6183254137935
4298,BP-2021-05466,2021-10-25,46000,Renovation,Renovation,Completed,HALIFAX,District 08,0,1,Accessory Structure,44.66183435258721,-63.606377397274485
4299,BP-2021-05488,,10000000,New Building,New Building,Applicant Revisions,LOWER SACKVILLE,District 15,83,6,Dwelling - Multiple Units,44.75626523949546,-63.66696091236095
4300,BP-2021-05501,2021-05-20,110000,New Building,New Building,Expired,LUCASVILLE,District 14,0,1,Accessory Structure,44.76945555854573,-63.74153280505372
4301,BP-2021-05546,2021-05-11,400000,New Building,New Building,Completed,WHITES LAKE,District 13,1,2,Dwelling - Single Detached,44.50949320796285,-63.77342321557739
4302,BP-2021-05574,2021-04-30,220000,New Building,New Building,Completed,DEVON,District 01,1,1,Dwelling - Single Detached,44.904356443159884,-63.43370847848869
4303,BP-2021-05582,2021-09-14,5800000,New Building,New Building,Completed,LOWER SACKVILLE,District 15,33,4,Mixed Use - Residential & Other Use(s),44.759781890546165,-63.66030240503815
4304,BP-2021-05593,2021-04-23,400000,New Building,New Building,Completed,UPPER TANTALLON,District 13,1,3,Dwelling - Single Detached,44.704683643578214,-63.8904308456083
4305,BP-2021-05611,2021-04-30,400000,New Building,New Building,Completed,TANTALLON,District 13,1,1,Dwelling - Single Detached,44.65233340429661,-63.90281595350201
4306,BP-2021-05633,2021-04-19,250000,New Building,New Building,Completed,MIDDLE SACKVILLE,District 14,1,3,Dwelling - Single Detached,44.795064837138135,-63.74845476255829
4307,BP-2021-05685,2021-05-18,20000,Addition,Addition,Expired,TIMBERLEA,District 12,0,1,Dwelling - Single Detached,44.64879380568681,-63.73872127591431
4308,BP-2021-05705,2021-04-19,16000,New Building,New Building,Expired,FLETCHERS LAKE,District 01,0,1,Accessory Structure,44.83786387124044,-63.605360028787096
4309,BP-2021-05717,2021-04-30,60000,Addition,Addition,Expired,FALL RIVER,District 01,0,2,Dwelling - Single Detached,44.806987779296485,-63.62471986789852
4310,BP-2021-05736,,32000,Addition,Addition,Withdrawn,HALIFAX,District 11,0,1,Dwelling - Single Detached,44.611538782460535,-63.6100778158177
4311,BP-2021-05750,2021-05-10,175000,Renovation,Renovation,Completed,HALIFAX,District 09,0,2,Dwelling - Single Detached,44.6415153364901,-63.60415433913424
4312,BP-2021-05771,2021-05-19,375000,New Building,New Building,Completed,FALL RIVER,District 01,1,1,Dwelling - Single Detached,44.82456900896427,-63.61581440215031
4313,BP-2021-05800,2021-09-14,467100,New Building,New Building,Completed,BEDFORD,District 16,0,1,Commercial,44.70858261542343,-63.70964576943253
4314,BP-2021-05853,,35000,New Building,New Building,Withdrawn,HALIFAX,District 11,0,1,Accessory Structure,44.62952207862933,-63.626608330173646
4315,BP-2021-05871,2021-06-14,18000,Renovation,Renovation,Completed,BEDFORD,District 16,0,2,Commercial,44.70706104901189,-63.70901383719901
4316,BP-2021-05912,2021-06-14,32000,Renovation,Renovation,Expired (Closed),HALIFAX,District 09,0,3,Commercial,44.649368575944415,-63.61874247106554
4317,BP-2021-05930,,4000,Renovation,Renovation,Application Incomplete,NORTH PRESTON,District 04,0,1,Dwelling - Single Detached,44.746059475596525,-63.468642975013296
4318,BP-2021-05973,2021-06-14,176500,New Building,New Building,Completed,LUCASVILLE,District 14,1,2,Dwelling - Single Detached,44.74113877006348,-63.74880797098364
4319,BP-2021-05987,2021-09-08,1750000,New Building,New Building,Completed,HALIFAX,District 08,0,2,Commercial,44.66301472624699,-63.61623202053688
4320,BP-2021-06005,2021-06-14,370000,Renovation,Renovation,Expired,FALL RIVER,District 01,0,2,Commercial,44.80928431875872,-63.60647102529087
4321,BP-2021-06013,2021-08-11,96000,Addition,Addition,Expired,HALIFAX,District 09,0,3,Dwelling - Single Detached,44.648449755653125,-63.61247042247399
4322,BP-2021-06020,2021-08-12,11630714,New Building,New Building,Completed,HALIFAX,District 08,58,9,Mixed Use - Residential & Other Use(s),44.657346473829456,-63.6059633887643
4323,BP-2021-06043,2021-05-04,300000,New Building,New Building,Expired,HALIFAX,Unidentified,2,3,Dwelling - Semi-Detached,44.59709423062361,-63.60220145356159
4324,BP-2021-06053,2021-06-14,110000,Renovation,Renovation,Expired,DARTMOUTH,District 05,0,2,Dwelling - Single Detached,44.66972402974055,-63.556286764276
4325,BP-2021-06066,2021-05-03,35000,New Building,New Building,Completed,UPPER TANTALLON,District 13,0,1,Accessory Structure,44.72745959577616,-63.87475428440248
4326,BP-2021-06084,2021-05-04,170000,New Building,New Building,Completed,HALIFAX,District 07,0,1,Accessory Structure,44.63820494253234,-63.599318311405625
4327,BP-2021-06110,2021-05-04,300000,New Building,New Building,Expired,HALIFAX,Unidentified,2,3,Dwelling - Semi-Detached,44.59688111834074,-63.601851502945834
4328,BP-2021-06118,2021-05-04,300000,New Building,New Building,Expired,HALIFAX,Unidentified,2,3,Dwelling - Semi-Detached,44.59676754638335,-63.601678583409644
4329,BP-2021-06147,2021-04-23,200000,New Building,New Building,Completed,MIDDLE SACKVILLE,District 14,1,2,Dwelling - Single Detached,44.79469335462684,-63.74705351075706
4330,BP-2021-06151,2021-05-19,325000,New Building,New Building,Expired,LUCASVILLE,District 14,1,2,Dwelling - Single Detached,44.75548162889803,-63.73646466068289
4331,BP-2021-06178,2021-05-27,15000,Renovation,Renovation,Expired (Closed),HALIFAX,District 09,0,1,Dwelling - Single Detached,44.653415839821385,-63.602266043938705
4332,BP-2021-06183,2023-07-12,120000,New Building,New Building,Issued,HALIFAX,District 11,0,1,Accessory Structure,44.60885812553314,-63.564967016134126
4333,BP-2021-06202,2021-06-15,800000,New Building,New Building,Completed,LAKESIDE,District 12,6,2,Dwelling - Multiple Units,44.6334677171889,-63.70291884411579
4334,BP-2021-06226,2021-09-21,40000,Addition,Addition,Expired,MEAGHERS GRANT,District 01,0,2,Dwelling - Single Detached,44.963189830168695,-63.219507788589915
4335,BP-2021-06239,2021-05-20,400000,New Building,New Building,Completed,TIMBERLEA,District 12,1,2,Dwelling - Single Detached,44.641069848102866,-63.722299601934296
4336,BP-2021-06260,2021-11-01,14743928,New Building,New Building,Expired,BEDFORD,District 16,72,6,Dwelling - Multiple Units,44.7153011111168,-63.703030591207195
4337,BP-2021-06268,2021-05-11,380000,New Building,New Building,Completed,TANTALLON,District 13,1,1,Dwelling - Single Detached,44.65070766384826,-63.897343032073245
4338,BP-2021-06278,2021-05-06,450000,New Building,New Building,Completed,TANTALLON,District 13,1,2,Dwelling - Single Detached,44.65054980384206,-63.90001922185363
4339,BP-2021-06309,2021-05-26,32000,New Building,New Building,Completed,MIDDLE SACKVILLE,District 14,0,1,Accessory Structure,44.82083401506092,-63.71323178268272
4340,BP-2021-06334,2021-05-06,400000,New Building,New Building,Completed,TIMBERLEA,District 12,1,2,Dwelling - Single Detached,44.641034320364355,-63.72124472100854
4341,BP-2021-06348,,9900,Addition,Addition,Application Incomplete,HALIFAX,District 10,0,1,Mixed Use - Residential & Other Use(s),44.65910457224382,-63.64759178013589
4342,BP-2021-06357,2021-05-10,148250.36,Addition,Addition,Completed,TANTALLON,District 13,0,1,Dwelling - Single Detached,44.65738407306028,-63.90301223644711
4343,BP-2021-06386,2021-05-13,44800,New Building,New Building,Expired,STILLWATER LAKE,District 13,0,1,Accessory Structure,44.69218514991332,-63.82419961810517
4344,BP-2021-06424,2021-05-03,200000,New Building,New Building,Completed,PORTERS LAKE,District 02,1,1,Dwelling - Single Detached,44.75445264125076,-63.28900004107989
4345,BP-2021-06458,2021-05-03,400000,New Building,New Building,Completed,UPPER TANTALLON,District 13,1,2,Dwelling - Single Detached,44.7051765567405,-63.888099382144695
4346,BP-2021-06477,2021-05-13,65000,Addition,Addition,Expired,WELLINGTON,District 01,0,1,Dwelling - Seasonal,44.8808676605966,-63.62807683673808
4347,BP-2021-06491,2021-05-10,300000,New Building,New Building,Completed,BEDFORD,District 16,2,2,Dwelling - Semi-Detached,44.70696348113405,-63.71308646096541
4348,BP-2021-06502,2021-06-04,69000,Renovation,Renovation,Completed,HAMMONDS PLAINS,District 14,0,1,Commercial,44.73407223496039,-63.78376456984394
4349,BP-2021-06536,2021-05-20,5000,New Building,New Building,Expired,HALIFAX,District 09,0,1,Accessory Structure,44.643667581690025,-63.61077092326831
4350,BP-2021-06569,2021-07-12,300000,New Building,New Building,Completed,HALIFAX,District 11,4,2,Dwelling - Semi-Detached,44.59829686753293,-63.6037621576566
4351,BP-2021-06591,2022-01-17,17000000,New Building,New Building,Completed,BEDFORD,District 16,72,10,Dwelling - Multiple Units,44.69571681341197,-63.69032888644487
4352,BP-2021-06612,2022-04-11,300000,New Building,New Building,Completed,HALIFAX,District 08,2,2,Dwelling - Multiple Units,44.6678871075521,-63.61001285816866
4353,BP-2021-06634,2021-05-20,450000,New Building,New Building,Completed,TIMBERLEA,District 12,1,1,Dwelling - Single Detached,44.640792305109606,-63.724107484035905
4354,BP-2021-06660,2021-06-25,150000,New Building,New Building,Completed,UPPER SACKVILLE,District 14,1,1,Dwelling - Single Detached,44.8340929373298,-63.78319967145483
4355,BP-2021-06690,2021-05-18,400000,New Building,New Building,Completed,MIDDLE SACKVILLE,District 14,1,3,Dwelling - Single Detached,44.79081091395583,-63.76527775198387
4356,BP-2021-06715,2021-06-22,31000,New Building,New Building,Amendment Application Incomplete,LOWER SHIP HARBOUR,District 02,0,1,Accessory Structure,44.775996776376594,-62.817087314526255
4357,BP-2021-06737,2021-09-15,10000000,Renovation,Renovation,Completed,DARTMOUTH,District 03,0,2,Industrial,44.65260704346013,-63.53975358300088
4358,BP-2021-06773,2021-06-25,180000,New Building,New Building,Completed,TIMBERLEA,District 12,1,3,Dwelling - Single Detached,44.64076039745502,-63.723515336223876
4359,BP-2021-06793,2021-07-15,440000,New Building,New Building,Expired,EASTERN PASSAGE,District 03,4,2,Dwelling - Semi-Detached,44.615324191554485,-63.46709315785258
4360,BP-2021-06794,2021-05-20,170000,New Building,New Building,Completed,TIMBERLEA,District 12,1,3,Dwelling - Single Detached,44.6405392104172,-63.72299752041593
4361,BP-2021-06811,2021-05-20,170000,New Building,New Building,Completed,TIMBERLEA,District 12,1,3,Dwelling - Single Detached,44.64064047422123,-63.723285285349206
4362,BP-2021-06835,2021-06-25,400000,New Building,New Building,Completed,SAMBRO,District 11,1,2,Dwelling - Single Detached,44.48464631907267,-63.589603518819516
4363,BP-2021-06856,,5000,New Building,New Building,Withdrawn,FALL RIVER,District 01,0,1,Accessory Structure,44.818383751207776,-63.61028050309607
4364,BP-2021-06864,,15000,New Building,New Building,Withdrawn,DARTMOUTH,District 05,0,1,Accessory Structure,44.66440814349242,-63.570051670461794
4365,BP-2021-06884,2021-06-14,550000,New Building,New Building,Completed,HATCHET LAKE,District 13,1,2,Dwelling - Single Detached,44.56802502312679,-63.718378771695214
4366,BP-2021-06897,,50000,New Building,New Building,Withdrawn,LUCASVILLE,District 14,0,2,Accessory Structure,44.76248603021092,-63.72004984087308
4367,BP-2021-06938,2021-06-22,20050,Renovation,Renovation,Expired (Closed),HALIFAX,District 08,0,1,Commercial,44.66828099875163,-63.60769808395776
4368,BP-2021-06942,2021-06-03,10000,Renovation,Renovation,Completed,HALIFAX,District 10,0,2,Commercial,44.65824892754742,-63.632196961031255
4369,BP-2021-06981,2021-05-06,425000,New Building,New Building,Completed,BROOKSIDE,District 13,1,1,Dwelling - Single Detached,44.52820069071411,-63.70038695798733
4370,BP-2021-07002,2021-06-21,440000,New Building,New Building,Expired,EASTERN PASSAGE,District 03,4,2,Dwelling - Semi-Detached,44.61520419083185,-63.46683688056002
4371,BP-2021-07014,2021-05-06,450000,New Building,New Building,Completed,BEDFORD,District 16,1,3,Dwelling - Single Detached,44.71994993031919,-63.71594280112711
4372,BP-2021-07020,2021-05-20,280000,New Building,New Building,Completed,OSTREA LAKE,District 02,1,1,Dwelling - Single Detached,44.76773745178108,-63.09831141368685
4373,BP-2021-07026,2021-05-20,275000,New Building,New Building,Completed,WILLIAMSWOOD,District 11,1,1,Dwelling - Single Detached,44.511239318491,-63.638722804570996
4374,BP-2021-07040,2021-05-20,20000,New Building,New Building,Completed,WILLIAMSWOOD,District 11,0,1,Accessory Structure,44.511239318491,-63.638722804570996
4375,BP-2021-07051,2021-07-20,4000,Addition,Addition,Completed,QUEENSLAND,District 13,0,1,Dwelling - Seasonal,44.63296326653467,-64.03233157391001
4376,BP-2021-07076,,25000,New Building,New Building,Cancelled,STILLWATER LAKE,District 13,0,1,Accessory Structure,44.70918808143791,-63.84555927075673
4377,BP-2021-07094,,9000,New Building,New Building,Applicant Revisions,HUBLEY,District 13,0,1,Accessory Structure,44.68118226535669,-63.82799800212538
4378,BP-2021-07122,2021-05-10,400000,New Building,New Building,Completed,MIDDLE SACKVILLE,District 14,1,2,Dwelling - Single Detached,44.787815762760864,-63.74328538618169
4379,BP-2021-07147,2021-08-17,250000,Renovation,Renovation,Completed,DARTMOUTH,District 05,0,5,Commercial,44.66444316190208,-63.56772311538987
4380,BP-2021-07161,2021-12-13,20000,Renovation,Renovation,Completed,HALIFAX,District 10,2,2,Dwelling - Multiple Units,44.65108139713849,-63.642787279726974
4381,BP-2021-07212,2021-05-11,70000,Renovation,Renovation,Completed,WAVERLEY,District 06,0,2,Dwelling - Single Detached,44.73768876388531,-63.554208810046084
4382,BP-2021-07223,2021-05-26,300000,New Building,New Building,Completed,TIMBERLEA,District 12,1,3,Dwelling - Single Detached,44.64459687909865,-63.71946128372637
4383,BP-2021-07270,2021-08-05,190000,Addition,Addition,Completed,HALIFAX,District 08,0,2,Dwelling - Single Detached,44.656685280438786,-63.59296618599368
4384,BP-2021-07280,2021-08-06,57000,Renovation,Renovation,Completed,DARTMOUTH,District 05,0,1,Accessory Structure,44.67942850107609,-63.58349029232841
4385,BP-2021-07295,2021-05-10,180000,New Building,New Building,Completed,LUCASVILLE,District 14,1,3,Dwelling - Single Detached,44.76969794927954,-63.707541966154906
4386,BP-2021-07308,2021-06-14,23750,New Building,New Building,Completed,DARTMOUTH,District 05,0,1,Accessory Structure,44.685036116204664,-63.5793062839862
4387,BP-2021-07333,2021-06-03,132000,Renovation,Renovation,Expired,HALIFAX,District 09,0,4,Commercial,44.649368575944415,-63.61874247106554
4388,BP-2021-07364,2021-06-25,30000,New Building,New Building,Completed,SEABRIGHT,District 13,0,1,Accessory Structure,44.6215365079232,-63.9335089114391
4389,BP-2021-07388,2021-05-25,400000,New Building,New Building,Completed,UPPER TANTALLON,District 13,1,1,Dwelling - Single Detached,44.70343529638233,-63.88465619586844
4390,BP-2021-07397,2021-05-21,425000,New Building,New Building,Completed,MIDDLE SACKVILLE,District 14,1,2,Dwelling - Single Detached,44.776636987496644,-63.73792075725821
4391,BP-2021-07404,2021-08-17,197999,Addition,Addition,Completed,DARTMOUTH,District 05,0,2,Dwelling - Single Detached,44.675338229110395,-63.5578278922278
4392,BP-2021-07416,2021-07-21,600000,New Building,New Building,Completed,HALIFAX,District 10,6,2,Dwelling - Townhouse,44.67706274964578,-63.66120799059346
4393,BP-2021-07437,2021-06-23,250000,New Building,New Building,Completed,HERRING COVE,District 11,1,2,Dwelling - Single Detached,44.56629561951667,-63.56130392159359
4394,BP-2021-07456,2021-05-21,500000,New Building,New Building,Completed,TIMBERLEA,District 12,1,2,Dwelling - Single Detached,44.641337285931534,-63.72273602386323
4395,BP-2021-07503,2021-05-21,280000,New Building,New Building,Completed,CLAM BAY,District 02,1,1,Dwelling - Single Detached,44.72820706074268,-62.941195175491245
4396,BP-2021-07540,2021-06-11,2000,Renovation,Renovation,Completed,HALIFAX,District 11,0,3,Dwelling - Semi-Detached,44.611429310555124,-63.6117375396277
4397,BP-2021-07560,2021-09-14,440703.54,New Building,New Building,Completed,GAETZ BROOK,District 02,1,1,Dwelling - Single Detached,44.78537893357992,-63.19443279064944
4398,BP-2021-07601,2022-07-13,35000,New Building,New Building,Withdrawn,EAST CHEZZETCOOK,District 02,0,1,Accessory Structure,44.746914555238256,-63.22898936883067
4399,BP-2021-07631,2021-05-26,390000,New Building,New Building,Completed,HAMMONDS PLAINS,District 14,1,2,Dwelling - Single Detached,44.712122348212745,-63.772163978892905
4400,BP-2021-07638,2021-07-23,38500,Addition,Addition,Completed,DARTMOUTH,District 05,0,1,Dwelling - Single Detached,44.66947229584055,-63.546996601933685
4401,BP-2021-07682,2021-05-21,320000,New Building,New Building,Expired,HALIFAX,Unidentified,2,2,Dwelling - Semi-Detached,44.597211907018725,-63.60235724917218
4402,BP-2021-07704,,3000,New Building,New Building,Withdrawn,HUBLEY,District 13,0,1,Accessory Structure,44.656754974902796,-63.78646644978516
4403,BP-2021-07740,2021-05-20,19000,New Building,New Building,Expired,PORTERS LAKE,District 02,0,1,Accessory Structure,44.7425873404683,-63.33485178636359
4404,BP-2021-07762,,194000,New Building,New Building,Withdrawn,MEAGHERS GRANT,District 01,1,1,Dwelling - Single Detached,44.93849998769145,-63.230284867619545
4405,BP-2021-07773,2021-06-23,375000,New Building,New Building,Completed,LAKE ECHO,District 02,1,1,Dwelling - Single Detached,44.741975504694786,-63.39757801607298
4406,BP-2021-07792,2021-08-12,400000,Renovation,Renovation,Completed,LOWER SACKVILLE,District 15,0,1,Commercial,44.76972621415083,-63.68784399630208
4407,BP-2021-07858,2021-06-09,240000,New Building,New Building,Amendment Application Incomplete,HALIFAX,District 11,1,2,Dwelling - Single Detached,44.60648095971613,-63.6010849716276
4408,BP-2021-07877,2021-05-27,446000,New Building,New Building,Completed,HUBLEY,District 13,1,1,Dwelling - Single Detached,44.656754974902796,-63.78646644978516
4409,BP-2021-07905,2021-08-06,50000,Addition,Addition,Expired (Closed),WESTPHAL,District 04,0,1,Dwelling - Single Detached,44.708267671572244,-63.46458656244262
4410,BP-2021-07913,2021-06-04,240000,New Building,New Building,Completed,HALIFAX,District 11,1,2,Dwelling - Single Detached,44.60680202305898,-63.60065546293908
4411,BP-2021-07948,2021-07-23,30000,Addition,Addition,Expired,DARTMOUTH,District 06,0,1,Dwelling - Single Detached,44.721514506775335,-63.54614089997352
4412,BP-2021-07959,2021-06-03,125000,Addition,Addition,Completed,HALIFAX,District 09,0,2,Dwelling - Single Detached,44.646389742159855,-63.60578119823061
4413,BP-2021-07985,2021-06-02,63000,New Building,New Building,Expired (Closed),,District 14,0,2,Accessory Structure,44.700869561435105,-63.81043932974938
4414,BP-2021-08005,2021-10-20,250000,Addition,Addition,Expired (Closed),MIDDLE SACKVILLE,District 14,0,1,Commercial,44.795277414440655,-63.72881941639569
4415,BP-2021-08032,2021-06-03,6000,Renovation,Renovation,Completed,HALIFAX,District 10,0,2,Dwelling - Single Detached,44.65608941624634,-63.63375307082033
4416,BP-2021-08052,2021-11-16,7260000,New Building,New Building,Completed,,District 06,0,2,Commercial,44.72358319503926,-63.573185132529375
4417,BP-2021-08063,2022-01-31,31000,Addition,Addition,Completed,HALIFAX,District 09,0,2,Dwelling - Single Detached,44.64304414581455,-63.595101168069206
4418,BP-2021-08077,2021-06-30,375000,New Building,New Building,Completed,ENFIELD,District 01,1,1,Dwelling - Single Detached,44.93910909688042,-63.52590350188662
4419,BP-2021-08103,2021-06-03,250000,New Building,New Building,Expired,WEST CHEZZETCOOK,District 02,1,2,Dwelling - Single Detached,44.738679640074395,-63.26466917542466
4420,BP-2021-08122,2021-05-21,380000,New Building,New Building,Completed,HUBLEY,District 13,1,1,Dwelling - Single Detached,44.66039790317774,-63.8227015795728
4421,BP-2021-08163,2021-07-08,450000,New Building,New Building,Expired,HAMMONDS PLAINS,District 14,1,1,Dwelling - Single Detached,44.770704758398956,-63.75929942077408
4422,BP-2021-08213,2021-07-28,18000,Renovation,Renovation,Completed,BEDFORD,District 16,0,2,Commercial,44.70706104901189,-63.70901383719901
4423,BP-2021-08241,2021-06-11,25500,New Building,New Building,Completed,DARTMOUTH,District 06,0,1,Accessory Structure,44.70380560729793,-63.54503479606216
4424,BP-2021-08257,2021-06-14,650000,New Building,New Building,Completed,PROSPECT,District 13,1,2,Dwelling - Single Detached,44.49712816244695,-63.80686194641602
4425,BP-2021-08296,2021-05-25,30000,New Building,New Building,Expired (Closed),TANTALLON,District 13,0,1,Accessory Structure,44.65390579057495,-63.89137811424775
4426,BP-2021-08306,2021-07-12,20000,New Building,New Building,Expired (Closed),LAKE ECHO,District 02,0,1,Accessory Structure,44.72669822148548,-63.386562962047485
4427,BP-2021-08363,2021-08-06,80000,Renovation,Renovation,Completed,DARTMOUTH,District 06,0,1,Commercial,44.698925225442174,-63.563807738525185
4428,BP-2021-08410,,1000,Renovation,Renovation,Withdrawn,HALIFAX,District 08,0,1,Commercial,44.656842038796306,-63.595720087311705
4429,BP-2021-08429,2021-06-25,250000,New Building,New Building,Completed,MIDDLE SACKVILLE,District 14,1,2,Dwelling - Single Detached,44.795021676551684,-63.75166715691855
4430,BP-2021-08435,2021-05-21,250000,New Building,New Building,Completed,MIDDLE SACKVILLE,District 14,1,2,Dwelling - Single Detached,44.79614047222441,-63.750213073305076
4431,BP-2021-08454,2021-06-23,215000,New Building,New Building,Completed,FALL RIVER,District 01,1,1,Dwelling - Single Detached,44.80493214280343,-63.637609435854976
4432,BP-2021-08473,2021-06-22,15000,New Building,New Building,Expired (Closed),HAMMONDS PLAINS,District 14,0,1,Accessory Structure,44.70170599697696,-63.817735036338526
4433,BP-2021-08490,2021-06-11,13000,New Building,New Building,Completed,HALIFAX,District 09,0,1,Accessory Structure,44.65479980296792,-63.60587767475154
4434,BP-2021-08514,2021-07-30,300000,New Building,New Building,Expired,HALIFAX,District 09,1,2,Dwelling - Single Detached,44.64879600556313,-63.613577848460054
4435,BP-2021-08532,2021-06-22,65000,Addition,Addition,Expired,HALIFAX,District 11,0,2,Dwelling - Single Detached,44.63144828621295,-63.61110861847306
4436,BP-2021-08539,2021-06-09,130000,New Building,New Building,Completed,WINDSOR JUNCTION,District 01,1,1,Dwelling - Single Detached,44.78455928988337,-63.633153509304734
4437,BP-2021-08551,,78000,New Building,New Building,Withdrawn,HEAD OF ST MARGARETS BAY,District 13,1,1,Dwelling - Backyard Suite,44.67118456788195,-63.92144493540382
4438,BP-2021-08588,2021-05-11,37000,Renovation,Renovation,Completed,UPPER TANTALLON,District 13,0,2,Dwelling - Single Detached,44.71349632959337,-63.87572190235948
4439,BP-2021-08632,2021-06-25,50000,New Building,New Building,Completed,WELLINGTON,District 01,0,2,Accessory Structure,44.85348251856422,-63.611532098451896
4440,BP-2021-08641,2021-06-25,550000,New Building,New Building,Completed,FALL RIVER,District 01,1,2,Dwelling - Single Detached,44.82413402318906,-63.644777142517775
4441,BP-2021-08672,2021-09-29,330000,Renovation,Renovation,Completed,HALIFAX,District 08,0,1,Commercial,44.6624245136399,-63.618862336660314
4442,BP-2021-08689,2021-11-19,6982409,New Building,New Building,Completed,HALIFAX,District 08,44,5,Dwelling - Multiple Units,44.65521519633795,-63.59076787756724
4443,BP-2021-08744,2021-06-04,564000,New Building,New Building,Completed,COLE HARBOUR,District 04,1,2,Dwelling - Single Detached,44.64709691313961,-63.462896999055054
4444,BP-2021-08764,2021-06-30,15000,New Building,New Building,Expired (Closed),TANTALLON,District 13,0,1,Accessory Structure,44.651964741282704,-63.9010590216727
4445,BP-2021-08800,2021-05-27,35000,Renovation,Renovation,Expired (Closed),HAMMONDS PLAINS,District 14,0,1,Dwelling - Single Detached,44.708448762801424,-63.75066433610854
4446,BP-2021-08855,2021-05-26,23300,New Building,New Building,Completed,HAMMONDS PLAINS,District 14,0,1,Accessory Structure,44.7067929793611,-63.74372333701719
4447,BP-2021-08874,2021-08-13,25000,New Building,New Building,Completed,DARTMOUTH,District 06,0,1,Accessory Structure,44.68231209341869,-63.5314489215132
4448,BP-2021-08909,2021-07-15,600000,Renovation,Renovation,Completed,BEECHVILLE,District 12,0,4,Commercial,44.640983216888564,-63.674994531951405
4449,BP-2021-08923,,50000,Addition,Addition,Withdrawn,SHEET HARBOUR PASSAGE,District 02,1,2,Dwelling - Single Detached,44.85772306051682,-62.446151538382345
4450,BP-2021-08941,2021-08-20,96000,New Building,New Building,Completed,HARRIETSFIELD,District 11,1,2,Dwelling - Single Detached,44.561624736521004,-63.62243019690198
4451,BP-2021-08962,2021-06-25,350000,New Building,New Building,Completed,HACKETTS COVE,District 13,1,2,Dwelling - Single Detached,44.547518001349864,-63.93925874952581
4452,BP-2021-08986,2021-06-28,6000,Addition,Addition,Completed,DARTMOUTH,District 06,0,1,Accessory Structure,44.687922363558854,-63.505028338264374
4453,BP-2021-09048,2021-07-13,10000,New Building,New Building,Completed,EASTERN PASSAGE,District 03,0,1,Accessory Structure,44.624443337107934,-63.50921701989268
4454,BP-2021-09068,2021-06-25,300000,New Building,New Building,Completed,BEECH HILL,District 02,1,2,Dwelling - Single Detached,44.77044520459359,-62.92731860255173
4455,BP-2021-09108,2022-04-29,38300000,New Building,New Building,Issued,HALIFAX,District 08,226,26,Mixed Use - Residential & Other Use(s),44.647294209007,-63.591483163516465
4456,BP-2021-09119,2021-06-11,328569.59,New Building,New Building,Completed,MUSQUODOBOIT HARBOUR,District 02,1,1,Dwelling - Single Detached,44.790477382011034,-63.15108906047534
4457,BP-2021-09173,2021-06-11,35000,New Building,New Building,Completed,MIDDLE SACKVILLE,District 14,0,1,Accessory Structure,44.79360429991889,-63.771828965805035
4458,BP-2021-09180,2021-07-30,224000,Renovation,Renovation,Issued,EAST PETPESWICK,District 02,0,1,Dwelling - Single Detached,44.68803533692804,-63.14545739302243
4459,BP-2021-09193,2022-01-27,46400000,New Building,New Building,Completed,BEDFORD,District 16,290,15,Dwelling - Multiple Units,44.712017637840084,-63.71444961299417
4460,BP-2021-09202,2021-06-09,380000,New Building,New Building,Completed,MINEVILLE,District 02,1,1,Dwelling - Single Detached,44.69850570686259,-63.37631047952419
4461,BP-2021-09225,2021-10-04,2900000,Addition,Addition,Completed,HALIFAX,District 07,4,4,Dwelling - Multiple Units,44.636485912682296,-63.57888700960913
4462,BP-2021-09241,2021-06-25,475000,New Building,New Building,Completed,HAMMONDS PLAINS,District 14,1,2,Dwelling - Single Detached,44.7130841094278,-63.77008636614193
4463,BP-2021-09279,2021-10-18,62000,Renovation,Renovation,Completed,HALIFAX,District 11,1,2,Dwelling - Multiple Units,44.61021402480844,-63.60695855575623
4464,BP-2021-09299,,50000,Renovation,Renovation,Withdrawn,HALIFAX,District 07,0,22,Commercial,44.64930696488166,-63.573363723911974
4465,BP-2021-09321,,250000,New Building,New Building,Withdrawn,,District 13,0,1,Commercial,,
4466,BP-2021-09329,2021-06-11,34000,New Building,New Building,Completed,LUCASVILLE,District 14,0,1,Accessory Structure,44.773082364795805,-63.72385404374927
4467,BP-2021-09356,2021-06-10,350000,New Building,New Building,Completed,TANTALLON,District 13,1,1,Dwelling - Single Detached,44.65258734463638,-63.902384810066046
4468,BP-2021-09368,2021-10-05,7612770,New Building,New Building,Completed,BEDFORD,District 16,40,4,Dwelling - Multiple Units,44.716262802832865,-63.71217515399933
4469,BP-2021-09383,2021-07-22,1200000,New Building,New Building,Completed,HALIFAX,District 11,4,2,Dwelling - Townhouse,44.62348547132216,-63.62213490705614
4470,BP-2021-09411,2021-07-15,70000,Renovation,Renovation,Completed,SHEET HARBOUR,District 02,0,1,Commercial,44.92046925391178,-62.53430682416522
4471,BP-2021-09437,2021-06-04,20000,New Building,New Building,Completed,UPPER SACKVILLE,District 14,0,1,Accessory Structure,44.82929051589716,-63.779011313839064
4472,BP-2021-09445,,30000,Renovation,Renovation,Cancelled,HALIFAX,District 10,1,2,Dwelling - Multiple Units,44.65626542913428,-63.64233379696833
4473,BP-2021-09453,2024-07-16,23800000,New Building,New Building,Amendment Applicant Revisions,HALIFAX,District 08,142,9,Dwelling - Multiple Units,44.661072867114896,-63.61596741731837
4474,BP-2021-09457,2021-07-21,900000,New Building,New Building,Completed,HALIFAX,District 11,3,2,Dwelling - Townhouse,44.624516768195676,-63.62294933718777
4475,BP-2021-09468,2021-07-15,55000,New Building,New Building,Expired,HALIFAX,District 07,0,1,Accessory Structure,44.627559413964384,-63.570630070797556
4476,BP-2021-09511,2023-02-14,50000,New Building,New Building,Issued,TERENCE BAY,District 13,0,2,Accessory Structure,44.48827645596291,-63.72801537027825
4477,BP-2021-09551,2021-07-16,26048,Renovation,Renovation,Completed,DARTMOUTH,District 06,0,2,Dwelling - Single Detached,44.673473195385476,-63.5468396555239
4478,BP-2021-09604,2021-10-04,405000,Renovation,Renovation,Expired,BEDFORD,District 16,0,3,Dwelling - Single Detached,44.72264628438709,-63.65085528634904
4479,BP-2021-09656,,750000,New Building,New Building,Application Incomplete,HALIFAX,District 07,1,3,Dwelling - Single Detached,44.63212634964706,-63.574262066230126
4480,BP-2021-09676,2021-06-10,20000,New Building,New Building,Expired,LUCASVILLE,District 14,0,1,Accessory Structure,44.7584136125535,-63.7491892124753
4481,BP-2021-09707,2021-09-22,165000,New Building,New Building,Completed,HALIFAX,District 11,3,3,Dwelling - Multiple Units,44.602757671317555,-63.61348458564679
4482,BP-2021-09721,,23285275,New Building,New Building,Applicant Revisions,,District 06,183,9,Dwelling - Multiple Units,44.68523223640292,-63.53060941679239
4483,BP-2021-09737,2021-08-04,23500,New Building,New Building,Completed,LOWER SACKVILLE,District 15,0,1,Accessory Structure,44.78438957515915,-63.68110289777087
4484,BP-2021-09765,,,Renovation,Renovation,Applicant Revisions,HALIFAX,District 08,1,3,Dwelling - Townhouse,44.65251761511954,-63.58542088790003
4485,BP-2021-09785,2021-06-11,300000,New Building,New Building,Completed,FLETCHERS LAKE,District 01,1,2,Dwelling - Single Detached,44.84794359806763,-63.607701562796926
4486,BP-2021-09809,2021-06-25,750000,New Building,New Building,Expired,BEDFORD,District 16,1,2,Dwelling - Single Detached,44.70157661394501,-63.7140437582357
4487,BP-2021-09825,,10000,New Building,New Building,Applicant Revisions,WINDSOR JUNCTION,District 01,0,1,Accessory Structure,44.78079024526142,-63.63087006755786
4488,BP-2021-09842,2021-06-22,525000,New Building,New Building,Completed,BEDFORD,District 16,1,2,Dwelling - Single Detached,44.70296505336705,-63.7179059311488
4489,BP-2021-09944,2021-07-08,525000,New Building,New Building,Completed,BEDFORD,District 16,1,2,Dwelling - Single Detached,44.70301697975222,-63.718088090947376
4490,BP-2021-09973,2021-11-04,800000,New Building,New Building,Completed,BEDFORD,District 16,4,2,Dwelling - Townhouse,44.74286132293746,-63.65466279437696
4491,BP-2021-09983,2021-12-06,13700000,New Building,New Building,Completed,HALIFAX,District 07,0,6,Institutional and Governmental,44.63676281704284,-63.58311256222121
4492,BP-2021-09995,2021-09-01,400000,New Building,New Building,Completed,BEDFORD,District 16,2,1,Dwelling - Semi-Detached,44.74318795683984,-63.655310906067015
4493,BP-2021-10005,2022-02-14,600000,New Building,New Building,Completed,BEDFORD,District 16,3,1,Dwelling - Townhouse,44.743369147602934,-63.65529563457979
4494,BP-2021-10035,2021-08-20,56500,Addition,Addition,Expired,PORTERS LAKE,District 02,1,1,Dwelling - Multiple Units,44.73550327062348,-63.32515972225544
4495,BP-2021-10083,,1200000,New Building,New Building,Applicant Revisions,HALIFAX,District 09,6,3,Dwelling - Multiple Units,44.64586608558575,-63.599725504907454
4496,BP-2021-10109,2021-06-22,255500,New Building,New Building,Completed,MIDDLE SACKVILLE,District 14,1,1,Dwelling - Single Detached,44.79698612911819,-63.72665856481609
4497,BP-2021-10176,2021-07-15,135000,Renovation,Renovation,Completed,DARTMOUTH,District 05,0,3,Commercial,44.68656042112191,-63.55952448193897
4498,BP-2021-10221,2021-08-04,195010,Renovation,Renovation,Completed,HALIFAX,District 12,0,1,Commercial,44.649320394982325,-63.67720063251109
4499,BP-2021-10242,2021-06-21,600000,New Building,New Building,Expired,BEDFORD,District 16,4,1,Dwelling - Multiple Units,44.70622616127471,-63.71522545611113
4500,BP-2021-10268,2021-08-23,600000,New Building,New Building,Expired,BEDFORD,District 16,4,1,Dwelling - Multiple Units,44.70592395399214,-63.71456727723317
4501,BP-2021-10281,2021-07-30,600000,New Building,New Building,Expired,BEDFORD,District 16,4,1,Dwelling - Multiple Units,44.70630850627759,-63.71474818942266
4502,BPCOM-2021-10382,,40000,Renovation,Renovation,Application Incomplete,LOWER SACKVILLE,District 15,0,1,Commercial,44.765408765975145,-63.68087939863586
4503,BPCOM-2021-10386,,2770000,Renovation,Renovation,Withdrawn,HALIFAX,District 07,55,5,Mixed Use - Residential & Other Use(s),44.64488495044452,-63.572702349435126
4504,BPCOM-2021-10635,2021-08-13,1500000,Renovation,Renovation,Completed,GOFFS,District 01,0,2,Commercial,44.87043823268348,-63.53460247804879
4505,BPCOM-2021-10835,2021-10-26,76000,Renovation,Renovation,Expired,HALIFAX,District 08,0,3,Commercial,44.65327037470932,-63.58496561491183
4506,BPCOM-2021-10992,2021-08-20,205000,Renovation,Renovation,Completed,DARTMOUTH,District 06,0,1,Commercial,44.7105221097503,-63.583414310878965
4507,BPCOM-2021-11115,2021-08-09,388500,Renovation,Renovation,Completed,DARTMOUTH,District 03,0,1,Commercial,44.64904002660361,-63.54624269358341
4508,BPCOM-2021-11223,2021-07-23,480000,Renovation,Renovation,Completed,DARTMOUTH,District 05,0,2,Commercial,44.66545228048422,-63.56626672308256
4509,BPCOM-2021-11301,2021-11-01,800000,Renovation,Renovation,Completed,DARTMOUTH,District 06,0,2,Commercial,44.71631542215307,-63.6030583351642
4510,BPCOM-2021-11361,2021-07-12,35000,Renovation,Renovation,Expired,HALIFAX,District 12,0,1,Commercial,44.649320394982325,-63.67720063251109
4511,BPCOM-2021-11516,2021-07-30,200000,Renovation,Renovation,Expired,HAMMONDS PLAINS,District 14,0,3,Commercial,44.75442222657634,-63.76995335937013
4512,BPCOM-2021-11620,2021-10-27,20000,Renovation,Renovation,Completed,HALIFAX,District 08,0,3,Commercial,44.652526097457105,-63.58687509693633
4513,BPCOM-2021-11766,2021-09-21,29000,Renovation,Renovation,Completed,HALIFAX,District 07,0,16,Commercial,44.64626289624365,-63.57299075037606
4514,BPCOM-2021-11894,2022-01-05,69000,Renovation,Renovation,Completed,BEDFORD,District 16,0,2,Commercial,44.70741017296444,-63.71006185491863
4515,BPCOM-2021-11992,,12000,Renovation,Renovation,Applicant Revisions,HALIFAX,District 08,0,2,Commercial,44.65663947911413,-63.59548366242036
4516,BPCOM-2021-12153,2021-09-29,148500,Renovation,Renovation,Completed,DARTMOUTH,District 06,0,1,Industrial,44.71227191466182,-63.56480439874146
4517,BPCOM-2021-12329,2022-01-05,41000,Renovation,Renovation,Completed,BEDFORD,District 16,0,2,Commercial,44.70741017296444,-63.71006185491863
4518,BPCOM-2021-12369,2023-02-24,140000,Renovation,Renovation,Issued,HALIFAX,District 09,0,2,Commercial,44.65005681352218,-63.595453542557195
4519,BPCOM-2021-12517,2021-08-27,876768,Renovation,Renovation,Expired (Closed),DARTMOUTH,District 05,0,7,Dwelling - Multiple Units,44.67261335713343,-63.578509787198236
4520,BPCOM-2021-12540,2021-10-18,1203000,New Building,New Building,Completed,BEECHVILLE,District 12,0,1,Commercial,44.640748459209114,-63.67774400626767
4521,BPCOM-2021-12754,2021-09-13,85000,Renovation,Renovation,Completed,HALIFAX,District 09,0,4,Commercial,44.649368575944415,-63.61874247106554
4522,BPCOM-2021-13025,2021-09-29,167775,Renovation,Renovation,Expired (Closed),DARTMOUTH,District 06,0,1,Commercial,44.698054425299425,-63.581808331756406
4523,BPCOM-2021-13160,2021-11-16,4005780,Renovation,Renovation,Completed,GOFFS,District 01,0,2,Aquaculture,44.86955365400254,-63.535307038447826
4524,BPCOM-2021-13370,2021-11-04,1500000,New Building,New Building,Expired,TIMBERLEA,District 12,0,1,Commercial,44.63691746521457,-63.715025673237285
4525,BPCOM-2021-13506,2021-09-21,55000,Renovation,Renovation,Completed,DARTMOUTH,District 06,0,2,Commercial,44.700368602940294,-63.588481539907626
4526,BPCOM-2021-13593,2021-11-02,30000,Addition,Addition,Completed,HALIFAX,District 11,0,2,Commercial,44.60034285494513,-63.607524088316794
4527,BPCOM-2021-13647,2021-09-22,250000,Renovation,Renovation,Expired (Closed),HALIFAX,District 09,0,3,Commercial,44.64503195576133,-63.62241735423837
4528,BPCOM-2021-13796,2021-10-01,40000,Renovation,Renovation,Completed,UPPER TANTALLON,District 13,0,1,Commercial,44.68526567228456,-63.87549430469479
4529,BPCOM-2021-13956,2021-09-22,2400000,Renovation,Renovation,Completed,HALIFAX,District 07,0,16,Commercial,44.64924799622453,-63.5761389452127
4530,BPCOM-2021-14145,2021-11-22,6000,New Building,New Building,Issued,SHEET HARBOUR,District 02,0,1,Commercial,44.92045231122622,-62.53015676492766
4531,BPCOM-2021-14372,2021-09-14,325609,Renovation,Renovation,Expired (Closed),DARTMOUTH,District 03,0,2,Commercial,44.64928510721457,-63.54412440635905
4532,BPCOM-2021-14435,2021-12-21,26866800,New Building,New Building,Completed,HALIFAX,District 07,216,9,Mixed Use - Residential & Other Use(s),44.6427052697066,-63.57600284106183
4533,BPCOM-2021-14585,2022-02-08,5000000,New Building,New Building,Completed,DARTMOUTH,District 06,0,2,Commercial,44.69549730162727,-63.54820763595794
4534,BPCOM-2021-14648,2021-09-16,150000,Renovation,Renovation,Expired,HALIFAX,District 07,0,3,Institutional and Governmental,44.63235775383831,-63.581471142373566
4535,BPCOM-2021-14795,2023-08-03,9331109,New Building,New Building,Issued,HALIFAX,District 08,105,10,Commercial,44.66003167963594,-63.5967625375812
4536,BPCOM-2021-14880,2021-09-29,350000,Renovation,Renovation,Completed,HALIFAX,District 07,0,13,Commercial,44.648977647796926,-63.57476083134049
4537,BPCOM-2021-15013,2023-10-30,103500,Renovation,Renovation,Completed,HALIFAX,District 09,0,2,Commercial,44.65478212465649,-63.60425398606244
4538,BPCOM-2021-15053,2021-10-15,165000,Renovation,Renovation,Expired,LOWER SACKVILLE,District 15,0,2,Commercial,44.76588391685366,-63.68049874557674
4539,BPCOM-2021-15147,2021-10-20,195000,Renovation,Renovation,Completed,DARTMOUTH,District 06,0,3,Commercial,44.69448509805018,-63.58036855942183
4540,BPCOM-2021-15320,2021-10-04,158000,Renovation,Renovation,Completed,DARTMOUTH,District 05,0,6,Institutional and Governmental,44.66465075587999,-63.569290614714866
4541,BPCOM-2021-15362,2021-11-26,52700,Renovation,Renovation,Expired,MIDDLE SACKVILLE,District 14,0,1,Institutional and Governmental,44.77630161593866,-63.703991524313054
4542,BPCOM-2021-15645,2021-10-28,40000,Renovation,Renovation,Expired,HALIFAX,District 12,0,11,Commercial,44.650097456607256,-63.651748608617304
4543,BPCOM-2021-15779,2021-10-28,170000,Renovation,Renovation,Completed,HEAD OF ST MARGARETS BAY,District 13,0,1,Accessory Structure,44.69119284891113,-63.89214772037899
4544,BPCOM-2021-15974,,700,Renovation,Renovation,Applicant Revisions,HALIFAX,District 10,0,3,Mixed Use - Residential & Other Use(s),44.681296436369976,-63.65931102488349
4545,BPCOM-2021-16011,2022-01-10,1300000,Addition,Addition,Completed,WAVERLEY,District 01,0,3,Commercial,44.78886454682316,-63.60660189485699
4546,BPCOM-2021-16090,2021-12-15,2695240,Renovation,Renovation,Cancelled,HALIFAX,District 07,0,4,Commercial,44.6492531406325,-63.577105218272834
4547,BPCOM-2021-16180,2021-11-19,35000,Renovation,Renovation,Completed,HALIFAX,District 07,0,17,Commercial,44.64150383294356,-63.57834517893211
4548,BPCOM-2021-16427,2021-11-29,1107710,Renovation,Renovation,Completed,HALIFAX,District 08,0,9,Mixed Use - Residential & Other Use(s),44.650909834956046,-63.58200296369946
4549,BPCOM-2021-16452,2021-12-08,18010000,New Building,New Building,Completed,HALIFAX,District 08,71,9,Mixed Use - Residential & Other Use(s),44.66043147954815,-63.59612195696095
4550,BPCOM-2021-16574,2023-01-17,1000000,New Building,New Building,Completed,INDIAN HARBOUR,District 13,0,2,Commercial,44.520387960849604,-63.937604898177085
4551,BPCOM-2021-16712,2021-11-02,50000,New Building,New Building,Completed,HATCHET LAKE,District 13,0,1,Accessory Structure,44.584694445786354,-63.70171724793917
4552,BPCOM-2021-17026,2021-12-30,3500000,New Building,New Building,Completed,DARTMOUTH,District 06,0,1,Commercial,44.71676852957129,-63.56211133608885
4553,BPCOM-2021-17062,2022-06-29,26400000,New Building,New Building,Expired,HALIFAX,District 10,238,17,Mixed Use - Residential & Other Use(s),44.65665592658424,-63.65137451538068
4554,BPCOM-2021-17346,2021-12-08,410925,Renovation,Renovation,Expired (Closed),DARTMOUTH,District 05,0,2,Commercial,44.66440814349242,-63.570051670461794
4555,BPCOM-2021-17432,2022-01-21,900400,Renovation,Renovation,Expired (Closed),DARTMOUTH,District 05,0,3,Commercial,44.66401999948769,-63.56935671636894
4556,BPCOM-2021-17577,2021-11-29,9950,Renovation,Renovation,Expired (Closed),DARTMOUTH,District 06,0,3,Commercial,44.695483336865664,-63.578376913840906
4557,BPCOM-2021-17668,,64000,Addition,Addition,Withdrawn,HALIFAX,District 09,0,2,Commercial,44.64546934203425,-63.59757593166269
4558,BPCOM-2021-17831,,450000,New Building,New Building,Withdrawn,,District 15,0,1,Commercial,44.78265174656955,-63.692148635505376
4559,BPCOM-2021-18057,2023-02-23,600000,New Building,New Building,Completed,INDIAN HARBOUR,District 13,0,1,Commercial,44.520387960849604,-63.937604898177085
4560,BPCOM-2021-18205,2022-06-06,238000,Renovation,Renovation,Completed,HALIFAX,District 09,0,1,Commercial,44.64626980116062,-63.62094261375594
4561,BPCOM-2021-18271,2022-03-15,13347566,New Building,New Building,Completed,BEDFORD,Unidentified,75,4,Dwelling - Multiple Units,44.72174360790854,-63.70790907968481
4562,BPCOM-2021-18372,2022-01-04,44000,Renovation,Renovation,Completed,HALIFAX,District 10,0,8,Commercial,44.657997551905126,-63.63410945459949
4563,BPCOM-2021-18475,2022-10-05,21464000,New Building,New Building,Amendment Review,DARTMOUTH,District 05,117,9,Mixed Use - Residential & Other Use(s),44.67153041391625,-63.5813558280057
4564,BPCOM-2021-18664,2022-01-25,320000,Renovation,Renovation,Completed,DARTMOUTH,District 05,0,4,Commercial,44.66397924747747,-63.56816627051918
4565,BPCOM-2021-18774,2021-12-20,211849,Renovation,Renovation,Expired,DARTMOUTH,District 06,0,2,Commercial,44.71001832852527,-63.587681300478046
4566,BPCOM-2021-18911,2021-12-22,5700,Renovation,Renovation,Completed,LOWER SACKVILLE,District 15,0,1,Commercial,44.774666976689566,-63.693052196939526
4567,BPCOM-2021-19011,2022-05-12,11000000,New Building,New Building,Completed,HALIFAX,District 08,30,6,Dwelling - Multiple Units,44.65205905313599,-63.582288913229974
4568,BPCOM-2021-19111,2021-12-07,137000,Renovation,Renovation,Completed,HALIFAX,District 07,0,2,Commercial,44.63409352510462,-63.59132169778253
4569,BPCOM-2021-19178,2021-12-07,16000,Renovation,Renovation,Completed,HALIFAX,District 07,0,22,Commercial,44.64930696488166,-63.573363723911974
4570,BPCOM-2021-19305,2021-12-24,100000,Renovation,Renovation,Completed,HALIFAX,District 09,0,1,Commercial,44.644905261568724,-63.61893106138063
4571,BPCOM-2021-19361,,25000,Renovation,Renovation,Withdrawn,BEDFORD,District 16,0,1,Commercial,44.70828592460972,-63.66570184412501
4572,BPCOM-2021-19454,2021-12-21,52000,Renovation,Renovation,Completed,HALIFAX,District 08,0,5,Mixed Use - Residential & Other Use(s),44.65355796946982,-63.58581035441577
4573,BPCOM-2021-19569,2022-07-12,1450000,Renovation,Renovation,Issued,HALIFAX,District 07,0,5,Commercial,44.646444762993674,-63.57349693790917
4574,BPCOM-2021-19631,2021-12-20,125000,Renovation,Renovation,Completed,HALIFAX,District 09,0,4,Commercial,44.649368575944415,-63.61874247106554
4575,BPCOM-2021-19719,2022-02-17,285000,Addition,Addition,Completed,HATCHET LAKE,District 13,0,1,Commercial,44.56072938619353,-63.73162099113431
4576,BPCOM-2021-19823,2021-12-15,21408,New Building,New Building,Completed,HALIFAX,District 11,0,1,Accessory Structure,44.61549255102177,-63.614150050530945
4577,BPCOM-2021-19886,2022-01-21,235141,Renovation,Renovation,Completed,HALIFAX,District 07,0,5,Institutional and Governmental,44.64272939183785,-63.57518609044027
4578,BPCOM-2021-19977,2021-12-17,11500,New Building,New Building,Completed,HALIFAX,District 09,0,1,Accessory Structure,44.65019084541863,-63.60183645252126
4579,BPCOM-2021-20004,,3000,Renovation,Renovation,Applicant Revisions,HALIFAX,District 09,0,3,Commercial,44.649368575944415,-63.61874247106554
4580,BPCOM-2021-20082,2022-01-27,22500,Renovation,Renovation,Completed,DARTMOUTH,District 06,0,1,Commercial,44.71348371545542,-63.59604048988986
4581,BPCOM-2021-20201,2022-03-01,150000,New Building,New Building,Expired (Closed),LINDSAY LAKE,District 01,1,1,Mixed Use - Residential & Other Use(s),45.04043355056027,-63.0180649569577
4582,BPCOM-2021-20271,2022-02-01,155000,Renovation,Renovation,Expired,HALIFAX,District 07,0,5,Dwelling - Multiple Units,44.644997903851895,-63.57275853958239
4583,BPCOM-2021-20322,2021-12-29,23000,New Building,New Building,Completed,BEDFORD,District 16,0,1,Accessory Structure,44.72586130779622,-63.66789012622605
4584,BPCOM-2021-20352,2022-01-26,202500,Renovation,Renovation,Completed,HALIFAX,District 08,0,1,Commercial,44.659157223313315,-63.60447037414356
4585,BPCOM-2022-00072,2024-01-25,3250000,New Building,New Building,Completed,DARTMOUTH,District 05,48,5,Dwelling - Multiple Units,44.68351691395052,-63.58638781149646
4586,BPCOM-2022-00186,2022-05-17,1000000,Renovation,Renovation,Completed,DARTMOUTH,District 05,0,3,Mixed Use - Residential & Other Use(s),44.6881566607275,-63.587454093676584
4587,BPCOM-2022-00396,2022-07-06,1000000,Renovation,Renovation,Completed,COLE HARBOUR,District 04,0,1,Commercial,44.67025589799629,-63.500934331707576
4588,BPCOM-2022-00486,2022-02-24,8750,Renovation,Renovation,Completed,,District 07,0,2,Commercial,44.64365296457233,-63.57683261962929
4589,BPCOM-2022-00668,2022-02-01,300000,Renovation,Renovation,Completed,DARTMOUTH,District 06,0,3,Commercial,44.699560464852354,-63.58500015268226
4590,BPCOM-2022-00688,2022-05-26,100000,Renovation,Renovation,Completed,DARTMOUTH,District 05,0,3,Mixed Use - Residential & Other Use(s),44.68848824805938,-63.58694171663195
4591,BPCOM-2022-00716,2022-12-14,1000000,Renovation,Renovation,Completed,DARTMOUTH,District 05,0,3,Dwelling - Multiple Units,44.6864940180275,-63.596398168307466
4592,BPCOM-2022-00910,2022-05-10,175000,Renovation,Renovation,Completed,HALIFAX,District 07,0,1,Commercial,44.64630435376559,-63.57382821419258
4593,BPCOM-2022-01060,2022-02-23,958000,Renovation,Renovation,Completed,HALIFAX,District 07,0,21,Commercial,44.64669334286695,-63.57504938328099
4594,BPCOM-2022-01166,2022-09-21,22897244,New Building,New Building,Completed,HALIFAX,District 07,138,9,Mixed Use - Residential & Other Use(s),44.64803854851487,-63.57395054991615
4595,BPCOM-2022-01231,2022-05-12,10000000,New Building,New Building,Completed,HAMMONDS PLAINS,District 14,71,4,Dwelling - Multiple Units,44.725934175814565,-63.748752104185165
4596,BPCOM-2022-01290,2022-11-03,24856296,New Building,New Building,Completed,HALIFAX,District 08,183,13,Mixed Use - Residential & Other Use(s),44.65642344503479,-63.59858359239721
4597,BPCOM-2022-01464,2022-04-01,140000,Renovation,Renovation,Expired,DARTMOUTH,District 06,0,2,Commercial,44.69004051956738,-63.59885462080005
4598,BPCOM-2022-01623,2022-04-05,1000000,Renovation,Renovation,Completed,HALIFAX,District 09,0,3,Commercial,44.648992888687495,-63.63056622965473
4599,BPCOM-2022-01638,2022-06-15,9269750,New Building,New Building,Completed,DARTMOUTH,District 06,44,6,Dwelling - Multiple Units,44.6980683913267,-63.5471163493985
4600,BPCOM-2022-01716,2022-03-01,62500,Renovation,Renovation,Completed,,District 08,0,2,Commercial,44.66255223936648,-63.60160048423326
4601,BPCOM-2022-01925,2022-03-23,500000,Renovation,Renovation,Completed,GOFFS,District 01,0,2,Commercial,44.886560015262745,-63.51491466538
4602,BPCOM-2022-02017,2022-05-13,100000,Renovation,Renovation,Completed,BEECHVILLE,District 12,0,1,Commercial,44.63872474462032,-63.661251795748186
4603,BPCOM-2022-02085,2022-09-22,9400000,New Building,New Building,Issued,HALIFAX,District 07,47,8,Mixed Use - Residential & Other Use(s),44.63867305879671,-63.57002926751025
4604,BPCOM-2022-02181,2022-03-29,1000000,Renovation,Renovation,Expired,DARTMOUTH,District 03,0,5,Commercial,44.65583337097039,-63.54919387442752
4605,BPCOM-2022-02241,2022-04-12,380000,Addition,Addition,Completed,DARTMOUTH,District 05,0,2,Commercial,44.66644360630616,-63.56615158230968
4606,BPCOM-2022-02332,2022-04-14,90000,Renovation,Renovation,Completed,TIMBERLEA,District 12,0,1,Commercial,44.63660338207947,-63.71684919632002
4607,BPCOM-2022-02395,2024-09-23,5000,Renovation,Renovation,Issued,HALIFAX,District 10,0,1,Commercial,44.65957575130861,-63.63484282170455
4608,BPCOM-2022-02517,2022-04-25,422000,Renovation,Renovation,Completed,BEDFORD,District 16,0,1,Commercial,44.70916159420464,-63.70856103110303
4609,BPCOM-2022-02557,2022-03-24,5000,Renovation,Renovation,Expired (Closed),LOWER SACKVILLE,District 15,0,1,Commercial,44.76866669475353,-63.68806850252396
4610,BPCOM-2022-02701,2022-03-08,39500,Renovation,Renovation,Completed,DARTMOUTH,District 05,0,8,Commercial,44.66558333840882,-63.56992187770611
4611,BPCOM-2022-02791,2022-04-12,60000,Renovation,Renovation,Completed,DARTMOUTH,District 03,0,1,Commercial,44.671699340852136,-63.52323975926467
4612,BPCOM-2022-02968,2022-08-05,652500,New Building,New Building,Completed,UPPER TANTALLON,District 13,0,2,Commercial,44.68922154826583,-63.87808432058284
4613,BPCOM-2022-03082,2022-04-19,200000,Renovation,Renovation,Completed,BEDFORD,District 16,0,1,Commercial,44.73635846691734,-63.65696658156799
4614,BPCOM-2022-03128,2022-05-24,500000,New Building,New Building,Issued,FALL RIVER,District 01,0,2,Commercial,44.8062822499451,-63.59078321624527
4615,BPCOM-2022-03196,2022-05-03,5000,Renovation,Renovation,Completed,,District 08,0,2,Commercial,44.66255223936648,-63.60160048423326
4616,BPCOM-2022-03421,,30000,Renovation,Renovation,Withdrawn,WINDSOR JUNCTION,District 01,0,2,Commercial,44.79262823979259,-63.64301743685074
4617,BPCOM-2022-03508,2022-04-20,20000,Renovation,Renovation,Completed,HALIFAX,District 07,0,3,Commercial,44.64773630892743,-63.574172282501586
4618,BPCOM-2022-03692,2022-04-07,24927,Renovation,Renovation,Expired (Closed),HALIFAX,District 07,0,3,Commercial,44.64891669654224,-63.575321040545596
4619,BPCOM-2022-03759,2022-04-26,180000,Renovation,Renovation,Expired (Closed),HALIFAX,District 07,0,7,Commercial,44.644947000458636,-63.5712566376278
4620,BPCOM-2022-03929,2022-05-02,20000,Renovation,Renovation,Expired (Closed),HALIFAX,District 08,0,10,Commercial,44.658343562106154,-63.60322178206833
4621,BPCOM-2022-03944,2023-03-02,44000000,New Building,New Building,Completed,DARTMOUTH,District 05,176,8,Mixed Use - Residential & Other Use(s),44.68648171214944,-63.56938921334973
4622,BPCOM-2022-04006,2022-10-25,33000,New Building,New Building,Expired,EASTERN PASSAGE,District 03,0,2,Commercial,44.61097165606095,-63.494621857343446
4623,BPCOM-2022-04115,2022-07-13,800000,New Building,New Building,Expired,HAMMONDS PLAINS,District 14,2,2,Mixed Use - Residential & Other Use(s),44.73310515733749,-63.788371547420226
4624,BPCOM-2022-04244,2022-05-17,310000,Renovation,Renovation,Issued,LOWER SACKVILLE,District 15,0,1,Commercial,44.76820927543715,-63.6847975065381
4625,BPCOM-2022-04326,2023-06-12,1500000,Renovation,Renovation,Issued,DARTMOUTH,District 05,0,2,Commercial,44.6666028904156,-63.56720140457107
4626,BPCOM-2022-04429,2024-04-05,26640000,New Building,New Building,Issued,HALIFAX,District 09,148,8,Dwelling - Multiple Units,44.656635192292846,-63.62884532463611
4627,BPCOM-2022-04661,2022-07-06,222800,Renovation,Renovation,Expired,BEECHVILLE,District 12,0,1,Commercial,44.63835245499446,-63.672925247270804
4628,BPCOM-2022-04695,2022-05-10,500000,Renovation,Renovation,Completed,UPPER TANTALLON,District 13,0,1,Commercial,44.70405591046159,-63.85890817513613
4629,BPCOM-2022-04867,2022-05-25,42000,New Building,New Building,Expired,,District 15,0,1,Accessory Structure,44.824220915494756,-63.69079129926
4630,BPCOM-2022-04970,2022-05-19,450000,Renovation,Renovation,Completed,HALIFAX,Unidentified,0,3,Commercial,44.66296323799452,-63.65749499462163
4631,BPCOM-2022-05049,2022-05-04,25000,Renovation,Renovation,Completed,LAKE ECHO,District 02,0,1,Commercial,44.73885065193028,-63.38178435811418
4632,BPCOM-2022-05193,2022-09-08,26250000,New Building,New Building,Issued,DARTMOUTH,District 06,105,8,Mixed Use - Residential & Other Use(s),44.682584145474586,-63.536900293222416
4633,BPCOM-2022-05210,2022-06-20,299535.3,Renovation,Renovation,Completed,UPPER HAMMONDS PLAINS,District 14,0,2,Commercial,44.751322437993664,-63.82198665779696
4634,BPCOM-2022-05329,2022-07-29,1400000,Renovation,Renovation,Expired,HALIFAX,District 07,0,3,Commercial,44.644267695363055,-63.57006229799719
4635,BPCOM-2022-05428,2022-07-29,200000,New Building,New Building,Completed,LOWER SACKVILLE,District 15,0,1,Accessory Structure,44.75575653799715,-63.651578076522824
4636,BPCOM-2022-05537,,30000,New Building,New Building,Application Incomplete,HAMMONDS PLAINS,District 14,0,1,Agriculture,44.72924185794524,-63.74762798055167
4637,BPCOM-2022-05698,2022-07-06,100000,Renovation,Renovation,Expired,BEDFORD,District 16,0,4,Commercial,44.71932907833694,-63.67294557868196
4638,BPCOM-2022-05764,2022-08-25,280000,Renovation,Renovation,Completed,HALIFAX,District 08,0,5,Commercial,44.65270204664359,-63.58462619837722
4639,BPCOM-2022-05810,2022-06-30,850000,Renovation,Renovation,Expired,HALIFAX,District 10,0,1,Commercial,44.66110853877551,-63.65653701425347
4640,BPCOM-2022-05930,2022-11-29,1500000,New Building,New Building,Completed,HALIFAX,District 09,0,1,Commercial,44.65907601567145,-63.628498974231114
4641,BPCOM-2022-06040,2022-06-27,200000,Renovation,Renovation,Expired,BEECHVILLE,District 12,0,1,Commercial,44.63653808589449,-63.67858698644087
4642,BPCOM-2022-06174,2022-06-17,125000,Renovation,Renovation,Completed,DARTMOUTH,District 05,0,18,Commercial,44.66548509985846,-63.56902048157545
4643,BPCOM-2022-06503,2025-02-14,820000,Addition,Addition,Issued,PORTERS LAKE,District 02,0,1,Commercial,44.745515379661875,-63.29100937246438
4644,BPCOM-2022-06562,,25000,Renovation,Renovation,Withdrawn,DARTMOUTH,District 05,0,1,Commercial,44.66650728688323,-63.566242190974705
4645,BPCOM-2022-06742,2022-06-13,375000,Renovation,Renovation,Completed,BEDFORD,District 16,0,1,Commercial,44.75162087426117,-63.64130063627347
4646,BPCOM-2022-07019,2023-01-16,250000,Addition,Addition,Issued,HALIFAX,District 07,0,2,Commercial,44.64038189340743,-63.57564565962665
4647,BPCOM-2022-07079,,140000,Renovation,Renovation,Withdrawn,DARTMOUTH,District 03,0,1,Commercial,44.67058422584287,-63.525608149775046
4648,BPCOM-2022-07304,2022-06-08,10708,New Building,New Building,Completed,HALIFAX,District 12,0,1,Accessory Structure,44.66640856967803,-63.65982969276306
4649,BPCOM-2022-07413,2022-07-14,194005,Renovation,Renovation,Completed,HALIFAX,District 08,0,2,Commercial,44.652821030827866,-63.58656093960488
4650,BPCOM-2022-07510,2022-09-15,159000,New Building,New Building,Expired,LOWER SACKVILLE,District 15,0,1,Commercial,44.759386707034416,-63.65391593501176
4651,BPCOM-2022-07683,,108800,New Building,New Building,Withdrawn,EAST CHEZZETCOOK,District 02,0,1,Commercial,44.746914555238256,-63.22898936883067
4652,BPCOM-2022-07734,2022-07-28,2525000,New Building,New Building,Completed,BEDFORD,District 16,0,2,Commercial,44.749401027580355,-63.64565000414612
4653,BPCOM-2022-08018,2022-07-26,12000,Renovation,Renovation,Completed,HALIFAX,District 08,0,2,Commercial,44.65149869671632,-63.582373177190455
4654,BPCOM-2022-08120,2022-11-30,3000000,New Building,New Building,Completed,MIDDLE SACKVILLE,District 14,0,2,Commercial,44.77967969102916,-63.71120194489983
4655,BPCOM-2022-08351,2022-07-29,20000,Renovation,Renovation,Completed,HALIFAX,District 07,0,3,Commercial,44.644267695363055,-63.57006229799719
4656,BPCOM-2022-08485,,500000,Renovation,Renovation,Applicant Revisions,HALIFAX,District 07,0,3,Mixed Use - Residential & Other Use(s),44.645710137367125,-63.573134215836866
4657,BPCOM-2022-08591,2022-07-20,45000,Renovation,Renovation,Expired,DARTMOUTH,District 06,0,1,Commercial,44.698054425299425,-63.581808331756406
4658,BPCOM-2022-08617,,650000,New Building,New Building,Withdrawn,,District 14,4,2,Dwelling - Multiple Units,44.760340604739746,-63.85547816368259
4659,BPCOM-2022-08796,2023-06-23,15120000,New Building,New Building,Completed,HALIFAX,District 09,84,8,Dwelling - Multiple Units,44.65168252614549,-63.598157365049296
4660,BPCOM-2022-08885,2022-09-22,150000,Renovation,Renovation,Completed,HALIFAX,District 09,0,12,Commercial,44.644950902763824,-63.59845502410907
4661,BPCOM-2022-09000,,220000,Renovation,Renovation,Withdrawn,HALIFAX,District 16,0,1,Commercial,44.69989101737633,-63.68655764237187
4662,BPCOM-2022-09127,2022-07-29,40000,Renovation,Renovation,Completed,DARTMOUTH,District 06,0,2,Commercial,44.70818467644483,-63.60622156061663
4663,BPCOM-2022-09176,2022-08-23,133000,New Building,New Building,Completed,WESTPHAL,District 04,0,2,Industrial,44.694850148419675,-63.45645367756997
4664,BPCOM-2022-09252,2022-10-13,17000000,New Building,New Building,Completed,,District 06,0,1,Commercial,44.72358319503926,-63.573185132529375
4665,BPCOM-2022-09331,2022-08-03,182875,Renovation,Renovation,Completed,DARTMOUTH,District 03,0,2,Commercial,44.67049142023758,-63.5086400649263
4666,BPCOM-2022-09478,2022-07-25,1936418,Renovation,Renovation,Expired,HALIFAX,District 07,0,3,Commercial,44.649864855350096,-63.57596272541034
4667,BPCOM-2022-09659,2022-08-09,3530163,New Building,New Building,Completed,BEECHVILLE,District 12,0,2,Commercial,44.63978276924998,-63.67598807747089
4668,BPCOM-2022-09771,2022-10-20,20000000,Addition,Addition,Issued,HALIFAX,District 07,0,7,Institutional and Governmental,44.635797722038824,-63.59040049713621
4669,BPCOM-2022-09812,2022-07-29,210000,Renovation,Renovation,Expired,HALIFAX,District 07,0,15,Mixed Use - Residential & Other Use(s),44.635440067048854,-63.58023934634638
4670,BPCOM-2022-09915,2022-09-29,50000,Renovation,Renovation,Completed,DARTMOUTH,District 05,0,4,Commercial,44.66475597149849,-63.56734606560125
4671,BPCOM-2022-09942,,1000000,Renovation,Renovation,Applicant Revisions,HALIFAX,District 08,0,4,Mixed Use - Residential & Other Use(s),44.65514720228719,-63.58438978052564
4672,BPCOM-2022-10018,2022-12-21,2089000,Renovation,Renovation,Issued,HALIFAX,District 07,16,4,Mixed Use - Residential & Other Use(s),44.64508099994872,-63.57240737964622
4673,BPCOM-2022-10143,2022-08-17,5000,Addition,Addition,Completed,TANTALLON,District 13,0,1,Agriculture,44.658342716516934,-63.8960339037018
4674,BPCOM-2022-10239,2022-10-06,50000,New Building,New Building,Completed,WEST PORTERS LAKE,District 02,0,1,Commercial,44.68878903595779,-63.30977280197957
4675,BPCOM-2022-10363,2022-09-26,75000,Renovation,Renovation,Expired,HALIFAX,District 07,-17,3,Mixed Use - Residential & Other Use(s),44.64122376732497,-63.57129164602773
4676,BPCOM-2022-10408,2022-10-07,550000,Renovation,Renovation,Completed,HALIFAX,District 07,0,15,Commercial,44.647309087229864,-63.572430476688574
4677,BPCOM-2022-10609,2022-11-22,31000000,New Building,New Building,Issued,HALIFAX,District 08,142,21,Dwelling - Multiple Units,44.653563439755004,-63.58541888860875
4678,BPCOM-2022-10715,2022-09-20,180000,Renovation,Renovation,Completed,LOWER SACKVILLE,District 15,0,1,Commercial,44.768827557770386,-63.685889532883614
4679,BPCOM-2022-10805,2022-08-30,252000,Renovation,Renovation,Completed,FALL RIVER,District 01,0,1,Commercial,44.818383751207776,-63.61028050309607
4680,BPCOM-2022-10907,2022-11-22,24367532,New Building,New Building,Issued,DARTMOUTH,District 05,142,21,Mixed Use - Residential & Other Use(s),44.671049247562095,-63.579901410922325
4681,BPCOM-2022-11080,2022-12-22,1930314,Renovation,Renovation,Expired,DARTMOUTH,District 05,0,6,Institutional and Governmental,44.665018321337655,-63.56975704658656
4682,BPCOM-2022-11174,2022-08-22,354000,Renovation,Renovation,Completed,DARTMOUTH,District 06,0,3,Commercial,44.69448509805018,-63.58036855942183
4683,BPCOM-2022-11349,2022-11-22,25000,Renovation,Renovation,Expired,DARTMOUTH,District 06,1,2,Mixed Use - Residential & Other Use(s),44.6847282862804,-63.502394794154476
4684,BPCOM-2022-11440,2022-09-21,7200,Renovation,Renovation,Completed,,District 07,0,3,Dwelling - Multiple Units,44.640364727926624,-63.570143108832
4685,BPCOM-2022-11570,2022-09-15,42000,Renovation,Renovation,Completed,HARRIETSFIELD,District 11,0,1,Industrial,44.582534075644965,-63.64182761444849
4686,BPCOM-2022-11721,2022-09-21,1600000,Renovation,Renovation,Completed,BEDFORD,District 16,0,4,Commercial,44.73089624035015,-63.65546276223791
4687,BPCOM-2022-11854,2022-11-08,267500,Addition,Addition,Completed,PEGGYS COVE,District 13,0,2,Commercial,44.49323951396913,-63.91478372719478
4688,BPCOM-2022-11861,2022-12-16,225000,Addition,Addition,Completed,HALIFAX,District 10,0,2,Commercial,44.65891402345877,-63.63338493296243
4689,BPCOM-2022-11946,2022-09-27,45000,Renovation,Renovation,Completed,DARTMOUTH,District 05,0,8,Commercial,44.66558333840882,-63.56992187770611
4690,BPCOM-2022-12036,2022-11-25,100000,Renovation,Renovation,Expired,DARTMOUTH,District 06,0,1,Commercial,44.70855945499701,-63.563584622117716
4691,BPCOM-2022-12226,2022-10-17,1091700,Renovation,Renovation,Completed,DARTMOUTH,District 06,0,1,Commercial,44.712492206795716,-63.56586177109013
4692,BPCOM-2022-12314,2022-09-20,8490.62,Renovation,Renovation,Expired,,District 06,0,2,Commercial,,
4693,BPCOM-2022-12559,2022-09-27,45000,Renovation,Renovation,Completed,BEDFORD,District 16,0,1,Commercial,44.70828592460972,-63.66570184412501
4694,BPCOM-2022-12577,2022-10-06,40000,Renovation,Renovation,Completed,BEDFORD,District 16,0,1,Commercial,44.70828592460972,-63.66570184412501
4695,BPCOM-2022-12615,2022-10-04,50000,New Building,New Building,Completed,WEST PORTERS LAKE,District 02,0,1,Commercial,44.68878903595779,-63.30977280197957
4696,BPCOM-2022-12690,2022-10-19,128000,Renovation,Renovation,Completed,DARTMOUTH,District 06,0,1,Commercial,44.68181279294608,-63.53764720137856
4697,BPCOM-2022-12711,,105000,Addition,Addition,Applicant Revisions,HALIFAX,District 09,0,2,Commercial,44.65791125821612,-63.62192548516165
4698,BPCOM-2022-12825,,38373.9,Renovation,Renovation,Applicant Revisions,SHEET HARBOUR,District 02,1,2,Mixed Use - Residential & Other Use(s),44.92539228757098,-62.54111387419515
4699,BPCOM-2022-12921,2022-11-24,7500000,New Building,New Building,Completed,DARTMOUTH,District 06,45,6,Mixed Use - Residential & Other Use(s),44.682289203730534,-63.53846230713893
4700,BPCOM-2022-13013,2023-02-03,35000,Renovation,Renovation,Completed,HALIFAX,District 10,0,8,Commercial,44.658310765892125,-63.63321802262716
4701,BPCOM-2022-13116,2022-11-09,24000,Renovation,Renovation,Completed,HALIFAX,District 08,11,3,Mixed Use - Residential & Other Use(s),44.659609409572646,-63.59726745304489
4702,BPCOM-2022-13220,2022-10-19,1000000,Renovation,Renovation,Completed,HALIFAX,District 07,0,22,Commercial,44.64440616602548,-63.57214898917251
4703,BPCOM-2022-13318,2023-01-23,20170000,New Building,New Building,Completed,BEECHVILLE,District 12,0,1,Industrial,44.65223773372726,-63.681930298485085
4704,BPCOM-2022-13609,2022-11-01,258864.5,Renovation,Renovation,Expired,DARTMOUTH,District 05,0,3,Commercial,44.68656042112191,-63.55952448193897
4705,BPCOM-2022-13646,2022-11-10,900000,Renovation,Renovation,Completed,DARTMOUTH,District 06,0,1,Commercial,44.72199741556242,-63.56275852475654
4706,BPCOM-2022-13707,,76000,Renovation,Renovation,Applicant Revisions,HALIFAX,District 10,0,8,Commercial,44.658310765892125,-63.63321802262716
4707,BPCOM-2022-13806,2022-11-09,325000,Renovation,Renovation,Completed,HALIFAX,District 09,0,4,Commercial,44.64500514947431,-63.6199821892075
4708,BPCOM-2022-13994,2023-04-26,3170000,New Building,New Building,Completed,DARTMOUTH,District 06,0,2,Commercial,44.71951934339426,-63.55999751425038
4709,BPCOM-2022-14023,2022-11-04,42000,New Building,New Building,Completed,UPPER TANTALLON,District 13,0,1,Accessory Structure,44.68922154826583,-63.87808432058284
4710,BPCOM-2022-14170,2022-12-09,28000,Renovation,Renovation,Expired,ELDERBANK,District 01,0,1,Institutional and Governmental,44.97946371175062,-63.218126248445
4711,BPCOM-2022-14281,2022-11-30,250000,Renovation,Renovation,Completed,HALIFAX,District 12,0,4,Commercial,44.65513999799687,-63.66995983206623
4712,BPCOM-2022-14305,2023-03-23,21073076,New Building,New Building,Issued,HALIFAX,District 07,95,8,Mixed Use - Residential & Other Use(s),44.63970185623544,-63.57041682032825
4713,BPCOM-2022-14419,2022-11-25,541535,Renovation,Renovation,Expired,LOWER SACKVILLE,District 15,0,1,Commercial,44.776453282340704,-63.695075459176984
4714,BPCOM-2022-14486,2023-01-31,650000,Renovation,Renovation,Completed,DARTMOUTH,District 03,0,1,Commercial,44.66993432601786,-63.5224332458137
4715,BPCOM-2022-14578,2022-12-16,750000,Renovation,Renovation,Completed,BEDFORD,District 16,0,1,Commercial,44.74953529462155,-63.64407136731576
4716,BPCOM-2022-14681,2022-11-21,10000,Renovation,Renovation,Expired,BEAVER BANK,District 15,0,1,Commercial,44.90233829138695,-63.71091289587415
4717,BPCOM-2022-14839,2022-11-24,355000,Renovation,Renovation,Completed,PORTERS LAKE,District 02,0,1,Commercial,44.743976996129526,-63.28386154116478
4718,BPCOM-2022-15051,2022-12-22,100000,Renovation,Renovation,Completed,DARTMOUTH,District 06,0,1,Commercial,44.70363648790646,-63.590067102766305
4719,BPCOM-2022-15173,2022-12-08,80000,Renovation,Renovation,Expired,HALIFAX,District 07,0,1,Commercial,44.64302898652359,-63.578680787340815
4720,BPCOM-2022-15259,2023-01-12,200000,Renovation,Renovation,Expired,BEDFORD,District 16,0,1,Commercial,44.70858261542343,-63.70964576943253
4721,BPCOM-2022-15311,2023-02-15,30000,Renovation,Renovation,Expired,HALIFAX,District 08,0,2,Commercial,44.655632897381736,-63.59372398290749
4722,BPCOM-2022-15432,2023-03-23,14200000,New Building,New Building,Completed,HALIFAX,District 16,71,6,Mixed Use - Residential & Other Use(s),44.6991967974668,-63.68390913970403
4723,BPCOM-2022-15549,,3250000,New Building,New Building,Withdrawn,HEAD OF JEDDORE,District 02,0,1,Commercial,44.77774281295135,-63.09144567665761
4724,BPCOM-2022-15602,2022-12-21,1600000,Renovation,Renovation,Completed,HALIFAX,District 09,0,3,Commercial,44.649368575944415,-63.61874247106554
4725,BPCOM-2022-15697,2023-03-02,70000,Renovation,Renovation,Completed,TIMBERLEA,District 12,0,1,Commercial,44.64595768357259,-63.71221857196495
4726,BPCOM-2022-15742,2023-01-03,169000,Renovation,Renovation,Completed,DARTMOUTH,District 06,0,2,Commercial,44.69494040904023,-63.56984805953759
4727,BPCOM-2022-15807,2023-01-04,147732,Renovation,Renovation,Completed,DARTMOUTH,District 06,0,2,Commercial,44.711079005697826,-63.60332718540767
4728,BPCOM-2022-15922,2023-05-11,200000,Renovation,Renovation,Completed,COLE HARBOUR,District 04,0,1,Commercial,44.67295910645267,-63.49260182464277
4729,BPCOM-2023-00055,2023-06-19,10000000,Renovation,Renovation,Completed,DARTMOUTH,District 05,99,17,Mixed Use - Residential & Other Use(s),44.67900086408493,-63.55049243318275
4730,BPCOM-2023-00075,2023-01-17,285000,Renovation,Renovation,Completed,DARTMOUTH,District 06,0,1,Commercial,44.720214800939836,-63.56326322197473
4731,BPCOM-2023-00104,2023-08-25,300000,Renovation,Renovation,Completed,HALIFAX,District 08,0,9,Commercial,44.657346473829456,-63.6059633887643
4732,BPCOM-2023-00120,2023-06-27,18000000,Renovation,Renovation,Completed,HALIFAX,District 07,172,15,Mixed Use - Residential & Other Use(s),44.6467703874081,-63.57258908888308
4733,BPCOM-2023-00214,2023-09-08,29118000,New Building,New Building,Completed,BEECHVILLE,District 12,0,1,Commercial,44.64996397924841,-63.681796608267696
4734,BPCOM-2023-00460,2023-04-26,500000,Renovation,Renovation,Completed,HALIFAX,District 07,3,3,Dwelling - Multiple Units,44.64107045819061,-63.58064657446678
4735,BPCOM-2023-00506,2023-07-28,300000,Renovation,Renovation,Completed,HALIFAX,District 07,0,3,Mixed Use - Residential & Other Use(s),44.645710137367125,-63.573134215836866
4736,BPCOM-2023-00633,2023-04-11,150000,Renovation,Renovation,Expired,DARTMOUTH,District 06,0,2,Commercial,44.703291066837046,-63.56250071858957
4737,BPCOM-2023-00749,2023-04-03,90000,Renovation,Renovation,Completed,HALIFAX,District 12,0,1,Commercial,44.65336491446885,-63.678879078577246
4738,BPCOM-2023-00884,2023-03-08,432169,Renovation,Renovation,Expired,HALIFAX,District 09,0,4,Dwelling - Multiple Units,44.63331985112211,-63.62952846832476
4739,BPCOM-2023-00972,2023-03-14,819352,Renovation,Renovation,Completed,HALIFAX,District 09,0,2,Commercial,44.6554410728958,-63.62735803598994
4740,BPCOM-2023-00987,,588202,Renovation,Renovation,Withdrawn,HALIFAX,District 07,0,18,Commercial,44.64669334286695,-63.57504938328099
4741,BPCOM-2023-01017,2023-06-08,615000,Addition,Addition,Amendment Applicant Revisions,WINDSOR JUNCTION,District 01,0,2,Industrial,44.782567823248826,-63.63183911451001
4742,BPCOM-2023-01051,2023-08-22,6000000,Renovation,Renovation,Completed,BEECHVILLE,District 13,0,2,Commercial,44.62998531590771,-63.66744433693332
4743,BPCOM-2023-01100,2023-03-31,12864303.26,New Building,New Building,Issued,DARTMOUTH,District 06,176,6,Mixed Use - Residential & Other Use(s),44.67343034334863,-63.54058916033984
4744,BPCOM-2023-01128,2023-03-24,8500000,Renovation,Renovation,Completed,HALIFAX,District 09,0,3,Commercial,44.649368575944415,-63.61874247106554
4745,BPCOM-2023-01164,2023-02-23,132000,Renovation,Renovation,Completed,HALIFAX,District 08,0,7,Commercial,44.65703184692059,-63.59599388983035
4746,BPCOM-2023-01190,2023-04-25,150000,Renovation,Renovation,Completed,HALIFAX,District 12,0,1,Commercial,44.646247489364434,-63.6706035659273
4747,BPCOM-2023-01241,2023-03-20,150000,Renovation,Renovation,Completed,HALIFAX,District 09,0,15,Mixed Use - Residential & Other Use(s),44.64627678096818,-63.590472545715876
4748,BPCOM-2023-01364,2023-03-07,110000,Renovation,Renovation,Expired,HALIFAX,District 12,0,1,Commercial,44.649320394982325,-63.67720063251109
4749,BPCOM-2023-01538,,120000,New Building,New Building,Applicant Revisions,PORT DUFFERIN,District 02,0,1,Commercial,44.911363321411166,-62.37929458741488
4750,BPCOM-2023-01632,2023-07-26,20000000,New Building,New Building,Issued,DARTMOUTH,District 06,104,7,Dwelling - Multiple Units,44.683222199770775,-63.537437189832254
4751,BPCOM-2023-01689,,250000,Renovation,Renovation,Withdrawn,,District 07,0,4,Dwelling - Multiple Units,44.640364727926624,-63.570143108832
4752,BPCOM-2023-01787,2023-05-02,2464300,Addition,Addition,Completed,HALIFAX,District 07,0,9,Commercial,44.64846610326862,-63.57593956290823
4753,BPCOM-2023-01946,2023-05-02,60000,Renovation,Renovation,Completed,HALIFAX,District 07,0,14,Commercial,44.64147528260163,-63.57833465393063
4754,BPCOM-2023-02107,2023-04-05,55000,Renovation,Renovation,Expired,DARTMOUTH,District 05,0,2,Mixed Use - Residential & Other Use(s),44.66538221000431,-63.56710900378344
4755,BPCOM-2023-02149,2023-04-27,37500,Addition,Addition,Completed,HUBBARDS,District 13,0,1,Accessory Structure,44.63384751329091,-64.05730268809519
4756,BPCOM-2023-02269,2023-09-29,22540000,New Building,New Building,Issued,HALIFAX,District 08,112,9,Mixed Use - Residential & Other Use(s),44.65044200227212,-63.592648937166416
4757,BPCOM-2023-02411,2023-03-20,7000,Renovation,Renovation,Completed,DARTMOUTH,Unidentified,0,1,Commercial,44.705165291779515,-63.59331668753573
4758,BPCOM-2023-02506,2023-04-18,431915,Renovation,Renovation,Completed,HALIFAX,District 07,0,3,Commercial,44.642944383689326,-63.574352709559875
4759,BPCOM-2023-02728,2023-06-05,3410000,New Building,New Building,Completed,DARTMOUTH,District 06,0,2,Commercial,44.71567073815395,-63.56406480474946
4760,BPCOM-2023-02893,2023-04-28,23500,Renovation,Renovation,Completed,DARTMOUTH,District 03,0,1,Commercial,44.66048026981066,-63.551067187735406
4761,BPCOM-2023-03033,2024-06-26,27800000,New Building,New Building,Issued,HALIFAX,District 16,159,7,Mixed Use - Residential & Other Use(s),44.69834788845807,-63.682559131508654
4762,BPCOM-2023-03034,2023-05-11,42100000,New Building,New Building,Issued,HALIFAX,District 16,158,8,Mixed Use - Residential & Other Use(s),44.698165547522215,-63.68366078931959
4763,BPCOM-2023-03133,2023-09-18,20060993.14,New Building,New Building,Issued,DARTMOUTH,District 06,120,12,Mixed Use - Residential & Other Use(s),44.67299371776197,-63.541007554631236
4764,BPCOM-2023-03252,2023-07-18,13801463,Addition,Addition,Completed,DARTMOUTH,District 06,0,1,Commercial,44.7173038293451,-63.57639632632359
4765,BPCOM-2023-03324,,50000,Renovation,Renovation,Application Incomplete,HALIFAX,District 10,0,2,Dwelling - Multiple Units,44.66136533330021,-63.63098530590278
4766,BPCOM-2023-03402,,8600,Renovation,Renovation,Applicant Revisions,BEDFORD,District 16,0,2,Commercial,44.722239992471714,-63.671307050277825
4767,BPCOM-2023-03436,2024-02-22,50700000,New Building,New Building,Issued,HALIFAX,District 08,159,7,Mixed Use - Residential & Other Use(s),44.6546001914303,-63.582566487063424
4768,BPCOM-2023-03482,2023-04-12,240000,Renovation,Renovation,Expired,HALIFAX,District 10,0,4,Dwelling - Multiple Units,44.66083181329042,-63.64112652836369
4769,BPCOM-2023-03523,2024-06-04,10000,Renovation,Renovation,Completed,HALIFAX,District 12,0,1,Commercial,44.65927341803558,-63.670558455007765
4770,BPCOM-2023-03588,2023-06-26,20000000,New Building,New Building,Completed,DARTMOUTH,District 06,0,1,Commercial,44.71573546581024,-63.561969153608835
4771,BPCOM-2023-03717,2023-05-01,5500000,New Building,New Building,Completed,DARTMOUTH,District 06,0,1,Commercial,44.71756445433345,-63.56027174858085
4772,BPCOM-2023-03757,2023-04-26,115000,Renovation,Renovation,Expired,LOWER SACKVILLE,District 15,0,1,Commercial,44.772861879595546,-63.69333631508467
4773,BPCOM-2023-03816,2023-05-12,30000,Renovation,Renovation,Expired,HALIFAX,District 09,0,2,Mixed Use - Residential & Other Use(s),44.65003397795571,-63.621823763359004
4774,BPCOM-2023-03862,2023-04-25,415000,Renovation,Renovation,Completed,DARTMOUTH,District 06,0,1,Commercial,44.72199741556242,-63.56275852475654
4775,BPCOM-2023-03953,2023-11-09,99821132.85,New Building,New Building,Issued,HALIFAX,District 07,462,21,Mixed Use - Residential & Other Use(s),44.645176808228285,-63.571415720517095
4776,BPCOM-2023-04062,2023-08-04,1000000,Renovation,Renovation,Completed,HALIFAX,District 12,0,2,Commercial,44.64368240608309,-63.66323330197828
4777,BPCOM-2023-04217,2023-06-16,800000,Renovation,Renovation,Completed,HALIFAX,District 08,0,2,Commercial,44.6530394413306,-63.59002098488738
4778,BPCOM-2023-04537,2023-05-15,10000,Renovation,Renovation,Expired,HALIFAX,District 07,0,1,Commercial,44.644267695363055,-63.57006229799719
4779,BPCOM-2023-04634,,32000,New Building,New Building,Withdrawn,DARTMOUTH,District 05,0,1,Commercial,44.66440814349242,-63.570051670461794
4780,BPCOM-2023-04721,2023-05-01,280000,Renovation,Renovation,Completed,TIMBERLEA,District 12,0,1,Commercial,44.63642512719235,-63.716899649123086
4781,BPCOM-2023-04919,2023-08-15,400000,Addition,Addition,Expired,HALIFAX,District 07,0,1,Commercial,44.63528060236528,-63.57141455234919
4782,BPCOM-2023-04968,2024-01-10,230000,Renovation,Renovation,Completed,DARTMOUTH,District 05,0,4,Dwelling - Multiple Units,44.68692353237047,-63.591606386271984
4783,BPCOM-2023-05108,2023-05-31,20000,Renovation,Renovation,Completed,HALIFAX,District 11,0,2,Commercial,44.612843183513334,-63.62010980416994
4784,BPCOM-2023-05184,2023-05-08,50000,Renovation,Renovation,Completed,HALIFAX,District 12,0,2,Commercial,44.643888679843144,-63.666773356802494
4785,BPCOM-2023-05400,2023-05-16,350000,Renovation,Renovation,Completed,HALIFAX,District 07,0,18,Commercial,44.65178326639569,-63.57414191035051
4786,BPCOM-2023-05484,2023-06-12,32500,New Building,New Building,Expired,HALIFAX,District 08,0,1,Accessory Structure,44.65112143675526,-63.58662039420654
4787,BPCOM-2023-05794,2023-06-06,50000,Renovation,Renovation,Completed,HALIFAX,District 08,0,1,Commercial,44.661769521629246,-63.61312905945007
4788,BPCOM-2023-05890,2023-06-29,200000,Renovation,Renovation,Completed,HALIFAX,District 07,0,1,Commercial,44.64259451247255,-63.57803845696203
4789,BPCOM-2023-05974,2023-07-11,205000,Renovation,Renovation,Completed,HALIFAX,District 07,0,1,Commercial,44.64966417374518,-63.57852870742069
4790,BPCOM-2023-06059,2023-08-17,4425000,New Building,New Building,Completed,DARTMOUTH,District 06,0,1,Industrial,44.72104662329504,-63.56298890223035
4791,BPCOM-2023-06231,2023-06-02,862301.74,Renovation,Renovation,Completed,HALIFAX,District 09,0,2,Commercial,44.645380246349674,-63.62030807128708
4792,BPCOM-2023-06405,2023-09-29,72876108,New Building,New Building,Issued,HALIFAX,District 07,291,20,Mixed Use - Residential & Other Use(s),44.64955934799165,-63.57725660125683
4793,BPCOM-2023-06537,2024-11-20,120000,Addition,Addition,Completed,LOWER SACKVILLE,District 15,0,1,Commercial,44.767170364048546,-63.685585594043474
4794,BPCOM-2023-06667,2023-07-11,113500,Renovation,Renovation,Cancelled,HALIFAX,District 10,0,1,Commercial,44.684633204798146,-63.67424831358334
4795,BPCOM-2023-06786,2023-06-02,800000,Renovation,Renovation,Completed,DARTMOUTH,District 05,0,1,Commercial,44.66895577567242,-63.57660656241076
4796,BPCOM-2023-06938,2023-06-14,150000,Renovation,Renovation,Expired,HALIFAX,District 07,0,3,Dwelling - Multiple Units,44.63813896706839,-63.6062747046898
4797,BPCOM-2023-06991,2023-08-22,3000000,Renovation,Renovation,Completed,BEECHVILLE,District 12,0,3,Commercial,44.64014791977936,-63.67710837588923
4798,BPCOM-2023-07210,2023-06-20,150000,Renovation,Renovation,Expired,BEDFORD,District 16,0,1,Commercial,44.73635846691734,-63.65696658156799
4799,BPCOM-2023-07401,2023-07-27,212310,Renovation,Renovation,Completed,DARTMOUTH,District 05,0,2,Commercial,44.68892415101919,-63.590022075020656
4800,BPCOM-2023-07429,2023-07-25,200000,Renovation,Renovation,Completed,BEDFORD,District 16,0,1,Commercial,44.708166275810235,-63.71056815854703
4801,BPCOM-2023-07563,2023-08-17,400000,Renovation,Renovation,Completed,HALIFAX,District 09,0,3,Commercial,44.649368575944415,-63.61874247106554
4802,BPCOM-2023-07633,2023-10-23,5000000,New Building,New Building,Completed,HALIFAX,District 11,62,4,Dwelling - Multiple Units,44.60247330417387,-63.61055997146718
4803,BPCOM-2023-07751,2024-10-31,18000000,New Building,New Building,Issued,HALIFAX,District 08,115,11,Mixed Use - Residential & Other Use(s),44.65632363356863,-63.596854373251645
4804,BPCOM-2023-07785,,50000,Renovation,Renovation,Applicant Revisions,DARTMOUTH,District 06,0,3,Commercial,44.68239021448003,-63.540921261749546
4805,BPCOM-2023-07945,2023-10-04,100000,Renovation,Renovation,Completed,BEDFORD,District 16,0,2,Commercial,44.716515972343345,-63.70681589808718
4806,BPCOM-2023-08072,2023-09-08,350000,Renovation,Renovation,Completed,UPPER TANTALLON,District 13,0,1,Commercial,44.70405591046159,-63.85890817513613
4807,BPCOM-2023-08139,2023-07-05,340000,Renovation,Renovation,Completed,GOFFS,District 01,0,1,Commercial,44.886560015262745,-63.51491466538
4808,BPCOM-2023-08314,2023-07-12,42000,Renovation,Renovation,Completed,DARTMOUTH,District 05,0,1,Commercial,44.68656042112191,-63.55952448193897
4809,BPCOM-2023-08325,,84500000,New Building,New Building,Cancelled,DARTMOUTH,District 05,216,27,Mixed Use - Residential & Other Use(s),44.68712656135643,-63.565030021011935
4810,BPCOM-2023-08479,2023-09-27,175000,Renovation,Renovation,Completed,HALIFAX,District 07,0,3,Commercial,44.64736616041527,-63.57391846845868
4811,BPCOM-2023-08611,,50000,Renovation,Renovation,Application Incomplete,HALIFAX,District 09,0,1,Mixed Use - Residential & Other Use(s),44.64998756137801,-63.598534628182605
4812,BPCOM-2023-08770,2026-04-14,1400,Renovation,Renovation,Completed,LOWER SACKVILLE,District 15,0,1,Commercial,44.769144534801164,-63.68679974031686
4813,BPCOM-2023-08926,2023-08-11,200000,Renovation,Renovation,Completed,BEDFORD,District 16,0,1,Commercial,44.75162087426117,-63.64130063627347
4814,BPCOM-2023-09010,2023-11-21,24280000,New Building,New Building,Completed,DARTMOUTH,District 06,73,6,Dwelling - Multiple Units,44.714715820241764,-63.54224941298413
4815,BPCOM-2023-09011,2024-05-28,29358390,New Building,New Building,Issued,DARTMOUTH,District 05,226,32,Mixed Use - Residential & Other Use(s),44.665892966285334,-63.568849597607425
4816,BPCOM-2023-09243,2023-08-17,75000,Renovation,Renovation,Completed,HALIFAX,District 07,0,3,Commercial,44.64253999896666,-63.57942472217513
4817,BPCOM-2023-09417,2023-07-28,300000,Renovation,Renovation,Completed,DARTMOUTH,District 06,0,4,Commercial,44.700183169716084,-63.58252218870184
4818,BPCOM-2023-09622,2023-08-18,1400000,Renovation,Renovation,Expired,DARTMOUTH,District 03,0,1,Commercial,44.671699340852136,-63.52323975926467
4819,BPCOM-2023-09801,2023-08-09,400000,Renovation,Renovation,Expired,BEDFORD,District 16,0,1,Institutional and Governmental,44.749401027580355,-63.64565000414612
4820,BPCOM-2023-09915,2023-09-05,12000,Renovation,Renovation,Expired,BEDFORD,District 16,0,1,Industrial,44.73815793319045,-63.64553684395389
4821,BPCOM-2023-09938,2023-10-19,5105000,New Building,New Building,Expired,DARTMOUTH,District 06,0,1,Commercial,44.69830106669795,-63.6040453841464
4822,BPCOM-2023-09995,2023-08-04,426000,Renovation,Renovation,Completed,EASTERN PASSAGE,District 03,0,1,Commercial,44.61130877823272,-63.49423669129225
4823,BPCOM-2023-10072,2024-01-26,12500000,New Building,New Building,Issued,MIDDLE SACKVILLE,District 14,50,4,Dwelling - Multiple Units,44.78111676940062,-63.70759421725245
4824,BPCOM-2023-10242,2023-08-22,320000,Renovation,Renovation,Completed,HALIFAX,District 08,0,1,Commercial,44.659157223313315,-63.60447037414356
4825,BPCOM-2023-10321,2024-01-12,300000,Renovation,Renovation,Completed,HALIFAX,District 07,0,22,Commercial,44.6465003408563,-63.57317260332729
4826,BPCOM-2023-10470,2023-08-18,14000,Renovation,Renovation,Expired,,District 08,0,2,Mixed Use - Residential & Other Use(s),44.65132749151296,-63.5852297081119
4827,BPCOM-2023-10622,2023-08-25,225000,Renovation,Renovation,Completed,DARTMOUTH,District 06,0,1,Industrial,44.72205679782815,-63.56486507673634
4828,BPCOM-2023-10955,2023-09-08,397000,Renovation,Renovation,Expired,EASTERN PASSAGE,District 03,0,2,Institutional and Governmental,44.607594983760904,-63.47793932520761
4829,BPCOM-2023-10992,2023-09-20,952000,Renovation,Renovation,Expired,HALIFAX,District 09,0,3,Institutional and Governmental,44.638233607357265,-63.61880761475334
4830,BPCOM-2023-11155,,35000,Renovation,Renovation,Applicant Revisions,HALIFAX,District 07,0,4,Commercial,44.64696304143569,-63.57414929191734
4831,BPCOM-2023-11230,2024-05-17,27400000,New Building,New Building,Issued,DARTMOUTH,District 05,96,9,Mixed Use - Residential & Other Use(s),44.67386221120372,-63.58456750124827
4832,BPCOM-2023-11362,,50000,Renovation,Renovation,Withdrawn,HALIFAX,District 07,0,16,Commercial,44.642909208739134,-63.56821153919397
4833,BPCOM-2023-11585,2024-03-20,21775000,New Building,New Building,Issued,HALIFAX,District 09,188,11,Mixed Use - Residential & Other Use(s),44.64438641484217,-63.598827148876616
4834,BPCOM-2023-11641,2023-10-19,50000,Renovation,Renovation,Expired,HAMMONDS PLAINS,District 14,0,1,Commercial,44.74741857557362,-63.80482066181842
4835,BPCOM-2023-11762,2023-11-30,1200000,New Building,New Building,Completed,DARTMOUTH,District 06,0,1,Commercial,44.704024515475645,-63.567995968191646
4836,BPCOM-2023-11898,2024-04-26,2550000,New Building,New Building,Issued,HALIFAX,District 11,12,2,Dwelling - Multiple Units,44.60400309165481,-63.60717828984518
4837,BPCOM-2023-11919,,31776891,New Building,New Building,Applicant Revisions,,District 05,95,15,Mixed Use - Residential & Other Use(s),44.66133955187121,-63.56530319481979
4838,BPCOM-2023-12050,2023-09-15,1500,Renovation,Renovation,Completed,LAKE CHARLOTTE,District 02,0,1,Accessory Structure,44.76646270040775,-62.94895319214901
4839,BPCOM-2023-12193,2023-10-26,80000,Renovation,Renovation,Completed,HALIFAX,District 07,0,4,Commercial,44.64186709903187,-63.57823276969319
4840,BPCOM-2023-12432,2023-10-03,45000,Renovation,Renovation,Completed,LOWER SACKVILLE,District 15,0,1,Commercial,44.7753645849725,-63.696100899643206
4841,BPCOM-2023-12590,,250000,Renovation,Renovation,Withdrawn,DARTMOUTH,District 05,0,17,Commercial,44.66548509985846,-63.56902048157545
4842,BPCOM-2023-12693,2023-11-21,50000,Addition,Addition,Completed,LAKE CHARLOTTE,District 02,0,1,Commercial,44.76646270040775,-62.94895319214901
4843,BPCOM-2023-12788,2023-10-06,25000,Renovation,Renovation,Completed,DARTMOUTH,District 06,0,1,Commercial,44.698054425299425,-63.581808331756406
4844,BPCOM-2023-12902,2024-03-04,2500000,New Building,New Building,Completed,HAMMONDS PLAINS,District 14,0,1,Commercial,44.73286971904444,-63.80597553011329
4845,BPCOM-2023-13036,2024-05-27,10018000,Renovation,Renovation,Issued,BEDFORD,District 16,0,1,Commercial,44.75289281442478,-63.64343709455144
4846,BPCOM-2023-13245,2023-12-08,2000,New Building,New Building,Expired,BEDFORD,District 16,0,1,Accessory Structure,44.72430785174164,-63.70814041047696
4847,BPCOM-2023-13354,,15000,Renovation,Renovation,Applicant Revisions,BEECHVILLE,District 12,0,1,Commercial,44.64284824098435,-63.675266456569354
4848,BPCOM-2023-13421,2024-09-16,33810300,Addition,Addition,Issued,BEDFORD,District 16,0,3,Institutional and Governmental,44.725962398817366,-63.698884559996785
4849,BPCOM-2023-13515,2023-10-17,30000,Renovation,Renovation,Expired,HALIFAX,District 09,0,2,Commercial,44.64619335444152,-63.59535475742575
4850,BPCOM-2023-13622,2023-10-19,88500,Renovation,Renovation,Completed,HALIFAX,District 07,0,18,Commercial,44.64966610556248,-63.57564691094759
4851,BPCOM-2023-13690,2023-11-06,244000,Renovation,Renovation,Completed,HALIFAX,District 07,0,4,Commercial,44.6421722036762,-63.570242012541236
4852,BPCOM-2023-13711,2024-01-04,12972000,New Building,New Building,Issued,DARTMOUTH,District 06,0,3,Commercial,44.699801375879396,-63.5981808375629
4853,BPCOM-2023-13774,2024-05-17,10500000,New Building,New Building,Completed,DARTMOUTH,District 05,56,6,Dwelling - Multiple Units,44.685202797626935,-63.587263199827866
4854,BPCOM-2023-13976,2024-01-03,5800000,New Building,New Building,Completed,COLE HARBOUR,District 04,18,3,Dwelling - Multiple Units,44.6772057500572,-63.49227067851961
4855,BPCOM-2023-14149,2023-11-10,60000,Renovation,Renovation,Completed,HAMMONDS PLAINS,District 14,0,1,Commercial,44.728049278595066,-63.74950387572457
4856,BPCOM-2023-14272,2023-11-29,155000,Renovation,Renovation,Completed,HALIFAX,District 07,0,3,Commercial,44.645494138550056,-63.57413233032797
4857,BPCOM-2023-14296,2024-01-29,240000,Renovation,Renovation,Completed,SHEET HARBOUR,District 02,1,3,Mixed Use - Residential & Other Use(s),44.92493749059061,-62.54616869748316
4858,BPCOM-2023-14473,2024-03-26,10000000,New Building,New Building,Issued,MIDDLE SACKVILLE,District 14,52,4,Mixed Use - Residential & Other Use(s),44.78776457127285,-63.72257797918851
4859,BPCOM-2023-14488,2024-04-12,568400,New Building,New Building,Issued,HAMMONDS PLAINS,District 14,0,1,Commercial,44.72836882598159,-63.75060237452972
4860,BPCOM-2023-14715,2023-11-17,57400,Renovation,Renovation,Completed,BEDFORD,District 16,0,2,Commercial,44.716515972343345,-63.70681589808718
4861,BPCOM-2023-14795,2023-11-24,180000,Renovation,Renovation,Completed,HALIFAX,District 09,0,3,Commercial,44.649368575944415,-63.61874247106554
4862,BPCOM-2023-14833,2024-04-08,12000000,New Building,New Building,Expired,HALIFAX,District 08,72,7,Dwelling - Multiple Units,44.66080673774052,-63.596579535786255
4863,BPCOM-2023-14839,2024-01-05,85000,Renovation,Renovation,Completed,HALIFAX,District 10,0,2,Commercial,44.65731822946424,-63.63194353495455
4864,BPCOM-2023-14937,2024-04-23,480000,Renovation,Renovation,Issued,DARTMOUTH,District 03,0,1,Commercial,44.64832207726064,-63.54594810034494
4865,BPCOM-2023-14995,2024-06-17,320000,New Building,New Building,Completed,BEDFORD,District 16,0,1,Commercial,44.708026880724994,-63.6646761985088
4866,BPCOM-2023-14999,2024-06-17,120000,New Building,New Building,Completed,BEDFORD,District 16,0,1,Commercial,44.708026880724994,-63.6646761985088
4867,BPCOM-2023-15064,2024-01-09,45000,Renovation,Renovation,Completed,HALIFAX,District 10,0,2,Commercial,44.684633204798146,-63.67424831358334
4868,BPCOM-2023-15165,2023-11-30,1915352.72,Renovation,Renovation,Completed,HALIFAX,District 07,0,22,Commercial,44.64930696488166,-63.573363723911974
4869,BPCOM-2023-15358,2024-01-08,200000,Renovation,Renovation,Completed,BEDFORD,District 16,0,2,Commercial,44.716515972343345,-63.70681589808718
4870,BPCOM-2023-15408,2024-01-22,75000,Renovation,Renovation,Completed,TIMBERLEA,District 12,0,3,Commercial,44.64623264206287,-63.712551082074576
4871,BPCOM-2023-15483,2024-01-22,80000,Renovation,Renovation,Expired,HALIFAX,District 09,0,2,Commercial,44.64650865567656,-63.61806718154399
4872,BPCOM-2023-15521,,72000000,New Building,New Building,Applicant Revisions,WESTPHAL,District 04,300,7,Mixed Use - Residential & Other Use(s),44.695045287418765,-63.49869829502031
4873,BPCOM-2023-15523,2024-04-09,22000000,New Building,New Building,Issued,HALIFAX,District 07,55,9,Mixed Use - Residential & Other Use(s),44.641605877639954,-63.58587196600488
4874,BPCOM-2023-15676,,4075940,New Building,New Building,Applicant Revisions,HALIFAX,District 09,21,6,Mixed Use - Residential & Other Use(s),44.645491991370676,-63.59657145708569
4875,BPCOM-2023-15728,,75000,Renovation,Renovation,Withdrawn,COLE HARBOUR,District 04,0,1,Commercial,44.66982313641441,-63.499408105175235
4876,BPCOM-2023-15777,2025-02-11,45241000,New Building,New Building,Issued,HALIFAX,District 08,175,10,Mixed Use - Residential & Other Use(s),44.65322980320521,-63.58436638914168
4877,BPCOM-2023-15861,2023-12-21,657000,Renovation,Renovation,Expired,LOWER SACKVILLE,District 15,0,1,Commercial,44.77380234469004,-63.691051584934236
4878,BPCOM-2023-15890,2025-06-11,30000000,New Building,New Building,Issued,TIMBERLEA,District 12,117,16,Mixed Use - Residential & Other Use(s),44.64086553230043,-63.72035187611459
4879,BPCOM-2023-15953,,21600000,New Building,New Building,Applicant Revisions,,District 08,101,22,Mixed Use - Residential & Other Use(s),44.647909747197936,-63.59122603938542
4880,BPCOM-2023-15955,,300000,New Building,New Building,Application Incomplete,HALIFAX,District 08,36,5,Mixed Use - Residential & Other Use(s),44.64773071296165,-63.59163700736554
4881,BPCOM-2023-15955,,300000,New Building,New Building,Application Incomplete,HALIFAX,District 08,36,5,Mixed Use - Residential & Other Use(s),44.64773071296165,-63.59163700736554
4882,BPCOM-2023-16034,2024-04-19,4000000,Renovation,Renovation,Completed,DARTMOUTH,District 06,0,1,Commercial,44.705985136982754,-63.60760320215752
4883,BPCOM-2023-16079,2023-12-20,32200,Renovation,Renovation,Completed,HALIFAX,District 08,0,2,Dwelling - Multiple Units,44.666389058516266,-63.59765505414363
4884,BPCOM-2023-16188,2024-03-12,2000000,New Building,New Building,Completed,HATCHET LAKE,District 13,0,1,Commercial,44.57863694794698,-63.707633140230286
4885,BPCOM-2023-16208,2023-12-22,956985,Renovation,Renovation,Completed,DARTMOUTH,District 06,0,1,Commercial,44.70336276009296,-63.56367062251198
4886,BPCOM-2023-16304,2024-03-04,288545.75,Renovation,Renovation,Completed,HALIFAX,District 08,0,1,Commercial,44.662824144840656,-63.61700478673038
4887,BPCOM-2023-16401,2025-02-05,17625898.12,New Building,New Building,Issued,HALIFAX,District 08,150,13,Mixed Use - Residential & Other Use(s),44.656896641844206,-63.598439881434814
4888,BPCOM-2023-16434,2024-01-30,22000,Renovation,Renovation,Completed,HALIFAX,District 12,0,2,Commercial,44.6572582462176,-63.669672378067695
4889,BPCOM-2023-16435,2024-08-29,5200000,New Building,New Building,Issued,HALIFAX,District 08,33,10,Mixed Use - Residential & Other Use(s),44.65670999528505,-63.597365758251364
4890,BPCOM-2023-16459,2024-10-03,45000000,New Building,New Building,Issued,BEDFORD,District 16,76,6,Dwelling - Multiple Units,44.71640955931918,-63.70411429093727
4891,BPCOM-2023-16502,2024-01-16,750000,Renovation,Renovation,Completed,HALIFAX,District 09,0,22,Commercial,44.65008977298615,-63.623957377525464
4892,BPCOM-2023-16546,2024-05-30,12600000,New Building,New Building,Amendment Requested,DARTMOUTH,District 05,63,9,Dwelling - Multiple Units,44.68054497369535,-63.594898029081364
4893,BPCOM-2024-00127,2024-05-22,1500000,New Building,New Building,Issued,DARTMOUTH,District 06,0,2,Commercial,44.72106297731384,-63.56159463415722
4894,BPCOM-2024-00191,2024-01-22,55000,Renovation,Renovation,Completed,HALIFAX,District 09,0,2,Commercial,44.64519313854613,-63.59843993368559
4895,BPCOM-2024-00319,2024-05-06,20000,New Building,New Building,Completed,DARTMOUTH,District 06,0,1,Commercial,44.7047824077664,-63.561934451785035
4896,BPCOM-2024-00410,2024-11-20,12000000,New Building,New Building,Issued,HAMMONDS PLAINS,District 14,64,3,Dwelling - Multiple Units,44.735415724356216,-63.80102555287527
4897,BPCOM-2024-00481,2024-01-25,5000,New Building,New Building,Completed,MIDDLE SACKVILLE,District 14,0,1,Accessory Structure,44.79776493905723,-63.746238062267906
4898,BPCOM-2024-00514,2024-01-18,500000,Renovation,Renovation,Expired,HALIFAX,District 07,0,6,Commercial,44.65103876327361,-63.577228829143614
4899,BPCOM-2024-00629,,58000,New Building,New Building,Withdrawn,MILFORD,District 01,0,1,Accessory Structure,45.030071141785385,-63.427614537125464
4900,BPCOM-2024-00652,2024-01-25,10000,Renovation,Renovation,Completed,HALIFAX,District 11,0,3,Dwelling - Multiple Units,44.6067932792253,-63.61309699006595
4901,BPCOM-2024-00716,2024-08-01,100000,Renovation,Renovation,Issued,BEDFORD,District 16,0,1,Commercial,44.71604675237573,-63.676411612960294
4902,BPCOM-2024-00823,2024-06-24,55197995,New Building,New Building,Issued,HALIFAX,District 11,0,3,Institutional and Governmental,44.59097697320525,-63.59417721655681
4903,BPCOM-2024-00953,2024-04-26,215000,New Building,New Building,Issued,HALIFAX,District 07,0,2,Commercial,44.63711030165223,-63.60223111672466
4904,BPCOM-2024-01070,2024-04-17,4050000,Renovation,Renovation,Completed,HALIFAX,District 07,0,5,Institutional and Governmental,44.635721526866554,-63.59504530698368
4905,BPCOM-2024-01215,2024-03-14,1200000,Renovation,Renovation,Completed,BEDFORD,District 16,0,4,Commercial,44.73343375856052,-63.65638476049816
4906,BPCOM-2024-01271,2024-02-26,500000,New Building,New Building,Expired,DARTMOUTH,District 06,0,1,Commercial,44.69830106669795,-63.6040453841464
4907,BPCOM-2024-01300,2024-07-25,4100000,Renovation,Renovation,Completed,DARTMOUTH,District 06,0,2,Industrial,44.72378005281988,-63.57348218129636
4908,BPCOM-2024-01315,2024-02-21,250000,Renovation,Renovation,Completed,HALIFAX,District 11,0,1,Commercial,44.600834450705406,-63.608356775770645
4909,BPCOM-2024-01375,,500000,Renovation,Renovation,Withdrawn,DARTMOUTH,District 03,0,6,Commercial,44.671699340852136,-63.52323975926467
4910,BPCOM-2024-01487,2024-02-15,545000,Renovation,Renovation,Expired,DARTMOUTH,District 05,1,2,Dwelling - Multiple Units,44.68295470859896,-63.58698575938074
4911,BPCOM-2024-01620,2024-07-22,23000000,New Building,New Building,Issued,DARTMOUTH,District 03,0,4,Commercial,44.6513913067925,-63.54095723575209
4912,BPCOM-2024-01720,2024-11-18,55000,Renovation,Renovation,Issued,HALIFAX,District 07,0,7,Institutional and Governmental,44.64445039015248,-63.573272788921614
4913,BPCOM-2024-01832,2024-05-07,200000,Renovation,Renovation,Expired,HALIFAX,District 10,0,1,Commercial,44.65957575130861,-63.63484282170455
4914,BPCOM-2024-01946,2024-03-14,21000,Renovation,Renovation,Completed,DARTMOUTH,District 03,0,2,Commercial,44.66943064382718,-63.538172976974764
4915,BPCOM-2024-02142,2024-04-19,20159000,New Building,New Building,Completed,LAKESIDE,District 12,0,1,Commercial,44.63669130978638,-63.700477357773316
4916,BPCOM-2024-02207,2024-04-11,305000,Addition,Addition,Completed,LOWER SACKVILLE,District 15,0,2,Commercial,44.7541928438157,-63.66219125005027
4917,BPCOM-2024-02439,2024-04-22,6793004,New Building,New Building,Completed,LOWER SACKVILLE,District 15,0,3,Commercial,44.766358600220364,-63.69745740352693
4918,BPCOM-2024-02529,,100000,Renovation,Renovation,Withdrawn,HAMMONDS PLAINS,District 14,0,1,Commercial,44.73400041558435,-63.77412050180927
4919,BPCOM-2024-02723,2024-06-07,80000,Renovation,Renovation,Completed,HAMMONDS PLAINS,District 14,0,1,Commercial,44.728122011236714,-63.74978332565242
4920,BPCOM-2024-02759,2024-06-07,2200000,New Building,New Building,Completed,WESTPHAL,District 04,0,2,Commercial,44.69772553582887,-63.48962387170493
4921,BPCOM-2024-02937,2024-05-16,25000000,New Building,New Building,Issued,DARTMOUTH,District 06,74,7,Dwelling - Multiple Units,44.71510470600375,-63.541119628463676
4922,BPCOM-2024-03004,2024-04-22,90000,Renovation,Renovation,Completed,DARTMOUTH,District 06,0,1,Commercial,44.70564999463611,-63.56229417558312
4923,BPCOM-2024-03137,2025-02-10,800000,Renovation,Renovation,Completed,HALIFAX,District 07,0,18,Commercial,44.649864855350096,-63.57596272541034
4924,BPCOM-2024-03236,2024-06-10,100000,Renovation,Renovation,Expired,DARTMOUTH,District 05,0,2,Mixed Use - Residential & Other Use(s),44.66814313788283,-63.57961977670509
4925,BPCOM-2024-03581,2024-04-15,500000,Renovation,Renovation,Completed,HALIFAX,District 12,0,5,Institutional and Governmental,44.643842673223766,-63.66010966112602
4926,BPCOM-2024-03656,2024-04-11,500000,Renovation,Renovation,Expired,HALIFAX,District 07,0,22,Commercial,44.652649421307245,-63.57452150316824
4927,BPCOM-2024-03680,2024-04-26,3141750,Renovation,Renovation,Completed,DARTMOUTH,District 06,0,2,Commercial,44.72104662329504,-63.56298890223035
4928,BPCOM-2024-03792,2024-07-22,1000000,New Building,New Building,Completed,UPPER TANTALLON,District 13,0,1,Commercial,44.72180186732559,-63.87196334349444
4929,BPCOM-2024-03999,2024-04-23,1500000,Renovation,Renovation,Completed,DARTMOUTH,District 06,0,2,Commercial,44.687383467928264,-63.5312407411622
4930,BPCOM-2024-04271,,2900000,New Building,New Building,Applicant Revisions,BEAVER BANK,District 15,0,2,Commercial,44.79296934326491,-63.691460725101635
4931,BPCOM-2024-04319,2024-05-01,35000,New Building,New Building,Expired,HALIFAX,District 12,0,1,Accessory Structure,44.654872761644945,-63.680059402227485
4932,BPCOM-2024-04437,2024-08-08,100000,Renovation,Renovation,Issued,HALIFAX,District 07,0,8,Commercial,44.64214222482698,-63.57592821712377
4933,BPCOM-2024-04558,2024-04-25,535000,Renovation,Renovation,Completed,HALIFAX,District 07,0,5,Commercial,44.64259451247255,-63.57803845696203
4934,BPCOM-2024-04667,,11500,New Building,New Building,Withdrawn,SHIP HARBOUR,District 02,0,1,Accessory Structure,44.81354171745056,-62.85535079143644
4935,BPCOM-2024-04706,2024-05-07,25000,Renovation,Renovation,Completed,PORTERS LAKE,District 02,0,1,Commercial,44.7427789750993,-63.27980364660476
4936,BPCOM-2024-04878,2024-08-14,1250000,New Building,New Building,Completed,UPPER TANTALLON,District 13,0,2,Commercial,44.69389289534727,-63.888927627425986
4937,BPCOM-2024-04972,2024-10-21,37416689,New Building,New Building,Issued,HALIFAX,District 10,155,12,Dwelling - Multiple Units,44.692111973675594,-63.68567075917872
4938,BPCOM-2024-05104,2025-05-22,32000,Addition,Addition,Issued,HEAD OF CHEZZETCOOK,District 02,0,1,Accessory Structure,44.742489459791834,-63.264903424781366
4939,BPCOM-2024-05142,2024-05-28,100000,Renovation,Renovation,Completed,HALIFAX,District 09,0,8,Mixed Use - Residential & Other Use(s),44.64631607662788,-63.5934497162158
4940,BPCOM-2024-05217,2024-05-17,150000,Renovation,Renovation,Completed,HALIFAX,District 12,0,1,Commercial,44.64243105598728,-63.66367485786103
4941,BPCOM-2024-05356,2024-06-13,750000,New Building,New Building,Issued,HALIFAX,District 11,0,2,Commercial,44.62472923337865,-63.59091546487196
4942,BPCOM-2024-05493,2024-05-27,20000,Renovation,Renovation,Completed,BEDFORD,District 16,0,1,Institutional and Governmental,44.72586130779622,-63.66789012622605
4943,BPCOM-2024-05609,2024-05-15,70000,Renovation,Renovation,Expired,COLE HARBOUR,District 04,0,1,Commercial,44.67295910645267,-63.49260182464277
4944,BPCOM-2024-05804,2024-08-21,8400000,New Building,New Building,Completed,BEDFORD,District 16,0,1,Industrial,44.75003723914346,-63.62969291204723
4945,BPCOM-2024-05852,2025-06-18,20000000,Addition,Addition,Issued,BEAVER BANK,District 15,64,4,Dwelling - Multiple Units,44.7998763024931,-63.689527197909484
4946,BPCOM-2024-05891,2024-06-25,4671,Renovation,Renovation,Completed,EASTERN PASSAGE,District 03,0,2,Mixed Use - Residential & Other Use(s),44.61311673896802,-63.495646088625726
4947,BPCOM-2024-06042,2024-07-18,5000,Renovation,Renovation,Completed,HALIFAX,District 08,0,8,Mixed Use - Residential & Other Use(s),44.65976742216907,-63.594884866433794
4948,BPCOM-2024-06199,2024-06-07,600000,Renovation,Renovation,Completed,HALIFAX,District 07,0,4,Institutional and Governmental,44.63772213781017,-63.58837174813998
4949,BPCOM-2024-06233,,43800000,New Building,New Building,Applicant Revisions,HALIFAX,District 07,438,30,Mixed Use - Residential & Other Use(s),44.64052863483248,-63.585674355809445
4950,BPCOM-2024-06233,,43800000,New Building,New Building,Applicant Revisions,HALIFAX,District 07,438,30,Mixed Use - Residential & Other Use(s),44.64052863483248,-63.585674355809445
4951,BPCOM-2024-06233,,43800000,New Building,New Building,Applicant Revisions,HALIFAX,District 07,438,30,Mixed Use - Residential & Other Use(s),44.64052863483248,-63.585674355809445
4952,BPCOM-2024-06233,,43800000,New Building,New Building,Applicant Revisions,HALIFAX,District 07,438,30,Mixed Use - Residential & Other Use(s),44.64052863483248,-63.585674355809445
4953,BPCOM-2024-06233,,43800000,New Building,New Building,Applicant Revisions,HALIFAX,District 07,438,30,Mixed Use - Residential & Other Use(s),44.64052863483248,-63.585674355809445
4954,BPCOM-2024-06233,,43800000,New Building,New Building,Applicant Revisions,HALIFAX,District 07,438,30,Mixed Use - Residential & Other Use(s),44.64052863483248,-63.585674355809445
4955,BPCOM-2024-06233,,43800000,New Building,New Building,Applicant Revisions,HALIFAX,District 07,438,30,Mixed Use - Residential & Other Use(s),44.64052863483248,-63.585674355809445
4956,BPCOM-2024-06233,,43800000,New Building,New Building,Applicant Revisions,HALIFAX,District 07,438,30,Mixed Use - Residential & Other Use(s),44.64052863483248,-63.585674355809445
4957,BPCOM-2024-06233,,43800000,New Building,New Building,Applicant Revisions,HALIFAX,District 07,438,30,Mixed Use - Residential & Other Use(s),44.64052863483248,-63.585674355809445
4958,BPCOM-2024-06360,2025-04-25,956102.65,Renovation,Renovation,Issued,HALIFAX,District 08,4,9,Mixed Use - Residential & Other Use(s),44.650909834956046,-63.58200296369946
4959,BPCOM-2024-06490,2025-06-09,19900000,New Building,New Building,Issued,DARTMOUTH,District 05,81,8,Dwelling - Multiple Units,44.677143070444096,-63.590989739808336
4960,BPCOM-2024-06558,,26000,Renovation,Renovation,Withdrawn,HALIFAX,District 10,0,2,Commercial,44.67546015308772,-63.64849634876254
4961,BPCOM-2024-06625,2025-02-06,172529.6,Renovation,Renovation,Completed,HALIFAX,District 07,0,4,Commercial,44.6367615977382,-63.58912843284443
4962,BPCOM-2024-06739,2024-06-10,450000,Renovation,Renovation,Completed,LOWER SACKVILLE,District 15,0,2,Commercial,44.761411917418506,-63.652011881897685
4963,BPCOM-2024-06741,2025-03-04,350000,New Building,New Building,Issued,HAMMONDS PLAINS,District 14,1,1,Mixed Use - Residential & Other Use(s),44.72530224921251,-63.74092918383541
4964,BPCOM-2024-06797,2024-09-25,50500,Renovation,Renovation,Completed,HALIFAX,District 11,0,7,Commercial,44.61101900926144,-63.617951382854386
4965,BPCOM-2024-06896,2024-11-19,5000000,Renovation,Renovation,Issued,HALIFAX,District 08,0,8,Dwelling - Multiple Units,44.66789019015469,-63.60048163398473
4966,BPCOM-2024-06905,2024-07-31,785750,Addition,Addition,Completed,DARTMOUTH,District 06,0,1,Industrial,44.692999266012045,-63.59083326856306
4967,BPCOM-2024-07098,2024-06-13,500000,Renovation,Renovation,Expired,TIMBERLEA,District 12,0,1,Commercial,44.64608432138486,-63.71394398136235
4968,BPCOM-2024-07216,2024-07-10,5708000,Renovation,Renovation,Amendment Applicant Revisions,HALIFAX,District 07,0,5,Institutional and Governmental,44.642521065100595,-63.57365704546408
4969,BPCOM-2024-07294,2024-10-04,200000,Renovation,Renovation,Completed,HALIFAX,District 07,0,16,Commercial,44.64265359570287,-63.568647165611964
4970,BPCOM-2024-07348,2024-06-12,134500,Renovation,Renovation,Expired,DARTMOUTH,District 05,0,18,Commercial,44.66548509985846,-63.56902048157545
4971,BPCOM-2024-07371,2024-07-02,800000,Renovation,Renovation,Completed,DARTMOUTH,District 06,0,1,Commercial,44.69982121550399,-63.56937821588166
4972,BPCOM-2024-07405,2024-09-25,94300000,New Building,New Building,Amendment Review,DARTMOUTH,District 05,348,33,Mixed Use - Residential & Other Use(s),44.66820579963576,-63.57754855675269
4973,BPCOM-2024-07415,2024-06-13,400000,Renovation,Renovation,Completed,HALIFAX,District 12,0,4,Commercial,44.65513999799687,-63.66995983206623
4974,BPCOM-2024-07515,2024-06-21,120000,Renovation,Renovation,Completed,FALL RIVER,District 01,0,1,Commercial,44.80513861415976,-63.604794337648116
4975,BPCOM-2024-07647,2026-05-06,750000,New Building,New Building,Issued,HALIFAX,District 11,204,12,Dwelling - Multiple Units,44.622441735851396,-63.624127919588844
4976,BPCOM-2024-07734,2024-08-06,20250000,New Building,New Building,Issued,DARTMOUTH,District 06,81,6,Mixed Use - Residential & Other Use(s),44.67257530592937,-63.524789509173914
4977,BPCOM-2024-07813,,550000,New Building,New Building,Withdrawn,DARTMOUTH,District 05,4,2,Dwelling - Multiple Units,44.67083828490589,-63.58375115351227
4978,BPCOM-2024-07899,2024-06-26,253000,Renovation,Renovation,Issued,DARTMOUTH,District 05,0,7,Mixed Use - Residential & Other Use(s),44.6857782972825,-63.56302399706346
4979,BPCOM-2024-08131,2024-07-29,200000,Renovation,Renovation,Issued,HALIFAX,District 08,0,1,Institutional and Governmental,44.6542753772869,-63.58285138812848
4980,BPCOM-2024-08265,2024-07-16,763940,Renovation,Renovation,Completed,DARTMOUTH,District 06,0,2,Industrial,44.71324398274275,-63.60030382626462
4981,BPCOM-2024-08440,2024-10-04,125000,New Building,New Building,Completed,COOKS BROOK,District 01,0,1,Agriculture,45.03493228159656,-63.249262025679954
4982,BPCOM-2024-08567,,90000,New Building,New Building,Application Incomplete,WEST DOVER,District 13,0,2,Commercial,44.49307941165518,-63.87181058314614
4983,BPCOM-2024-08653,2024-07-11,50000,Renovation,Renovation,Issued,UPPER TANTALLON,District 13,0,1,Commercial,44.70405591046159,-63.85890817513613
4984,BPCOM-2024-08677,2024-07-30,305000,Renovation,Renovation,Issued,DARTMOUTH,District 03,0,1,Commercial,44.65130138848631,-63.543194824121436
4985,BPCOM-2024-08736,2024-07-09,220000,Renovation,Renovation,Issued,DARTMOUTH,District 06,0,2,Institutional and Governmental,44.7081814629039,-63.5786327280008
4986,BPCOM-2024-08800,2024-07-30,550000,Renovation,Renovation,Completed,HALIFAX,District 07,0,7,Commercial,44.65119287725619,-63.57347552185249
4987,BPCOM-2024-09015,2024-07-17,5500,Renovation,Renovation,Completed,BEDFORD,District 16,0,2,Commercial,44.708166275810235,-63.71056815854703
4988,BPCOM-2024-09126,2024-11-07,11838327.53,New Building,New Building,Completed,TIMBERLEA,District 12,0,3,Commercial,44.64659444411071,-63.71537459136531
4989,BPCOM-2024-09197,2024-11-12,81000000,New Building,New Building,Issued,BEDFORD,District 16,210,13,Dwelling - Multiple Units,44.71381116293457,-63.70736232318224
4990,BPCOM-2024-09280,2024-07-17,460000,Renovation,Renovation,Issued,,District 07,0,1,Accessory Structure,44.65224729716477,-63.57410809302144
4991,BPCOM-2024-09304,2024-08-19,570000,New Building,New Building,Completed,GOFFS,District 01,0,1,Commercial,44.87357637646658,-63.53834614795793
4992,BPCOM-2024-09461,2024-07-30,450000,Renovation,Renovation,Completed,BEECHVILLE,District 12,0,1,Commercial,44.636238021415146,-63.66876978837181
4993,BPCOM-2024-09519,,,New Building,New Building,Application Incomplete,,District 01,0,,Commercial,44.962689368160156,-63.36304759664789
4994,BPCOM-2024-09656,2024-09-05,35000,New Building,New Building,Completed,HEAD OF CHEZZETCOOK,District 02,0,1,Commercial,44.74478243294256,-63.24478660158796
4995,BPCOM-2024-09717,,6500000,Renovation,Renovation,Cancelled,LOWER SACKVILLE,District 15,45,1,Mixed Use - Residential & Other Use(s),44.77840904376099,-63.6710202412872
4996,BPCOM-2024-09843,2024-08-06,20000,Renovation,Renovation,Issued,HALIFAX,District 07,0,6,Commercial,44.65103876327361,-63.577228829143614
4997,BPCOM-2024-09944,2024-09-25,5463923,New Building,New Building,Issued,GOFFS,District 01,0,2,Industrial,44.87321981948076,-63.53193739649122
4998,BPCOM-2024-10039,2024-10-01,250000,Renovation,Renovation,Completed,DARTMOUTH,District 06,4,2,Mixed Use - Residential & Other Use(s),44.672340433344864,-63.53168318062157
4999,BPCOM-2024-10217,2024-09-03,5481000,Renovation,Renovation,Completed,HALIFAX,District 07,0,5,Institutional and Governmental,44.63932419848586,-63.582898329588105
5000,BPCOM-2024-10275,2024-09-13,7000,Renovation,Renovation,Issued,DARTMOUTH,District 05,0,1,Commercial,44.6719675186501,-63.58190267605275
5001,BPCOM-2024-10478,2025-04-09,550000,Renovation,Renovation,Issued,,District 06,0,1,Commercial,,
5002,BPCOM-2024-10537,2024-08-20,600000,Renovation,Renovation,Completed,DARTMOUTH,District 06,0,1,Commercial,44.699815281839726,-63.56560962499634
5003,BPCOM-2024-10619,2024-09-17,500000,Renovation,Renovation,Issued,BEDFORD,District 16,0,1,Commercial,44.75289281442478,-63.64343709455144
5004,BPCOM-2024-10731,2025-03-28,1200000,New Building,New Building,Issued,LOWER SACKVILLE,District 15,0,1,Institutional and Governmental,44.77374939677634,-63.66046394021166
5005,BPCOM-2024-10811,2025-04-07,8050000,New Building,New Building,Issued,DARTMOUTH,District 05,0,3,Institutional and Governmental,44.68156303370313,-63.595659859751024
5006,BPCOM-2024-10905,2024-09-23,1000000,New Building,New Building,Completed,HALIFAX,District 09,8,2,Dwelling - Multiple Units,44.64442176198298,-63.62378610783741
5007,BPCOM-2024-11269,2024-09-27,25000,Renovation,Renovation,Issued,HALIFAX,District 10,0,1,Commercial,44.65850722779309,-63.63184256693159
5008,BPCOM-2024-11300,2024-09-25,44000,Renovation,Renovation,Completed,DARTMOUTH,District 06,0,2,Commercial,44.671441459730595,-63.503440266324844
5009,BPCOM-2024-11319,2024-09-12,225000,Renovation,Renovation,Completed,HALIFAX,District 08,0,1,Commercial,44.661348345608936,-63.60731077590162
5010,BPCOM-2024-11438,2025-02-25,11463129,New Building,New Building,Issued,HALIFAX,District 07,0,3,Commercial,44.63711030165223,-63.60223111672466
5011,BPCOM-2024-11937,2024-10-02,425000,Renovation,Renovation,Issued,HALIFAX,District 07,0,5,Dwelling - Multiple Units,44.63850715579752,-63.57098119438935
5012,BPCOM-2024-12029,2024-10-16,300000,Renovation,Renovation,Completed,HALIFAX,District 07,0,9,Commercial,44.64197584214117,-63.57692173290057
5013,BPCOM-2024-12234,,,Renovation,Renovation,Withdrawn,QUEENSLAND,District 13,0,1,Mixed Use - Residential & Other Use(s),44.653149621628465,-63.99824235121978
5014,BPCOM-2024-12357,2024-09-19,200000,Renovation,Renovation,Completed,HALIFAX,District 11,0,1,Commercial,44.61542023574967,-63.61585111504894
5015,BPCOM-2024-12493,2024-11-27,15000,Renovation,Renovation,Completed,HALIFAX,District 12,0,1,Mixed Use - Residential & Other Use(s),44.679724936144815,-63.66705741309493
5016,BPCOM-2024-12658,2024-09-27,395500,Renovation,Renovation,Issued,DARTMOUTH,District 06,0,1,Commercial,44.706650828355635,-63.561729033334665
5017,BPCOM-2024-12760,2024-11-18,356124,Renovation,Renovation,Issued,DARTMOUTH,District 05,0,6,Dwelling - Multiple Units,44.66660413283337,-63.568846160443954
5018,BPCOM-2024-13048,2025-02-19,1600000,New Building,New Building,Completed,HALIFAX,District 08,11,3,Dwelling - Multiple Units,44.659173357275876,-63.598449227753704
5019,BPCOM-2024-13141,2024-11-28,100000,Renovation,Renovation,Completed,HALIFAX,District 07,0,8,Commercial,44.64111736630636,-63.58674085352936
5020,BPCOM-2024-13529,,22700,New Building,New Building,Applicant Revisions,HEAD OF JEDDORE,District 02,0,1,Commercial,44.77832388021738,-63.04423900494377
5021,BPCOM-2024-13769,2024-10-28,70000,Renovation,Renovation,Completed,HALIFAX,District 09,0,10,Commercial,44.65410349860259,-63.61133289450243
5022,BPCOM-2024-13935,2024-10-09,19800,Renovation,Renovation,Completed,HALIFAX,District 09,0,3,Commercial,44.649368575944415,-63.61874247106554
5023,BPCOM-2024-14313,,400000,Renovation,Renovation,Applicant Revisions,HALIFAX,District 07,0,7,Commercial,44.64533356360906,-63.57186819698902
5024,BPCOM-2024-14861,,15000,New Building,New Building,Applicant Revisions,DEAN,District 01,0,1,Commercial,45.18342123286425,-62.88736163898528
5025,BPCOM-2024-14971,2024-11-12,1560000,Renovation,Renovation,Completed,DARTMOUTH,District 06,0,1,Commercial,44.72378005281988,-63.57348218129636
5026,BPCOM-2024-15182,2024-10-22,1072000,Renovation,Renovation,Completed,HALIFAX,District 08,0,30,Mixed Use - Residential & Other Use(s),44.656552733977236,-63.59920170329866
5027,BPCOM-2024-15254,2025-02-20,650000,Renovation,Renovation,Completed,HALIFAX,District 08,0,19,Mixed Use - Residential & Other Use(s),44.658220676284145,-63.59988148671638
5028,BPCOM-2024-15371,2024-11-22,21000,Renovation,Renovation,Completed,DARTMOUTH,District 03,0,2,Commercial,44.65688450209084,-63.53129847357066
5029,BPCOM-2024-15526,2024-10-23,150000,Renovation,Renovation,Completed,HALIFAX,District 07,0,15,Commercial,44.64669334286695,-63.57504938328099
5030,BPCOM-2024-15654,,11250000,Renovation,Renovation,Applicant Revisions,DARTMOUTH,District 06,72,8,Mixed Use - Residential & Other Use(s),44.68103480893228,-63.53797416407751
5031,BPCOM-2024-15876,2024-11-19,2800000,Renovation,Renovation,Completed,DARTMOUTH,District 03,0,2,Commercial,44.66993432601786,-63.5224332458137
5032,BPCOM-2024-15986,2024-12-18,206000,Renovation,Renovation,Completed,HALIFAX,District 08,0,2,Commercial,44.66259235047337,-63.60148130289752
5033,BPCOM-2024-16088,2025-05-22,51145219,New Building,New Building,Issued,HALIFAX,District 07,0,6,Commercial,44.649589441800885,-63.581092092925175
5034,BPCOM-2024-16088,2025-05-22,51145219,New Building,New Building,Issued,HALIFAX,District 07,0,6,Commercial,44.649589441800885,-63.581092092925175
5035,BPCOM-2024-16088,2025-05-22,51145219,New Building,New Building,Issued,HALIFAX,District 07,0,6,Commercial,44.649589441800885,-63.581092092925175
5036,BPCOM-2024-16314,2024-11-07,25000,Renovation,Renovation,Completed,BEDFORD,District 16,0,1,Commercial,44.750945576887595,-63.64048023276241
5037,BPCOM-2024-16451,2024-12-20,20000000,New Building,New Building,Issued,DARTMOUTH,District 06,104,7,Dwelling - Multiple Units,44.673887701885015,-63.54162020085135
5038,BPCOM-2024-16564,2024-12-02,5000,Renovation,Renovation,Completed,BEDFORD,District 16,0,2,Commercial,44.716515972343345,-63.70681589808718
5039,BPCOM-2024-16660,2024-12-19,750000,Renovation,Renovation,Issued,HALIFAX,District 07,0,1,Commercial,44.65080283699788,-63.57676502818709
5040,BPCOM-2024-16784,2024-11-20,114377,Renovation,Renovation,Completed,DARTMOUTH,District 06,0,3,Commercial,44.70212887553781,-63.56300908648515
5041,BPCOM-2024-16904,,200000,New Building,New Building,Applicant Revisions,UPPER HAMMONDS PLAINS,District 14,0,1,Industrial,44.763033313930954,-63.8526229445054
5042,BPCOM-2024-17122,2025-07-07,62750000,New Building,New Building,Issued,FALL RIVER,District 01,0,5,Institutional and Governmental,44.80659860863561,-63.627212468887556
5043,BPCOM-2024-17410,2024-12-17,325000,Renovation,Renovation,Completed,DARTMOUTH,District 06,0,2,Commercial,44.70315579982605,-63.562577354399274
5044,BPCOM-2024-17563,2025-01-28,660000,Renovation,Renovation,Completed,HALIFAX,District 07,0,6,Commercial,44.65119287725619,-63.57347552185249
5045,BPCOM-2024-17720,2024-12-19,300000,Renovation,Renovation,Completed,BEDFORD,District 16,0,1,Commercial,44.71272006762653,-63.71509671629248
5046,BPCOM-2024-17763,2025-01-28,100,Renovation,Renovation,Issued,HALIFAX,District 07,-27,7,Mixed Use - Residential & Other Use(s),44.6455721005801,-63.573425111200265
5047,BPCOM-2024-17929,2025-04-25,300000,Renovation,Renovation,Completed,HALIFAX,District 08,0,31,Mixed Use - Residential & Other Use(s),44.6563129298986,-63.599659669971565
5048,BPCOM-2024-18094,2026-03-20,25000,Renovation,Renovation,Completed,HALIFAX,District 08,0,2,Commercial,44.66539324681153,-63.611119742927876
5049,BPCOM-2024-18154,2025-01-29,440000,Renovation,Renovation,Completed,WEST CHEZZETCOOK,District 02,0,2,Commercial,44.70943759141274,-63.26223740651122
5050,BPCOM-2024-18191,2025-05-13,150000,Renovation,Renovation,Completed,HALIFAX,District 08,0,8,Commercial,44.65524475093792,-63.601106208340425
5051,BPCOM-2024-18329,2024-12-20,17000,Renovation,Renovation,Completed,LOWER SACKVILLE,District 15,0,1,Commercial,44.75614760327962,-63.661301023383594
5052,BPCOM-2024-18351,2025-02-03,11000000,New Building,New Building,Issued,DARTMOUTH,District 06,0,2,Commercial,44.71417407493784,-63.5606851308889
5053,BPCOM-2024-18449,2025-01-17,20,Renovation,Renovation,Completed,BEDFORD,District 16,0,1,Commercial,44.71336448807936,-63.714994954799224
5054,BPCOM-2024-18481,2025-02-11,36622,Renovation,Renovation,Issued,HALIFAX,District 07,0,17,Dwelling - Multiple Units,44.64372835773881,-63.5788033378753
5055,BPCOM-2024-18739,2025-01-29,250000,Renovation,Renovation,Completed,DARTMOUTH,District 05,0,3,Commercial,44.68656042112191,-63.55952448193897
5056,BPCOM-2024-18830,2025-05-09,24200000,New Building,New Building,Issued,HALIFAX,District 08,121,8,Dwelling - Multiple Units,44.66501289449454,-63.61321763606176
5057,BPCOM-2024-18866,2025-02-25,2350000,Renovation,Renovation,Completed,BEECHVILLE,District 12,0,1,Commercial,44.65223773372726,-63.681930298485085
5058,BPCOM-2024-18942,,2400,New Building,New Building,Withdrawn,LAKE CHARLOTTE,District 02,0,1,Commercial,44.76905304509688,-62.95873452676373
5059,BPCOM-2025-00050,2025-01-22,312000,Renovation,Renovation,Completed,BEECHVILLE,District 12,0,1,Commercial,44.65223773372726,-63.681930298485085
5060,BPCOM-2025-00279,2025-01-20,70000,Renovation,Renovation,Completed,LOWER SACKVILLE,District 15,0,1,Commercial,44.77380234469004,-63.691051584934236
5061,BPCOM-2025-00376,,1000000,Addition,Addition,Submitted,HALIFAX,District 08,3,4,Mixed Use - Residential & Other Use(s),44.66231937179687,-63.60109519930032
5062,BPCOM-2025-00447,2025-02-12,44500,Renovation,Renovation,Completed,HALIFAX,District 09,0,8,Commercial,44.64594566556296,-63.59323622807743
5063,BPCOM-2025-00545,2026-02-10,10000,New Building,New Building,Issued,LEWIS LAKE,District 13,0,1,Commercial,44.68277492625123,-63.850603976575414
5064,BPCOM-2025-00732,2025-02-25,419836.48,Renovation,Renovation,Issued,HALIFAX,District 07,0,3,Institutional and Governmental,44.644379626675395,-63.57287050681111
5065,BPCOM-2025-00922,2025-02-12,106500,Renovation,Renovation,Completed,HALIFAX,District 08,0,2,Commercial,44.66192001100271,-63.599639875523685
5066,BPCOM-2025-01025,2025-01-31,46000,Renovation,Renovation,Completed,HALIFAX,District 07,0,16,Commercial,44.642063025168085,-63.57764223057573
5067,BPCOM-2025-01041,2025-03-14,600000,Renovation,Renovation,Issued,DARTMOUTH,District 06,0,2,Industrial,44.71139262506417,-63.60812338653644
5068,BPCOM-2025-01086,2025-02-04,120000,Renovation,Renovation,Completed,GOFFS,District 01,0,4,Commercial,44.886560015262745,-63.51491466538
5069,BPCOM-2025-01154,2025-05-20,10000,Renovation,Renovation,Issued,HALIFAX,District 08,0,3,Dwelling - Multiple Units,44.655648687290096,-63.58925392139265
5070,BPCOM-2025-01238,2025-02-05,15813,Renovation,Renovation,Issued,DARTMOUTH,District 06,0,1,Institutional and Governmental,44.70466317587005,-63.58509361642848
5071,BPCOM-2025-01343,2025-02-06,166000,Renovation,Renovation,Completed,HALIFAX,District 07,0,7,Commercial,44.6434360265848,-63.5705216807038
5072,BPCOM-2025-01389,2025-02-28,75000,Renovation,Renovation,Issued,HERRING COVE,District 11,0,2,Mixed Use - Residential & Other Use(s),44.585505965067725,-63.587371262096944
5073,BPCOM-2025-01478,2025-02-25,255000,Renovation,Renovation,Completed,HALIFAX,District 07,0,6,Institutional and Governmental,44.631329104661084,-63.581701595014245
5074,BPCOM-2025-01592,2025-04-04,60000,Renovation,Renovation,Issued,HALIFAX,District 10,0,3,Commercial,44.68414640953545,-63.6603438814489
5075,BPCOM-2025-01614,2025-08-06,17000,Renovation,Renovation,Completed,COLE HARBOUR,District 04,0,1,Commercial,44.67230685681833,-63.4878083878159
5076,BPCOM-2025-01671,2025-06-25,7800000,New Building,New Building,Issued,HALIFAX,District 07,78,10,Dwelling - Multiple Units,44.643267559298884,-63.58867491943963
5077,BPCOM-2025-01768,2025-02-24,194000,Renovation,Renovation,Completed,DARTMOUTH,District 03,0,5,Commercial,44.65583337097039,-63.54919387442752
5078,BPCOM-2025-01830,2025-09-09,24265000,New Building,New Building,Issued,DARTMOUTH,District 05,65,7,Dwelling - Multiple Units,44.67060943756154,-63.56441460024709
5079,BPCOM-2025-01879,2025-03-11,600000,Renovation,Renovation,Completed,HALIFAX,District 07,0,1,Commercial,44.642881059314455,-63.57592038061142
5080,BPCOM-2025-01934,2025-03-13,90000,Renovation,Renovation,Completed,HALIFAX,District 07,0,12,Commercial,44.64111736630636,-63.58674085352936
5081,BPCOM-2025-02026,2025-02-25,1449213,Renovation,Renovation,Completed,HALIFAX,District 07,0,7,Commercial,44.648284861294265,-63.57678713274112
5082,BPCOM-2025-02071,2025-02-25,15000,Renovation,Renovation,Issued,HALIFAX,District 12,0,2,Commercial,44.6572582462176,-63.669672378067695
5083,BPCOM-2025-02322,,120000,Renovation,Renovation,Withdrawn,HALIFAX,District 12,0,2,Commercial,44.64148992751634,-63.66143382213742
5084,BPCOM-2025-02394,2026-03-24,250000,New Building,New Building,Issued,DARTMOUTH,District 06,0,1,Commercial,44.70897210013356,-63.54203258647629
5085,BPCOM-2025-02500,2025-07-07,190000,Renovation,Renovation,Issued,HALIFAX,District 09,0,1,Commercial,44.65406288050037,-63.62501716478665
5086,BPCOM-2025-02554,2025-05-20,34000000,New Building,New Building,Issued,HALIFAX,District 09,120,10,Dwelling - Multiple Units,44.645036883863504,-63.589575043960465
5087,BPCOM-2025-02607,2025-07-17,32230000,New Building,New Building,Issued,HALIFAX,District 09,106,10,Dwelling - Multiple Units,44.64459206424768,-63.5893985639241
5088,BPCOM-2025-02696,2025-03-14,200000,Renovation,Renovation,Completed,BEDFORD,District 16,0,1,Commercial,44.750945576887595,-63.64048023276241
5089,BPCOM-2025-02788,2025-03-20,175000,Renovation,Renovation,Completed,HALIFAX,District 08,0,19,Commercial,44.658157852026704,-63.59978481977151
5090,BPCOM-2025-02987,2026-01-23,28620000,New Building,New Building,Issued,HALIFAX,District 08,159,10,Dwelling - Multiple Units,44.65455780501638,-63.5969622042749
5091,BPCOM-2025-02987,2026-01-23,28620000,New Building,New Building,Issued,HALIFAX,District 08,159,10,Dwelling - Multiple Units,44.65455780501638,-63.5969622042749
5092,BPCOM-2025-03018,,53000000,New Building,New Building,Applicant Revisions,DARTMOUTH,District 05,159,14,Dwelling - Multiple Units,44.685977764263534,-63.60581950663928
5093,BPCOM-2025-03094,2025-12-23,14400000,New Building,New Building,Issued,HALIFAX,District 10,80,7,Dwelling - Multiple Units,44.655871978882736,-63.63265607882794
5094,BPCOM-2025-03110,2025-05-16,3100000,New Building,New Building,Issued,HALIFAX,District 12,0,1,Industrial,44.64184461717828,-63.66292251681258
5095,BPCOM-2025-03142,2025-08-21,650000,Renovation,Renovation,Completed,HALIFAX,District 07,0,3,Commercial,44.644052950251975,-63.57564787044675
5096,BPCOM-2025-03165,2025-05-27,16020000,New Building,New Building,Issued,HALIFAX,District 10,89,9,Dwelling - Multiple Units,44.65226329065825,-63.6311749234357
5097,BPCOM-2025-03172,2025-06-12,1050000,New Building,New Building,Issued,LANTZ,District 01,0,2,Commercial,44.97319686276429,-63.475581778682916
5098,BPCOM-2025-03247,,750000,New Building,New Building,Withdrawn,HALIFAX,District 09,4,3,Dwelling - Multiple Units,44.64257166394904,-63.59453368751435
5099,BPCOM-2025-03275,2025-06-27,25411621,New Building,New Building,Issued,DARTMOUTH,District 05,113,6,Dwelling - Multiple Units,44.68235899676939,-63.58609442891378
5100,BPCOM-2025-03318,2025-04-07,600000,Addition,Addition,Issued,MIDDLE MUSQUODOBOIT,District 01,0,1,Agriculture,45.03728929089242,-63.145263018047686
5101,BPCOM-2025-03450,,2000000,Addition,Addition,Applicant Revisions,HALIFAX,District 08,0,7,Commercial,44.65640895286007,-63.597635812823
5102,BPCOM-2025-03513,2025-04-01,200000,Renovation,Renovation,Completed,HALIFAX,District 09,0,2,Commercial,44.649368575944415,-63.61874247106554
5103,BPCOM-2025-03572,,10000,Renovation,Renovation,Withdrawn,HALIFAX,District 07,0,7,Commercial,44.64608195432339,-63.573815367126194
5104,BPCOM-2025-03606,2025-05-26,1000,Renovation,Renovation,Issued,HALIFAX,District 07,0,3,Commercial,44.64696686697086,-63.57306754615232
5105,BPCOM-2025-03652,2025-05-16,500000,New Building,New Building,Completed,HALIFAX,District 11,0,1,Commercial,44.62580966627706,-63.61725376412027
5106,BPCOM-2025-03661,2025-11-03,15000000,Renovation,Renovation,Issued,DARTMOUTH,District 05,84,8,Mixed Use - Residential & Other Use(s),44.66501648952933,-63.56684752329249
5107,BPCOM-2025-03818,2025-11-17,51427738,New Building,New Building,Issued,DARTMOUTH,District 05,213,20,Dwelling - Multiple Units,44.67005807445766,-63.57996329603931
5108,BPCOM-2025-03862,2026-03-23,35000000,New Building,New Building,Issued,DARTMOUTH,District 05,153,9,Dwelling - Multiple Units,44.679425330475794,-63.59374010194747
5109,BPCOM-2025-04005,2026-03-12,1800000,Addition,Addition,Issued,TIMBERLEA,District 12,0,2,Commercial,44.64287740347803,-63.723365990898124
5110,BPCOM-2025-04019,2025-07-08,6250000,New Building,New Building,Issued,LOWER SACKVILLE,District 15,52,5,Mixed Use - Residential & Other Use(s),44.75917473680406,-63.66862106795413
5111,BPCOM-2025-04067,,30800000,New Building,New Building,Applicant Revisions,BEDFORD,District 16,155,11,Mixed Use - Residential & Other Use(s),44.70772984694399,-63.71454472757455
5112,BPCOM-2025-04143,2025-04-07,1500000,Renovation,Renovation,Issued,DARTMOUTH,District 06,0,3,Industrial,44.699801375879396,-63.5981808375629
5113,BPCOM-2025-04234,,241500,New Building,New Building,Applicant Revisions,TIMBERLEA,District 12,0,1,Commercial,44.64296567476923,-63.72348995195499
5114,BPCOM-2025-04321,2026-01-12,53089068,New Building,New Building,Issued,BEDFORD,District 16,203,6,Dwelling - Multiple Units,44.70936273642478,-63.718527004482105
5115,BPCOM-2025-04354,2025-04-08,1650000,Renovation,Renovation,Issued,DARTMOUTH,District 06,0,1,Commercial,44.699841885224615,-63.565265009873734
5116,BPCOM-2025-04375,,50000000,New Building,New Building,Applicant Revisions,DARTMOUTH,District 05,178,22,Mixed Use - Residential & Other Use(s),44.670017136676435,-63.57675368026548
5117,BPCOM-2025-04428,2025-04-03,1425000,Renovation,Renovation,Issued,HALIFAX,District 12,0,1,Commercial,44.64148992751634,-63.66143382213742
5118,BPCOM-2025-04592,2025-11-20,247000,New Building,New Building,Issued,OSTREA LAKE,District 02,0,1,Commercial,44.719230784304635,-63.06601851964308
5119,BPCOM-2025-04849,2025-06-02,269697,Renovation,Renovation,Completed,DARTMOUTH,District 06,0,2,Commercial,44.70285177387779,-63.60224912199553
5120,BPCOM-2025-05004,2025-06-30,1000000,Renovation,Renovation,Amendment Review,HALIFAX,District 07,0,3,Mixed Use - Residential & Other Use(s),44.64029103611846,-63.5875114006309
5121,BPCOM-2025-05059,,22000,New Building,New Building,Applicant Revisions,,District 02,0,1,Commercial,44.79723011525248,-63.39320962588997
5122,BPCOM-2025-05081,,70000,New Building,New Building,Applicant Revisions,,District 02,0,1,Commercial,44.79723011525248,-63.39320962588997
5123,BPCOM-2025-05486,2025-06-20,1000000,Renovation,Renovation,Completed,,District 07,0,6,Mixed Use - Residential & Other Use(s),44.65111805308102,-63.57347106744972
5124,BPCOM-2025-05817,2025-07-15,330500,New Building,New Building,Issued,DARTMOUTH,District 06,0,1,Accessory Structure,44.70105124090769,-63.59856304444581
5125,BPCOM-2025-05894,,40000,Renovation,Renovation,Withdrawn,DARTMOUTH,District 05,0,1,Commercial,44.66440814349242,-63.570051670461794
5126,BPCOM-2025-06206,2025-06-12,200000,Renovation,Renovation,Issued,HALIFAX,District 08,0,3,Institutional and Governmental,44.66529721557198,-63.60662497237787
5127,BPCOM-2025-06313,2025-08-20,35000,Renovation,Renovation,Completed,HALIFAX,District 08,1,9,Mixed Use - Residential & Other Use(s),44.66451933571247,-63.59472796194316
5128,BPCOM-2025-06418,2025-05-07,215000,Renovation,Renovation,Completed,HALIFAX,District 07,0,4,Commercial,44.6367615977382,-63.58912843284443
5129,BPCOM-2025-06610,2025-06-16,33750,Renovation,Renovation,Completed,BEDFORD,District 16,0,1,Industrial,44.71630360381329,-63.71560571913658
5130,BPCOM-2025-06668,2025-06-02,15000,Renovation,Renovation,Completed,DARTMOUTH,District 06,0,1,Accessory Structure,44.708832607502394,-63.59517589065419
5131,BPCOM-2025-06966,2026-04-01,200000,Renovation,Renovation,Issued,UPPER HAMMONDS PLAINS,District 14,0,1,Commercial,44.75576274069587,-63.848949749981166
5132,BPCOM-2025-07165,2025-10-14,809950,New Building,New Building,Issued,MIDDLE SACKVILLE,District 14,0,2,Commercial,44.79617450470347,-63.72939942112774
5133,BPCOM-2025-07243,2025-11-13,1500000,New Building,New Building,Issued,UPPER SACKVILLE,District 14,0,2,Commercial,44.830099644635396,-63.779308541077995
5134,BPCOM-2025-07299,2025-11-04,25000,Renovation,Renovation,Completed,HALIFAX,District 11,0,2,Mixed Use - Residential & Other Use(s),44.62270808700177,-63.618617172437716
5135,BPCOM-2025-07480,2025-08-20,10000,New Building,New Building,Issued,LAKE LOON,District 04,0,1,Commercial,44.70073814986906,-63.482775821573114
5136,BPCOM-2025-07840,2025-08-07,3000,Renovation,Renovation,Completed,LOWER SACKVILLE,District 15,0,1,Commercial,44.7753645849725,-63.696100899643206
5137,BPCOM-2025-08074,2025-06-24,714440,Renovation,Renovation,Issued,HALIFAX,District 09,0,4,Dwelling - Multiple Units,44.64696672949309,-63.5961886510034
5138,BPCOM-2025-08156,,5000,Renovation,Renovation,Withdrawn,HALIFAX,District 10,0,8,Institutional and Governmental,44.657997551905126,-63.63410945459949
5139,BPCOM-2025-08414,,200000,New Building,New Building,Withdrawn,BOUTILIERS POINT,District 13,0,2,Accessory Structure,44.654564748303265,-63.95137627623124
5140,BPCOM-2025-08461,2025-09-23,146000,Addition,Addition,Issued,LOWER SACKVILLE,District 15,0,1,Institutional and Governmental,44.761411917418506,-63.652011881897685
5141,BPCOM-2025-08527,,55000,Addition,Addition,Applicant Revisions,HERRING COVE,District 11,0,1,Mixed Use - Residential & Other Use(s),44.58172878958163,-63.58392746217385
5142,BPCOM-2025-08761,,60000,New Building,New Building,Application Incomplete,,District 02,0,1,Accessory Structure,44.72012365784459,-63.16338916651419
5143,BPCOM-2025-09049,2026-01-15,2000000,New Building,New Building,Issued,DARTMOUTH,District 06,0,1,Accessory Structure,44.714421530733006,-63.582288234298616
5144,BPCOM-2025-09194,2025-06-25,100000,Renovation,Renovation,Completed,DARTMOUTH,District 06,0,1,Commercial,44.71781135582614,-63.56223576640729
5145,BPCOM-2025-09274,2025-06-23,1200000,Renovation,Renovation,Completed,HALIFAX,District 07,0,18,Commercial,44.65178326639569,-63.57414191035051
5146,BPCOM-2025-09517,,50000,New Building,New Building,Applicant Revisions,WEST PETPESWICK,District 02,0,1,Commercial,44.73567820777945,-63.16877139253762
5147,BPCOM-2025-09563,2025-07-18,1491971,Renovation,Renovation,Completed,HALIFAX,District 07,0,4,Institutional and Governmental,44.63886044072559,-63.585534646435526
5148,BPCOM-2025-09848,2025-07-25,245000,Renovation,Renovation,Completed,HALIFAX,District 12,0,1,Mixed Use - Residential & Other Use(s),44.659599010760246,-63.664351713023834
5149,BPCOM-2025-09953,2025-09-12,7000000,New Building,New Building,Issued,HALIFAX,District 11,30,5,Dwelling - Multiple Units,44.61619056075054,-63.62097657868545
5150,BPCOM-2025-10116,,18500000,New Building,New Building,Application Incomplete,,District 14,8,1,Dwelling - Multiple Units,44.73031466284261,-63.751434032089186
5151,BPCOM-2025-10193,,800000,New Building,New Building,Application Incomplete,DARTMOUTH,District 05,6,3,Dwelling - Multiple Units,44.680221152883554,-63.58814645673634
5152,BPCOM-2025-10268,2025-09-11,400000,Renovation,Renovation,Issued,HALIFAX,District 12,0,4,Commercial,44.65513999799687,-63.66995983206623
5153,BPCOM-2025-10492,2025-07-21,350000,Renovation,Renovation,Completed,DARTMOUTH,District 05,0,3,Commercial,44.68656042112191,-63.55952448193897
5154,BPCOM-2025-10548,2025-08-15,700000,Renovation,Renovation,Issued,FALL RIVER,District 01,0,1,Commercial,44.81768325842341,-63.6113159770266
5155,BPCOM-2025-10726,,50000,New Building,New Building,Withdrawn,LAKE EGMONT,District 01,0,1,Accessory Structure,44.99122096193891,-63.29936182467985
5156,BPCOM-2025-10884,2025-09-09,4437253,Addition,Addition,Amendment Applicant Revisions,DARTMOUTH,District 06,0,1,Industrial,44.699173097113636,-63.590471242168405
5157,BPCOM-2025-11197,2025-08-08,4712000,Renovation,Renovation,Completed,DARTMOUTH,District 05,0,6,Institutional and Governmental,44.665018321337655,-63.56975704658656
5158,BPCOM-2025-11332,2025-08-19,10000,Renovation,Renovation,Completed,BEDFORD,District 16,0,1,Commercial,44.70973604849408,-63.668321724981304
5159,BPCOM-2025-11492,2025-10-06,125000,Renovation,Renovation,Issued,BEDFORD,District 16,0,12,Mixed Use - Residential & Other Use(s),44.70903788236953,-63.71128262502949
5160,BPCOM-2025-11685,,250000,Addition,Addition,In Review,HARRIETSFIELD,District 11,0,1,Industrial,44.581515033294686,-63.643083451584616
5161,BPCOM-2025-11869,2025-11-03,11000000,Renovation,Renovation,Issued,GOFFS,District 01,0,6,Commercial,44.886560015262745,-63.51491466538
5162,BPCOM-2025-11967,2025-09-09,588805,Renovation,Renovation,Completed,BEDFORD,District 16,0,2,Commercial,44.73312015086539,-63.65425873877637
5163,BPCOM-2025-12125,2025-09-19,10000,Renovation,Renovation,Issued,DARTMOUTH,District 03,0,2,Commercial,44.64446350149857,-63.53979011170379
5164,BPCOM-2025-12237,2025-09-02,150000,Renovation,Renovation,Issued,DARTMOUTH,District 05,0,2,Institutional and Governmental,44.667994920589784,-63.563348062960465
5165,BPCOM-2025-12279,2026-01-07,31468000,New Building,New Building,Issued,,District 05,95,5,Dwelling - Multiple Units,44.67394850379738,-63.57794747680792
5166,BPCOM-2025-12499,2025-09-22,60000,Renovation,Renovation,Completed,DARTMOUTH,District 03,0,1,Commercial,44.667089656537286,-63.54715163650218
5167,BPCOM-2025-12572,2025-09-04,482619.72,Renovation,Renovation,Issued,DARTMOUTH,District 05,0,4,Mixed Use - Residential & Other Use(s),44.68692353237047,-63.591606386271984
5168,BPCOM-2025-12600,2025-11-26,1250000,New Building,New Building,Issued,HALIFAX,District 10,17,3,Dwelling - Multiple Units,44.659610144308424,-63.63142764344905
5169,BPCOM-2025-12670,2025-10-03,1280000,Addition,Addition,Issued,UPPER TANTALLON,District 13,0,2,Institutional and Governmental,44.687782493987825,-63.88436025275282
5170,BPCOM-2025-12815,2025-10-06,500000,Renovation,Renovation,Completed,DARTMOUTH,District 05,0,3,Commercial,44.68656042112191,-63.55952448193897
5171,BPCOM-2025-12909,2025-12-15,1652140,Addition,Addition,Issued,HALIFAX,District 07,0,1,Commercial,44.64924799622453,-63.5761389452127
5172,BPCOM-2025-12962,2026-01-19,500000,Renovation,Renovation,Issued,HALIFAX,District 08,0,13,Commercial,44.65677064782191,-63.59904335697829
5173,BPCOM-2025-13243,2025-10-09,25000,Renovation,Renovation,Issued,BEDFORD,District 16,0,1,Commercial,44.74045206436728,-63.654358883569074
5174,BPCOM-2025-13374,,26900000,New Building,New Building,Applicant Revisions,HALIFAX,District 08,174,12,Dwelling - Multiple Units,44.650445053674915,-63.58198391427322
5175,BPCOM-2025-13501,2025-09-04,500000,Renovation,Renovation,Completed,DARTMOUTH,District 06,0,3,Commercial,44.704955469130354,-63.58825319076433
5176,BPCOM-2025-13742,2025-10-03,1660000,New Building,New Building,Issued,HALIFAX,District 10,123,9,Mixed Use - Residential & Other Use(s),44.65754080126738,-63.62996915416649
5177,BPCOM-2025-13781,2025-10-01,433000,Renovation,Renovation,Completed,DARTMOUTH,District 06,0,1,Commercial,44.69616742095974,-63.57193871665344
5178,BPCOM-2025-13865,2025-09-15,30000,Renovation,Renovation,Issued,HALIFAX,District 09,0,1,Commercial,44.64619335444152,-63.59535475742575
5179,BPCOM-2025-14017,2025-12-11,450000,Addition,Addition,Issued,FALL RIVER,District 01,1,3,Mixed Use - Residential & Other Use(s),44.81534040682348,-63.61599479928095
5180,BPCOM-2025-14106,2025-12-09,1495000,Addition,Addition,Issued,DARTMOUTH,District 03,0,1,Commercial,44.657866367118096,-63.540035896387685
5181,BPCOM-2025-14179,2025-11-13,250000,Renovation,Renovation,Completed,HALIFAX,District 11,5,4,Dwelling - Multiple Units,44.61870678822849,-63.62157919362275
5182,BPCOM-2025-14240,2026-02-27,2500000,Addition,Addition,Issued,HALIFAX,District 07,35,7,Mixed Use - Residential & Other Use(s),44.64608195432339,-63.573815367126194
5183,BPCOM-2025-14444,2025-09-18,45500,Renovation,Renovation,Completed,DARTMOUTH,District 06,0,2,Commercial,44.69505277404231,-63.57199181568655
5184,BPCOM-2025-14585,2025-11-17,10500000,New Building,New Building,Issued,HALIFAX,District 11,46,4,Dwelling - Multiple Units,44.60475944761584,-63.6123040563978
5185,BPCOM-2025-14631,2025-10-06,60000,Renovation,Renovation,Completed,HALIFAX,District 08,0,20,Commercial,44.658354441885784,-63.599924822101634
5186,BPCOM-2025-14818,,90000,New Building,New Building,Withdrawn,HUBLEY,District 13,11,1,Mixed Use - Residential & Other Use(s),44.67528881495042,-63.82317581582802
5187,BPCOM-2025-14904,2026-03-10,15000,Renovation,Renovation,Issued,DARTMOUTH,District 06,0,2,Commercial,44.69490877907073,-63.54791935755615
5188,BPCOM-2025-15027,2025-11-24,6100000,New Building,New Building,Issued,DARTMOUTH,District 06,0,2,Commercial,44.7111034287674,-63.562494877943756
5189,BPCOM-2025-15110,2025-10-21,100000,Renovation,Renovation,Completed,HAMMONDS PLAINS,District 14,0,1,Commercial,44.73418869985489,-63.784903213652896
5190,BPCOM-2025-15156,,31000,Addition,Addition,Applicant Revisions,UPPER SACKVILLE,District 14,0,1,Accessory Structure,44.83917492503746,-63.79290112262318
5191,BPCOM-2025-15295,2025-10-07,407000,Renovation,Renovation,Issued,HALIFAX,District 07,0,4,Commercial,44.63643237802027,-63.58779812283581
5192,BPCOM-2025-15321,2026-01-06,2400000,New Building,New Building,Issued,HAMMONDS PLAINS,District 14,38,4,Mixed Use - Residential & Other Use(s),44.72755468159264,-63.747018626975475
5193,BPCOM-2025-15441,2026-06-16,25000,New Building,New Building,Issued,POPES HARBOUR,District 02,0,1,Commercial,44.81760630252087,-62.631817097974434
5194,BPCOM-2025-15582,2025-11-28,160000,Renovation,Renovation,Completed,BEECHVILLE,District 12,0,2,Commercial,44.637959317538254,-63.667102715494806
5195,BPCOM-2025-15616,,3000,Renovation,Renovation,Applicant Revisions,HALIFAX,District 08,0,13,Commercial,44.65571943617887,-63.59859143834821
5196,BPCOM-2025-15662,2026-01-28,46997934,New Building,New Building,Issued,HALIFAX,District 07,0,6,Institutional and Governmental,44.63901514791579,-63.58878813211204
5197,BPCOM-2025-15769,2025-10-17,100000,Renovation,Renovation,Issued,DARTMOUTH,District 06,0,2,Commercial,44.690536359953924,-63.59846463510754
5198,BPCOM-2025-15881,2025-12-05,100000,Renovation,Renovation,Completed,BEDFORD,District 16,0,2,Commercial,44.708166275810235,-63.71056815854703
5199,BPCOM-2025-15949,2025-11-21,112000,Renovation,Renovation,Completed,HALIFAX,District 08,0,2,Commercial,44.662179929808275,-63.6195911412936
5200,BPCOM-2025-16017,2025-10-27,461955,Renovation,Renovation,Completed,HALIFAX,District 07,0,22,Commercial,44.652649421307245,-63.57452150316824
5201,BPCOM-2025-16150,,3000,Addition,Addition,Applicant Revisions,BEDFORD,District 16,0,1,Commercial,44.709999813777664,-63.66879740171161
5202,BPCOM-2025-16388,,60000,New Building,New Building,Applicant Revisions,SAMBRO HEAD,District 11,0,1,Commercial,44.48038328361303,-63.578226091769174
5203,BPCOM-2025-16403,2025-11-12,40000,Renovation,Renovation,Completed,GOFFS,District 01,0,1,Industrial,44.878306771024775,-63.52110060718594
5204,BPCOM-2025-16511,2025-11-04,10000,Renovation,Renovation,Issued,DARTMOUTH,District 03,0,2,Commercial,44.6563394660797,-63.54464382075542
5205,BPCOM-2025-16700,,1750000,New Building,New Building,Application Incomplete,HALIFAX,District 08,4,4,Mixed Use - Residential & Other Use(s),44.66213886484702,-63.60091640470993
5206,BPCOM-2025-16856,2026-02-06,400000,Addition,Addition,Issued,HALIFAX,District 09,0,2,Institutional and Governmental,44.63487627746805,-63.61864789328918
5207,BPCOM-2025-16928,2025-12-04,2000,Renovation,Renovation,Issued,HALIFAX,District 10,0,2,Institutional and Governmental,44.67466929829437,-63.649250832999876
5208,BPCOM-2025-17025,2026-01-20,5500000,Addition,Addition,Issued,BEDFORD,District 16,0,4,Commercial,44.72225598155308,-63.69550444192757
5209,BPCOM-2025-17213,2025-11-14,25000,Renovation,Renovation,Issued,HALIFAX,District 08,0,2,Commercial,44.66266046588286,-63.61946658102005
5210,BPCOM-2025-17281,2025-12-17,50000,Renovation,Renovation,Completed,HALIFAX,District 08,0,1,Commercial,44.662439726493794,-63.60141931166344
5211,BPCOM-2025-17412,2025-12-03,313709,Renovation,Renovation,Completed,BEECHVILLE,District 12,0,1,Commercial,44.65223773372726,-63.681930298485085
5212,BPCOM-2025-17540,2026-01-12,2500,Renovation,Renovation,Completed,HALIFAX,District 08,0,2,Commercial,44.66208062822194,-63.61756743009353
5213,BPCOM-2025-17686,2025-11-21,890000,Renovation,Renovation,Completed,HALIFAX,District 09,0,5,Commercial,44.6554410728958,-63.62735803598994
5214,BPCOM-2025-17770,2026-04-29,45000000,New Building,New Building,Issued,BEDFORD,District 16,120,11,Dwelling - Multiple Units,44.71626467772834,-63.719325948201664
5215,BPCOM-2025-17931,2026-01-15,2000000,Renovation,Renovation,Issued,DARTMOUTH,District 06,0,3,Industrial,44.699801375879396,-63.5981808375629
5216,BPCOM-2025-17961,2026-01-09,1000000,Renovation,Renovation,Issued,LAKE CHARLOTTE,District 02,0,2,Mixed Use - Residential & Other Use(s),44.76723952291722,-62.95055334655914
5217,BPCOM-2025-18090,2026-03-26,51906,Addition,Addition,Issued,BEDFORD,District 16,0,1,Commercial,44.72374932873195,-63.6697550515699
5218,BPCOM-2025-18274,2026-01-07,1190000,Renovation,Renovation,Completed,BEECHVILLE,District 12,0,1,Industrial,44.64187288234979,-63.67754668951761
5219,BPCOM-2025-18397,2025-12-16,30000,Renovation,Renovation,Completed,HALIFAX,District 08,0,3,Commercial,44.66203220387814,-63.60066717553503
5220,BPCOM-2025-18501,2026-01-28,290814,New Building,New Building,Issued,HATCHET LAKE,District 13,0,1,Commercial,44.57863694794698,-63.707633140230286
5221,BPCOM-2025-18606,,150000,Renovation,Renovation,Withdrawn,HALIFAX,District 07,0,6,Commercial,44.64446689892425,-63.5749135862854
5222,BPCOM-2025-18707,2025-12-19,30000,Renovation,Renovation,Completed,HALIFAX,District 08,0,2,Commercial,44.662179929808275,-63.6195911412936
5223,BPCOM-2025-18746,2026-01-15,200000,Renovation,Renovation,Issued,GOFFS,District 01,0,6,Commercial,44.886560015262745,-63.51491466538
5224,BPCOM-2025-18792,,24000000,New Building,New Building,Applicant Revisions,COLE HARBOUR,District 04,104,6,Dwelling - Multiple Units,44.67227667987706,-63.48107066038128
5225,BPCOM-2025-18817,,1300000,New Building,New Building,Application Incomplete,,District 03,0,2,Commercial,44.62039001550503,-63.50315207118579
5226,BPCOM-2025-18914,2026-01-02,731000,Renovation,Renovation,Issued,DARTMOUTH,District 06,0,3,Commercial,44.69448509805018,-63.58036855942183
5227,BPCOM-2025-19011,2026-01-19,115000,Renovation,Renovation,Issued,HALIFAX,District 07,0,4,Commercial,44.6367615977382,-63.58912843284443
5228,BPCOM-2026-00144,2026-05-15,8400700,New Building,New Building,Issued,DARTMOUTH,District 03,51,4,Dwelling - Multiple Units,44.658851426795955,-63.533496675954915
5229,BPCOM-2026-00270,2026-01-26,82027.06,Renovation,Renovation,Completed,BEDFORD,District 16,0,1,Commercial,44.72974908659541,-63.67434615526742
5230,BPCOM-2026-00347,2026-02-11,50000,Renovation,Renovation,Issued,LOWER SACKVILLE,District 15,0,2,Commercial,44.77840904376099,-63.6710202412872
5231,BPCOM-2026-00374,,80000,Renovation,Renovation,Withdrawn,HALIFAX,District 07,0,22,Mixed Use - Residential & Other Use(s),44.64386987195683,-63.56984458600852
5232,BPCOM-2026-00496,2026-02-24,1400000,Renovation,Renovation,Amendment Application Incomplete,BEDFORD,District 16,0,1,Commercial,44.73635846691734,-63.65696658156799
5233,BPCOM-2026-00568,,20000,Renovation,Renovation,Applicant Revisions,HALIFAX,District 08,0,1,Mixed Use - Residential & Other Use(s),44.656564018116214,-63.59877100666851
5234,BPCOM-2026-00691,2026-01-27,800000,Renovation,Renovation,Issued,DARTMOUTH,District 05,0,13,Mixed Use - Residential & Other Use(s),44.66718115490141,-63.56555417931451
5235,BPCOM-2026-00833,,10000,Renovation,Renovation,Applicant Revisions,HALIFAX,District 08,0,3,Mixed Use - Residential & Other Use(s),44.655812495526376,-63.598504110429865
5236,BPCOM-2026-01045,,205000,New Building,New Building,In Review,TIMBERLEA,District 12,0,1,Commercial,44.64296567476923,-63.72348995195499
5237,BPCOM-2026-01114,,50000,Addition,Addition,Application Incomplete,DARTMOUTH,District 06,0,1,Mixed Use - Residential & Other Use(s),44.697594628017875,-63.60619000279518
5238,BPCOM-2026-01191,2026-02-10,250000,Renovation,Renovation,Issued,DARTMOUTH,District 06,0,1,Commercial,44.70033540656266,-63.53843434805616
5239,BPCOM-2026-01319,2026-05-19,330000,Renovation,Renovation,Issued,HALIFAX,District 09,0,1,Commercial,44.64476570530368,-63.598734019796375
5240,BPCOM-2026-01397,,10000,Renovation,Renovation,Applicant Revisions,HALIFAX,District 08,0,3,Commercial,44.656112678770135,-63.599395637273425
5241,BPCOM-2026-01429,2026-03-18,15000,Renovation,Renovation,Issued,DARTMOUTH,District 06,0,2,Commercial,44.69213175375052,-63.60059024203876
5242,BPCOM-2026-01444,,34000000,New Building,New Building,Applicant Revisions,HALIFAX,District 10,164,9,Dwelling - Multiple Units,44.65296740262956,-63.631067895658454
5243,BPCOM-2026-01444,,34000000,New Building,New Building,Applicant Revisions,HALIFAX,District 10,164,9,Dwelling - Multiple Units,44.65296740262956,-63.631067895658454
5244,BPCOM-2026-01526,2026-06-11,10000000,New Building,New Building,Issued,HAMMONDS PLAINS,District 14,46,3,Mixed Use - Residential & Other Use(s),44.734262864132795,-63.75764837717945
5245,BPCOM-2026-01592,2026-02-24,75000,Renovation,Renovation,Issued,HALIFAX,District 12,0,2,Commercial,44.6572582462176,-63.669672378067695
5246,BPCOM-2026-01619,,45000000,New Building,New Building,Applicant Revisions,,District 15,424,4,Mixed Use - Residential & Other Use(s),44.81701636697849,-63.681614419967005
5247,BPCOM-2026-01725,2026-03-06,300000,Renovation,Renovation,Issued,HALIFAX,District 09,0,1,Commercial,44.644611886037346,-63.59942848807609
5248,BPCOM-2026-01798,,4225000,New Building,New Building,In Review,FALL RIVER,District 01,0,2,Industrial,44.80910582652069,-63.60792889721609
5249,BPCOM-2026-01894,2026-03-31,5000,Renovation,Renovation,Issued,BEDFORD,District 16,0,1,Institutional and Governmental,44.737874299437806,-63.64597953176928
5250,BPCOM-2026-02174,2026-05-28,280000,Renovation,Renovation,Issued,DARTMOUTH,District 05,0,4,Dwelling - Multiple Units,44.66782285781747,-63.56082798482598
5251,BPCOM-2026-02228,,50000,Renovation,Renovation,Withdrawn,SHEET HARBOUR PASSAGE,District 02,0,1,Commercial,44.85571063960183,-62.46562061986233
5252,BPCOM-2026-02552,2026-04-13,36864,Renovation,Renovation,Issued,WAVERLEY,District 01,0,1,Commercial,44.78681795388485,-63.59883425153168
5253,BPCOM-2026-02688,,800000,New Building,New Building,Withdrawn,HALIFAX,District 09,8,2,Dwelling - Multiple Units,44.65058523188796,-63.62153429080909
5254,BPCOM-2026-02787,2026-04-28,20000000,Renovation,Renovation,Issued,DARTMOUTH,District 05,69,6,Dwelling - Multiple Units,44.667385440270365,-63.56368069959144
5255,BPCOM-2026-02834,2026-03-24,564298,Renovation,Renovation,Issued,HALIFAX,District 07,0,4,Institutional and Governmental,44.636077894335045,-63.59385494574683
5256,BPCOM-2026-02904,,32000000,Addition,Addition,Applicant Revisions,HALIFAX,District 07,134,75,Mixed Use - Residential & Other Use(s),44.6490123403888,-63.57816114662933
5257,BPCOM-2026-03003,2026-03-30,230000,Renovation,Renovation,Issued,COLE HARBOUR,District 04,0,5,Mixed Use - Residential & Other Use(s),44.65210800498271,-63.48034973679763
5258,BPCOM-2026-03131,2026-04-14,287000,Renovation,Renovation,Issued,DARTMOUTH,District 03,0,1,Commercial,44.66999762564716,-63.53081923641672
5259,BPCOM-2026-03302,2026-04-08,1078000,Renovation,Renovation,Issued,HALIFAX,District 07,0,4,Commercial,44.65178326639569,-63.57414191035051
5260,BPCOM-2026-03518,,50000,Addition,Addition,Applicant Revisions,HALIFAX,District 10,0,2,Mixed Use - Residential & Other Use(s),44.67546015308772,-63.64849634876254
5261,BPCOM-2026-03746,2026-04-13,150000,Renovation,Renovation,Issued,LOWER SACKVILLE,District 15,0,2,Commercial,44.77036000151752,-63.688389697225354
5262,BPCOM-2026-03841,,34000000,New Building,New Building,In Review,HALIFAX,District 07,168,9,Mixed Use - Residential & Other Use(s),44.64374609962183,-63.57670893427575
5263,BPCOM-2026-03866,,5888000,New Building,New Building,Applicant Revisions,WESTPHAL,District 04,0,2,Commercial,44.702125048073945,-63.47233606613642
5264,BPCOM-2026-04115,2026-05-19,250000,Renovation,Renovation,Issued,BEECHVILLE,District 12,0,1,Commercial,44.65223773372726,-63.681930298485085
5265,BPCOM-2026-04210,,6447500,New Building,New Building,Applicant Revisions,DARTMOUTH,District 06,0,5,Commercial,44.69526589416729,-63.579984023965125
5266,BPCOM-2026-04352,,1000000,Renovation,Renovation,In Review,DARTMOUTH,District 05,0,3,Commercial,44.68656042112191,-63.55952448193897
5267,BPCOM-2026-04536,,25000,Addition,Addition,Withdrawn,BEDFORD,District 16,0,1,Commercial,44.71275799928061,-63.673887132375306
5268,BPCOM-2026-04643,2026-07-06,25000,Renovation,Renovation,Issued,HALIFAX,District 11,0,2,Commercial,44.612843183513334,-63.62010980416994
5269,BPCOM-2026-04682,,10000000,New Building,New Building,In Review,HALIFAX,District 09,64,9,Dwelling - Multiple Units,44.654391025584935,-63.610810049122875
5270,BPCOM-2026-04922,2026-06-01,200000,Renovation,Renovation,Issued,HALIFAX,District 08,0,3,Commercial,44.65626380687769,-63.59929723065169
5271,BPCOM-2026-05011,,35000,Renovation,Renovation,Withdrawn,BEDFORD,District 16,0,1,Commercial,44.73312015086539,-63.65425873877637
5272,BPCOM-2026-05210,,100000,New Building,New Building,Applicant Revisions,HALIFAX,District 08,0,1,Commercial,44.663299434540875,-63.602578147350734
5273,BPCOM-2026-05245,,22000,New Building,New Building,Applicant Revisions,,District 02,0,1,Commercial,44.79723011525248,-63.39320962588997
5274,BPCOM-2026-05251,,22000,New Building,New Building,Applicant Revisions,,District 02,0,1,Commercial,44.79723011525248,-63.39320962588997
5275,BPCOM-2026-05344,2026-05-11,150000,Renovation,Renovation,Issued,HALIFAX,District 09,0,1,Commercial,44.64227977205727,-63.62030071584588
5276,BPCOM-2026-05437,2026-05-25,215000,Renovation,Renovation,Issued,BEECHVILLE,District 12,0,1,Industrial,44.64913962462528,-63.68329974030222
5277,BPCOM-2026-05509,,1200000,Addition,Addition,In Review,DARTMOUTH,District 06,0,1,Industrial,44.704102426340576,-63.59112171129286
5278,BPCOM-2026-05767,,200000000,New Building,New Building,Applicant Revisions,HALIFAX,District 09,1174,28,Mixed Use - Residential & Other Use(s),44.64731925959862,-63.592742665981284
5279,BPCOM-2026-05787,,22000,New Building,New Building,Applicant Revisions,,District 02,0,1,Commercial,44.79723011525248,-63.39320962588997
5280,BPCOM-2026-05979,,50000,Renovation,Renovation,Applicant Revisions,DARTMOUTH,District 05,0,1,Commercial,44.663776757623694,-63.564629491082115
5281,BPCOM-2026-06238,,65000,New Building,New Building,Applicant Revisions,BEDFORD,District 14,0,1,Accessory Structure,44.728581957186435,-63.69551418420472
5282,BPCOM-2026-06450,2026-05-27,250000,Renovation,Renovation,Issued,HALIFAX,District 07,0,15,Institutional and Governmental,44.63766037121574,-63.58290646199572
5283,BPCOM-2026-06603,,30000,Renovation,Renovation,Applicant Revisions,HUBBARDS,District 13,0,1,Accessory Structure,44.630965899339316,-64.05351287337247
5284,BPCOM-2026-06772,,5000,Renovation,Renovation,Application Incomplete,BEDFORD,District 16,0,1,Commercial,44.73719651736138,-63.647411261443644
5285,BPCOM-2026-06883,,20000,New Building,New Building,In Review,HAMMONDS PLAINS,District 14,0,1,Commercial,44.73196326745975,-63.75928775592651
5286,BPCOM-2026-07029,,4500,Renovation,Renovation,In Review,HAMMONDS PLAINS,District 14,1,2,Mixed Use - Residential & Other Use(s),44.73828882993808,-63.752543151023076
5287,BPCOM-2026-07066,,20000,Renovation,Renovation,Applicant Revisions,HALIFAX,District 09,0,2,Commercial,44.64449805475674,-63.59254848057336
5288,BPCOM-2026-07161,2026-06-15,25000,Renovation,Renovation,Issued,BEDFORD,District 16,0,3,Commercial,44.74733866504509,-63.62921194241388
5289,BPCOM-2026-07274,,200000,Renovation,Renovation,Applicant Revisions,DARTMOUTH,District 05,0,1,Commercial,44.68656042112191,-63.55952448193897
5290,BPCOM-2026-07555,,19000000,Renovation,Renovation,In Review,HALIFAX,District 07,119,13,Mixed Use - Residential & Other Use(s),44.647344471063185,-63.57290898265566
5291,BPCOM-2026-07616,2026-06-22,250000,Renovation,Renovation,Issued,HALIFAX,District 08,0,1,Commercial,44.65869744780435,-63.60225192855964
5292,BPCOM-2026-07891,,10000000,Renovation,Renovation,In Review,BEECHVILLE,District 12,0,1,Industrial,44.64996397924841,-63.681796608267696
5293,BPCOM-2026-07943,,1000000,Addition,Addition,Application Incomplete,HALIFAX,District 08,0,2,Institutional and Governmental,44.65419392396542,-63.585825752089335
5294,BPCOM-2026-08043,,412546,Renovation,Renovation,In Review,HALIFAX,District 07,0,1,Commercial,44.64221266243059,-63.581803599917656
5295,BPCOM-2026-08224,,30000,Renovation,Renovation,In Review,HALIFAX,District 07,0,4,Commercial,44.644267695363055,-63.57006229799719
5296,BPCOM-2026-08290,,965000,Renovation,Renovation,Submitted,DARTMOUTH,District 05,0,10,Mixed Use - Residential & Other Use(s),44.664048195149505,-63.56685552077682
5297,BPCOM-2026-08406,2026-07-06,500000,Renovation,Renovation,Issued,HALIFAX,District 09,0,3,Accessory Structure,44.649368575944415,-63.61874247106554
5298,BPCOM-2026-08771,,12000,Renovation,Renovation,In Review,HALIFAX,District 09,0,2,Commercial,44.64453411054719,-63.600751458519596
5299,BPCOM-2026-09048,,750000,Renovation,Renovation,Submitted,HALIFAX,District 07,0,3,Commercial,44.644366382772624,-63.57096397831999
5300,BPRES-2021-10344,2021-12-02,300000,Addition,Addition,Expired,,District 07,1,2,Dwelling - Multiple Units,,
5301,BPRES-2021-10372,2021-08-12,14400,Renovation,Renovation,Completed,COLE HARBOUR,District 04,1,1,Dwelling - Multiple Units,44.64191133325577,-63.4722741871194
5302,BPRES-2021-10411,2021-09-16,8000,Renovation,Renovation,Completed,HALIFAX,District 08,1,1,Dwelling - Multiple Units,44.65948798326786,-63.59892155473344
5303,BPRES-2021-10469,2021-08-20,5600,Renovation,Renovation,Completed,DARTMOUTH,District 05,0,2,Dwelling - Multiple Units,44.667115241973015,-63.56607921838109
5304,BPRES-2021-10486,2021-06-25,375000,New Building,New Building,Completed,MIDDLE SACKVILLE,District 14,1,2,Dwelling - Single Detached,44.80152178094662,-63.72442652981747
5305,BPRES-2021-10502,2021-06-25,30000,New Building,New Building,Expired (Closed),FALL RIVER,District 01,0,1,Accessory Structure,44.84154313704877,-63.63496444047369
5306,BPRES-2021-10528,2021-09-28,275000,New Building,New Building,Expired (Closed),HAMMONDS PLAINS,District 14,1,1,Dwelling - Single Detached,44.7338953713191,-63.7284992079382
5307,BPRES-2021-10578,,35000,New Building,New Building,Applicant Revisions,FALL RIVER,District 01,0,1,Accessory Structure,44.823535573224056,-63.61289466193594
5308,BPRES-2021-10605,2022-06-07,25000,New Building,New Building,Completed,BEAVER BANK,District 15,0,1,Accessory Structure,44.833687924679204,-63.665523501532405
5309,BPRES-2021-10634,,180000,New Building,New Building,Withdrawn,BROOKSIDE,District 13,1,1,Dwelling - Backyard Suite,44.540150593781846,-63.70800382117488
5310,BPRES-2021-10661,2021-07-22,25000,New Building,New Building,Completed,LAWRENCETOWN,District 02,0,1,Accessory Structure,44.685672831472836,-63.430349974806745
5311,BPRES-2021-10686,2021-12-23,25000,Renovation,Renovation,Issued,DARTMOUTH,District 03,1,2,Dwelling - Multiple Units,44.66460328057328,-63.5427387503636
5312,BPRES-2021-10722,2021-07-05,50000,Renovation,Renovation,Completed,BEDFORD,District 16,1,3,Dwelling - Semi-Detached,44.719206344938044,-63.680457377037015
5313,BPRES-2021-10752,2021-06-25,30000,New Building,New Building,Expired,PORTERS LAKE,District 02,0,1,Accessory Structure,44.735372444221355,-63.325091431915276
5314,BPRES-2021-10777,2021-07-12,42000,New Building,New Building,Completed,HAMMONDS PLAINS,District 14,0,1,Accessory Structure,44.72022467165874,-63.82599286293464
5315,BPRES-2021-10837,2021-07-05,450000,New Building,New Building,Completed,ENFIELD,District 01,1,2,Dwelling - Single Detached,44.939938829973386,-63.5246833493866
5316,BPRES-2021-10897,2021-08-13,250000,Addition,Addition,Completed,HALIFAX,District 09,0,2,Dwelling - Single Detached,44.646166332057184,-63.60770965876524
5317,BPRES-2021-10917,2022-05-27,70000,Addition,Addition,Completed,HALIFAX,District 08,0,3,Dwelling - Single Detached,44.670825708537954,-63.604836819788225
5318,BPRES-2021-10943,2021-07-12,63000,New Building,New Building,Completed,HAMMONDS PLAINS,District 14,0,2,Accessory Structure,44.69443565301862,-63.728310519039326
5319,BPRES-2021-11011,2021-08-27,210000,New Building,New Building,Completed,BOUTILIERS POINT,District 13,1,1,Dwelling - Single Detached,44.6556699860588,-63.94867565267097
5320,BPRES-2021-11044,2021-07-22,97000,Renovation,Renovation,Expired,DARTMOUTH,District 06,0,2,Dwelling - Single Detached,44.68311346019717,-63.539029364369576
5321,BPRES-2021-11079,,11000,New Building,New Building,Withdrawn,EASTERN PASSAGE,District 03,0,1,Accessory Structure,44.597751076476044,-63.458143662014145
5322,BPRES-2021-11095,2021-08-17,800000,New Building,New Building,Completed,LEWIS LAKE,District 13,1,3,Dwelling - Single Detached,44.6753378163028,-63.83366465258707
5323,BPRES-2021-11191,2021-10-01,150000,New Building,New Building,Completed,FERGUSONS COVE,District 11,1,2,Dwelling - Backyard Suite,44.603907371883565,-63.559329650706154
5324,BPRES-2021-11224,2021-09-16,53000,Addition,Addition,Issued,MIDDLE SACKVILLE,District 14,0,2,Dwelling - Single Detached,44.81117738693899,-63.74601652290548
5325,BPRES-2021-11267,2021-07-14,31500,New Building,New Building,Completed,DEVON,District 01,0,1,Accessory Structure,44.9057529847258,-63.42645120834852
5326,BPRES-2021-11294,2021-08-12,398000,New Building,New Building,Completed,HALIFAX,District 11,2,3,Dwelling - Semi-Detached,44.592490494495564,-63.597864508726
5327,BPRES-2021-11353,2021-06-30,27700,New Building,New Building,Completed,PORTERS LAKE,District 02,0,1,Accessory Structure,44.74876101889469,-63.291899357974046
5328,BPRES-2021-11423,2021-10-29,84500,New Building,New Building,Expired,MIDDLE SACKVILLE,District 14,1,1,Dwelling - Backyard Suite,44.79128112594229,-63.76535298193889
5329,BPRES-2021-11461,2021-08-05,25000,New Building,New Building,Completed,LUCASVILLE,District 14,0,1,Accessory Structure,44.759922172766935,-63.71599139530158
5330,BPRES-2021-11486,,46000,Renovation,Renovation,Application Incomplete,HALIFAX,District 11,1,1,Dwelling - Multiple Units,44.5897429275345,-63.59483744821357
5331,BPRES-2021-11547,2021-07-22,600000,New Building,New Building,Completed,UPPER TANTALLON,District 13,2,2,Dwelling - Multiple Units,44.70359256238914,-63.885021267396205
5332,BPRES-2021-11578,,128500,Addition,Addition,Withdrawn,FALL RIVER,District 01,0,1,Dwelling - Single Detached,44.82045036155683,-63.63581307598714
5333,BPRES-2021-11599,2021-07-15,320000,New Building,New Building,Completed,HALIFAX,District 11,2,1,Dwelling - Semi-Detached,44.59219972746325,-63.598903061350875
5334,BPRES-2021-11648,2021-12-22,350000,New Building,New Building,Expired,HALIFAX,District 10,3,1,Dwelling - Semi-Detached,44.65244287321691,-63.64113278515133
5335,BPRES-2021-11678,2021-12-01,500000,New Building,New Building,Completed,BOUTILIERS POINT,District 13,1,2,Dwelling - Single Detached,44.67342765474982,-63.93460200315327
5336,BPRES-2021-11687,,,Renovation,Renovation,Applicant Revisions,TIMBERLEA,District 12,1,2,Dwelling - Multiple Units,44.64987756310112,-63.73470924211526
5337,BPRES-2021-11720,2021-08-13,300000,New Building,New Building,Completed,OAKFIELD,District 01,1,1,Dwelling - Single Detached,44.916554709145394,-63.56576305892638
5338,BPRES-2021-11794,2021-07-15,375000,New Building,New Building,Completed,MIDDLE SACKVILLE,District 14,1,1,Dwelling - Single Detached,44.79012674685329,-63.76900611442184
5339,BPRES-2021-11824,2021-07-15,400000,New Building,New Building,Completed,PORTERS LAKE,District 02,1,1,Dwelling - Single Detached,44.75279297863456,-63.32266682517022
5340,BPRES-2021-11833,2021-07-15,20166,Renovation,Renovation,Expired,HALIBUT BAY,District 11,0,2,Dwelling - Single Detached,44.54964313276327,-63.55642924683054
5341,BPRES-2021-11862,2021-09-23,30000,Addition,Addition,Completed,HERRING COVE,District 11,0,1,Dwelling - Single Detached,44.560322365472935,-63.563891936989954
5342,BPRES-2021-11910,,,Renovation,Renovation,Cancelled,DARTMOUTH,District 05,1,2,Dwelling - Multiple Units,44.67893383826041,-63.5862277406373
5343,BPRES-2021-11989,2021-07-26,245000,Renovation,Renovation,Completed,HALIFAX,District 07,0,2,Dwelling - Single Detached,44.63055549968492,-63.5917599166398
5344,BPRES-2021-12035,2021-08-17,25000,New Building,New Building,Completed,ELMSDALE,District 01,0,2,Accessory Structure,44.94548346835692,-63.4913920570834
5345,BPRES-2021-12042,2021-08-05,46448,Renovation,Renovation,Completed,HALIFAX,District 08,0,2,Dwelling - Townhouse,44.65167581679943,-63.59022890040836
5346,BPRES-2021-12055,2021-07-27,18827,Renovation,Renovation,Completed,HALIFAX,District 16,0,2,Dwelling - Single Detached,44.6929245280058,-63.67445477080063
5347,BPRES-2021-12077,2021-08-04,500000,New Building,New Building,Completed,GLEN HAVEN,District 13,1,2,Dwelling - Single Detached,44.64291585635243,-63.91575820138402
5348,BPRES-2021-12102,2022-06-14,120000,New Building,New Building,Issued,MIDDLE SACKVILLE,District 14,0,1,Dwelling - Backyard Suite,44.818609811088315,-63.721573099085134
5349,BPRES-2021-12138,2021-08-30,7000,Renovation,Renovation,Completed,HALIFAX,District 10,1,2,Dwelling - Townhouse,44.672070207584355,-63.65874684829987
5350,BPRES-2021-12149,2021-08-17,10000,New Building,New Building,Expired (Closed),WEST CHEZZETCOOK,District 02,0,1,Accessory Structure,44.7062141675499,-63.282455295023745
5351,BPRES-2021-12175,2021-08-18,23000,New Building,New Building,Completed,HALIFAX,District 08,0,1,Accessory Structure,44.66511586962521,-63.6062803359487
5352,BPRES-2021-12223,2021-07-28,425000,New Building,New Building,Completed,EASTERN PASSAGE,District 03,1,2,Dwelling - Single Detached,44.612056453301506,-63.45137459146827
5353,BPRES-2021-12249,,200000,Addition,Addition,Withdrawn,HATCHET LAKE,District 13,0,3,Dwelling - Single Detached,44.56786601835351,-63.73408041781977
5354,BPRES-2021-12287,2021-08-09,37000,Renovation,Renovation,Expired,PLEASANT HARBOUR,District 02,0,2,Dwelling - Single Detached,44.78874700614182,-62.73125874057119
5355,BPRES-2021-12314,2021-10-01,400,New Building,New Building,Expired (Closed),COW BAY,District 03,0,1,Accessory Structure,44.624779148204524,-63.447746946666356
5356,BPRES-2021-12336,2021-08-20,350000,Addition,Addition,Completed,UPPER TANTALLON,District 13,0,2,Dwelling - Single Detached,44.68759115342346,-63.86344184470861
5357,BPRES-2021-12376,2021-10-18,10500,Addition,Addition,Completed,OSTREA LAKE,District 02,0,1,Accessory Structure,44.78209095027484,-63.102291736487366
5358,BPRES-2021-12410,2022-03-16,57000,New Building,New Building,Expired,COLLEGE LAKE,District 01,0,2,Accessory Structure,45.23164514072212,-62.7991857134902
5359,BPRES-2021-12463,2021-07-30,590000,New Building,New Building,Completed,TANTALLON,District 13,1,2,Dwelling - Single Detached,44.65011645356577,-63.90112548148626
5360,BPRES-2021-12472,2021-08-04,319531.72,New Building,New Building,Completed,FALL RIVER,District 01,1,1,Dwelling - Single Detached,44.834084364821116,-63.60911865689625
5361,BPRES-2021-12547,2021-09-10,137000,New Building,New Building,Issued,COW BAY,District 03,1,1,Dwelling - Single Detached,44.65077043392722,-63.42430398004631
5362,BPRES-2021-12620,2021-08-06,500000,New Building,New Building,Completed,UPPER TANTALLON,District 13,1,2,Dwelling - Single Detached,44.70419295442973,-63.88778213259538
5363,BPRES-2021-12671,2021-08-27,344286,New Building,New Building,Completed,KETCH HARBOUR,District 11,1,1,Dwelling - Single Detached,44.48310568982299,-63.563300970416236
5364,BPRES-2021-12728,2021-09-14,48500,Addition,Addition,Completed,LAWRENCETOWN,District 02,0,2,Dwelling - Single Detached,44.68268728964544,-63.44678384111024
5365,BPRES-2021-12751,,8000,Renovation,Renovation,Withdrawn,WINDSOR JUNCTION,District 01,0,2,Accessory Structure,44.800007511956345,-63.640748712946284
5366,BPRES-2021-12782,2021-10-06,150000,Addition,Addition,Expired,EAST DOVER,District 13,0,1,Dwelling - Single Detached,44.491298054543556,-63.84049121418741
5367,BPRES-2021-12800,2022-02-10,1100000,New Building,New Building,Completed,BEDFORD,District 16,4,3,Dwelling - Semi-Detached,44.73729370741287,-63.64998195878541
5368,BPRES-2021-12816,,50000,New Building,New Building,Withdrawn,DARTMOUTH,District 05,1,1,Dwelling - Single Detached,44.68273548605877,-63.59608692339458
5369,BPRES-2021-12827,2021-08-24,500000,New Building,New Building,Completed,TIMBERLEA,District 12,4,3,Dwelling - Semi-Detached,44.650704870914524,-63.73552535351969
5370,BPRES-2021-12831,,6000,Renovation,Renovation,Application Incomplete,BEDFORD,District 16,1,2,Dwelling - Backyard Suite,44.71610907722115,-63.68204922180326
5371,BPRES-2021-12871,2021-11-19,16800,Addition,Addition,Expired,DARTMOUTH,District 06,0,1,Dwelling - Single Detached,44.69415802957488,-63.53523472086109
5372,BPRES-2021-12934,2021-08-06,29709,Renovation,Renovation,Completed,HALIFAX,District 09,0,2,Dwelling - Single Detached,44.64775599280543,-63.61202210549053
5373,BPRES-2021-12976,2021-09-23,76000,Renovation,Renovation,Completed,HALIFAX,District 08,1,2,Dwelling - Multiple Units,44.67271414966477,-63.61287378230416
5374,BPRES-2021-12996,2021-08-27,42600,New Building,New Building,Completed,HEAD OF ST MARGARETS BAY,District 13,0,1,Accessory Structure,44.667644690239726,-63.9131395137147
5375,BPRES-2021-13028,2021-08-06,45642,Renovation,Renovation,Completed,HAMMONDS PLAINS,District 14,0,3,Dwelling - Single Detached,44.784399719945995,-63.76933394627673
5376,BPRES-2021-13056,2021-10-07,39629,Renovation,Renovation,Expired,DUTCH SETTLEMENT,District 01,0,2,Dwelling - Single Detached,44.980815529650194,-63.45021940110589
5377,BPRES-2021-13079,2021-08-13,33500,New Building,New Building,Completed,COLE HARBOUR,District 04,0,1,Accessory Structure,44.68401556193654,-63.48357021263654
5378,BPRES-2021-13118,2021-08-20,555000,New Building,New Building,Completed,UPPER TANTALLON,District 13,1,2,Dwelling - Single Detached,44.73057927795427,-63.88909265412065
5379,BPRES-2021-13151,2021-09-28,1000000,New Building,New Building,Completed,MIDDLE SACKVILLE,District 14,4,1,Dwelling - Townhouse,44.79589650615877,-63.72458989937263
5380,BPRES-2021-13182,2022-02-24,510000,New Building,New Building,Completed,DARTMOUTH,District 03,4,2,Dwelling - Semi-Detached,44.64830695722004,-63.53602515703086
5381,BPRES-2021-13212,2021-08-18,7500,New Building,New Building,Expired (Closed),BEDFORD,District 16,0,1,Accessory Structure,44.72531998666699,-63.6660539993916
5382,BPRES-2021-13256,2021-08-20,300000,New Building,New Building,Completed,WEST CHEZZETCOOK,District 02,1,2,Dwelling - Single Detached,44.71998157373174,-63.27057701115148
5383,BPRES-2021-13270,2021-09-08,600000,New Building,New Building,Completed,MIDDLE SACKVILLE,District 14,1,2,Dwelling - Single Detached,44.779313604708186,-63.75039264282691
5384,BPRES-2021-13311,2021-09-02,57000,New Building,New Building,Expired,FALL RIVER,District 01,0,2,Accessory Structure,44.818267160086634,-63.6358817376844
5385,BPRES-2021-13328,2021-11-03,20000,New Building,New Building,Expired,BEAVER BANK,District 15,0,1,Accessory Structure,44.81032411760735,-63.669346146432105
5386,BPRES-2021-13345,2021-09-23,600000,Renovation,Renovation,Expired,HAMMONDS PLAINS,District 14,0,2,Dwelling - Single Detached,44.727946528090676,-63.7466482613881
5387,BPRES-2021-13371,2021-09-10,21200,New Building,New Building,Issued,MIDDLE SACKVILLE,District 14,0,1,Accessory Structure,44.792450078876364,-63.709520173813026
5388,BPRES-2021-13381,2021-10-06,231000,New Building,New Building,Expired,FALL RIVER,District 01,1,2,Dwelling - Single Detached,44.807232676143926,-63.59964132325078
5389,BPRES-2021-13413,2021-09-29,450000,New Building,New Building,Completed,BEAVER BANK,District 15,1,1,Dwelling - Single Detached,44.816861673573015,-63.70033985846019
5390,BPRES-2021-13465,2021-09-10,200000,New Building,New Building,Completed,HERRING COVE,District 11,1,2,Dwelling - Single Detached,44.576096662883636,-63.571384096276155
5391,BPRES-2021-13510,2021-09-28,820500,New Building,New Building,Completed,MIDDLE SACKVILLE,District 14,1,1,Dwelling - Single Detached,44.780072165857135,-63.73874868551354
5392,BPRES-2021-13547,,1000,Renovation,Renovation,Applicant Revisions,BEDFORD,District 16,1,2,Dwelling - Single Detached,44.727631874065416,-63.6500560375859
5393,BPRES-2021-13580,2021-09-15,59000,New Building,New Building,Expired,MUSQUODOBOIT HARBOUR,District 02,1,1,Dwelling - Single Detached,44.813105101272924,-63.184746025819784
5394,BPRES-2021-13609,2021-10-29,350000,New Building,New Building,Completed,LAKE CHARLOTTE,District 02,2,1,Dwelling - Semi-Detached,44.768424569556636,-62.94913334851501
5395,BPRES-2021-13631,2021-12-30,287000,New Building,New Building,Completed,HERRING COVE,District 11,2,2,Dwelling - Multiple Units,44.57536466642824,-63.573960586817044
5396,BPRES-2021-13661,2021-08-31,350000,New Building,New Building,Completed,HERRING COVE,District 11,1,3,Dwelling - Single Detached,44.580432740866875,-63.57480617334687
5397,BPRES-2021-13715,2021-09-01,662000,New Building,New Building,Completed,MIDDLE SACKVILLE,District 14,1,2,Dwelling - Single Detached,44.78655902198994,-63.74819604543374
5398,BPRES-2021-13777,,126000,New Building,New Building,Withdrawn,BROOKSIDE,District 13,1,1,Dwelling - Backyard Suite,44.554523938496324,-63.722043755647015
5399,BPRES-2021-13819,2021-09-16,84000,New Building,New Building,Completed,HUBLEY,District 13,1,1,Dwelling - Single Detached,44.68028072413397,-63.82575660851031
5400,BPRES-2021-13834,2021-09-01,35000,Renovation,Renovation,Expired (Closed),MIDDLE SACKVILLE,District 14,0,1,Dwelling - Single Detached,44.80380006029078,-63.747450049049355
5401,BPRES-2021-13855,2021-10-15,26000,New Building,New Building,Issued,EAST PETPESWICK,District 02,0,1,Accessory Structure,44.68887230502388,-63.14538111984159
5402,BPRES-2021-13872,2021-10-12,11000,New Building,New Building,Expired (Closed),DARTMOUTH,District 06,0,1,Accessory Structure,44.688113885364565,-63.50397477543579
5403,BPRES-2021-13895,2021-09-23,150000,Addition,Addition,Completed,HALIFAX,District 09,0,2,Dwelling - Single Detached,44.65071580237596,-63.626830059000596
5404,BPRES-2021-13937,2021-09-02,50000,New Building,New Building,Completed,BLACK POINT,District 13,0,1,Accessory Structure,44.65487396100098,-63.97369849829996
5405,BPRES-2021-14038,,8800,New Building,New Building,Withdrawn,HUBLEY,District 13,0,1,Accessory Structure,44.67995270921027,-63.82334443477952
5406,BPRES-2021-14068,2021-09-17,35000,New Building,New Building,Completed,HEAD OF ST MARGARETS BAY,District 13,0,1,Accessory Structure,44.66704412037583,-63.913916860231296
5407,BPRES-2021-14127,2021-10-04,10000,New Building,New Building,Expired (Closed),HALIFAX,District 09,0,1,Accessory Structure,44.641577600902856,-63.633262403768434
5408,BPRES-2021-14147,2021-09-17,75000,New Building,New Building,Completed,BROOKSIDE,District 13,0,1,Accessory Structure,44.55518372307529,-63.713704251363076
5409,BPRES-2021-14209,2022-09-21,480000,New Building,New Building,Completed,SPRY BAY,District 02,1,2,Dwelling - Seasonal,44.842131497215846,-62.606754763537865
5410,BPRES-2021-14225,2021-09-20,135000,New Building,New Building,Completed,DARTMOUTH,District 06,1,2,Dwelling - Single Detached,44.69787613392221,-63.53565046796012
5411,BPRES-2021-14277,2021-10-15,450000,New Building,New Building,Completed,PORTERS LAKE,District 02,1,1,Dwelling - Single Detached,44.75099829004655,-63.33602143878667
5412,BPRES-2021-14290,2021-10-18,350000,New Building,New Building,Completed,EAST PRESTON,District 04,1,1,Dwelling - Single Detached,44.717575847243054,-63.39844275290701
5413,BPRES-2021-14319,2021-09-28,400000,New Building,New Building,Expired (Closed),HAMMONDS PLAINS,District 14,1,2,Dwelling - Single Detached,44.717230229441924,-63.77082935204098
5414,BPRES-2021-14327,2021-09-10,500000,New Building,New Building,Completed,TANTALLON,District 13,1,2,Dwelling - Single Detached,44.656965980488465,-63.91680796777363
5415,BPRES-2021-14347,2022-01-06,40000,Addition,Addition,Expired,HALIFAX,District 08,0,3,Dwelling - Townhouse,44.66590175506639,-63.604811724080626
5416,BPRES-2021-14360,2021-10-26,255000,New Building,New Building,Completed,BEAVER BANK,District 15,2,1,Dwelling - Multiple Units,44.84849271176706,-63.682391894708715
5417,BPRES-2021-14380,2021-09-21,125000,New Building,New Building,Completed,BROOKSIDE,District 13,1,1,Dwelling - Single Detached,44.554523938496324,-63.722043755647015
5418,BPRES-2021-14458,,180000,New Building,New Building,Applicant Revisions,UPPER TANTALLON,District 13,1,1,Dwelling - Backyard Suite,44.68519645682373,-63.88378590199719
5419,BPRES-2021-14481,2021-11-05,100000,Addition,Addition,Completed,HALIFAX,District 08,1,1,Dwelling - Backyard Suite,44.65353979737765,-63.59569068349983
5420,BPRES-2021-14509,2021-10-19,125000,Addition,Addition,Completed,DARTMOUTH,District 05,1,2,Dwelling - Semi-Detached,44.682036177707005,-63.56721404448336
5421,BPRES-2021-14539,2021-10-07,750000,New Building,New Building,Cancelled,MINEVILLE,District 02,1,1,Dwelling - Single Detached,44.701517143823864,-63.37557679821417
5422,BPRES-2021-14569,,10000,New Building,New Building,Withdrawn,,District 10,2,3,Dwelling - Semi-Detached,,
5423,BPRES-2021-14601,,,Addition,Addition,Withdrawn,HALIFAX,District 08,1,1,Dwelling - Multiple Units,44.67271414966477,-63.61287378230416
5424,BPRES-2021-14639,2021-09-23,450000,New Building,New Building,Completed,LUCASVILLE,District 14,1,2,Dwelling - Single Detached,44.76933039962371,-63.71118205618354
5425,BPRES-2021-14696,2021-12-02,25000,New Building,New Building,Completed,TIMBERLEA,District 12,0,1,Accessory Structure,44.65417128188534,-63.731347482128314
5426,BPRES-2021-14710,2022-01-13,2430000,New Building,New Building,Completed,HALIFAX,District 07,1,2,Dwelling - Single Detached,44.62411772877162,-63.57634142848112
5427,BPRES-2021-14786,2021-09-21,15000,Renovation,Renovation,Expired (Closed),HALIFAX,District 08,0,1,Dwelling - Single Detached,44.66375871506617,-63.60812588985312
5428,BPRES-2021-14826,2021-10-04,25000,New Building,New Building,Completed,MIDDLE SACKVILLE,District 14,1,2,Dwelling - Backyard Suite,44.7872595803752,-63.75551983610268
5429,BPRES-2021-14913,2021-09-28,45500,Renovation,Renovation,Expired,DARTMOUTH,District 03,0,2,Dwelling - Single Detached,44.661501535376125,-63.517714957047694
5430,BPRES-2021-14940,2021-11-22,404430,New Building,New Building,Completed,COW BAY,District 03,1,2,Dwelling - Single Detached,44.63231944943276,-63.432458239797356
5431,BPRES-2021-14975,2021-11-19,23000,New Building,New Building,Expired (Closed),LAKEVIEW,District 01,0,1,Accessory Structure,44.77109160436079,-63.62888557791362
5432,BPRES-2021-14986,2021-11-01,15000,Renovation,Renovation,Completed,HALIFAX,District 11,1,1,Dwelling - Backyard Suite,44.602257287179,-63.608281536526185
5433,BPRES-2021-15068,2022-03-07,880000,New Building,New Building,Completed,PORTERS LAKE,District 02,1,2,Dwelling - Single Detached,44.75521109738026,-63.303555646697546
5434,BPRES-2021-15097,2022-01-05,550000,Renovation,Renovation,Completed,FALL RIVER,District 01,0,2,Dwelling - Single Detached,44.834598813403844,-63.651782369438415
5435,BPRES-2021-15128,2021-09-28,48162,Renovation,Renovation,Expired (Closed),COLE HARBOUR,District 04,0,2,Dwelling - Single Detached,44.66230914556446,-63.478666969418725
5436,BPRES-2021-15176,2022-12-05,40000,New Building,New Building,Issued,SEABRIGHT,District 13,1,1,Dwelling - Backyard Suite,44.61454500104753,-63.91897372597194
5437,BPRES-2021-15211,2021-09-21,600000,New Building,New Building,Completed,HAMMONDS PLAINS,District 14,1,2,Dwelling - Single Detached,44.763566219673514,-63.76392042355118
5438,BPRES-2021-15233,2021-10-06,5000,New Building,New Building,Completed,WINDSOR JUNCTION,District 01,0,1,Accessory Structure,44.80391712982889,-63.65776285607823
5439,BPRES-2021-15261,2021-10-06,654000,New Building,New Building,Completed,EAST CHEZZETCOOK,District 02,1,2,Dwelling - Single Detached,44.722475500158666,-63.2389830635136
5440,BPRES-2021-15324,2021-12-15,385500,Addition,Addition,Amendment Applicant Revisions,EAST PETPESWICK,District 02,1,2,Dwelling - Single Detached,44.68942328594043,-63.14505822377617
5441,BPRES-2021-15377,2021-10-04,580000,New Building,New Building,Completed,BEAVER BANK,District 15,1,1,Dwelling - Single Detached,44.81623375078297,-63.699017186962685
5442,BPRES-2021-15445,2021-10-04,20000,New Building,New Building,Completed,MIDDLE SACKVILLE,District 14,0,1,Accessory Structure,44.78969187338053,-63.761781947209535
5443,BPRES-2021-15477,2021-10-07,150000,Addition,Addition,Expired,DARTMOUTH,District 05,0,2,Dwelling - Single Detached,44.671719088885816,-63.56944297524621
5444,BPRES-2021-15498,2021-11-16,480000,New Building,New Building,Completed,HUBLEY,District 13,1,1,Dwelling - Single Detached,44.658160177436045,-63.79577416247359
5445,BPRES-2021-15541,2021-10-06,173129,Renovation,Renovation,Expired,HALIFAX,District 09,0,2,Dwelling - Single Detached,44.651733383901274,-63.60872495634247
5446,BPRES-2021-15593,2021-12-02,250000,New Building,New Building,Completed,ENFIELD,District 01,2,1,Dwelling - Multiple Units,44.942223381456095,-63.52335779839017
5447,BPRES-2021-15598,2021-11-29,100000,Addition,Addition,Completed,LAKE ECHO,District 02,0,2,Dwelling - Single Detached,44.73361696012471,-63.39875624929788
5448,BPRES-2021-15641,2021-11-25,50000,New Building,New Building,Completed,LAWRENCETOWN,District 02,0,1,Accessory Structure,44.65077402002116,-63.410838940059186
5449,BPRES-2021-15654,2022-10-21,13315,New Building,New Building,Completed,MEAGHERS GRANT,District 01,0,1,Accessory Structure,44.9326190210107,-63.239304786860416
5450,BPRES-2021-15684,2021-10-06,104000,New Building,New Building,Completed,HATCHET LAKE,District 13,1,2,Dwelling - Single Detached,44.56386299811498,-63.712881248227546
5451,BPRES-2021-15706,2021-10-06,34000,New Building,New Building,Completed,HEAD OF JEDDORE,District 02,0,1,Accessory Structure,44.74756529945188,-63.045156335732315
5452,BPRES-2021-15753,2021-10-06,53700,New Building,New Building,Expired,HAMMONDS PLAINS,District 14,0,1,Accessory Structure,44.69865527728742,-63.724789723149506
5453,BPRES-2021-15782,2022-10-07,32587,Renovation,Renovation,Expired,HALIFAX,District 11,0,2,Dwelling - Single Detached,44.61863381137585,-63.61060203331256
5454,BPRES-2021-15824,2022-06-30,300000,New Building,New Building,Completed,WEST PENNANT,District 11,1,1,Dwelling - Single Detached,44.475980807977,-63.631245039472795
5455,BPRES-2021-15833,2022-01-28,1500000,New Building,New Building,Completed,DARTMOUTH,District 05,7,3,Dwelling - Townhouse,44.683214928369416,-63.593543626540395
5456,BPRES-2021-15861,2021-12-30,900000,Addition,Addition,Expired,BEDFORD,District 16,0,2,Dwelling - Single Detached,44.72586290544538,-63.65829183836104
5457,BPRES-2021-15892,2021-10-07,3000,Renovation,Renovation,Completed,HALIFAX,District 09,0,2,Dwelling - Single Detached,44.645611617435584,-63.607437040971824
5458,BPRES-2021-15959,2021-10-06,28000,New Building,New Building,Completed,HEAD OF CHEZZETCOOK,District 02,0,1,Accessory Structure,44.744255146087205,-63.266790160233356
5459,BPRES-2021-16043,2021-10-14,50000,Renovation,Renovation,Expired (Closed),DARTMOUTH,District 06,0,1,Dwelling - Single Detached,44.72447503831382,-63.53745002757201
5460,BPRES-2021-16072,2022-02-10,600000,Addition,Addition,Issued,HALIFAX,District 09,2,2,Dwelling - Multiple Units,44.64506679572688,-63.59242993447007
5461,BPRES-2021-16141,2021-10-13,331000,New Building,New Building,Completed,UPPER SACKVILLE,District 14,1,2,Dwelling - Single Detached,44.808054921956916,-63.75846783547199
5462,BPRES-2021-16160,2021-12-08,200000,New Building,New Building,Completed,BEDFORD,District 16,1,2,Dwelling - Single Detached,44.72038559953966,-63.71721405957668
5463,BPRES-2021-16227,2021-11-25,120000,Addition,Addition,Expired,HALIFAX,District 09,0,2,Dwelling - Single Detached,44.637617940787614,-63.62407315876405
5464,BPRES-2021-16249,2021-10-07,750000,New Building,New Building,Completed,,District 01,1,2,Dwelling - Single Detached,44.871296060518794,-63.62471052789903
5465,BPRES-2021-16282,2021-11-02,195000,New Building,New Building,Completed,BOUTILIERS POINT,District 13,1,1,Dwelling - Single Detached,44.6720828203407,-63.92880022567285
5466,BPRES-2021-16298,2021-10-27,675000,New Building,New Building,Completed,BEDFORD,District 16,1,3,Dwelling - Single Detached,44.70540819320162,-63.7170547681432
5467,BPRES-2021-16348,2021-10-27,50000,Renovation,Renovation,Expired,HALIFAX,District 09,0,2,Dwelling - Single Detached,44.638527767282795,-63.628662838807166
5468,BPRES-2021-16397,2021-11-15,144500,Addition,Addition,Completed,HALIFAX,District 09,0,2,Dwelling - Single Detached,44.64554781831176,-63.60428440831609
5469,BPRES-2021-16412,2021-10-19,165000,New Building,New Building,Completed,HALIFAX,District 11,4,3,Dwelling - Semi-Detached,44.60205530698282,-63.613619008279095
5470,BPRES-2021-16419,2021-10-19,325000,New Building,New Building,Completed,UPPER SACKVILLE,District 14,1,2,Dwelling - Single Detached,44.818204146722024,-63.763679299833555
5471,BPRES-2021-16461,2021-11-29,700000,New Building,New Building,Expired,BEDFORD,District 16,1,2,Dwelling - Single Detached,44.70105222470323,-63.714126701222355
5472,BPRES-2021-16484,2021-10-25,130000,New Building,New Building,Expired (Closed),SHAD BAY,District 13,0,1,Accessory Structure,44.51979417053712,-63.792987554295664
5473,BPRES-2021-16493,2021-10-19,35000,New Building,New Building,Completed,MIDDLE SACKVILLE,District 14,0,1,Accessory Structure,44.789710849634915,-63.75321120074235
5474,BPRES-2021-16525,2022-03-10,390000,New Building,New Building,Issued,DARTMOUTH,District 06,2,1,Dwelling - Semi-Detached,44.68912716085117,-63.526285657437214
5475,BPRES-2021-16562,,10000,New Building,New Building,Withdrawn,SEAFORTH,District 02,1,1,Dwelling - Seasonal,44.660830725334236,-63.27747896340147
5476,BPRES-2021-16609,2022-03-17,280000,New Building,New Building,Completed,GLEN HAVEN,District 13,1,1,Dwelling - Single Detached,44.63881059682286,-63.91099446471637
5477,BPRES-2021-16659,2021-11-25,326841,New Building,New Building,Completed,OSTREA LAKE,District 02,1,1,Dwelling - Single Detached,44.77267259941479,-63.10173481318272
5478,BPRES-2021-16669,2021-10-27,30000,Renovation,Renovation,Completed,HALIFAX,District 08,0,3,Dwelling - Townhouse,44.658992539287254,-63.61223515007856
5479,BPRES-2021-16684,2022-05-03,480000,New Building,New Building,Completed,HALIFAX,District 09,2,2,Dwelling - Multiple Units,44.655387363815024,-63.61802048629684
5480,BPRES-2021-16709,2022-02-03,40000,Renovation,Renovation,Completed,DARTMOUTH,District 03,1,1,Dwelling - Multiple Units,44.66397828715163,-63.552344643379556
5481,BPRES-2021-16758,2021-10-18,30000,New Building,New Building,Expired (Closed),HEAD OF ST MARGARETS BAY,District 13,0,1,Accessory Structure,44.693063048166145,-63.89503764316833
5482,BPRES-2021-16838,2022-02-24,488780,New Building,New Building,Issued,DARTMOUTH,District 03,3,3,Dwelling - Multiple Units,44.64786206417876,-63.53929735548338
5483,BPRES-2021-16870,2021-11-01,250000,Addition,Addition,Issued,DARTMOUTH,District 05,0,2,Dwelling - Single Detached,44.67689229050892,-63.581020191169316
5484,BPRES-2021-16902,2021-11-25,375700,New Building,New Building,Completed,WILLIAMSWOOD,District 11,1,1,Dwelling - Single Detached,44.4858282399982,-63.609720201397366
5485,BPRES-2021-16922,2021-11-01,810000,New Building,New Building,Completed,FALL RIVER,District 01,1,1,Dwelling - Single Detached,44.8247189131791,-63.63957000977849
5486,BPRES-2021-16985,,55000,New Building,New Building,Cancelled,TIMBERLEA,District 12,0,1,Accessory Structure,44.668606044168186,-63.769969954855256
5487,BPRES-2021-17003,2021-11-19,395189,New Building,New Building,Completed,BEAVER BANK,District 15,1,1,Dwelling - Single Detached,44.82628672557497,-63.67925018252164
5488,BPRES-2021-17018,2021-12-22,25000,Addition,Addition,Completed,DARTMOUTH,District 05,0,1,Dwelling - Single Detached,44.66873590237262,-63.580808523443174
5489,BPRES-2021-17033,2021-10-22,675000,New Building,New Building,Completed,BEDFORD,District 16,1,3,Dwelling - Single Detached,44.70369184392543,-63.715232420982865
5490,BPRES-2021-17045,2021-11-03,675000,New Building,New Building,Completed,BEDFORD,District 16,1,3,Dwelling - Single Detached,44.70424340064247,-63.71624796064985
5491,BPRES-2021-17065,2021-11-16,600000,New Building,New Building,Completed,BEDFORD,District 16,1,3,Dwelling - Single Detached,44.7043103482729,-63.71634682451044
5492,BPRES-2021-17090,2021-11-09,30000,New Building,New Building,Expired,PROSPECT BAY,District 13,0,1,Accessory Structure,44.50192848424718,-63.79325066528357
5493,BPRES-2021-17136,,150000,Renovation,Renovation,Applicant Revisions,HALIFAX,District 08,0,2,Dwelling - Semi-Detached,44.65386451042763,-63.58801443371233
5494,BPRES-2021-17150,2021-12-29,37000,Addition,Addition,Completed,HALIFAX,District 09,0,2,Dwelling - Single Detached,44.65139676361369,-63.62502196780526
5495,BPRES-2021-17155,2021-11-03,136000,Renovation,Renovation,Withdrawn,DARTMOUTH,District 06,0,2,Dwelling - Single Detached,44.67088054418292,-63.54481563660557
5496,BPRES-2021-17179,2022-01-26,39000,Renovation,Renovation,Expired,HALIFAX,District 10,1,2,Dwelling - Single Detached,44.65838897483808,-63.631194074123194
5497,BPRES-2021-17200,2021-11-03,450000,New Building,New Building,Completed,BEDFORD,District 16,1,2,Dwelling - Single Detached,44.70400216272779,-63.71824962978887
5498,BPRES-2021-17212,2021-11-08,450000,New Building,New Building,Completed,BEDFORD,District 16,1,2,Dwelling - Single Detached,44.70425461928077,-63.71785900045552
5499,BPRES-2021-17225,2021-11-04,400000,New Building,New Building,Completed,BEDFORD,District 16,1,3,Dwelling - Single Detached,44.70471807363475,-63.71612888055852
5500,BPRES-2021-17238,2021-11-08,400000,New Building,New Building,Completed,BEDFORD,District 16,1,2,Dwelling - Single Detached,44.70450692862214,-63.71570132470324
5501,BPRES-2021-17248,2021-11-08,400000,New Building,New Building,Completed,BEDFORD,District 16,1,3,Dwelling - Single Detached,44.70435127274489,-63.71537338519267
5502,BPRES-2021-17257,2021-11-08,400000,New Building,New Building,Completed,BEDFORD,District 16,1,3,Dwelling - Single Detached,44.70418100135072,-63.715026201119215
5503,BPRES-2021-17270,2021-11-04,475000,New Building,New Building,Completed,BEDFORD,District 16,1,3,Dwelling - Single Detached,44.70387090146447,-63.717590977252144
5504,BPRES-2021-17282,2021-11-16,425000,New Building,New Building,Completed,BEDFORD,District 16,1,3,Dwelling - Single Detached,44.70338363021683,-63.717942272819506
5505,BPRES-2021-17301,2021-10-26,20000,New Building,New Building,Completed,COW BAY,District 03,0,1,Accessory Structure,44.61434075992348,-63.42416926364967
5506,BPRES-2021-17330,2021-11-30,39000,New Building,New Building,Expired (Closed),DARTMOUTH,District 03,0,1,Accessory Structure,44.663461410372214,-63.55079047946094
5507,BPRES-2021-17355,2021-11-25,363000,New Building,New Building,Completed,BEDFORD,District 16,1,2,Dwelling - Single Detached,44.732912061583555,-63.661368307279005
5508,BPRES-2021-17398,2021-11-22,40000,New Building,New Building,Completed,MIDDLE SACKVILLE,District 14,0,1,Accessory Structure,44.779313604708186,-63.75039264282691
5509,BPRES-2021-17429,2021-11-02,89000,Renovation,Renovation,Expired,TIMBERLEA,District 12,0,2,Dwelling - Single Detached,44.64102766909847,-63.706316497067945
5510,BPRES-2021-17447,2021-11-25,93400,Addition,Addition,Completed,HALIFAX,District 08,0,2,Dwelling - Single Detached,44.65406856482595,-63.600890999776034
5511,BPRES-2021-17461,,29000,Renovation,Renovation,Withdrawn,BEDFORD,District 16,2,2,Dwelling - Multiple Units,44.72092426154271,-63.67213769578112
5512,BPRES-2021-17545,2021-12-15,229000,Renovation,Renovation,Expired,HALIFAX,District 07,0,2,Dwelling - Single Detached,44.63961827613562,-63.599133861781944
5513,BPRES-2021-17564,2022-05-17,75000,Renovation,Renovation,Completed,HALIFAX,District 09,0,3,Dwelling - Single Detached,44.65417837305178,-63.60536019345325
5514,BPRES-2021-17607,2021-11-29,450000,New Building,New Building,Completed,,District 03,3,1,Dwelling - Townhouse,44.60790070322148,-63.489824937129114
5515,BPRES-2021-17648,2021-12-14,610784.5,Addition,Addition,Completed,HALIFAX,District 11,0,2,Dwelling - Single Detached,44.62282082546106,-63.5941359035366
5516,BPRES-2021-17670,2021-11-29,1500000,New Building,New Building,Expired,BEDFORD,District 16,1,2,Dwelling - Single Detached,44.72103440039856,-63.67057319681479
5517,BPRES-2021-17689,2021-12-02,200000,Renovation,Renovation,Completed,WILLIAMSWOOD,District 11,0,3,Dwelling - Single Detached,44.54157359495653,-63.64366490892201
5518,BPRES-2021-17718,2021-12-03,30500,Addition,Addition,Expired (Closed),HALIFAX,District 09,0,2,Dwelling - Single Detached,44.642633447011505,-63.63708897535506
5519,BPRES-2021-17754,2021-11-29,400000,New Building,New Building,Expired (Closed),TERENCE BAY,District 13,0,1,Accessory Structure,44.48013074693308,-63.727251639167385
5520,BPRES-2021-17786,2022-01-05,125000,Addition,Addition,Expired,TIMBERLEA,District 12,0,2,Dwelling - Single Detached,44.6441252055776,-63.71605929815019
5521,BPRES-2021-17836,2021-11-29,250000,New Building,New Building,Completed,,District 02,1,1,Dwelling - Single Detached,44.7548472944768,-63.28907185993529
5522,BPRES-2021-17865,2021-11-30,400000,New Building,New Building,Completed,TIMBERLEA,District 12,1,2,Dwelling - Single Detached,44.6402898031128,-63.72433060823971
5523,BPRES-2021-17879,2022-05-05,650000,New Building,New Building,Completed,HALIFAX,District 11,3,3,Dwelling - Multiple Units,44.61640400591903,-63.61909223437774
5524,BPRES-2021-17886,2022-03-29,100000,Addition,Addition,Completed,HALIFAX,District 11,0,2,Dwelling - Single Detached,44.6256997333073,-63.61560703494268
5525,BPRES-2021-17922,2021-11-12,600000,New Building,New Building,Completed,HUBLEY,District 13,1,1,Dwelling - Single Detached,44.66094943014136,-63.793913889635384
5526,BPRES-2021-17957,2021-11-30,100000,Renovation,Renovation,Expired (Closed),HALIFAX,District 10,0,3,Dwelling - Multiple Units,44.66047000277908,-63.636227942231976
5527,BPRES-2021-17969,,1000000,Addition,Addition,Withdrawn,HALIFAX,District 09,0,3,Dwelling - Single Detached,44.63888028795029,-63.60900493420539
5528,BPRES-2021-17996,2021-11-16,675000,New Building,New Building,Completed,BEDFORD,District 16,1,3,Dwelling - Single Detached,44.70401366681428,-63.717014603461415
5529,BPRES-2021-18007,2021-11-16,675000,New Building,New Building,Completed,BEDFORD,District 16,1,3,Dwelling - Single Detached,44.70397565805999,-63.717158690235074
5530,BPRES-2021-18029,2021-11-19,675000,New Building,New Building,Completed,BEDFORD,District 16,1,3,Dwelling - Single Detached,44.703720935807496,-63.71841553371493
5531,BPRES-2021-18076,2021-11-08,400000,New Building,New Building,Completed,BEDFORD,District 16,1,3,Dwelling - Single Detached,44.7037008317921,-63.71541748132362
5532,BPRES-2021-18106,2021-11-16,400000,New Building,New Building,Completed,BEDFORD,District 16,1,3,Dwelling - Single Detached,44.703753845681604,-63.71557041933407
5533,BPRES-2021-18156,2021-11-16,400000,New Building,New Building,Completed,BEDFORD,District 16,1,2,Dwelling - Single Detached,44.70408554567272,-63.715892984989075
5534,BPRES-2021-18177,2022-02-23,350000,New Building,New Building,Completed,BEAVER BANK,District 15,1,2,Dwelling - Single Detached,44.83300324833017,-63.68175595386949
5535,BPRES-2021-18196,2021-11-08,675000,New Building,New Building,Completed,BEDFORD,District 16,1,3,Dwelling - Single Detached,44.70436022889004,-63.71742759427472
5536,BPRES-2021-18207,2022-06-08,275000,New Building,New Building,Completed,WINDSOR JUNCTION,District 01,1,2,Dwelling - Single Detached,44.80341081797554,-63.64134939755424
5537,BPRES-2021-18244,2021-12-01,1200,New Building,New Building,Expired,FLETCHERS LAKE,District 01,0,1,Accessory Structure,44.842545453512805,-63.603546701484404
5538,BPRES-2021-18296,2021-11-08,675000,New Building,New Building,Completed,BEDFORD,District 16,1,2,Dwelling - Single Detached,44.70453528479327,-63.71686481385004
5539,BPRES-2021-18369,,10000,New Building,New Building,Application Incomplete,COLE HARBOUR,District 04,0,1,Accessory Structure,44.65298193333264,-63.47676395381287
5540,BPRES-2021-18450,2022-01-14,54000,New Building,New Building,Completed,MIDDLE SACKVILLE,District 14,0,1,Accessory Structure,44.79293139557443,-63.70793883267925
5541,BPRES-2021-18465,2021-12-23,25000,New Building,New Building,Expired,MUSQUODOBOIT HARBOUR,District 02,0,1,Accessory Structure,44.81582709942426,-63.18721288148789
5542,BPRES-2021-18496,,10000,Renovation,Renovation,Withdrawn,LAKE ECHO,District 02,1,2,Dwelling - Single Detached,44.73883530486088,-63.38265338505298
5543,BPRES-2021-18532,2021-12-01,350000,New Building,New Building,Completed,DEVON,District 01,1,1,Dwelling - Single Detached,44.90052983072787,-63.43799026437095
5544,BPRES-2021-18594,2021-12-06,625000,New Building,New Building,Completed,FALL RIVER,District 01,1,2,Dwelling - Single Detached,44.82521845392554,-63.639454909139786
5545,BPRES-2021-18647,2022-02-14,598000,New Building,New Building,Completed,UPPER TANTALLON,District 13,1,1,Dwelling - Single Detached,44.722221696326955,-63.89035785738937
5546,BPRES-2021-18679,2021-12-08,440000,New Building,New Building,Completed,WHITES LAKE,District 13,1,1,Dwelling - Single Detached,44.51315629489567,-63.74611362877461
5547,BPRES-2021-18699,,250000,New Building,New Building,Applicant Revisions,WEST PETPESWICK,District 02,1,2,Dwelling - Single Detached,44.7358762728365,-63.16645951591684
5548,BPRES-2021-18779,2022-04-01,200000,Renovation,Renovation,Completed,HALIFAX,District 08,0,3,Dwelling - Multiple Units,44.65037624463741,-63.585719297177945
5549,BPRES-2021-18787,,350000,Addition,Addition,Withdrawn,HALIFAX,District 09,1,1,Dwelling - Backyard Suite,44.63888028795029,-63.60900493420539
5550,BPRES-2021-18805,2021-12-13,84000,New Building,New Building,Completed,HUBLEY,District 13,1,1,Dwelling - Single Detached,44.68084226248413,-63.824495670849956
5551,BPRES-2021-18823,2021-12-14,350000,New Building,New Building,Completed,HALIFAX,District 11,1,3,Dwelling - Single Detached,44.60958885694784,-63.61469381494426
5552,BPRES-2021-18883,2022-04-28,5000000,New Building,New Building,Completed,UPPER HAMMONDS PLAINS,District 13,62,1,Dwelling - Townhouse,44.766503923587905,-63.85552058127338
5553,BPRES-2021-18895,2021-12-13,123000,New Building,New Building,Issued,,District 06,1,3,Dwelling - Single Detached,44.69838024174872,-63.536309868094015
5554,BPRES-2021-18936,,120000,New Building,New Building,Application Incomplete,BEAVER BANK,District 15,1,1,Dwelling - Backyard Suite,44.837465110294595,-63.6778731116891
5555,BPRES-2021-18966,2021-12-13,500000,New Building,New Building,Completed,UPPER TANTALLON,District 13,1,2,Dwelling - Single Detached,44.70357890693472,-63.88823802660516
5556,BPRES-2021-18980,2021-12-14,500000,New Building,New Building,Completed,TIMBERLEA,District 12,4,3,Dwelling - Semi-Detached,44.65404635692062,-63.737350141059316
5557,BPRES-2021-18994,2021-12-13,86000,New Building,New Building,Completed,HUBLEY,District 13,1,1,Dwelling - Single Detached,44.67954014071019,-63.82679453230888
5558,BPRES-2021-19025,2021-12-22,30000,Renovation,Renovation,Completed,DARTMOUTH,District 06,1,2,Dwelling - Multiple Units,44.68658824910312,-63.50706088980453
5559,BPRES-2021-19059,2021-12-14,158000,Addition,Addition,Completed,HALIFAX,District 09,0,3,Dwelling - Single Detached,44.64487275784814,-63.613563737588
5560,BPRES-2021-19088,2022-03-23,20000,Renovation,Renovation,Expired,HAMMONDS PLAINS,District 14,0,2,Dwelling - Single Detached,44.77420882421863,-63.78398602237635
5561,BPRES-2021-19105,2022-01-13,500000,New Building,New Building,Expired,DARTMOUTH,District 06,1,2,Dwelling - Single Detached,44.704897706672874,-63.5513621669697
5562,BPRES-2021-19154,2022-04-12,19000,New Building,New Building,Expired (Closed),FALL RIVER,District 01,0,1,Accessory Structure,44.80336117379362,-63.60416793152678
5563,BPRES-2021-19167,2022-01-12,240000,New Building,New Building,Completed,FALL RIVER,District 01,1,2,Dwelling - Single Detached,44.82828791391929,-63.611089661290464
5564,BPRES-2021-19171,2022-01-13,40000,New Building,New Building,Expired,SHEET HARBOUR,District 02,0,1,Accessory Structure,44.90922648765416,-62.552773260562475
5565,BPRES-2021-19205,2022-02-02,100000,Renovation,Renovation,Completed,HALIFAX,District 07,1,3,Dwelling - Multiple Units,44.642902248236176,-63.59037866705414
5566,BPRES-2021-19226,,65000,Renovation,Renovation,Withdrawn,HALIFAX,District 09,1,1,Dwelling - Single Detached,44.64551889596758,-63.596102722819275
5567,BPRES-2021-19253,2021-12-13,24000,New Building,New Building,Completed,EAST PETPESWICK,District 02,0,1,Accessory Structure,44.69640455040388,-63.152409487591065
5568,BPRES-2021-19276,2022-02-28,25000,New Building,New Building,Completed,DARTMOUTH,District 06,0,1,Accessory Structure,44.686194264023,-63.50109416050293
5569,BPRES-2021-19327,2022-05-18,250000,New Building,New Building,Completed,LAKE ECHO,District 02,1,2,Dwelling - Single Detached,44.73949290375221,-63.383124507302455
5570,BPRES-2021-19348,2021-12-15,20000,New Building,New Building,Completed,OSTREA LAKE,District 02,0,1,Accessory Structure,44.77267259941479,-63.10173481318272
5571,BPRES-2021-19373,2021-12-13,400000,New Building,New Building,Completed,TIMBERLEA,District 12,1,1,Dwelling - Single Detached,44.64138471169848,-63.72371988841697
5572,BPRES-2021-19408,2021-12-23,200000,Renovation,Renovation,Expired,DARTMOUTH,District 05,0,2,Dwelling - Single Detached,44.67098336892957,-63.55915703776061
5573,BPRES-2021-19484,2021-12-15,15500,New Building,New Building,Expired (Closed),MIDDLE SACKVILLE,District 14,0,1,Accessory Structure,44.79469335462684,-63.74705351075706
5574,BPRES-2021-19515,2021-12-15,40000,Renovation,Renovation,Completed,DARTMOUTH,District 03,0,2,Dwelling - Semi-Detached,44.6508480960586,-63.53840754713562
5575,BPRES-2021-19582,2022-01-20,781000,New Building,New Building,Completed,GLEN HAVEN,District 13,1,2,Dwelling - Single Detached,44.64312071250031,-63.92700307127522
5576,BPRES-2021-19592,2021-12-30,289000,New Building,New Building,Completed,TIMBERLEA,District 12,1,1,Dwelling - Single Detached,44.638995879876425,-63.7234378118587
5577,BPRES-2021-19655,2022-01-14,600000,New Building,New Building,Completed,FALL RIVER,District 01,2,2,Dwelling - Multiple Units,44.834477431008914,-63.61587790085703
5578,BPRES-2021-19669,2022-01-05,640000,New Building,New Building,Completed,WELLINGTON,District 01,1,2,Dwelling - Single Detached,44.86458534052985,-63.594506685258615
5579,BPRES-2021-19705,2021-12-13,450000,New Building,New Building,Completed,UPPER TANTALLON,District 13,1,2,Dwelling - Single Detached,44.7043089779112,-63.884963552074666
5580,BPRES-2021-19728,2022-01-26,565000,New Building,New Building,Expired (Closed),STILLWATER LAKE,District 13,2,1,Dwelling - Multiple Units,44.70552502787692,-63.85197747004512
5581,BPRES-2021-19769,2021-12-13,450000,New Building,New Building,Completed,UPPER TANTALLON,District 13,1,2,Dwelling - Single Detached,44.70368723844363,-63.883013846524236
5582,BPRES-2021-19854,2021-12-30,550000,Renovation,Renovation,Expired (Closed),HALIFAX,District 10,0,4,Dwelling - Multiple Units,44.67720846798863,-63.65063147235071
5583,BPRES-2021-19884,2022-12-19,350000,Addition,Addition,Amendment Application Incomplete,HALIFAX,District 09,0,2,Dwelling - Single Detached,44.64307687652107,-63.59776052002414
5584,BPRES-2021-19923,2022-01-14,795000,New Building,New Building,Completed,BEDFORD,District 16,1,3,Dwelling - Single Detached,44.70268098349305,-63.717014248545546
5585,BPRES-2021-19951,2022-01-18,19025,Renovation,Renovation,Expired,HALIFAX,District 11,0,1,Dwelling - Single Detached,44.63224478621441,-63.624519424259816
5586,BPRES-2021-19960,2022-03-07,300000,New Building,New Building,Completed,HERRING COVE,District 11,2,2,Dwelling - Multiple Units,44.57382634085887,-63.57294811044954
5587,BPRES-2021-19996,2022-01-13,600000,New Building,New Building,Completed,MINEVILLE,District 02,1,2,Dwelling - Single Detached,44.70805964901105,-63.389947396829264
5588,BPRES-2021-20036,2022-01-19,50500,Renovation,Renovation,Completed,GLEN HAVEN,District 13,0,2,Dwelling - Single Detached,44.63791686782979,-63.91809301510478
5589,BPRES-2021-20053,2022-01-10,500,Renovation,Renovation,Expired (Closed),HALIFAX,District 07,0,7,Dwelling - Multiple Units,44.6427672567122,-63.569268130226405
5590,BPRES-2021-20108,2022-02-25,2190000,New Building,New Building,Completed,WEST CHEZZETCOOK,District 02,12,2,Dwelling - Multiple Units,44.71200649977139,-63.25961462054162
5591,BPRES-2021-20117,2022-01-07,450000,New Building,New Building,Completed,,District 03,3,1,Dwelling - Multiple Units,44.60790070322148,-63.489824937129114
5592,BPRES-2021-20140,,340000,New Building,New Building,Cancelled,,District 09,3,2,Dwelling - Multiple Units,,
5593,BPRES-2021-20170,,45000,Addition,Addition,Withdrawn,DARTMOUTH,District 06,0,2,Dwelling - Single Detached,44.72481538024376,-63.54164567584204
5594,BPRES-2021-20209,2022-02-18,289000,New Building,New Building,Completed,GRAND DESERT,District 02,1,1,Dwelling - Single Detached,44.685225335440585,-63.258407655124984
5595,BPRES-2021-20260,2022-03-10,362000,Addition,Addition,Issued,HALIFAX,District 11,0,2,Dwelling - Single Detached,44.626012751970265,-63.59887514098951
5596,BPRES-2021-20284,2022-03-17,750000,New Building,New Building,Completed,HALIFAX,District 11,4,3,Dwelling - Townhouse,44.62447220449004,-63.621924031116016
5597,BPRES-2021-20325,,80000,New Building,New Building,Withdrawn,BLACK POINT,District 13,0,2,Accessory Structure,44.646809178656824,-63.98178614473062
5598,BPRES-2021-20357,2022-05-17,62000,Addition,Addition,Expired (Closed),BEDFORD,District 16,0,2,Dwelling - Single Detached,44.70234156990892,-63.71347830988682
5599,BPRES-2021-20378,2022-06-08,80000,New Building,New Building,Completed,INGRAMPORT,District 13,1,2,Dwelling - Backyard Suite,44.661588396363044,-63.969119354508194
5600,BPRES-2022-00006,2022-08-14,12500,New Building,New Building,Completed,DARTMOUTH,District 05,0,1,Accessory Structure,44.66882998350429,-63.559518458459344
5601,BPRES-2022-00029,2024-03-12,650000,Addition,Addition,Completed,DARTMOUTH,District 06,0,2,Dwelling - Single Detached,44.72127804111979,-63.54718372952965
5602,BPRES-2022-00088,2022-03-01,100000,New Building,New Building,Expired,HAMMONDS PLAINS,District 14,1,1,Dwelling - Backyard Suite,44.76790772984916,-63.76754868176583
5603,BPRES-2022-00114,2022-01-27,46800,Renovation,Renovation,Expired (Closed),BEDFORD,District 16,1,2,Dwelling - Multiple Units,44.72643774350253,-63.64388947422837
5604,BPRES-2022-00143,2022-03-16,100000,Addition,Addition,Expired,LOWER SACKVILLE,District 15,0,1,Dwelling - Single Detached,44.773494484399684,-63.63053743004652
5605,BPRES-2022-00164,2022-02-07,69900,Renovation,Renovation,Expired,HALIFAX,District 09,0,2,Dwelling - Single Detached,44.64891154829357,-63.59652783525447
5606,BPRES-2022-00226,2022-03-01,447000,New Building,New Building,Completed,,District 13,1,3,Dwelling - Multiple Units,44.66267504731725,-63.96793568019195
5607,BPRES-2022-00252,2022-03-02,600000,New Building,New Building,Completed,EAST PETPESWICK,District 02,1,1,Dwelling - Single Detached,44.696474648951295,-63.14475699185074
5608,BPRES-2022-00281,2022-03-17,250000,New Building,New Building,Completed,EAST PETPESWICK,District 02,1,1,Dwelling - Single Detached,44.69998203041958,-63.1570880185821
5609,BPRES-2022-00295,2022-05-02,21000,New Building,New Building,Completed,EASTERN PASSAGE,District 03,0,1,Accessory Structure,44.620647904741354,-63.48037532172274
5610,BPRES-2022-00318,2022-03-01,250000,New Building,New Building,Completed,BAYSIDE,District 13,1,2,Dwelling - Single Detached,44.53057902869997,-63.80597592071138
5611,BPRES-2022-00343,2022-01-14,56908,Renovation,Renovation,Expired,FALL RIVER,District 01,0,2,Dwelling - Single Detached,44.82787894124683,-63.59720082073964
5612,BPRES-2022-00371,2022-02-17,180000,New Building,New Building,Completed,HALIFAX,District 11,4,3,Dwelling - Multiple Units,44.60179114743266,-63.61378973655016
5613,BPRES-2022-00376,,15000,New Building,New Building,Applicant Revisions,EAST PRESTON,District 04,0,1,Accessory Structure,44.72131714650239,-63.43804416853071
5614,BPRES-2022-00421,2022-02-02,17000,New Building,New Building,Completed,UPPER TANTALLON,District 13,0,1,Accessory Structure,44.687963349492335,-63.863854727616534
5615,BPRES-2022-00446,,20000,Addition,Addition,Applicant Revisions,HALIFAX,District 07,0,3,Dwelling - Single Detached,44.641019952253714,-63.58987108696803
5616,BPRES-2022-00491,2022-04-26,60000,Renovation,Renovation,Completed,DARTMOUTH,District 05,1,2,Dwelling - Multiple Units,44.66718851037611,-63.55797838334787
5617,BPRES-2022-00520,2022-02-10,350000,New Building,New Building,Completed,ENFIELD,District 01,1,2,Dwelling - Single Detached,44.94072080859313,-63.52444882884949
5618,BPRES-2022-00550,2022-03-07,194000,New Building,New Building,Completed,HUBLEY,District 13,1,1,Dwelling - Backyard Suite,44.662469870086916,-63.796485017588374
5619,BPRES-2022-00567,2022-02-17,560000,New Building,New Building,Completed,MYERS POINT,District 02,2,2,Dwelling - Multiple Units,44.76149785661224,-63.035251472071295
5620,BPRES-2022-00586,2022-05-10,164000,New Building,New Building,Completed,WAVERLEY,District 01,1,2,Dwelling - Backyard Suite,44.78676632896243,-63.60622019659456
5621,BPRES-2022-00626,2022-03-22,330000,New Building,New Building,Completed,DARTMOUTH,District 05,1,3,Dwelling - Single Detached,44.67664354421632,-63.56479092623155
5622,BPRES-2022-00652,2022-02-07,108000,Addition,Addition,Completed,GLEN HAVEN,District 13,0,1,Dwelling - Single Detached,44.64477002096043,-63.918356827470376
5623,BPRES-2022-00674,2022-02-07,400000,New Building,New Building,Completed,HEAD OF JEDDORE,District 02,1,2,Dwelling - Single Detached,44.775998865056685,-63.07394736432735
5624,BPRES-2022-00739,2022-04-13,54000,New Building,New Building,Issued,EAST CHEZZETCOOK,District 02,1,1,Dwelling - Single Detached,44.710753500986264,-63.218399902026796
5625,BPRES-2022-00760,,80000,New Building,New Building,Applicant Revisions,PORTERS LAKE,District 02,0,2,Accessory Structure,44.788063537120216,-63.36336608351917
5626,BPRES-2022-00771,2022-04-05,450000,New Building,New Building,Issued,SHIP HARBOUR,District 02,1,1,Dwelling - Single Detached,44.79568626870372,-62.88722695546423
5627,BPRES-2022-00797,2022-02-18,200000,New Building,New Building,Completed,GLEN HAVEN,District 13,1,1,Dwelling - Single Detached,44.65067503662522,-63.92265263668325
5628,BPRES-2022-00842,2022-03-15,70000,New Building,New Building,Completed,DARTMOUTH,District 06,1,1,Dwelling - Backyard Suite,44.72256541608443,-63.542741212547476
5629,BPRES-2022-00869,2022-04-12,2700000,New Building,New Building,Completed,,District 13,6,2,Dwelling - Townhouse,,
5630,BPRES-2022-00937,2022-02-14,20000,New Building,New Building,Completed,HAMMONDS PLAINS,District 14,0,1,Accessory Structure,44.71453241781092,-63.72683733096134
5631,BPRES-2022-00955,2022-03-15,107726.52,Renovation,Renovation,Expired,DARTMOUTH,District 06,1,2,Dwelling - Multiple Units,44.71075881672123,-63.54702562605884
5632,BPRES-2022-00998,2022-03-01,43000,Renovation,Renovation,Completed,HALIFAX,District 09,0,1,Accessory Structure,44.644216649484115,-63.617629167308166
5633,BPRES-2022-01049,2022-03-03,318000,New Building,New Building,Completed,TIMBERLEA,District 12,1,3,Dwelling - Single Detached,44.639452118484435,-63.72242328565917
5634,BPRES-2022-01052,2022-03-15,370000,New Building,New Building,Completed,TIMBERLEA,District 12,1,2,Dwelling - Single Detached,44.6392344649021,-63.72402631713027
5635,BPRES-2022-01069,2022-09-27,270000,New Building,New Building,Completed,DARTMOUTH,District 03,2,2,Dwelling - Multiple Units,44.647744279617264,-63.53987008048242
5636,BPRES-2022-01109,2022-02-25,350000,New Building,New Building,Completed,MIDDLE SACKVILLE,District 14,1,2,Dwelling - Single Detached,44.791972055061805,-63.75541554331659
5637,BPRES-2022-01133,2022-06-20,13000,Renovation,Renovation,Completed,DARTMOUTH,District 06,1,2,Dwelling - Semi-Detached,44.682349536455476,-63.50947599628177
5638,BPRES-2022-01174,2022-02-25,350000,New Building,New Building,Completed,WINDSOR JUNCTION,District 01,1,3,Dwelling - Single Detached,44.791853973457215,-63.64753311052794
5639,BPRES-2022-01193,2022-02-25,175000,Renovation,Renovation,Expired,HALIFAX,District 09,0,1,Dwelling - Single Detached,44.649829211405574,-63.60920672375901
5640,BPRES-2022-01222,2022-02-28,300000,New Building,New Building,Completed,TIMBERLEA,District 12,1,3,Dwelling - Single Detached,44.64043340441758,-63.72167742956307
5641,BPRES-2022-01224,2022-03-03,300000,New Building,New Building,Completed,TIMBERLEA,District 12,1,3,Dwelling - Single Detached,44.640243015950766,-63.72171298112403
5642,BPRES-2022-01250,2022-04-12,150000,Addition,Addition,Completed,FALL RIVER,District 01,1,2,Dwelling - Multiple Units,44.83230586238012,-63.61597432982241
5643,BPRES-2022-01257,2022-04-27,390000,New Building,New Building,Completed,TIMBERLEA,District 12,1,2,Dwelling - Single Detached,44.63912233440871,-63.72372512188167
5644,BPRES-2022-01273,2022-08-24,530000,New Building,New Building,Completed,HALIFAX,District 07,1,3,Dwelling - Single Detached,44.62762126485682,-63.57748539082205
5645,BPRES-2022-01283,2022-03-16,50000,Renovation,Renovation,Completed,HALIFAX,District 08,1,2,Dwelling - Multiple Units,44.66018925741539,-63.601917459452885
5646,BPRES-2022-01311,2022-04-19,200000,Addition,Addition,Expired (Closed),HERRING COVE,District 11,0,1,Dwelling - Single Detached,44.56938000417378,-63.57110743383345
5647,BPRES-2022-01328,2022-02-17,20680,Renovation,Renovation,Issued,HALIFAX,District 07,0,3,Dwelling - Single Detached,44.63900375730269,-63.58646139705663
5648,BPRES-2022-01396,2022-03-02,450000,New Building,New Building,Completed,TIMBERLEA,District 12,1,1,Dwelling - Single Detached,44.66384280616783,-63.74683843894406
5649,BPRES-2022-01426,2022-06-13,42500,Addition,Addition,Completed,HALIFAX,District 09,0,2,Dwelling - Single Detached,44.64844560491391,-63.59451162296196
5650,BPRES-2022-01457,2022-03-03,16500,New Building,New Building,Completed,HAMMONDS PLAINS,District 14,0,1,Accessory Structure,44.71088830853427,-63.76759941593425
5651,BPRES-2022-01479,,39500,Renovation,Renovation,Withdrawn,SHEET HARBOUR,District 02,1,2,Dwelling - Semi-Detached,44.92539228757098,-62.54111387419515
5652,BPRES-2022-01498,2022-03-03,300000,New Building,New Building,Completed,TIMBERLEA,District 12,1,3,Dwelling - Single Detached,44.64063045679403,-63.722207193000365
5653,BPRES-2022-01506,2022-03-03,300000,New Building,New Building,Completed,TIMBERLEA,District 12,1,3,Dwelling - Single Detached,44.64034532822499,-63.72228964426018
5654,BPRES-2022-01528,2022-05-16,400000,New Building,New Building,Completed,HALIFAX,District 10,3,2,Dwelling - Multiple Units,44.65295025736071,-63.64007651796485
5655,BPRES-2022-01540,2022-03-10,500000,New Building,New Building,Completed,,District 02,1,1,Dwelling - Single Detached,44.7473850943156,-63.05018154912359
5656,BPRES-2022-01578,2022-03-03,80000,New Building,New Building,Completed,SEAFORTH,District 02,0,2,Accessory Structure,44.656720794087015,-63.25984329810658
5657,BPRES-2022-01593,2022-03-03,300000,New Building,New Building,Completed,TIMBERLEA,District 12,1,3,Dwelling - Single Detached,44.640159602155386,-63.72231565094015
5658,BPRES-2022-01641,2022-04-12,2700000,New Building,New Building,Completed,BEDFORD,District 13,6,2,Dwelling - Townhouse,44.70714226626331,-63.72137498862663
5659,BPRES-2022-01656,2022-04-13,2700000,New Building,New Building,Completed,BEDFORD,District 13,6,2,Dwelling - Townhouse,44.70768629795701,-63.721730292313126
5660,BPRES-2022-01688,2022-08-19,200000,New Building,New Building,Issued,WEST PETPESWICK,District 02,1,1,Dwelling - Single Detached,44.738297533673745,-63.178986372325056
5661,BPRES-2022-01705,2023-02-16,50000,Addition,Addition,Completed,HALIFAX,District 09,0,1,Accessory Structure,44.642034675038964,-63.615127209943786
5662,BPRES-2022-01765,2022-05-03,10185.24,Renovation,Renovation,Completed,BEDFORD,District 16,0,3,Dwelling - Single Detached,44.72219055883601,-63.68427209807503
5663,BPRES-2022-01773,2022-03-02,111800,Renovation,Renovation,Completed,WAVERLEY,District 06,0,1,Dwelling - Single Detached,44.73768876388531,-63.554208810046084
5664,BPRES-2022-01812,2022-04-05,100000,New Building,New Building,Expired,UPPER TANTALLON,District 13,0,1,Accessory Structure,44.71000430910367,-63.86968549791538
5665,BPRES-2022-01829,2022-03-09,300000,New Building,New Building,Expired,HUBLEY,District 13,1,1,Dwelling - Single Detached,44.66922905864153,-63.82074431440291
5666,BPRES-2022-01869,2022-04-12,40000,New Building,New Building,Completed,PORTUGUESE COVE,District 11,0,2,Accessory Structure,44.52106433248678,-63.534431669884384
5667,BPRES-2022-01908,2022-03-07,390000,New Building,New Building,Amendment Applicant Revisions,MIDDLE PORTERS LAKE,District 02,1,1,Dwelling - Single Detached,44.70532193268177,-63.30421585904527
5668,BPRES-2022-01946,2022-04-12,200000,Renovation,Renovation,Completed,SEABRIGHT,District 13,1,2,Dwelling - Backyard Suite,44.622869422106355,-63.934923483317235
5669,BPRES-2022-01963,,10000000,New Building,New Building,Withdrawn,EASTERN PASSAGE,District 03,60,4,Dwelling - Multiple Units,44.61351142649686,-63.49389358223156
5670,BPRES-2022-02030,2022-03-10,50000,Renovation,Renovation,Expired (Closed),HALIFAX,District 07,0,12,Dwelling - Multiple Units,44.63500523596515,-63.579979909269525
5671,BPRES-2022-02069,2022-03-21,250000,New Building,New Building,Completed,BEECHVILLE,District 12,1,3,Dwelling - Single Detached,44.636811968713246,-63.67896537736617
5672,BPRES-2022-02084,2022-03-17,250000,New Building,New Building,Completed,BEECHVILLE,District 12,1,2,Dwelling - Single Detached,44.63701590678666,-63.678948623597165
5673,BPRES-2022-02089,2022-03-17,250000,New Building,New Building,Completed,BEECHVILLE,District 12,1,2,Dwelling - Single Detached,44.63722317080574,-63.678988777507676
5674,BPRES-2022-02094,2022-05-02,1320000,New Building,New Building,Expired,DARTMOUTH,District 06,6,3,Dwelling - Townhouse,44.68294144527419,-63.593118002935626
5675,BPRES-2022-02118,2022-04-06,40000,New Building,New Building,Completed,MUSHABOOM,District 02,0,1,Accessory Structure,44.8576020659198,-62.55610014379588
5676,BPRES-2022-02139,2022-03-17,275000,New Building,New Building,Completed,BEECHVILLE,District 12,1,2,Dwelling - Single Detached,44.63742215864687,-63.67909579473387
5677,BPRES-2022-02140,2022-03-21,275000,New Building,New Building,Completed,BEECHVILLE,District 12,1,2,Dwelling - Single Detached,44.63767963401971,-63.67933465448683
5678,BPRES-2022-02143,,10000,New Building,New Building,Withdrawn,PLEASANT POINT,District 02,1,1,Dwelling - Backyard Suite,44.68567378928762,-63.0511442162825
5679,BPRES-2022-02156,2022-03-17,275000,New Building,New Building,Completed,BEECHVILLE,District 12,1,2,Dwelling - Single Detached,44.63790625742499,-63.679697146659926
5680,BPRES-2022-02161,2022-03-17,275000,New Building,New Building,Completed,BEECHVILLE,District 12,1,2,Dwelling - Single Detached,44.638043647523205,-63.67994129369806
5681,BPRES-2022-02168,2022-03-16,500000,New Building,New Building,Completed,GAETZ BROOK,District 02,1,2,Dwelling - Single Detached,44.77267785940486,-63.2097257989049
5682,BPRES-2022-02196,,150000,New Building,New Building,Withdrawn,SHEET HARBOUR,District 02,0,1,Accessory Structure,44.9237728372691,-62.516344306474664
5683,BPRES-2022-02217,2022-04-06,500000,Renovation,Renovation,Completed,HALIFAX,District 09,0,1,Dwelling - Single Detached,44.652651454287145,-63.61096642172196
5684,BPRES-2022-02247,2022-09-27,72000,Renovation,Renovation,Completed,DARTMOUTH,District 05,1,1,Dwelling - Multiple Units,44.676091281382284,-63.578945879162745
5685,BPRES-2022-02305,2022-04-26,1250000,New Building,New Building,Completed,BEDFORD,District 16,5,3,Dwelling - Townhouse,44.70467613869835,-63.69642955807434
5686,BPRES-2022-02334,2022-03-17,450000,New Building,New Building,Completed,FALL RIVER,District 01,1,2,Dwelling - Single Detached,44.818639969944535,-63.620518027765044
5687,BPRES-2022-02357,2022-03-28,186874.82,Addition,Addition,Completed,HAMMONDS PLAINS,District 14,0,2,Dwelling - Single Detached,44.70162191098871,-63.77242226595308
5688,BPRES-2022-02389,2022-04-13,206054.93,Renovation,Renovation,Expired,DARTMOUTH,District 05,0,2,Dwelling - Multiple Units,44.6661678958035,-63.55941515704853
5689,BPRES-2022-02408,2022-03-16,13000,Renovation,Renovation,Expired,PORTERS LAKE,District 02,0,1,Dwelling - Single Detached,44.739728192394224,-63.316267588171236
5690,BPRES-2022-02429,2022-05-13,450000,New Building,New Building,Completed,WESTPHAL,District 04,1,2,Dwelling - Single Detached,44.6893621271834,-63.45479179182551
5691,BPRES-2022-02445,,120000,New Building,New Building,Withdrawn,MIDDLE SACKVILLE,District 14,1,1,Dwelling - Backyard Suite,44.818609811088315,-63.721573099085134
5692,BPRES-2022-02457,2022-05-18,550000,New Building,New Building,Completed,UPPER TANTALLON,District 13,1,2,Dwelling - Single Detached,44.723945522651476,-63.89124459662431
5693,BPRES-2022-02475,2022-03-16,180000,New Building,New Building,Completed,HALIFAX,District 11,4,3,Dwelling - Semi-Detached,44.601672932087794,-63.6139776771773
5694,BPRES-2022-02525,2022-07-05,300000,New Building,New Building,Completed,SEAFORTH,District 02,1,1,Dwelling - Single Detached,44.67315856141228,-63.25871660702508
5695,BPRES-2022-02532,2022-03-16,65109,Renovation,Renovation,Issued,SHAD BAY,District 13,0,2,Dwelling - Single Detached,44.52144432827947,-63.78086467723899
5696,BPRES-2022-02562,2022-03-21,500000,New Building,New Building,Completed,UPPER TANTALLON,District 13,2,2,Dwelling - Single Detached,44.70653770983267,-63.85206191797882
5697,BPRES-2022-02582,2022-03-17,500000,New Building,New Building,Completed,HUBLEY,District 13,1,2,Dwelling - Single Detached,44.67190218568898,-63.8218758340656
5698,BPRES-2022-02641,2022-03-16,25000,New Building,New Building,Completed,LOWER SACKVILLE,District 15,0,1,Accessory Structure,44.780599611050015,-63.666885306418436
5699,BPRES-2022-02676,2022-04-05,60000,New Building,New Building,Completed,FALL RIVER,District 01,0,1,Accessory Structure,44.816450742063495,-63.64231654735679
5700,BPRES-2022-02733,2022-04-05,735000,New Building,New Building,Expired (Closed),FALL RIVER,District 01,1,2,Dwelling - Single Detached,44.825592312416084,-63.64033979354504
5701,BPRES-2022-02753,2022-03-24,25000,New Building,New Building,Expired,STILLWATER LAKE,District 13,0,1,Accessory Structure,44.70462460015034,-63.83319795143725
5702,BPRES-2022-02803,2022-07-27,550000,New Building,New Building,Completed,TIMBERLEA,District 12,1,3,Dwelling - Single Detached,44.64007513709388,-63.72449685847658
5703,BPRES-2022-02821,2022-03-17,275000,New Building,New Building,Completed,BEECHVILLE,District 12,1,2,Dwelling - Single Detached,44.63842007762147,-63.68023106022211
5704,BPRES-2022-02827,2022-04-21,200000,New Building,New Building,Completed,BEECHVILLE,District 12,1,3,Dwelling - Single Detached,44.638687182173015,-63.68080673032715
5705,BPRES-2022-02840,2023-10-27,1200,Renovation,Renovation,Completed,HALIFAX,District 09,1,2,Dwelling - Multiple Units,44.64848486619214,-63.608888170983924
5706,BPRES-2022-02844,2022-03-21,200000,New Building,New Building,Completed,BEECHVILLE,District 12,1,3,Dwelling - Single Detached,44.63684667602155,-63.6795173242646
5707,BPRES-2022-02849,2022-03-22,200000,New Building,New Building,Completed,BEECHVILLE,District 12,1,3,Dwelling - Single Detached,44.637142599857455,-63.679502789013135
5708,BPRES-2022-02851,2022-03-21,200000,New Building,New Building,Completed,BEECHVILLE,District 12,1,2,Dwelling - Single Detached,44.637379687121594,-63.679644913626504
5709,BPRES-2022-02853,2022-03-21,275000,New Building,New Building,Completed,BEECHVILLE,District 12,1,2,Dwelling - Single Detached,44.63853949259352,-63.68025330818883
5710,BPRES-2022-02857,2022-03-21,200000,New Building,New Building,Completed,BEECHVILLE,District 12,1,3,Dwelling - Single Detached,44.63761527994401,-63.680027001664406
5711,BPRES-2022-02860,2022-03-28,200000,New Building,New Building,Completed,BEECHVILLE,District 12,1,2,Dwelling - Single Detached,44.63775170684241,-63.68027673193712
5712,BPRES-2022-02862,2022-03-17,275000,New Building,New Building,Completed,BEECHVILLE,District 12,1,2,Dwelling - Single Detached,44.638986225382595,-63.68028785726192
5713,BPRES-2022-02864,2022-03-17,275000,New Building,New Building,Completed,BEECHVILLE,District 12,1,2,Dwelling - Single Detached,44.6391032252637,-63.68025587924695
5714,BPRES-2022-02868,2022-03-17,275000,New Building,New Building,Completed,BEECHVILLE,District 12,1,2,Dwelling - Single Detached,44.63931947852129,-63.680119364880774
5715,BPRES-2022-02870,2022-03-17,275000,New Building,New Building,Completed,BEECHVILLE,District 12,1,2,Dwelling - Single Detached,44.63949316071371,-63.67989196887837
5716,BPRES-2022-02875,2022-04-07,650000,New Building,New Building,Completed,MIDDLE SACKVILLE,District 14,1,2,Dwelling - Single Detached,44.79291389382402,-63.73215822078329
5717,BPRES-2022-02894,2022-04-04,900000,New Building,New Building,Completed,HAMMONDS PLAINS,District 14,1,2,Dwelling - Single Detached,44.75441116068964,-63.78430684203447
5718,BPRES-2022-02907,2022-03-17,275000,New Building,New Building,Completed,BEECHVILLE,District 12,1,3,Dwelling - Single Detached,44.639144823821404,-63.68079215145837
5719,BPRES-2022-02922,2022-03-17,275000,New Building,New Building,Completed,BEECHVILLE,District 12,1,2,Dwelling - Single Detached,44.639914034404725,-63.67994932124799
5720,BPRES-2022-02948,,30000,New Building,New Building,Withdrawn,MIDDLE SACKVILLE,District 14,1,1,Accessory Structure,44.778597324729525,-63.73757666438646
5721,BPRES-2022-02991,2022-06-29,30000,New Building,New Building,Expired,MIDDLE SACKVILLE,District 14,0,1,Accessory Structure,44.80056823925663,-63.71573830058273
5722,BPRES-2022-03013,2022-03-24,11249,Renovation,Renovation,Completed,EASTERN PASSAGE,District 03,0,2,Dwelling - Single Detached,44.598056666542995,-63.45869116438624
5723,BPRES-2022-03021,2022-03-24,600000,New Building,New Building,Completed,TIMBERLEA,District 12,1,3,Dwelling - Single Detached,44.6385328426965,-63.721955412859586
5724,BPRES-2022-03058,2022-04-05,15000,Renovation,Renovation,Completed,HALIFAX,District 12,0,3,Dwelling - Townhouse,44.66135405109241,-63.67265550848636
5725,BPRES-2022-03118,2022-03-25,650000,New Building,New Building,Completed,TANTALLON,District 13,1,1,Dwelling - Single Detached,44.65041639292467,-63.8968932030899
5726,BPRES-2022-03141,2022-09-26,245000,New Building,New Building,Completed,PORTUGUESE COVE,District 11,1,1,Dwelling - Backyard Suite,44.526830688170094,-63.54525298969322
5727,BPRES-2022-03164,2022-04-05,104000,Addition,Addition,Completed,BEDFORD,District 16,0,2,Dwelling - Single Detached,44.720675022493246,-63.65810693443798
5728,BPRES-2022-03212,2022-04-22,25000,Addition,Addition,Issued,BLACK POINT,District 13,0,1,Dwelling - Single Detached,44.650998909928546,-63.98119533695574
5729,BPRES-2022-03258,2022-03-23,300000,New Building,New Building,Completed,TIMBERLEA,District 12,1,3,Dwelling - Single Detached,44.640039982623186,-63.723855724778446
5730,BPRES-2022-03277,2022-03-25,300000,New Building,New Building,Completed,TIMBERLEA,District 12,1,3,Dwelling - Single Detached,44.6395936259575,-63.723810087263715
5731,BPRES-2022-03289,2022-04-05,300000,New Building,New Building,Expired,TIMBERLEA,District 12,1,3,Dwelling - Single Detached,44.63940816558719,-63.72332863656103
5732,BPRES-2022-03299,2022-04-05,600000,New Building,New Building,Completed,BEDFORD,District 16,2,3,Dwelling - Semi-Detached,44.707866916349595,-63.72231081117533
5733,BPRES-2022-03308,2022-04-19,300000,New Building,New Building,Completed,BEDFORD,District 13,2,2,Dwelling - Semi-Detached,44.707522668320706,-63.7226278739892
5734,BPRES-2022-03332,2022-03-28,20000,New Building,New Building,Completed,DUTCH SETTLEMENT,District 01,0,1,Accessory Structure,44.99149637161788,-63.455635660869405
5735,BPRES-2022-03342,2022-04-05,650000,New Building,New Building,Completed,TIMBERLEA,District 12,1,2,Dwelling - Single Detached,44.639416477565696,-63.72434322515273
5736,BPRES-2022-03388,2022-04-05,72000,New Building,New Building,Completed,MIDDLE SACKVILLE,District 14,0,2,Accessory Structure,44.81639533494029,-63.72148530344233
5737,BPRES-2022-03432,,150000,New Building,New Building,Applicant Revisions,,District 13,0,1,Accessory Structure,44.485814228873565,-63.731205391056065
5738,BPRES-2022-03448,2022-04-05,123471.27,Renovation,Renovation,Completed,HALIFAX,District 07,0,2,Dwelling - Single Detached,44.633210828854516,-63.5849276110349
5739,BPRES-2022-03460,2022-04-27,350000,Addition,Addition,Expired,HALIFAX,District 09,0,3,Dwelling - Single Detached,44.64547225363351,-63.594758334172596
5740,BPRES-2022-03481,,15000,Addition,Addition,Applicant Revisions,HALIFAX,District 08,0,1,Accessory Structure,44.666740151776246,-63.61457339689149
5741,BPRES-2022-03494,2023-10-04,36700,New Building,New Building,Expired,COLE HARBOUR,District 04,0,1,Accessory Structure,44.65582130061164,-63.48796757745804
5742,BPRES-2022-03538,2022-06-03,200000,New Building,New Building,Expired,BEAVER BANK,District 15,1,2,Dwelling - Backyard Suite,44.87256894507691,-63.680458433385624
5743,BPRES-2022-03546,2022-05-03,1200000,New Building,New Building,Completed,BEDFORD,District 16,6,3,Dwelling - Townhouse,44.70727623126474,-63.72007459150482
5744,BPRES-2022-03609,2022-04-13,1300000,New Building,New Building,Completed,HALIFAX,District 11,1,2,Dwelling - Single Detached,44.62409290730752,-63.587217009483346
5745,BPRES-2022-03642,2022-04-25,500000,New Building,New Building,Cancelled,HUBLEY,District 13,1,2,Dwelling - Single Detached,44.66528220504914,-63.809145955909834
5746,BPRES-2022-03683,2022-11-09,381928.52,New Building,New Building,Completed,LAKEVIEW,District 01,1,2,Dwelling - Single Detached,44.769413885638585,-63.62974246380941
5747,BPRES-2022-03691,2022-04-14,30000,New Building,New Building,Completed,WELLINGTON,District 01,0,1,Accessory Structure,44.8875680413453,-63.631276029439256
5748,BPRES-2022-03728,2022-04-25,400000,New Building,New Building,Completed,,District 16,1,2,Dwelling - Single Detached,44.706324112052044,-63.72299851929863
5749,BPRES-2022-03754,2022-04-05,550000,New Building,New Building,Completed,MIDDLE SACKVILLE,District 14,1,3,Dwelling - Single Detached,44.78052776910826,-63.73757664458324
5750,BPRES-2022-03764,2022-04-01,400000,New Building,New Building,Completed,BEDFORD,District 16,1,2,Dwelling - Single Detached,44.705894943563656,-63.72145194654576
5751,BPRES-2022-03777,2022-04-05,550000,New Building,New Building,Completed,MIDDLE SACKVILLE,District 14,1,3,Dwelling - Single Detached,44.779664237907426,-63.74015610927766
5752,BPRES-2022-03798,2022-06-15,20000,Renovation,Renovation,Expired,DARTMOUTH,District 05,0,1,Dwelling - Multiple Units,44.67012431229327,-63.55354221935353
5753,BPRES-2022-03808,2022-04-05,550000,New Building,New Building,Completed,MIDDLE SACKVILLE,District 14,1,3,Dwelling - Single Detached,44.78002981085978,-63.74152422167853
5754,BPRES-2022-03866,,750000,New Building,New Building,Withdrawn,FALL RIVER,District 01,1,2,Dwelling - Single Detached,44.825621395085946,-63.63943454194825
5755,BPRES-2022-03891,2022-04-13,119500,Addition,Addition,Completed,HEAD OF JEDDORE,District 02,0,1,Dwelling - Single Detached,44.7761294501948,-63.05713325365427
5756,BPRES-2022-03919,2022-04-13,600000,New Building,New Building,Completed,HARRIETSFIELD,District 11,1,2,Dwelling - Single Detached,44.54476427018195,-63.643456448200645
5757,BPRES-2022-03940,2022-04-08,200000,Renovation,Renovation,Expired,EASTERN PASSAGE,District 03,0,2,Dwelling - Single Detached,44.610395350377985,-63.48131577607838
5758,BPRES-2022-03970,2022-04-21,40000,New Building,New Building,Completed,,District 11,0,2,Accessory Structure,44.524519187650405,-63.536477053949135
5759,BPRES-2022-03987,2022-04-05,400000,New Building,New Building,Completed,BEAVER BANK,District 15,1,2,Dwelling - Single Detached,44.815181538850936,-63.695467564489405
5760,BPRES-2022-04001,2022-04-12,500000,New Building,New Building,Completed,PORTERS LAKE,District 02,1,2,Dwelling - Single Detached,44.744933691466485,-63.33629333510528
5761,BPRES-2022-04018,2022-06-21,406000,New Building,New Building,Expired,COLE HARBOUR,District 04,2,2,Dwelling - Single Detached,44.67638985256496,-63.4772539550087
5762,BPRES-2022-04050,2022-04-13,20000,New Building,New Building,Completed,WEST PORTERS LAKE,District 02,0,1,Accessory Structure,44.68241219998866,-63.31267861850366
5763,BPRES-2022-04065,2022-04-20,185000,Renovation,Renovation,Completed,HALIFAX,District 07,0,2,Dwelling - Single Detached,44.63314917956138,-63.5969714987144
5764,BPRES-2022-04075,2022-05-02,50,New Building,New Building,Completed,UPPER SACKVILLE,District 14,1,1,Dwelling - Backyard Suite,44.81750091916893,-63.76145532359541
5765,BPRES-2022-04101,2022-04-19,80000,New Building,New Building,Expired,PROSPECT,District 13,0,2,Accessory Structure,44.49312659066021,-63.808627338439656
5766,BPRES-2022-04113,2022-04-19,12500,New Building,New Building,Expired (Closed),EASTERN PASSAGE,District 03,0,1,Accessory Structure,44.60771784895356,-63.485254248984766
5767,BPRES-2022-04138,2022-04-25,24500,New Building,New Building,Expired,UPPER SACKVILLE,District 14,0,1,Accessory Structure,44.807653224715004,-63.7524541971309
5768,BPRES-2022-04158,2022-05-03,625000,New Building,New Building,Completed,OAKFIELD,District 01,1,3,Dwelling - Single Detached,44.91822916829027,-63.565530966236544
5769,BPRES-2022-04190,2022-04-21,625000,New Building,New Building,Expired,UPPER TANTALLON,District 13,1,2,Dwelling - Single Detached,44.730672624341345,-63.88945469282912
5770,BPRES-2022-04220,2022-04-29,3445,Renovation,Renovation,Completed,WESTPHAL,District 04,0,1,Dwelling - Single Detached,44.6874219689757,-63.48492074748247
5771,BPRES-2022-04251,2022-05-18,150000,Addition,Addition,Completed,LEWIS LAKE,District 13,0,2,Dwelling - Single Detached,44.68401710286674,-63.83764602506997
5772,BPRES-2022-04300,2022-05-03,37500,New Building,New Building,Expired,COLE HARBOUR,District 04,0,1,Accessory Structure,44.67633532084935,-63.485224405769394
5773,BPRES-2022-04319,2022-05-17,12500,Renovation,Renovation,Completed,COLE HARBOUR,District 04,1,2,Dwelling - Multiple Units,44.67554310038775,-63.50040078567872
5774,BPRES-2022-04356,2022-08-24,60000,Addition,Addition,Expired,TIMBERLEA,District 12,0,2,Dwelling - Single Detached,44.63920194278865,-63.701162948708685
5775,BPRES-2022-04377,2022-04-13,400000,New Building,New Building,Completed,HAMMONDS PLAINS,District 14,1,1,Dwelling - Single Detached,44.743050465783746,-63.802068360670916
5776,BPRES-2022-04417,2022-05-26,650000,New Building,New Building,Completed,FALL RIVER,District 01,1,2,Dwelling - Single Detached,44.82746689214846,-63.59150314153718
5777,BPRES-2022-04444,2022-06-24,25000,New Building,New Building,Completed,BEAVER BANK,District 15,0,1,Accessory Structure,44.83433649690818,-63.683709040167216
5778,BPRES-2022-04469,2022-05-09,1000,New Building,New Building,Expired,WESTPHAL,District 04,0,1,Accessory Structure,44.68548692167531,-63.453418585951376
5779,BPRES-2022-04496,2022-05-03,30000,New Building,New Building,Completed,HUBLEY,District 13,0,1,Accessory Structure,44.67224260205306,-63.81404805168732
5780,BPRES-2022-04528,2022-06-23,550000,New Building,New Building,Completed,WESTPHAL,District 04,1,2,Dwelling - Single Detached,44.68941354079985,-63.45700083127672
5781,BPRES-2022-04552,2022-04-26,475000,New Building,New Building,Cancelled,MIDDLE SACKVILLE,District 14,1,2,Dwelling - Single Detached,44.78180951346714,-63.74478989367944
5782,BPRES-2022-04571,,250000,New Building,New Building,Applicant Revisions,HALIFAX,District 11,1,2,Dwelling - Backyard Suite,44.62221698209165,-63.605111054595916
5783,BPRES-2022-04588,2022-04-22,500000,New Building,New Building,Completed,MIDDLE SACKVILLE,District 14,1,3,Dwelling - Single Detached,44.781637026776,-63.74672318731965
5784,BPRES-2022-04650,2022-06-09,610000,New Building,New Building,Completed,BEDFORD,District 16,2,3,Dwelling - Single Detached,44.71651483550334,-63.68268354114845
5785,BPRES-2022-04668,2022-11-10,65000,New Building,New Building,Completed,UPPER TANTALLON,District 13,1,2,Dwelling - Backyard Suite,44.68474697137589,-63.86649836917182
5786,BPRES-2022-04696,2022-04-27,425000,New Building,New Building,Completed,MIDDLE SACKVILLE,District 14,1,2,Dwelling - Single Detached,44.78588641169649,-63.73635242052269
5787,BPRES-2022-04742,2022-05-02,227000,New Building,New Building,Completed,BEAVER BANK,District 15,1,2,Dwelling - Single Detached,44.87335419869265,-63.70130088133275
5788,BPRES-2022-04761,2022-05-05,435000,New Building,New Building,Completed,PORTUGUESE COVE,District 11,1,2,Dwelling - Single Detached,44.527385974516946,-63.55700530967762
5789,BPRES-2022-04771,2022-04-28,700000,New Building,New Building,Completed,TIMBERLEA,District 12,1,3,Dwelling - Single Detached,44.639174908617534,-63.72245722309777
5790,BPRES-2022-04807,2022-05-30,100000,Addition,Addition,Expired,HALIFAX,District 09,0,2,Dwelling - Single Detached,44.648580912234294,-63.60253523213719
5791,BPRES-2022-04837,2022-05-03,42000,New Building,New Building,Completed,MINEVILLE,District 02,0,1,Accessory Structure,44.701517143823864,-63.37557679821417
5792,BPRES-2022-04846,2022-05-26,870000,New Building,New Building,Completed,GLEN MARGARET,District 13,1,1,Dwelling - Single Detached,44.58535439422018,-63.92066286129941
5793,BPRES-2022-04878,,5000,Renovation,Renovation,Withdrawn,COLE HARBOUR,District 04,0,1,Dwelling - Single Detached,44.67918369616312,-63.48435783615028
5794,BPRES-2022-04912,2022-04-29,40000,New Building,New Building,Expired (Closed),EASTERN PASSAGE,District 03,0,1,Accessory Structure,44.60784890227918,-63.469841748911385
5795,BPRES-2022-04940,2022-06-09,41200,New Building,New Building,Expired,HALIFAX,District 11,0,1,Accessory Structure,44.633431567856874,-63.61687115861793
5796,BPRES-2022-04982,2022-05-13,250000,New Building,New Building,Issued,EAST JEDDORE,District 02,2,1,Dwelling - Multiple Units,44.72675483296042,-62.99907282147638
5797,BPRES-2022-05023,2022-05-02,5000,New Building,New Building,Completed,FALL RIVER,District 01,0,1,Accessory Structure,44.83436022248115,-63.58961296855244
5798,BPRES-2022-05063,2022-05-05,25000,New Building,New Building,Completed,HAMMONDS PLAINS,District 14,0,1,Accessory Structure,44.722563162636455,-63.83173202023562
5799,BPRES-2022-05092,2022-05-03,200000,New Building,New Building,Completed,PORTERS LAKE,District 02,1,1,Dwelling - Single Detached,44.7556334891066,-63.28846631228047
5800,BPRES-2022-05108,2022-05-03,200000,New Building,New Building,Completed,PORTERS LAKE,District 02,1,1,Dwelling - Single Detached,44.75601624584062,-63.28752839025325
5801,BPRES-2022-05142,2022-06-23,220000,New Building,New Building,Completed,EASTERN PASSAGE,District 03,1,2,Dwelling - Single Detached,44.61819119140182,-63.46405955791391
5802,BPRES-2022-05156,2022-05-18,1000,Renovation,Renovation,Expired,HALIFAX,District 09,0,3,Dwelling - Multiple Units,44.64454804263687,-63.59811483616739
5803,BPRES-2022-05190,,210000,Renovation,Renovation,Withdrawn,DARTMOUTH,District 03,1,2,Dwelling - Single Detached,44.658716742222154,-63.50912925360543
5804,BPRES-2022-05236,2022-05-05,400000,New Building,New Building,Completed,STILLWATER LAKE,District 13,1,2,Dwelling - Single Detached,44.712268309377315,-63.84106634982579
5805,BPRES-2022-05252,2022-05-03,35000,New Building,New Building,Completed,MIDDLE SACKVILLE,District 14,0,1,Accessory Structure,44.78328181627411,-63.748916250282676
5806,BPRES-2022-05263,2022-10-13,83500,New Building,New Building,Completed,STILLWATER LAKE,District 13,0,1,Accessory Structure,44.70075443939449,-63.827800984489215
5807,BPRES-2022-05275,2022-05-06,33500,New Building,New Building,Completed,MIDDLE SACKVILLE,District 14,0,1,Accessory Structure,44.79027305542129,-63.754845357720725
5808,BPRES-2022-05314,,82000,Addition,Addition,Withdrawn,DARTMOUTH,District 06,1,2,Dwelling - Multiple Units,44.67140021560735,-63.50428349090731
5809,BPRES-2022-05368,2022-07-29,50000,Addition,Addition,Expired,DARTMOUTH,District 05,0,1,Dwelling - Single Detached,44.66996597065135,-63.557903476366576
5810,BPRES-2022-05395,2022-05-03,25000,New Building,New Building,Completed,UPPER TANTALLON,District 13,0,1,Accessory Structure,44.72943673171551,-63.88253475188772
5811,BPRES-2022-05412,2022-06-14,100000,New Building,New Building,Issued,HALIFAX,District 09,1,2,Dwelling - Backyard Suite,44.642343165621476,-63.59612418455367
5812,BPRES-2022-05422,2022-07-21,250000,New Building,New Building,Completed,SHIP HARBOUR,District 02,1,1,Dwelling - Single Detached,44.8086130834538,-62.887539681333365
5813,BPRES-2022-05472,2022-05-27,10000,Addition,Addition,Expired,GAETZ BROOK,District 02,0,1,Dwelling - Single Detached,44.771018400254235,-63.20947882755708
5814,BPRES-2022-05494,2022-05-19,25000,New Building,New Building,Expired,BEAVER BANK,District 15,0,1,Accessory Structure,44.83028141160499,-63.665351288201656
5815,BPRES-2022-05515,,4000,Renovation,Renovation,Applicant Revisions,COLE HARBOUR,District 04,1,1,Dwelling - Multiple Units,44.676658061365416,-63.48538653215978
5816,BPRES-2022-05532,2023-07-13,240000,New Building,New Building,Completed,HERRING COVE,District 11,1,2,Dwelling - Single Detached,44.5735396273446,-63.571863247469814
5817,BPRES-2022-05562,,5000,Renovation,Renovation,Withdrawn,MINEVILLE,District 02,0,1,Dwelling - Single Detached,44.684527703327255,-63.35921702636526
5818,BPRES-2022-05582,2022-05-02,500000,New Building,New Building,Completed,BEDFORD,District 16,1,3,Dwelling - Single Detached,44.7060346338088,-63.72187131244822
5819,BPRES-2022-05626,2022-05-12,200000,New Building,New Building,Completed,TIMBERLEA,District 12,1,3,Dwelling - Single Detached,44.63891518198594,-63.721903425803966
5820,BPRES-2022-05634,2022-05-12,200000,New Building,New Building,Expired,TIMBERLEA,District 12,1,3,Dwelling - Single Detached,44.63872897925318,-63.72193634320371
5821,BPRES-2022-05656,2022-06-21,240000,Renovation,Renovation,Expired,HALIFAX,District 07,0,5,Dwelling - Multiple Units,44.64338577934373,-63.56896577062749
5822,BPRES-2022-05691,2022-05-16,4500,Renovation,Renovation,Expired,HALIFAX,District 09,0,2,Dwelling - Single Detached,44.652830627471324,-63.6050669646249
5823,BPRES-2022-05696,2022-05-10,100000,Addition,Addition,Issued,WEST CHEZZETCOOK,District 02,0,1,Dwelling - Single Detached,44.70109601908385,-63.25797420122862
5824,BPRES-2022-05712,2022-05-19,76341,New Building,New Building,Cancelled,HALIFAX,District 08,0,1,Accessory Structure,44.66085043971352,-63.61732855463027
5825,BPRES-2022-05760,2022-06-23,350000,New Building,New Building,Cancelled,PORTERS LAKE,District 02,1,1,Dwelling - Single Detached,44.75152999415934,-63.32424306588057
5826,BPRES-2022-05767,2022-09-15,1000000,New Building,New Building,Completed,HALIFAX,District 10,10,2,Dwelling - Townhouse,44.67740170098628,-63.66271023475955
5827,BPRES-2022-05767,2022-09-15,1000000,New Building,New Building,Completed,HALIFAX,District 10,10,2,Dwelling - Townhouse,44.67740170098628,-63.66271023475955
5828,BPRES-2022-05767,2022-09-15,1000000,New Building,New Building,Completed,HALIFAX,District 10,10,2,Dwelling - Townhouse,44.67740170098628,-63.66271023475955
5829,BPRES-2022-05792,2022-11-24,40000,Addition,Addition,Expired,DARTMOUTH,District 03,0,2,Dwelling - Single Detached,44.662334864886276,-63.5526600167611
5830,BPRES-2022-05820,2022-05-27,40000,Renovation,Renovation,Completed,HALIFAX,District 09,1,2,Dwelling - Multiple Units,44.64946038983786,-63.6091127706836
5831,BPRES-2022-05866,2022-05-19,24748,Renovation,Renovation,Completed,MUSQUODOBOIT HARBOUR,District 02,0,2,Dwelling - Single Detached,44.79684476917356,-63.158464943683775
5832,BPRES-2022-05906,2022-05-13,600000,New Building,New Building,Completed,BEDFORD,District 16,1,3,Dwelling - Single Detached,44.70652333381399,-63.7219359231543
5833,BPRES-2022-05932,2022-07-28,450000,New Building,New Building,Completed,WESTPHAL,District 04,2,1,Dwelling - Semi-Detached,44.70060527588811,-63.47650981951007
5834,BPRES-2022-05953,2022-05-19,5000,Renovation,Renovation,Completed,HALIFAX,District 11,0,2,Dwelling - Single Detached,44.625051579240896,-63.61245243136807
5835,BPRES-2022-05964,2022-06-13,470000,New Building,New Building,Completed,HUBLEY,District 13,1,1,Dwelling - Single Detached,44.66444740955828,-63.785619929470435
5836,BPRES-2022-05980,2023-03-02,1000,Renovation,Renovation,Completed,COLE HARBOUR,District 04,1,2,Dwelling - Multiple Units,44.65920197250457,-63.486917760081035
5837,BPRES-2022-06017,2022-09-22,1000000,New Building,New Building,Completed,HALIFAX,District 11,3,2,Dwelling - Multiple Units,44.63349033689309,-63.62611561238333
5838,BPRES-2022-06041,2022-08-11,85000,Addition,Addition,Expired,MUSQUODOBOIT HARBOUR,District 02,0,3,Dwelling - Single Detached,44.78355326099405,-63.152277112624574
5839,BPRES-2022-06083,2025-05-01,147500,Renovation,Renovation,Issued,TANTALLON,District 13,0,1,Dwelling - Single Detached,44.67718163148799,-63.893755270165265
5840,BPRES-2022-06131,2022-07-12,13500,Renovation,Renovation,Expired,HALIFAX,District 09,0,3,Dwelling - Multiple Units,44.637241294339,-63.63119369327218
5841,BPRES-2022-06149,2022-05-19,433147.05,New Building,New Building,Completed,WEST PETPESWICK,District 02,1,1,Dwelling - Single Detached,44.735097164218885,-63.16420169441652
5842,BPRES-2022-06171,2022-06-20,400000,New Building,New Building,Completed,PORTERS LAKE,District 02,1,2,Dwelling - Single Detached,44.73087707820928,-63.30837164497439
5843,BPRES-2022-06217,2022-07-29,306000,New Building,New Building,Completed,ELMSVALE,District 01,1,1,Dwelling - Single Detached,45.093690243208144,-63.04953923007721
5844,BPRES-2022-06245,2022-05-16,600000,New Building,New Building,Completed,BEDFORD,District 16,1,3,Dwelling - Single Detached,44.70667799990072,-63.722346354974285
5845,BPRES-2022-06270,2022-06-13,80000,Addition,Addition,Expired,DARTMOUTH,District 05,0,2,Dwelling - Single Detached,44.67905443444541,-63.595500833347785
5846,BPRES-2022-06288,2022-07-04,600000,New Building,New Building,Issued,ELMSDALE,District 01,1,2,Dwelling - Single Detached,44.95999811667724,-63.49832761018517
5847,BPRES-2022-06351,2022-06-08,1000000,New Building,New Building,Completed,UPPER TANTALLON,District 13,3,1,Dwelling - Multiple Units,44.69649557047498,-63.87177650154829
5848,BPRES-2022-06363,2022-11-14,5000,Renovation,Renovation,Amendment Application Incomplete,LAWRENCETOWN,District 02,0,1,Accessory Structure,44.68338168572807,-63.42230227236712
5849,BPRES-2022-06392,2022-06-30,500000,New Building,New Building,Completed,TERENCE BAY,District 13,2,2,Dwelling - Multiple Units,44.46977158416673,-63.726249220867864
5850,BPRES-2022-06406,2022-05-27,3000,New Building,New Building,Completed,ENFIELD,District 01,0,1,Accessory Structure,44.931159136502075,-63.54280315395003
5851,BPRES-2022-06432,2022-05-27,202000,New Building,New Building,Issued,FALL RIVER,District 01,1,3,Dwelling - Single Detached,44.83499427763182,-63.59245102883774
5852,BPRES-2022-06443,2022-06-20,150000,Renovation,Renovation,Expired,HALIFAX,District 11,1,1,Dwelling - Multiple Units,44.60809260905983,-63.620278512598716
5853,BPRES-2022-06469,2022-05-30,38000,Renovation,Renovation,Completed,HALIFAX,District 11,1,2,Dwelling - Multiple Units,44.62186986008486,-63.59014975905074
5854,BPRES-2022-06477,,8000,New Building,New Building,Application Incomplete,DARTMOUTH,District 06,0,1,Accessory Structure,44.67437948603526,-63.52920477554822
5855,BPRES-2022-06517,2023-12-13,338000,Addition,Addition,Completed,HALIFAX,District 08,2,2,Dwelling - Multiple Units,44.668527899108284,-63.60722673078391
5856,BPRES-2022-06539,2022-05-19,4000,Renovation,Renovation,Completed,HERRING COVE,District 11,0,1,Dwelling - Single Detached,44.56422990361619,-63.56588691584056
5857,BPRES-2022-06568,2022-05-26,800000,New Building,New Building,Completed,TANTALLON,District 13,1,3,Dwelling - Single Detached,44.65066060204534,-63.90179839929661
5858,BPRES-2022-06597,,33000,New Building,New Building,Applicant Revisions,TIMBERLEA,District 12,0,1,Accessory Structure,44.65712808263088,-63.73851775400611
5859,BPRES-2022-06645,2022-05-19,500000,New Building,New Building,Completed,ENFIELD,District 01,2,1,Dwelling - Semi-Detached,44.926451346949165,-63.52743552581148
5860,BPRES-2022-06655,2022-07-28,11000,Renovation,Renovation,Issued,DARTMOUTH,District 06,1,2,Dwelling - Multiple Units,44.68806735231103,-63.50235442632223
5861,BPRES-2022-06676,2022-06-20,80000,New Building,New Building,Issued,EAST LAWRENCETOWN,District 02,0,2,Accessory Structure,44.66297603200359,-63.34418863878008
5862,BPRES-2022-06695,2022-06-30,450000,New Building,New Building,Expired,DUTCH SETTLEMENT,District 01,1,2,Dwelling - Single Detached,44.989152524889825,-63.458541741260646
5863,BPRES-2022-06712,2022-11-17,15000,Addition,Addition,Expired,MIDDLE SACKVILLE,District 14,0,1,Dwelling - Single Detached,44.786973096508085,-63.710451737696424
5864,BPRES-2022-06728,2022-06-14,40000,Renovation,Renovation,Expired,DARTMOUTH,District 03,0,2,Dwelling - Semi-Detached,44.665313020235494,-63.536632944878846
5865,BPRES-2022-06774,2022-06-13,11500,New Building,New Building,Issued,WEST JEDDORE,District 02,0,1,Accessory Structure,44.718361229424254,-63.00934463866262
5866,BPRES-2022-06816,2022-06-14,25000,New Building,New Building,Expired,LUCASVILLE,District 14,0,1,Accessory Structure,44.75910973907682,-63.74838735917062
5867,BPRES-2022-06839,2022-06-02,47016,New Building,New Building,Completed,BROOKSIDE,District 13,0,1,Accessory Structure,44.554155436758336,-63.71344784789728
5868,BPRES-2022-06864,,995000,New Building,New Building,Applicant Revisions,PORTUGUESE COVE,District 11,1,2,Dwelling - Single Detached,44.51856619558506,-63.57822450326209
5869,BPRES-2022-06898,2022-07-29,118565,Renovation,Renovation,Expired,HALIFAX,District 09,0,2,Dwelling - Single Detached,44.64667523318152,-63.599278053104
5870,BPRES-2022-06911,2022-08-09,25000,Addition,Addition,Amendment Application Incomplete,WELLINGTON,District 01,0,2,Dwelling - Single Detached,44.85395773379346,-63.60299185784647
5871,BPRES-2022-06925,2022-06-14,350000,New Building,New Building,Completed,PORTERS LAKE,District 02,2,1,Dwelling - Semi-Detached,44.75490377231675,-63.285241359404196
5872,BPRES-2022-06960,,15000,Addition,Addition,Applicant Revisions,COLE HARBOUR,District 04,0,1,Dwelling - Single Detached,44.65928100020379,-63.48515479648565
5873,BPRES-2022-07006,2022-06-13,600000,New Building,New Building,Completed,WHITES LAKE,District 13,1,1,Dwelling - Single Detached,44.5133930637034,-63.74691275832777
5874,BPRES-2022-07084,,250000,New Building,New Building,Withdrawn,PORTERS LAKE,District 02,0,2,Accessory Structure,44.75101662898607,-63.3381132935656
5875,BPRES-2022-07119,,318000,New Building,New Building,Applicant Revisions,FALL RIVER,District 01,1,1,Dwelling - Backyard Suite,44.81193030329587,-63.60315819727273
5876,BPRES-2022-07132,2022-06-16,25000,New Building,New Building,Expired,EASTERN PASSAGE,District 03,0,1,Accessory Structure,44.61690266805744,-63.466528844074766
5877,BPRES-2022-07178,,,Renovation,Renovation,Withdrawn,LOWER SACKVILLE,District 15,1,2,Dwelling - Multiple Units,44.756599960989966,-63.679882327631226
5878,BPRES-2022-07222,2024-05-22,75000,Addition,Addition,Expired,DARTMOUTH,District 06,1,2,Dwelling - Multiple Units,44.6905588791664,-63.54658271614652
5879,BPRES-2022-07317,2022-06-20,25000,New Building,New Building,Completed,UPPER TANTALLON,District 13,0,1,Accessory Structure,44.715879375208786,-63.87063856395206
5880,BPRES-2022-07337,2022-06-21,92000,New Building,New Building,Completed,HUBLEY,District 13,1,1,Dwelling - Single Detached,44.680353768822656,-63.82519117899012
5881,BPRES-2022-07370,2022-09-16,60000,Renovation,Renovation,Expired,HALIFAX,District 11,0,3,Dwelling - Multiple Units,44.60604094983258,-63.611816778461744
5882,BPRES-2022-07387,,26500,New Building,New Building,Withdrawn,DARTMOUTH,District 06,0,1,Accessory Structure,44.68417542731308,-63.53980947176622
5883,BPRES-2022-07452,2025-10-17,330000,New Building,New Building,Completed,BEAVER BANK,District 15,1,2,Dwelling - Single Detached,44.82858029007863,-63.67558099348354
5884,BPRES-2022-07502,2022-12-01,141000,New Building,New Building,Issued,MINEVILLE,District 02,1,2,Dwelling - Single Detached,44.69118421575787,-63.37367234686941
5885,BPRES-2022-07565,2022-06-14,480000,New Building,New Building,Completed,TIMBERLEA,District 12,1,2,Dwelling - Single Detached,44.640527596475614,-63.724240131560926
5886,BPRES-2022-07572,2022-06-23,500000,New Building,New Building,Completed,HALIFAX,District 11,2,3,Dwelling - Semi-Detached,44.609333925738696,-63.624500470593375
5887,BPRES-2022-07635,2022-10-31,43000,New Building,New Building,Completed,FALL RIVER,District 01,0,1,Accessory Structure,44.802903712595395,-63.62253545390187
5888,BPRES-2022-07718,2022-06-17,25000,New Building,New Building,Completed,LAKE CHARLOTTE,District 02,0,1,Accessory Structure,44.775419957211334,-62.96738138479852
5889,BPRES-2022-07736,2022-06-23,30000,New Building,New Building,Expired,EASTERN PASSAGE,District 03,0,1,Accessory Structure,44.62045197116611,-63.450878332596666
5890,BPRES-2022-07785,2022-11-22,741284,Addition,Addition,Issued,HALIFAX,District 07,0,2,Dwelling - Single Detached,44.631311693234785,-63.58682144228053
5891,BPRES-2022-07800,2022-06-22,32000,Renovation,Renovation,Expired,HALIFAX,District 08,0,3,Dwelling - Townhouse,44.66700775389541,-63.60640890953983
5892,BPRES-2022-07850,2022-06-20,28000,New Building,New Building,Completed,LUCASVILLE,District 14,0,1,Accessory Structure,44.76729926454274,-63.71106968591567
5893,BPRES-2022-07882,,82000,New Building,New Building,Withdrawn,,District 01,1,1,Dwelling - Single Detached,44.93497791968403,-63.49659001594762
5894,BPRES-2022-07899,,82000,New Building,New Building,Withdrawn,,District 01,1,1,Dwelling - Single Detached,44.93497791968403,-63.49659001594762
5895,BPRES-2022-07913,,82000,New Building,New Building,Withdrawn,,District 01,1,1,Dwelling - Single Detached,44.93497791968403,-63.49659001594762
5896,BPRES-2022-07921,,571730,New Building,New Building,Application Incomplete,HALIFAX,District 11,3,3,Dwelling - Semi-Detached,44.61524671975655,-63.618685914774744
5897,BPRES-2022-07969,2022-06-23,30000,New Building,New Building,Expired,OAKFIELD,District 01,0,1,Accessory Structure,44.9210273777568,-63.566632286316576
5898,BPRES-2022-07996,2022-10-19,200000,New Building,New Building,Completed,HALIFAX,District 11,1,2,Dwelling - Single Detached,44.60842416002623,-63.604901676037
5899,BPRES-2022-08002,2022-08-02,30000,New Building,New Building,Completed,MINEVILLE,District 02,0,1,Accessory Structure,44.68059450366722,-63.360751748896845
5900,BPRES-2022-08014,2022-06-23,600000,New Building,New Building,Completed,PROSPECT,District 13,1,1,Dwelling - Single Detached,44.47116006300401,-63.79272054377519
5901,BPRES-2022-08038,2022-08-30,335000,Renovation,Renovation,Expired,STILLWATER LAKE,District 13,0,2,Dwelling - Single Detached,44.71151752218637,-63.843585565131974
5902,BPRES-2022-08079,2022-07-13,400000,New Building,New Building,Completed,TERENCE BAY,District 13,1,1,Dwelling - Single Detached,44.46072248509529,-63.707343920776836
5903,BPRES-2022-08085,2022-06-22,250000,New Building,New Building,Completed,BEECHVILLE,District 12,1,3,Dwelling - Single Detached,44.638040178765706,-63.67769797479581
5904,BPRES-2022-08093,2022-06-22,250000,New Building,New Building,Completed,BEECHVILLE,District 12,1,3,Dwelling - Single Detached,44.63772941544847,-63.67738409056228
5905,BPRES-2022-08123,,450000,New Building,New Building,Withdrawn,,District 10,2,3,Dwelling - Multiple Units,44.68411361644199,-63.66119503915572
5906,BPRES-2022-08154,,289000,New Building,New Building,Application Incomplete,,District 06,1,1,Dwelling - Single Detached,44.68212071686707,-63.53092153902218
5907,BPRES-2022-08196,2022-08-08,500000,New Building,New Building,Completed,UPPER HAMMONDS PLAINS,District 14,4,1,Dwelling - Townhouse,44.75554643573764,-63.85220783998954
5908,BPRES-2022-08225,2022-06-22,32000,New Building,New Building,Completed,WELLINGTON,District 01,0,1,Accessory Structure,44.867365924931306,-63.605038040853444
5909,BPRES-2022-08243,2022-07-14,360000,New Building,New Building,Completed,MIDDLE SACKVILLE,District 14,1,1,Dwelling - Single Detached,44.794755755897505,-63.71670177128947
5910,BPRES-2022-08273,2022-10-14,25000,New Building,New Building,Expired,COLE HARBOUR,District 04,0,1,Accessory Structure,44.680318029944296,-63.485958394059814
5911,BPRES-2022-08335,2023-11-10,1545000,New Building,New Building,Expired,HALIFAX,District 11,1,3,Dwelling - Single Detached,44.62583688124188,-63.59251253517177
5912,BPRES-2022-08360,2023-07-04,68000,Addition,Addition,Completed,LOWER SACKVILLE,District 15,0,1,Dwelling - Single Detached,44.78737577950047,-63.693384525494146
5913,BPRES-2022-08375,,150000,Addition,Addition,Application Incomplete,HALIFAX,District 08,0,2,Dwelling - Single Detached,44.66428210092142,-63.596168167913824
5914,BPRES-2022-08415,2023-11-06,7000,New Building,New Building,Issued,HALIFAX,District 08,0,1,Accessory Structure,44.652844194612705,-63.592064037813586
5915,BPRES-2022-08451,2022-07-29,200000,New Building,New Building,Expired,HALIFAX,District 09,1,2,Dwelling - Backyard Suite,44.64590260091864,-63.602306758702255
5916,BPRES-2022-08474,,25000,Addition,Addition,Withdrawn,BEDFORD,District 16,1,1,Dwelling - Backyard Suite,44.726211143303544,-63.676064154213805
5917,BPRES-2022-08492,2022-07-22,200000,New Building,New Building,Completed,BEDFORD,District 16,1,2,Dwelling - Single Detached,44.7212507559051,-63.71571164115799
5918,BPRES-2022-08516,2022-08-03,90000,New Building,New Building,Expired,DARTMOUTH,District 05,0,1,Accessory Structure,44.680016173410074,-63.56681398147323
5919,BPRES-2022-08549,2022-09-29,25000,New Building,New Building,Expired,EASTERN PASSAGE,District 03,0,1,Accessory Structure,44.616504718653275,-63.48294894708048
5920,BPRES-2022-08568,2022-06-30,450000,New Building,New Building,Completed,BOUTILIERS POINT,District 13,1,2,Dwelling - Single Detached,44.66234615350488,-63.94834858517071
5921,BPRES-2022-08627,2022-07-04,99000,New Building,New Building,Completed,HUBLEY,District 13,1,1,Dwelling - Single Detached,44.68022229454167,-63.8270883018141
5922,BPRES-2022-08660,2022-07-20,250000,New Building,New Building,Expired,EAST CHEZZETCOOK,District 02,1,1,Dwelling - Single Detached,44.71145245731624,-63.23349205137146
5923,BPRES-2022-08677,2023-10-24,30000,New Building,New Building,Completed,EAST PRESTON,District 04,2,1,Dwelling - Semi-Detached,44.723204779676664,-63.42012568612412
5924,BPRES-2022-08687,2022-08-09,115000,New Building,New Building,Completed,WEST DOVER,District 13,1,2,Dwelling - Single Detached,44.50818107080117,-63.88403964664906
5925,BPRES-2022-08714,2022-06-30,60000,New Building,New Building,Completed,BEAVER BANK,District 15,0,1,Accessory Structure,44.81470179193456,-63.67535084832527
5926,BPRES-2022-08726,2022-09-27,600000,New Building,New Building,Expired,EAST PETPESWICK,District 02,1,1,Dwelling - Single Detached,44.731443644219986,-63.15635892291097
5927,BPRES-2022-08759,2023-08-18,433000,New Building,New Building,Issued,HALIFAX,District 11,2,3,Dwelling - Semi-Detached,44.61892740207644,-63.61407342687037
5928,BPRES-2022-08808,2022-08-08,800000,New Building,New Building,Completed,EAST PETPESWICK,District 02,1,1,Dwelling - Single Detached,44.68677350689331,-63.1490584233794
5929,BPRES-2022-08827,2022-06-29,22000,New Building,New Building,Completed,WEST PORTERS LAKE,District 02,0,1,Accessory Structure,44.680718585216475,-63.32570327915549
5930,BPRES-2022-08861,2022-07-18,120000,Renovation,Renovation,Completed,HALIFAX,District 08,0,2,Dwelling - Multiple Units,44.653008102571036,-63.58992817432074
5931,BPRES-2022-08871,2022-07-26,1350000,New Building,New Building,Completed,BEDFORD,District 16,6,3,Dwelling - Townhouse,44.70754272120329,-63.72118132889641
5932,BPRES-2022-08871,2022-07-26,1350000,New Building,New Building,Completed,BEDFORD,District 16,6,3,Dwelling - Townhouse,44.70754272120329,-63.72118132889641
5933,BPRES-2022-08899,2022-09-16,8800000,New Building,New Building,Completed,BEDFORD,District 16,40,4,Dwelling - Multiple Units,44.71639712973912,-63.71033076694297
5934,BPRES-2022-08939,2022-07-28,80500,Renovation,Renovation,Completed,DARTMOUTH,District 05,0,2,Dwelling - Single Detached,44.68335124565733,-63.55964951125033
5935,BPRES-2022-08964,,105000,Addition,Addition,Cancelled,HALIFAX,District 09,-1,1,Dwelling - Multiple Units,44.65791125821612,-63.62192548516165
5936,BPRES-2022-09008,2022-07-26,25000,Renovation,Renovation,Completed,HALIFAX,District 11,1,2,Dwelling - Single Detached,44.593090639275104,-63.59902249069875
5937,BPRES-2022-09026,,3000,Addition,Addition,Withdrawn,MIDDLE SACKVILLE,District 14,0,1,Dwelling - Single Detached,44.7969365651972,-63.72570696221666
5938,BPRES-2022-09054,2024-04-08,400000,New Building,New Building,Completed,TIMBERLEA,District 12,1,2,Dwelling - Single Detached,44.67409374190803,-63.783122791562384
5939,BPRES-2022-09063,2022-09-27,350000,New Building,New Building,Completed,DARTMOUTH,District 03,3,3,Dwelling - Multiple Units,44.663937592395506,-63.54507813241782
5940,BPRES-2022-09079,,35000,New Building,New Building,Applicant Revisions,WESTPHAL,District 04,0,2,Accessory Structure,44.69916211940937,-63.48208860527512
5941,BPRES-2022-09118,2022-07-15,18000,Addition,Addition,Completed,GAETZ BROOK,District 02,0,2,Dwelling - Single Detached,44.76909878253609,-63.20133474348267
5942,BPRES-2022-09136,,50000,New Building,New Building,Applicant Revisions,PORTERS LAKE,District 02,0,1,Accessory Structure,44.74706691579126,-63.300778699623585
5943,BPRES-2022-09159,,5000,Addition,Addition,Applicant Revisions,ENFIELD,District 01,0,1,Accessory Structure,44.92431635910197,-63.53618329999283
5944,BPRES-2022-09196,,20000,New Building,New Building,Withdrawn,EASTERN PASSAGE,District 03,0,1,Accessory Structure,44.617056011741745,-63.463086227843775
5945,BPRES-2022-09227,2022-09-12,365000,New Building,New Building,Completed,HUBLEY,District 13,1,2,Dwelling - Single Detached,44.67631067265579,-63.82550312425632
5946,BPRES-2022-09263,2022-09-20,30000,Renovation,Renovation,Completed,DARTMOUTH,District 05,1,2,Dwelling - Multiple Units,44.66860752618245,-63.55613931651199
5947,BPRES-2022-09315,2022-07-29,35750,Renovation,Renovation,Completed,BEDFORD,District 16,0,1,Dwelling - Single Detached,44.738199077005135,-63.65796510858727
5948,BPRES-2022-09345,2022-08-02,38400,New Building,New Building,Expired,LAWRENCETOWN,District 02,0,1,Accessory Structure,44.68637507690162,-63.39880470277535
5949,BPRES-2022-09373,2022-08-24,250003,New Building,New Building,Completed,PORTERS LAKE,District 02,1,1,Dwelling - Single Detached,44.73701668136889,-63.282085460848485
5950,BPRES-2022-09394,2022-11-01,500000,New Building,New Building,Completed,BEDFORD,District 16,1,3,Dwelling - Single Detached,44.73031552830974,-63.65809436814203
5951,BPRES-2022-09404,2022-08-17,10000,Renovation,Renovation,Expired,DEAN,District 01,0,1,Dwelling - Seasonal,45.201747123821654,-62.87559252951641
5952,BPRES-2022-09440,2022-09-21,35000,New Building,New Building,Issued,EAST LAWRENCETOWN,District 02,0,1,Accessory Structure,44.64979152451308,-63.318635543102204
5953,BPRES-2022-09474,,5000000,New Building,New Building,Ready For Issue,,District 15,120,4,Dwelling - Multiple Units,44.800690848596986,-63.69101054452576
5954,BPRES-2022-09511,2022-07-27,240000,Renovation,Renovation,Completed,HALIFAX,District 09,0,2,Dwelling - Multiple Units,44.6491476845288,-63.60526099704154
5955,BPRES-2022-09575,2022-07-28,23678,Renovation,Renovation,Completed,WAVERLEY,District 01,0,2,Dwelling - Single Detached,44.77780025119638,-63.59533675695734
5956,BPRES-2022-09591,,500,New Building,New Building,Applicant Revisions,,District 04,0,1,Accessory Structure,44.71004356900031,-63.41443963741591
5957,BPRES-2022-09615,2022-07-29,32225,Renovation,Renovation,Completed,EAST PENNANT,District 11,0,2,Dwelling - Single Detached,44.46515909749347,-63.63243924859255
5958,BPRES-2022-09653,2022-07-27,75000,New Building,New Building,Completed,HAMMONDS PLAINS,District 14,0,1,Accessory Structure,44.74272722762733,-63.801099410964554
5959,BPRES-2022-09689,2022-08-30,70000,New Building,New Building,Completed,FLETCHERS LAKE,District 01,0,1,Accessory Structure,44.8470274006561,-63.604499875350314
5960,BPRES-2022-09762,2022-09-16,425000,New Building,New Building,Completed,LAWRENCETOWN,District 02,1,1,Dwelling - Single Detached,44.67361110158292,-63.393088219231124
5961,BPRES-2022-09806,2022-08-02,50000,New Building,New Building,Completed,MIDDLE SACKVILLE,District 14,0,2,Accessory Structure,44.786099227681106,-63.757037731602935
5962,BPRES-2022-09820,2022-09-01,320000,New Building,New Building,Completed,HALIFAX,District 11,3,3,Dwelling - Townhouse,44.60420920570285,-63.60601262901169
5963,BPRES-2022-09870,2022-09-28,355000,New Building,New Building,Completed,LEWIS LAKE,District 13,2,1,Dwelling - Multiple Units,44.679620498597245,-63.835318157992816
5964,BPRES-2022-09878,2022-08-11,200000,New Building,New Building,Completed,BEDFORD,District 16,1,2,Dwelling - Single Detached,44.73072455759291,-63.67950631635944
5965,BPRES-2022-09889,2022-08-11,200000,New Building,New Building,Completed,BEDFORD,District 16,1,1,Dwelling - Single Detached,44.73069501251595,-63.67993179630082
5966,BPRES-2022-09911,2023-04-19,35000,New Building,New Building,Expired,FALL RIVER,District 01,0,1,Accessory Structure,44.80001163634483,-63.633342423142786
5967,BPRES-2022-09930,2022-08-02,22141,Renovation,Renovation,Completed,DARTMOUTH,District 03,0,1,Dwelling - Single Detached,44.66391110024212,-63.53497365151412
5968,BPRES-2022-09938,2022-08-12,400000,New Building,New Building,Completed,MIDDLE SACKVILLE,District 14,1,2,Dwelling - Backyard Suite,44.78919283719495,-63.746752116685386
5969,BPRES-2022-09951,2022-08-03,750000,New Building,New Building,Completed,STILLWATER LAKE,District 13,1,3,Dwelling - Single Detached,44.71499634004732,-63.841897611343526
5970,BPRES-2022-09994,2022-08-31,123500,New Building,New Building,Expired,HAMMONDS PLAINS,District 14,0,2,Accessory Structure,44.73602294030716,-63.755523689475766
5971,BPRES-2022-10031,2022-09-12,150000,Addition,Addition,Completed,UPPER TANTALLON,District 13,1,2,Dwelling - Multiple Units,44.695077283730335,-63.86266391929519
5972,BPRES-2022-10060,2022-09-29,50000,New Building,New Building,Expired,COLE HARBOUR,District 04,0,2,Accessory Structure,44.65509765734259,-63.48047158880616
5973,BPRES-2022-10094,2022-08-03,22000,New Building,New Building,Expired,PORTERS LAKE,District 02,0,1,Accessory Structure,44.748352023981525,-63.29007542519273
5974,BPRES-2022-10120,2022-08-03,500000,New Building,New Building,Completed,BROOKSIDE,District 13,1,2,Dwelling - Single Detached,44.53183953448206,-63.70825539090683
5975,BPRES-2022-10126,2022-12-22,900000,New Building,New Building,Completed,HALIFAX,District 07,2,2,Dwelling - Single Detached,44.63270088104555,-63.58396793174813
5976,BPRES-2022-10145,2022-08-09,150000,New Building,New Building,Completed,NEWCOMB CORNER,District 01,1,1,Dwelling - Single Detached,45.07674298278112,-63.05825012488337
5977,BPRES-2022-10170,2022-09-12,200000,New Building,New Building,Completed,FALL RIVER,District 01,2,2,Dwelling - Multiple Units,44.82045184679846,-63.58397287571667
5978,BPRES-2022-10183,2022-08-11,632500,New Building,New Building,Completed,CLAM BAY,District 02,1,2,Dwelling - Single Detached,44.730501798841104,-62.93082537794452
5979,BPRES-2022-10199,2022-08-12,308000,Addition,Addition,Completed,HALIFAX,District 11,0,2,Dwelling - Single Detached,44.614609927068535,-63.578342219875964
5980,BPRES-2022-10214,2022-09-21,200000,New Building,New Building,Completed,LAKESIDE,District 12,1,3,Dwelling - Single Detached,44.637393585436776,-63.70028628742584
5981,BPRES-2022-10259,2022-11-24,135000,Addition,Addition,Completed,WHITES LAKE,District 13,0,2,Dwelling - Single Detached,44.517051818931165,-63.7454639906154
5982,BPRES-2022-10310,2022-09-29,138000,New Building,New Building,Cancelled,LAWRENCETOWN,District 02,0,2,Accessory Structure,44.70246237520097,-63.415653994962284
5983,BPRES-2022-10355,2022-10-13,375000,Addition,Addition,Cancelled,BEDFORD,District 16,0,2,Accessory Structure,44.69738556052937,-63.70584691139798
5984,BPRES-2022-10372,2022-08-12,500000,New Building,New Building,Completed,OAKFIELD,District 01,1,2,Dwelling - Single Detached,44.90752691305741,-63.56336714237599
5985,BPRES-2022-10406,2022-08-24,450000,New Building,New Building,Expired,PORTERS LAKE,District 02,1,1,Dwelling - Single Detached,44.75061198365722,-63.292896408144536
5986,BPRES-2022-10431,2022-08-17,20000,New Building,New Building,Expired,HATCHET LAKE,District 13,0,2,Accessory Structure,44.55487121177667,-63.73327925970195
5987,BPRES-2022-10476,2022-08-12,79000,New Building,New Building,Completed,HUBLEY,District 13,1,1,Dwelling - Single Detached,44.68053269990738,-63.826397405164435
5988,BPRES-2022-10498,2022-08-12,475000,New Building,New Building,Completed,HAMMONDS PLAINS,District 14,1,2,Dwelling - Single Detached,44.74244736637775,-63.800649885208095
5989,BPRES-2022-10523,2022-08-11,49000,New Building,New Building,Completed,BEAVER BANK,District 15,0,1,Accessory Structure,44.81015741743587,-63.672664649260795
5990,BPRES-2022-10563,2022-08-11,10000,New Building,New Building,Expired,TIMBERLEA,District 12,0,1,Accessory Structure,44.64956846349525,-63.73683934187017
5991,BPRES-2022-10589,2022-09-26,45000,Renovation,Renovation,Completed,HALIFAX,District 07,1,2,Dwelling - Multiple Units,44.642129383998224,-63.5899533255609
5992,BPRES-2022-10615,2023-11-15,78000,New Building,New Building,Completed,BROOKSIDE,District 13,1,2,Dwelling - Backyard Suite,44.554523938496324,-63.722043755647015
5993,BPRES-2022-10638,,700000,New Building,New Building,Withdrawn,,District 16,1,3,Dwelling - Single Detached,44.702364685326515,-63.70365641382696
5994,BPRES-2022-10681,2022-10-14,350000,New Building,New Building,Completed,SPRY BAY,District 02,1,1,Dwelling - Single Detached,44.82439239916873,-62.596725072577755
5995,BPRES-2022-10703,2022-08-25,1000000,New Building,New Building,Completed,UPPER TANTALLON,District 13,3,1,Dwelling - Townhouse,44.695825315287344,-63.87138975080563
5996,BPRES-2022-10722,2022-10-04,160000,Renovation,Renovation,Expired,HALIFAX,District 07,0,2,Dwelling - Single Detached,44.63641910636237,-63.576633701584164
5997,BPRES-2022-10730,2022-08-30,140000,New Building,New Building,Completed,SAMBRO CREEK,District 11,1,1,Dwelling - Single Detached,44.467803838104956,-63.61862579358004
5998,BPRES-2022-10774,2022-11-25,219773,Addition,Addition,Expired,HALIFAX,District 08,0,1,Dwelling - Single Detached,44.654848125879326,-63.61462471832381
5999,BPRES-2022-10816,2022-09-02,1350000,New Building,New Building,Completed,BEECHVILLE,District 12,6,3,Dwelling - Townhouse,44.639926994263305,-63.68080846305854
6000,BPRES-2022-10838,2022-08-23,180000,Addition,Addition,Expired,HALIFAX,District 08,0,2,Dwelling - Single Detached,44.658341389050655,-63.59457834112548
6001,BPRES-2022-10854,2022-09-13,900000,New Building,New Building,Completed,BEECHVILLE,District 12,4,3,Dwelling - Townhouse,44.64083663477507,-63.68009875109232
6002,BPRES-2022-10897,2023-09-05,50000,Renovation,Renovation,Completed,DARTMOUTH,District 05,3,1,Dwelling - Multiple Units,44.681769180534225,-63.595893805281044
6003,BPRES-2022-10943,2022-09-13,250000,New Building,New Building,Issued,SAMBRO HEAD,District 11,1,1,Dwelling - Single Detached,44.48630803513791,-63.58863284079676
6004,BPRES-2022-10972,2022-09-13,1350000,New Building,New Building,Completed,BEECHVILLE,District 12,6,3,Dwelling - Townhouse,44.64024441191029,-63.680478769767845
6005,BPRES-2022-10991,2022-09-28,57000,Renovation,Renovation,Expired,COLE HARBOUR,District 04,1,1,Dwelling - Multiple Units,44.67719691388153,-63.50138772113297
6006,BPRES-2022-11023,2022-10-03,600000,New Building,New Building,Completed,TANTALLON,District 13,1,2,Dwelling - Single Detached,44.653500702625955,-63.902725468162245
6007,BPRES-2022-11077,2022-11-16,50000,Renovation,Renovation,Expired,HALIFAX,District 09,1,3,Dwelling - Multiple Units,44.64223374970769,-63.603610059726236
6008,BPRES-2022-11101,2022-08-16,350000,New Building,New Building,Completed,TIMBERLEA,District 12,1,2,Dwelling - Single Detached,44.638763044920935,-63.72284315645275
6009,BPRES-2022-11136,2022-10-17,470000,Renovation,Renovation,Expired,COLE HARBOUR,District 04,0,2,Dwelling - Single Detached,44.665177697620784,-63.480826011547286
6010,BPRES-2022-11155,2022-08-26,777000,New Building,New Building,Completed,MIDDLE SACKVILLE,District 14,1,2,Dwelling - Single Detached,44.7849393756245,-63.76727413982304
6011,BPRES-2022-11191,2022-09-29,1350000,New Building,New Building,Completed,BEECHVILLE,District 12,6,3,Dwelling - Townhouse,44.64001572711656,-63.68133338347878
6012,BPRES-2022-11263,2022-09-21,11000,Renovation,Renovation,Completed,,District 11,1,2,Dwelling - Multiple Units,44.58035911466876,-63.57636989439497
6013,BPRES-2022-11285,2022-09-21,100000,Renovation,Renovation,Completed,HALIFAX,District 07,0,2,Dwelling - Single Detached,44.64115829175807,-63.5730554481009
6014,BPRES-2022-11305,2022-10-04,541935.2,New Building,New Building,Completed,LAKE LOON,District 04,1,1,Dwelling - Single Detached,44.71039951861428,-63.49781300574956
6015,BPRES-2022-11320,2022-12-19,100000,Addition,Addition,Issued,HALIFAX,District 09,0,2,Dwelling - Single Detached,44.64454406596127,-63.63473948018726
6016,BPRES-2022-11338,,449500,New Building,New Building,Applicant Revisions,DARTMOUTH,District 03,2,2,Dwelling - Single Detached,44.661211103571674,-63.50567592137017
6017,BPRES-2022-11389,2022-08-31,110000,Renovation,Renovation,Expired,FERGUSONS COVE,District 11,0,2,Dwelling - Single Detached,44.59846924099755,-63.555052216369205
6018,BPRES-2022-11404,2022-09-15,5000,New Building,New Building,Completed,WEST CHEZZETCOOK,District 02,0,1,Accessory Structure,44.700712899635526,-63.257843589494996
6019,BPRES-2022-11414,2022-09-12,260000,Renovation,Renovation,Completed,LOWER SACKVILLE,District 15,0,1,Dwelling - Single Detached,44.76433622022311,-63.661330683307
6020,BPRES-2022-11456,2022-09-21,450000,New Building,New Building,Completed,UPPER LAKEVILLE,District 02,1,1,Dwelling - Single Detached,44.78138738580223,-62.95394136347113
6021,BPRES-2022-11506,2022-09-07,311000,New Building,New Building,Completed,CLAM BAY,District 02,1,1,Dwelling - Single Detached,44.73578589304366,-62.938001379125005
6022,BPRES-2022-11528,2022-11-22,200000,Addition,Addition,Completed,TIMBERLEA,District 12,1,1,Dwelling - Multiple Units,44.67006173463931,-63.77006771333672
6023,BPRES-2022-11556,,5000,New Building,New Building,Cancelled,FLETCHERS LAKE,District 01,0,1,Accessory Structure,44.85316913299708,-63.603763203712525
6024,BPRES-2022-11612,2022-09-20,500000,New Building,New Building,Cancelled,HALIFAX,District 11,1,2,Dwelling - Single Detached,44.62437243931285,-63.58935620461133
6025,BPRES-2022-11688,2022-09-13,600000,New Building,New Building,Completed,WILLIAMSWOOD,District 11,1,2,Dwelling - Single Detached,44.54168107028368,-63.64258302988305
6026,BPRES-2022-11736,2023-03-20,1030000,New Building,New Building,Completed,SPRY BAY,District 02,1,2,Dwelling - Single Detached,44.83228697237769,-62.60886615970167
6027,BPRES-2022-11752,,,Renovation,Renovation,Withdrawn,,District 13,1,1,Dwelling - Backyard Suite,44.52203770552296,-63.79154113815744
6028,BPRES-2022-11806,2022-10-27,116000,Addition,Addition,Completed,HAMMONDS PLAINS,District 14,1,1,Dwelling - Single Detached,44.71703778436367,-63.741448148714156
6029,BPRES-2022-11821,2023-03-09,330000,New Building,New Building,Completed,TIMBERLEA,District 12,1,3,Dwelling - Single Detached,44.64005750746956,-63.72175267362679
6030,BPRES-2022-11841,2022-11-28,30000,New Building,New Building,Expired,EAST PRESTON,District 04,0,1,Accessory Structure,44.7207687510972,-63.402516571988386
6031,BPRES-2022-11907,2022-09-07,400000,New Building,New Building,Completed,BEAVER BANK,District 15,1,2,Dwelling - Single Detached,44.827688134777404,-63.67594826110615
6032,BPRES-2022-11939,2022-09-16,500000,New Building,New Building,Completed,OAKFIELD,District 01,1,2,Dwelling - Single Detached,44.90588636510778,-63.56775537426928
6033,BPRES-2022-11961,2022-09-16,300000,New Building,New Building,Completed,HAMMONDS PLAINS,District 14,1,2,Dwelling - Single Detached,44.77160616229696,-63.76044744994876
6034,BPRES-2022-11985,2022-09-16,20520.74,Renovation,Renovation,Expired,HALIFAX,District 16,0,2,Dwelling - Single Detached,44.69501712904101,-63.67540044563483
6035,BPRES-2022-11997,2022-10-27,125000,Renovation,Renovation,Completed,UPPER TANTALLON,District 13,1,1,Dwelling - Multiple Units,44.68572227374802,-63.868880714861795
6036,BPRES-2022-12012,2022-09-21,500000,New Building,New Building,Completed,FALL RIVER,District 01,1,2,Dwelling - Single Detached,44.8306902673875,-63.63246190921492
6037,BPRES-2022-12018,2022-09-15,800000,New Building,New Building,Completed,MIDDLE SACKVILLE,District 14,1,1,Dwelling - Single Detached,44.81812404895362,-63.74214213043591
6038,BPRES-2022-12040,2022-10-12,400000,New Building,New Building,Completed,HALIFAX,District 11,2,2,Dwelling - Semi-Detached,44.58566582317719,-63.588412232342556
6039,BPRES-2022-12044,2022-11-24,300000,New Building,New Building,Completed,HALIFAX,District 08,1,2,Dwelling - Single Detached,44.65865037096283,-63.594377858010304
6040,BPRES-2022-12093,,84000,Addition,Addition,Withdrawn,PROSPECT BAY,District 13,0,2,Dwelling - Single Detached,44.51553533666269,-63.77669431203998
6041,BPRES-2022-12101,2024-05-16,300000,New Building,New Building,Issued,OSTREA LAKE,District 02,1,1,Dwelling - Single Detached,44.71826890587697,-63.07194624362141
6042,BPRES-2022-12106,2023-07-13,500000,Renovation,Renovation,Completed,HALIFAX,District 09,4,3,Dwelling - Multiple Units,44.64352591015289,-63.60009135408779
6043,BPRES-2022-12144,2022-10-21,350000,New Building,New Building,Completed,COOKS BROOK,District 01,1,1,Dwelling - Single Detached,45.0300822501593,-63.30055896855093
6044,BPRES-2022-12180,2022-09-21,24000,New Building,New Building,Completed,TIMBERLEA,District 12,0,1,Accessory Structure,44.646896339556044,-63.733700733567254
6045,BPRES-2022-12211,2022-09-28,35000,New Building,New Building,Expired,MIDDLE SACKVILLE,District 14,0,1,Accessory Structure,44.79497461350753,-63.729824462395435
6046,BPRES-2022-12308,2022-09-22,42360,Renovation,Renovation,Expired,DARTMOUTH,District 06,0,2,Dwelling - Single Detached,44.69647429899432,-63.54367776513053
6047,BPRES-2022-12351,2022-10-26,500250,New Building,New Building,Expired,,District 02,1,1,Dwelling - Single Detached,,
6048,BPRES-2022-12370,2022-09-27,350000,New Building,New Building,Completed,WEST PETPESWICK,District 02,1,2,Dwelling - Single Detached,44.738490206360616,-63.1784179793642
6049,BPRES-2022-12384,2022-10-07,375246.38,New Building,New Building,Completed,HEAD OF JEDDORE,District 02,1,1,Dwelling - Single Detached,44.781443495133445,-63.082449619756915
6050,BPRES-2022-12403,2022-09-28,18323,Renovation,Renovation,Completed,COLE HARBOUR,District 04,0,2,Dwelling - Single Detached,44.676621395319756,-63.46385237598254
6051,BPRES-2022-12439,2022-10-14,36500,Addition,Addition,Completed,LOWER SACKVILLE,District 15,0,1,Dwelling - Single Detached,44.78134007347744,-63.677160551552404
6052,BPRES-2022-12501,2022-09-28,40550,Addition,Addition,Issued,DARTMOUTH,District 03,0,1,Dwelling - Single Detached,44.66081476103795,-63.524744671490396
6053,BPRES-2022-12565,2022-10-07,300000,New Building,New Building,Completed,PORTERS LAKE,District 02,1,2,Dwelling - Single Detached,44.753181887674536,-63.29081135215381
6054,BPRES-2022-12571,2022-11-01,500000,New Building,New Building,Completed,OAKFIELD,District 01,1,1,Dwelling - Single Detached,44.90737870425795,-63.564867699867506
6055,BPRES-2022-12598,2022-10-20,300000,New Building,New Building,Expired,ELMSVALE,District 01,1,1,Dwelling - Single Detached,45.07631501939276,-63.09507411458379
6056,BPRES-2022-12607,2023-01-05,1600000,New Building,New Building,Issued,DARTMOUTH,District 06,16,2,Dwelling - Townhouse,44.68454788194175,-63.59477269772543
6057,BPRES-2022-12617,,1200000,New Building,New Building,Application Incomplete,HALIFAX,District 09,2,3,Dwelling - Single Detached,44.64517162793205,-63.59157862671329
6058,BPRES-2022-12621,2022-09-28,22827,Renovation,Renovation,Expired,DARTMOUTH,District 06,0,1,Dwelling - Single Detached,44.67624713216555,-63.54610808511547
6059,BPRES-2022-12651,,300000,New Building,New Building,Cancelled,HALIFAX,District 11,2,2,Dwelling - Semi-Detached,44.60269684242249,-63.60632530796214
6060,BPRES-2022-12688,,450000,Renovation,Renovation,Withdrawn,HALIFAX,District 07,0,2,Dwelling - Single Detached,44.62929261051278,-63.588463691803945
6061,BPRES-2022-12739,,30000,New Building,New Building,Applicant Revisions,BEAVER BANK,District 15,0,1,Accessory Structure,44.832128240992944,-63.65729799715908
6062,BPRES-2022-12767,2022-09-29,20535.1,New Building,New Building,Expired,BEAVER BANK,District 15,0,1,Accessory Structure,44.817633715642174,-63.69931544940531
6063,BPRES-2022-12791,2022-09-29,15000,New Building,New Building,Issued,LOWER SACKVILLE,District 15,0,1,Accessory Structure,44.778670251533526,-63.687258785487245
6064,BPRES-2022-12819,2022-10-31,30000,New Building,New Building,Expired,TIMBERLEA,District 12,0,1,Accessory Structure,44.676019688717936,-63.78565498747975
6065,BPRES-2022-12853,2022-12-01,1900000,New Building,New Building,Completed,INGRAMPORT,District 13,1,2,Dwelling - Single Detached,44.66458714621626,-63.97245931643226
6066,BPRES-2022-12898,2022-09-29,99600,New Building,New Building,Completed,BEAVER BANK,District 15,0,2,Accessory Structure,44.8482706826653,-63.667322793740716
6067,BPRES-2022-13001,2022-10-25,45000,New Building,New Building,Completed,EASTERN PASSAGE,District 03,0,1,Accessory Structure,44.619815231694666,-63.48001260329982
6068,BPRES-2022-13018,2022-11-04,250000,New Building,New Building,Issued,,District 02,1,1,Dwelling - Single Detached,,
6069,BPRES-2022-13070,2022-10-21,61000,New Building,New Building,Completed,FALL RIVER,District 01,1,1,Dwelling - Backyard Suite,44.80946789407153,-63.61904986936772
6070,BPRES-2022-13081,,5000,Renovation,Renovation,Applicant Revisions,HALIFAX,District 09,1,2,Dwelling - Multiple Units,44.65252151080389,-63.60973288446962
6071,BPRES-2022-13113,2022-11-14,180000,New Building,New Building,Completed,LAKE ECHO,District 02,1,1,Dwelling - Single Detached,44.735593153089475,-63.37103612328863
6072,BPRES-2022-13137,2022-11-03,467000,New Building,New Building,Completed,GRAND LAKE,District 01,1,2,Dwelling - Single Detached,44.89873858705963,-63.586774287823054
6073,BPRES-2022-13147,2023-01-10,450000,Renovation,Renovation,Completed,HALIFAX,District 08,3,3,Dwelling - Multiple Units,44.650936584887745,-63.59595751872439
6074,BPRES-2022-13160,2022-12-20,4000,Renovation,Renovation,Expired,DARTMOUTH,District 03,0,2,Dwelling - Single Detached,44.6621872676296,-63.55331057659184
6075,BPRES-2022-13171,2024-08-23,45000,New Building,New Building,Issued,HUBLEY,District 13,1,2,Dwelling - Backyard Suite,44.66952277202979,-63.79887478911053
6076,BPRES-2022-13200,2022-11-17,130000,Addition,Addition,Completed,DARTMOUTH,District 05,0,2,Dwelling - Single Detached,44.66812666232547,-63.568375368427034
6077,BPRES-2022-13226,2023-03-27,164800,New Building,New Building,Completed,HALIFAX,District 07,1,1,Accessory Structure,44.63099856362367,-63.574541636249805
6078,BPRES-2022-13243,2022-10-14,29000,New Building,New Building,Expired,,District 02,0,1,Accessory Structure,44.7548472944768,-63.28907185993529
6079,BPRES-2022-13266,2022-10-13,550000,New Building,New Building,Completed,,District 16,1,2,Dwelling - Single Detached,44.706820346218485,-63.72259343172105
6080,BPRES-2022-13299,2022-10-12,34800,New Building,New Building,Completed,COOKS BROOK,District 01,0,1,Accessory Structure,45.00944968075321,-63.26402790348678
6081,BPRES-2022-13327,2022-10-20,375000,New Building,New Building,Completed,BEAVER BANK,District 15,1,2,Dwelling - Single Detached,44.82834975870082,-63.676092211379654
6082,BPRES-2022-13346,2022-10-20,375000,New Building,New Building,Completed,BEAVER BANK,District 15,1,2,Dwelling - Single Detached,44.827524613850755,-63.67583862418812
6083,BPRES-2022-13372,2022-10-20,375000,New Building,New Building,Completed,BEAVER BANK,District 15,1,2,Dwelling - Single Detached,44.82707323586294,-63.67512947083116
6084,BPRES-2022-13401,2022-11-09,86100,Renovation,Renovation,Completed,HALIFAX,District 09,0,2,Dwelling - Single Detached,44.64425383536873,-63.608625202328795
6085,BPRES-2022-13433,2022-10-21,15000,New Building,New Building,Completed,ELDERBANK,District 01,0,1,Accessory Structure,44.98021317360358,-63.22155998245347
6086,BPRES-2022-13442,2022-10-14,490000,New Building,New Building,Completed,BEDFORD,District 16,1,2,Dwelling - Single Detached,44.70582018928711,-63.72113897637911
6087,BPRES-2022-13465,2022-11-02,10000,New Building,New Building,Issued,MUSQUODOBOIT HARBOUR,District 02,0,1,Accessory Structure,44.815253445624,-63.18612045914648
6088,BPRES-2022-13490,2022-10-19,500000,New Building,New Building,Completed,MIDDLE SACKVILLE,District 14,1,2,Dwelling - Single Detached,44.784957872109445,-63.74296169990176
6089,BPRES-2022-13506,2022-10-24,10000,New Building,New Building,Completed,HAMMONDS PLAINS,District 14,0,1,Accessory Structure,44.71744731159079,-63.73820395345195
6090,BPRES-2022-13533,2022-10-24,525000,New Building,New Building,Completed,BEDFORD,District 16,1,3,Dwelling - Single Detached,44.706298802440735,-63.72123123715545
6091,BPRES-2022-13558,,4000,Renovation,Renovation,Cancelled,DARTMOUTH,District 05,0,2,Dwelling - Multiple Units,44.680823800312176,-63.58330683154266
6092,BPRES-2022-13572,2022-11-08,375000,New Building,New Building,Completed,BEAVER BANK,District 15,1,2,Dwelling - Single Detached,44.82770675993364,-63.67535068116399
6093,BPRES-2022-13611,2022-10-27,300000,New Building,New Building,Expired,TIMBERLEA,District 12,1,3,Dwelling - Single Detached,44.639524482047385,-63.72445173445174
6094,BPRES-2022-13648,2023-01-30,2000,Renovation,Renovation,Completed,EASTERN PASSAGE,District 03,0,2,Dwelling - Semi-Detached,44.61172100487435,-63.47889244194235
6095,BPRES-2022-13673,2022-10-25,800000,New Building,New Building,Issued,HERRING COVE,District 11,2,3,Dwelling - Semi-Detached,44.57981297322443,-63.575421561968405
6096,BPRES-2022-13681,2023-10-11,15000000,New Building,New Building,Issued,UPPER HAMMONDS PLAINS,District 14,99,4,Dwelling - Multiple Units,44.74732570872564,-63.81116212951654
6097,BPRES-2022-13693,2023-05-03,17000,New Building,New Building,Completed,LAWRENCETOWN,District 02,0,1,Accessory Structure,44.66937736580439,-63.390338704764865
6098,BPRES-2022-13769,2023-02-14,150000,New Building,New Building,Completed,MINEVILLE,District 02,1,2,Dwelling - Seasonal,44.6906810279027,-63.344283181319575
6099,BPRES-2022-13779,2022-10-24,45000,New Building,New Building,Completed,UPPER TANTALLON,District 13,0,1,Accessory Structure,44.710708197150275,-63.87140058285014
6100,BPRES-2022-13805,2022-12-07,800000,New Building,New Building,Issued,HALIFAX,District 08,5,3,Dwelling - Multiple Units,44.673084280374574,-63.61266394945579
6101,BPRES-2022-13842,2022-10-25,20500,Renovation,Renovation,Expired,DARTMOUTH,District 05,0,1,Dwelling - Single Detached,44.687750326708155,-63.58011045501953
6102,BPRES-2022-13897,2025-04-11,60000,Renovation,Renovation,Issued,HALIFAX,District 09,1,2,Dwelling - Multiple Units,44.65078095870638,-63.60077154906328
6103,BPRES-2022-13959,2022-12-14,400000,Addition,Addition,Amendment Applicant Revisions,BAYSIDE,District 13,0,2,Dwelling - Single Detached,44.53478899393429,-63.79418297155037
6104,BPRES-2022-13991,2022-11-04,355500,New Building,New Building,Completed,WEST CHEZZETCOOK,District 02,1,1,Dwelling - Single Detached,44.716756593654345,-63.28584008208006
6105,BPRES-2022-14030,2023-05-08,100000,New Building,New Building,Completed,TIMBERLEA,District 12,1,2,Dwelling - Backyard Suite,44.68213986612139,-63.77626468609475
6106,BPRES-2022-14072,2022-11-10,300000,New Building,New Building,Completed,,District 02,1,1,Dwelling - Single Detached,,
6107,BPRES-2022-14099,2022-11-03,15000,New Building,New Building,Completed,PORTERS LAKE,District 02,0,1,Accessory Structure,44.748657844928495,-63.292229390786446
6108,BPRES-2022-14129,2022-12-29,250000,Renovation,Renovation,Amendment Application Incomplete,HALIFAX,District 08,0,4,Dwelling - Multiple Units,44.66504297314684,-63.61402045570619
6109,BPRES-2022-14155,2022-12-05,214000,Renovation,Renovation,Expired,HALIFAX,District 08,0,2,Dwelling - Multiple Units,44.65329072919217,-63.59514987631876
6110,BPRES-2022-14192,2023-09-15,15000,New Building,New Building,Issued,DARTMOUTH,District 06,0,1,Accessory Structure,44.68506285154994,-63.518220065179555
6111,BPRES-2022-14212,2022-11-04,425000,New Building,New Building,Completed,MIDDLE SACKVILLE,District 14,1,1,Dwelling - Single Detached,44.7854301118285,-63.743561512143486
6112,BPRES-2022-14222,2023-02-23,105000,New Building,New Building,Completed,HAMMONDS PLAINS,District 14,1,2,Dwelling - Backyard Suite,44.74582285386315,-63.72502620611169
6113,BPRES-2022-14266,2022-12-09,155000,New Building,New Building,Completed,LAWRENCETOWN,District 02,1,1,Dwelling - Single Detached,44.696791331683386,-63.40939800477065
6114,BPRES-2022-14279,2022-12-08,375000,New Building,New Building,Completed,HATCHET LAKE,District 13,1,2,Dwelling - Single Detached,44.55866792285755,-63.73656452460216
6115,BPRES-2022-14319,2022-11-07,600000,New Building,New Building,Completed,,District 12,4,3,Dwelling - Townhouse,,
6116,BPRES-2022-14358,2022-12-19,425000,New Building,New Building,Completed,MIDDLE SACKVILLE,District 14,1,2,Dwelling - Single Detached,44.78734525755761,-63.739240888368805
6117,BPRES-2022-14399,,30000,Renovation,Renovation,Applicant Revisions,WEST CHEZZETCOOK,District 02,1,1,Dwelling - Multiple Units,44.72472447825825,-63.29285746282983
6118,BPRES-2022-14423,2022-12-02,70000,Renovation,Renovation,Completed,LOWER SACKVILLE,District 15,1,2,Dwelling - Single Detached,44.785023279309236,-63.68494305273866
6119,BPRES-2022-14485,,145000,New Building,New Building,Withdrawn,LOWER SACKVILLE,District 15,0,1,Accessory Structure,44.759386707034416,-63.65391593501176
6120,BPRES-2022-14566,,500,Renovation,Renovation,Applicant Revisions,BEAVER BANK,District 15,1,2,Dwelling - Multiple Units,44.852734525100246,-63.683925832668876
6121,BPRES-2022-14642,2022-11-24,600000,New Building,New Building,Completed,WEST PORTERS LAKE,District 02,1,2,Dwelling - Single Detached,44.698138411952364,-63.30598332661104
6122,BPRES-2022-14662,2022-11-22,200000,New Building,New Building,Completed,BEECHVILLE,District 12,1,3,Dwelling - Single Detached,44.638218340179215,-63.676853440678286
6123,BPRES-2022-14679,2023-04-26,1000,Renovation,Renovation,Cancelled,LOWER SACKVILLE,District 15,1,3,Dwelling - Multiple Units,44.77481645373858,-63.65849906235162
6124,BPRES-2022-14695,2022-12-12,425000,New Building,New Building,Cancelled,OAKFIELD,District 01,1,1,Dwelling - Single Detached,44.92278004268186,-63.55629040904288
6125,BPRES-2022-14730,2023-01-11,750000,New Building,New Building,Completed,WELLINGTON,District 01,1,2,Dwelling - Single Detached,44.88589552360636,-63.627192323903735
6126,BPRES-2022-14751,2022-12-09,200000,Renovation,Renovation,Expired,DARTMOUTH,District 05,0,3,Dwelling - Multiple Units,44.68623209992623,-63.58604991789375
6127,BPRES-2022-14788,2022-12-05,425000,New Building,New Building,Completed,OAKFIELD,District 01,1,2,Dwelling - Single Detached,44.924269060288495,-63.55642814011178
6128,BPRES-2022-14795,2022-12-08,425000,New Building,New Building,Completed,OAKFIELD,District 01,1,1,Dwelling - Single Detached,44.925871890164935,-63.557963504072234
6129,BPRES-2022-14809,2022-11-30,42852,Renovation,Renovation,Completed,HUBLEY,District 13,0,2,Dwelling - Single Detached,44.65254604688352,-63.82750865988257
6130,BPRES-2022-14833,2023-10-31,96000,Renovation,Renovation,Expired,DARTMOUTH,District 05,0,3,Dwelling - Multiple Units,44.672838123843285,-63.557723311828205
6131,BPRES-2022-14863,2022-11-25,27199,Renovation,Renovation,Completed,FALL RIVER,District 01,0,2,Dwelling - Single Detached,44.811696440181656,-63.63716641318058
6132,BPRES-2022-14875,2022-11-30,40000,New Building,New Building,Issued,PROSPECT BAY,District 13,0,2,Accessory Structure,44.5244038720267,-63.77170996029803
6133,BPRES-2022-14885,2023-01-06,400000,New Building,New Building,Completed,CONROD SETTLEMENT,District 02,1,1,Dwelling - Single Detached,44.76649419633915,-63.23343999947854
6134,BPRES-2022-14897,2022-12-09,400000,New Building,New Building,Completed,BLIND BAY,District 13,1,1,Dwelling - Single Detached,44.51588343190173,-63.819044793500794
6135,BPRES-2022-14924,2023-03-27,258000,Renovation,Renovation,Completed,DARTMOUTH,District 05,1,2,Dwelling - Multiple Units,44.680529072657556,-63.55146684662568
6136,BPRES-2022-14975,2022-12-14,51000,Renovation,Renovation,Expired,DARTMOUTH,District 05,0,2,Dwelling - Single Detached,44.660366714001256,-63.55419132417868
6137,BPRES-2022-15030,2022-12-05,330000,New Building,New Building,Issued,KINSAC,District 15,1,2,Dwelling - Single Detached,44.84409070234221,-63.66182744704539
6138,BPRES-2022-15053,2022-12-01,12500,Renovation,Renovation,Expired,HALIFAX,District 09,0,2,Dwelling - Single Detached,44.6451998540262,-63.609682262402366
6139,BPRES-2022-15082,2022-12-16,445792.07,New Building,New Building,Completed,ELDERBANK,District 01,1,1,Dwelling - Single Detached,44.965188561145254,-63.20591463299628
6140,BPRES-2022-15113,,800,Renovation,Renovation,Withdrawn,DARTMOUTH,District 03,1,2,Dwelling - Multiple Units,44.64830695722004,-63.53602515703086
6141,BPRES-2022-15142,2023-06-29,125000,Addition,Addition,Expired,EAST PRESTON,District 04,1,2,Dwelling - Semi-Detached,44.7121325771811,-63.41046033052664
6142,BPRES-2022-15148,2022-12-13,35000,New Building,New Building,Amendment Applicant Revisions,MIDDLE PORTERS LAKE,District 02,0,1,Accessory Structure,44.70495497710607,-63.29156463957033
6143,BPRES-2022-15187,2022-12-08,675000,New Building,New Building,Issued,TERENCE BAY,District 13,1,2,Dwelling - Single Detached,44.49928322892121,-63.73605987519365
6144,BPRES-2022-15193,2023-11-06,25000,Addition,Addition,Expired,DARTMOUTH,District 05,0,1,Dwelling - Single Detached,44.683077063739226,-63.573573045683965
6145,BPRES-2022-15235,2022-12-20,750000,New Building,New Building,Completed,BEDFORD,District 16,1,2,Dwelling - Single Detached,44.7004639342623,-63.712753574919205
6146,BPRES-2022-15268,2022-12-08,200000,New Building,New Building,Completed,BEECHVILLE,District 12,1,2,Dwelling - Single Detached,44.6381404001017,-63.676783628303525
6147,BPRES-2022-15328,2022-12-08,30000,New Building,New Building,Completed,DARTMOUTH,District 06,0,1,Accessory Structure,44.68638185540638,-63.50785605214209
6148,BPRES-2022-15401,2022-12-12,225000,New Building,New Building,Completed,HAMMONDS PLAINS,District 14,1,2,Dwelling - Backyard Suite,44.76730849374991,-63.774389850384324
6149,BPRES-2022-15445,2023-03-08,575000,New Building,New Building,Issued,HALIFAX,District 07,1,3,Dwelling - Single Detached,44.633250645153424,-63.587842460731146
6150,BPRES-2022-15500,2022-12-16,30000,New Building,New Building,Completed,PORTERS LAKE,District 02,0,1,Accessory Structure,44.71140186444686,-63.30985233043143
6151,BPRES-2022-15540,2023-01-11,60000,Renovation,Renovation,Issued,HALIFAX,District 09,0,2,Dwelling - Single Detached,44.648124105711865,-63.60959717592435
6152,BPRES-2022-15570,2023-03-03,255000,Addition,Addition,Issued,BEDFORD,District 16,0,2,Dwelling - Single Detached,44.71909117529754,-63.67637547096484
6153,BPRES-2022-15662,2022-12-22,15000,Addition,Addition,Completed,WHITES LAKE,District 13,0,1,Dwelling - Single Detached,44.525159125624846,-63.76724854715446
6154,BPRES-2022-15674,2023-01-03,194000,New Building,New Building,Expired,HALIFAX,District 11,1,2,Dwelling - Single Detached,44.60700033000214,-63.601191060752384
6155,BPRES-2022-15702,2022-12-22,800000,New Building,New Building,Completed,HAMMONDS PLAINS,District 14,1,1,Dwelling - Single Detached,44.75928955531641,-63.768318638638654
6156,BPRES-2022-15721,2023-02-22,400000,New Building,New Building,Completed,LOWER PROSPECT,District 13,1,2,Dwelling - Single Detached,44.45864272654862,-63.723686368714425
6157,BPRES-2022-15789,2023-01-12,250000,New Building,New Building,Completed,WESTPHAL,District 04,1,1,Dwelling - Single Detached,44.701173063949064,-63.45297376617422
6158,BPRES-2022-15820,2024-03-22,429000,New Building,New Building,Expired,EAST PRESTON,District 04,1,2,Dwelling - Single Detached,44.71523709384391,-63.43329673764325
6159,BPRES-2022-15875,2023-01-05,3147.49,Renovation,Renovation,Expired,HALIFAX,District 09,0,1,Dwelling - Multiple Units,44.649659076579795,-63.609432481604415
6160,BPRES-2022-15897,2023-01-04,33000,Renovation,Renovation,Completed,HALIFAX,District 11,0,3,Dwelling - Single Detached,44.61209110038921,-63.62377877107998
6161,BPRES-2022-15943,2023-01-12,194000,New Building,New Building,Issued,HALIFAX,District 11,1,2,Dwelling - Single Detached,44.60688433902123,-63.60146883613245
6162,BPRES-2022-15950,2023-01-25,297359,New Building,New Building,Completed,WEST PETPESWICK,District 02,1,1,Dwelling - Single Detached,44.73804329802748,-63.177345420857
6163,BPRES-2023-00018,2023-01-31,700000,New Building,New Building,Completed,HALIFAX,District 07,1,2,Dwelling - Single Detached,44.6385371161609,-63.60318908326481
6164,BPRES-2023-00037,2023-02-08,10000,Renovation,Renovation,Expired,HALIFAX,District 08,0,3,Dwelling - Townhouse,44.66391805014518,-63.6025042940216
6165,BPRES-2023-00088,2023-01-10,60000,Addition,Addition,Completed,BEAVER BANK,District 15,0,2,Dwelling - Single Detached,44.837465110294595,-63.6778731116891
6166,BPRES-2023-00136,,,Renovation,Renovation,Application Incomplete,DARTMOUTH,District 06,1,1,Dwelling - Single Detached,44.680608301243566,-63.51668951868324
6167,BPRES-2023-00233,2023-01-17,29438,Addition,Addition,Completed,MIDDLE SACKVILLE,District 14,0,1,Dwelling - Single Detached,44.7780830408288,-63.70573350058916
6168,BPRES-2023-00294,2023-03-09,43000,New Building,New Building,Expired,GLEN MARGARET,District 13,0,1,Accessory Structure,44.58535439422018,-63.92066286129941
6169,BPRES-2023-00370,,150000,Addition,Addition,Withdrawn,HALIFAX,District 10,1,3,Dwelling - Multiple Units,44.658302284578745,-63.632106623622164
6170,BPRES-2023-00407,2023-03-23,425000,New Building,New Building,Issued,LAKE LOON,District 04,1,2,Dwelling - Single Detached,44.70848699565094,-63.514008506228855
6171,BPRES-2023-00442,2023-03-15,70000,New Building,New Building,Expired,BEAVER BANK,District 15,0,1,Accessory Structure,44.8421434815384,-63.66738462004309
6172,BPRES-2023-00466,2023-01-19,35000,New Building,New Building,Completed,DARTMOUTH,District 05,0,1,Accessory Structure,44.67964154834594,-63.58077364871493
6173,BPRES-2023-00499,2023-03-22,495000,New Building,New Building,Completed,HUBLEY,District 13,1,2,Dwelling - Single Detached,44.657900241390905,-63.78668877091223
6174,BPRES-2023-00540,2023-09-29,500000,New Building,New Building,Issued,HALIFAX,District 10,2,2,Dwelling - Multiple Units,44.67894329147172,-63.65973006111054
6175,BPRES-2023-00563,2023-12-13,156000,Renovation,Renovation,Completed,HALIFAX,District 07,0,2,Dwelling - Single Detached,44.63948476182728,-63.59955063369112
6176,BPRES-2023-00623,,52000,Addition,Addition,Application Incomplete,DARTMOUTH,District 05,0,1,Dwelling - Single Detached,44.6765687198998,-63.554914462996464
6177,BPRES-2023-00649,2023-09-18,9000,Renovation,Renovation,Completed,TIMBERLEA,District 12,1,2,Dwelling - Multiple Units,44.662435489611326,-63.750657650719916
6178,BPRES-2023-00673,2023-03-14,500000,New Building,New Building,Completed,HALIFAX,District 08,2,3,Dwelling - Multiple Units,44.65271216453767,-63.59118874705441
6179,BPRES-2023-00695,2023-06-19,15000,Addition,Addition,Completed,DARTMOUTH,District 05,1,2,Dwelling - Multiple Units,44.66773567875565,-63.57708498063337
6180,BPRES-2023-00703,2024-03-11,385000,New Building,New Building,Completed,COW BAY,District 03,1,2,Dwelling - Single Detached,44.62293903888083,-63.44613548019293
6181,BPRES-2023-00762,2023-03-16,18000,New Building,New Building,Expired,EAST PRESTON,District 04,0,1,Accessory Structure,44.72076420051818,-63.40955293677178
6182,BPRES-2023-00816,2025-07-02,660000,New Building,New Building,Issued,WILLIAMSWOOD,District 11,1,1,Dwelling - Single Detached,44.48590779555123,-63.60508213360387
6183,BPRES-2023-00845,2023-02-06,3200,Renovation,Renovation,Cancelled,HALIFAX,District 08,0,2,Dwelling - Single Detached,44.66278341841267,-63.59728098442509
6184,BPRES-2023-00873,2023-05-01,200000,New Building,New Building,Expired,PORTERS LAKE,District 02,1,2,Dwelling - Single Detached,44.757646704983436,-63.327165678822645
6185,BPRES-2023-00887,2023-03-06,600000,New Building,New Building,Completed,BEECHVILLE,District 12,4,3,Dwelling - Townhouse,44.640790581559486,-63.67928539975175
6186,BPRES-2023-00887,2023-03-06,600000,New Building,New Building,Completed,BEECHVILLE,District 12,4,3,Dwelling - Townhouse,44.640790581559486,-63.67928539975175
6187,BPRES-2023-00912,,9750,Renovation,Renovation,Applicant Revisions,DARTMOUTH,District 05,-1,2,Dwelling - Multiple Units,44.681086806179074,-63.595531640981726
6188,BPRES-2023-00937,2025-11-24,2500,Renovation,Renovation,Completed,HALIFAX,District 10,1,3,Dwelling - Multiple Units,44.65457645056841,-63.634759211019876
6189,BPRES-2023-00962,2023-02-06,250000,New Building,New Building,Completed,EAST JEDDORE,District 02,1,1,Dwelling - Single Detached,44.742320140108035,-63.01512136659623
6190,BPRES-2023-00981,2023-04-25,535000,New Building,New Building,Completed,PORTERS LAKE,District 02,1,2,Dwelling - Single Detached,44.71748893819162,-63.30744437814698
6191,BPRES-2023-01002,2023-02-06,4000,Renovation,Renovation,Expired,HALIFAX,District 11,1,3,Dwelling - Townhouse,44.60216471351604,-63.61349980902069
6192,BPRES-2023-01034,2023-03-09,9000,New Building,New Building,Expired,PORTERS LAKE,District 02,0,1,Accessory Structure,44.73701668136889,-63.282085460848485
6193,BPRES-2023-01079,2023-03-21,453000,New Building,New Building,Completed,LAWRENCETOWN,District 02,1,2,Dwelling - Single Detached,44.6672506657417,-63.37833778150694
6194,BPRES-2023-01103,2023-02-07,25000,New Building,New Building,Completed,HEAD OF CHEZZETCOOK,District 02,0,1,Accessory Structure,44.75187419713024,-63.23490213377969
6195,BPRES-2023-01152,2023-02-10,109000,Renovation,Renovation,Completed,BEDFORD,District 16,0,2,Dwelling - Single Detached,44.713247893121185,-63.686078712056826
6196,BPRES-2023-01174,2023-05-02,185000,New Building,New Building,Completed,UPPER SACKVILLE,District 14,1,1,Dwelling - Backyard Suite,44.82527297302437,-63.76194222122316
6197,BPRES-2023-01220,2024-03-19,500000,New Building,New Building,Expired,HALIFAX,District 10,2,2,Dwelling - Multiple Units,44.678936723481755,-63.659918817232395
6198,BPRES-2023-01243,2023-02-13,600000,New Building,New Building,Completed,BEDFORD,District 16,1,2,Dwelling - Single Detached,44.70547935589101,-63.72231337159515
6199,BPRES-2023-01303,2023-04-18,136000,Renovation,Renovation,Expired,,District 08,0,3,Dwelling - Multiple Units,44.65132749151296,-63.5852297081119
6200,BPRES-2023-01358,2025-07-14,790000,New Building,New Building,Cancelled,HALIFAX,District 10,2,2,Dwelling - Semi-Detached,44.671327754952536,-63.65127252919142
6201,BPRES-2023-01380,2023-05-10,120000,New Building,New Building,Completed,HALIFAX,District 08,1,2,Dwelling - Backyard Suite,44.670019324615765,-63.61053316588044
6202,BPRES-2023-01388,2023-02-23,230000,Addition,Addition,Expired,GOODWOOD,District 13,0,2,Dwelling - Single Detached,44.59624662312354,-63.6994850887145
6203,BPRES-2023-01403,2023-07-14,95000,New Building,New Building,Expired,HATCHET LAKE,District 13,1,2,Dwelling - Backyard Suite,44.57278539977735,-63.70851219273521
6204,BPRES-2023-01420,2023-03-22,95000,Addition,Addition,Completed,DARTMOUTH,District 06,0,1,Dwelling - Single Detached,44.69088580864417,-63.53684478594785
6205,BPRES-2023-01458,2023-03-16,20000,New Building,New Building,Expired,PROSPECT BAY,District 13,0,1,Accessory Structure,44.51099268111389,-63.7820280122505
6206,BPRES-2023-01478,2023-02-22,500000,New Building,New Building,Completed,BROOKSIDE,District 13,1,2,Dwelling - Single Detached,44.54618608011359,-63.719885427258475
6207,BPRES-2023-01532,2023-05-12,35800,Renovation,Renovation,Cancelled,LOWER SACKVILLE,District 15,0,2,Dwelling - Multiple Units,44.765770157949184,-63.68371541704643
6208,BPRES-2023-01619,2023-02-27,368000,New Building,New Building,Issued,MUSHABOOM,District 02,1,1,Dwelling - Single Detached,44.850077126168195,-62.53061720258724
6209,BPRES-2023-01668,2023-03-13,300000,New Building,New Building,Issued,EAST JEDDORE,District 02,1,1,Dwelling - Single Detached,44.744748232567545,-63.016130068925925
6210,BPRES-2023-01711,2023-03-22,800000,New Building,New Building,Completed,BEDFORD,District 16,1,2,Dwelling - Single Detached,44.705561417185486,-63.72251354170631
6211,BPRES-2023-01802,2023-03-06,80195.05,Addition,Addition,Expired,ENFIELD,District 01,0,1,Dwelling - Single Detached,44.94076543973885,-63.51887091311201
6212,BPRES-2023-01878,2023-11-14,800000,New Building,New Building,Issued,HALIFAX,District 11,4,2,Dwelling - Multiple Units,44.62400723395196,-63.619706120061466
6213,BPRES-2023-01878,2023-11-14,800000,New Building,New Building,Issued,HALIFAX,District 11,4,2,Dwelling - Multiple Units,44.62400723395196,-63.619706120061466
6214,BPRES-2023-01927,,31000,Renovation,Renovation,Withdrawn,DARTMOUTH,District 03,1,1,Dwelling - Multiple Units,44.66409736126836,-63.54524282303952
6215,BPRES-2023-01957,,60000,New Building,New Building,Withdrawn,LOWER SACKVILLE,District 15,1,1,Dwelling - Backyard Suite,44.78133086570454,-63.67838133766166
6216,BPRES-2023-02027,2023-04-13,40000,New Building,New Building,Expired,BEDFORD,District 16,0,1,Accessory Structure,44.72411816969577,-63.673495906909416
6217,BPRES-2023-02071,2023-05-11,239500,Addition,Addition,Amendment Applicant Revisions,DARTMOUTH,District 05,1,2,Dwelling - Multiple Units,44.67291756592704,-63.586535118735284
6218,BPRES-2023-02137,2023-05-16,450000,New Building,New Building,Completed,LAWRENCETOWN,District 02,1,1,Dwelling - Single Detached,44.64848987313853,-63.407501705606784
6219,BPRES-2023-02196,,125000,Renovation,Renovation,Cancelled,BEDFORD,District 16,1,2,Dwelling - Multiple Units,44.73534002631754,-63.652146841322
6220,BPRES-2023-02247,2023-05-16,160000,New Building,New Building,Completed,WHITES LAKE,District 13,1,2,Dwelling - Single Detached,44.542931913934396,-63.737895192239726
6221,BPRES-2023-02295,2023-03-20,2000,Renovation,Renovation,Expired,DARTMOUTH,District 03,0,1,Dwelling - Multiple Units,44.65107821595345,-63.531874157558036
6222,BPRES-2023-02326,2023-05-08,342000,New Building,New Building,Amendment Requested,HALIFAX,District 11,1,3,Dwelling - Single Detached,44.6248602448929,-63.59283763006797
6223,BPRES-2023-02346,2023-03-14,600000,New Building,New Building,Completed,BROOKSIDE,District 13,1,2,Dwelling - Single Detached,44.529777992553484,-63.70951534762952
6224,BPRES-2023-02356,2023-09-19,22000000,Addition,Addition,Issued,HALIFAX,District 07,71,9,Dwelling - Multiple Units,44.6403300005738,-63.570035027251244
6225,BPRES-2023-02356,2023-09-19,22000000,Addition,Addition,Issued,HALIFAX,District 07,71,9,Dwelling - Multiple Units,44.6403300005738,-63.570035027251244
6226,BPRES-2023-02382,2023-03-10,600000,New Building,New Building,Completed,HAMMONDS PLAINS,District 14,1,2,Dwelling - Single Detached,44.70075282658115,-63.80827301597979
6227,BPRES-2023-02392,2023-05-03,44000,Renovation,Renovation,Completed,TIMBERLEA,District 12,1,3,Dwelling - Semi-Detached,44.639211084816786,-63.70160799784543
6228,BPRES-2023-02426,2023-07-12,10000,Renovation,Renovation,Completed,DARTMOUTH,District 05,1,2,Dwelling - Multiple Units,44.666881198153334,-63.58039151031156
6229,BPRES-2023-02457,2023-06-21,345000,New Building,New Building,Issued,HALIFAX,District 09,0,3,Dwelling - Single Detached,44.63562058919133,-63.6244353564166
6230,BPRES-2023-02483,,5200,Addition,Addition,Applicant Revisions,HALIFAX,District 10,0,1,Dwelling - Single Detached,44.65551711359229,-63.636897884322615
6231,BPRES-2023-02504,2023-04-19,850000,New Building,New Building,Completed,BEAVER BANK,District 15,2,1,Dwelling - Multiple Units,44.85124414965986,-63.68262949318019
6232,BPRES-2023-02517,2023-03-28,300000,New Building,New Building,Expired,TANTALLON,District 13,1,2,Dwelling - Single Detached,44.65628472616978,-63.896603927642545
6233,BPRES-2023-02541,2023-04-13,372000,New Building,New Building,Completed,LOWER SACKVILLE,District 15,1,1,Dwelling - Single Detached,44.7649857657697,-63.64240547516604
6234,BPRES-2023-02593,2023-03-17,40000,New Building,New Building,Completed,MIDDLE SACKVILLE,District 14,0,1,Accessory Structure,44.815344122341926,-63.71962820395578
6235,BPRES-2023-02627,2024-01-09,633000,New Building,New Building,Completed,HALIFAX,District 11,1,2,Dwelling - Single Detached,44.62437243931285,-63.58935620461133
6236,BPRES-2023-02666,2024-06-04,215000,Addition,Addition,Expired,LAKESIDE,District 12,0,2,Dwelling - Single Detached,44.639160388752586,-63.69388170842404
6237,BPRES-2023-02703,,411000,New Building,New Building,Withdrawn,EAST PETPESWICK,District 02,1,2,Dwelling - Single Detached,44.687516012498484,-63.14667182119281
6238,BPRES-2023-02731,2023-03-23,600000,New Building,New Building,Completed,BEECHVILLE,District 12,4,3,Dwelling - Townhouse,44.64090024659392,-63.67969300679523
6239,BPRES-2023-02760,2023-04-04,111000,Renovation,Renovation,Completed,DARTMOUTH,District 03,1,1,Dwelling - Backyard Suite,44.664286360178515,-63.54629563358113
6240,BPRES-2023-02803,2023-04-18,30000,New Building,New Building,Completed,WEST LOON LAKE,District 01,0,1,Accessory Structure,45.26245986935257,-62.72633188944228
6241,BPRES-2023-02810,2023-04-12,12100,New Building,New Building,Completed,MIDDLE SACKVILLE,District 14,0,1,Accessory Structure,44.81437597843066,-63.74890937480052
6242,BPRES-2023-02830,2023-08-18,436000,New Building,New Building,Issued,HALIFAX,District 11,2,3,Dwelling - Semi-Detached,44.61890970093261,-63.61400296893346
6243,BPRES-2023-02846,2023-09-05,500000,New Building,New Building,Completed,DARTMOUTH,District 05,2,3,Dwelling - Multiple Units,44.67519939733978,-63.56305828347889
6244,BPRES-2023-02859,2023-03-24,100000,Addition,Addition,Expired,HALIFAX,District 09,0,2,Dwelling - Single Detached,44.640007004473524,-63.63348116047832
6245,BPRES-2023-02908,2023-04-12,1350000,New Building,New Building,Completed,,District 12,6,3,Dwelling - Townhouse,,
6246,BPRES-2023-02958,2023-03-24,25000,New Building,New Building,Issued,MIDDLE SACKVILLE,District 14,0,1,Accessory Structure,44.79680717029155,-63.72494021335873
6247,BPRES-2023-02974,2023-05-11,46000,New Building,New Building,Completed,HALIFAX,District 08,0,1,Accessory Structure,44.65503066670422,-63.611242837000546
6248,BPRES-2023-03011,2023-05-10,15800,Addition,Addition,Completed,HALIFAX,District 11,0,1,Dwelling - Single Detached,44.6205461007723,-63.61486736554539
6249,BPRES-2023-03052,,32600,New Building,New Building,Applicant Revisions,BEAVER BANK,District 15,0,1,Accessory Structure,44.801861796215306,-63.67212155403521
6250,BPRES-2023-03125,2023-04-20,640000,New Building,New Building,Completed,MONTAGUE GOLD MINES,District 01,1,3,Dwelling - Single Detached,44.723979813031704,-63.5234231361957
6251,BPRES-2023-03140,2023-04-11,15000,New Building,New Building,Completed,HUBBARDS,District 13,0,1,Accessory Structure,44.64186473129877,-64.05116635069571
6252,BPRES-2023-03190,,,Renovation,Renovation,Withdrawn,GRAND LAKE,District 01,0,1,Dwelling - Backyard Suite,44.877755004000065,-63.603668266076234
6253,BPRES-2023-03293,2023-04-04,2500,Renovation,Renovation,Expired,HALIFAX,District 07,0,8,Dwelling - Multiple Units,44.6427672567122,-63.569268130226405
6254,BPRES-2023-03318,2023-04-04,45000,New Building,New Building,Expired,LAWRENCETOWN,District 02,0,1,Accessory Structure,44.64826673172492,-63.37384680138872
6255,BPRES-2023-03330,2023-04-03,5000,Renovation,Renovation,Expired,DARTMOUTH,District 03,0,2,Dwelling - Single Detached,44.66242278483175,-63.50550390736132
6256,BPRES-2023-03354,2023-04-12,35000,New Building,New Building,Completed,HEAD OF ST MARGARETS BAY,District 13,0,2,Accessory Structure,44.68738004058263,-63.90305715096543
6257,BPRES-2023-03421,2023-05-10,400000,Addition,Addition,Expired,HALIFAX,District 09,0,2,Dwelling - Single Detached,44.648072578805326,-63.614314296644885
6258,BPRES-2023-03495,2023-04-17,469247.35,New Building,New Building,Completed,MINEVILLE,District 02,1,1,Dwelling - Single Detached,44.68867350469825,-63.364810274862045
6259,BPRES-2023-03516,2024-11-19,608000,New Building,New Building,Issued,HALIFAX,District 11,4,3,Dwelling - Multiple Units,44.61577774013249,-63.62095392239779
6260,BPRES-2023-03524,2023-06-13,94500,New Building,New Building,Completed,WINDSOR JUNCTION,District 01,1,1,Dwelling - Backyard Suite,44.79693027100232,-63.641758068021545
6261,BPRES-2023-03551,2023-04-11,28259,Renovation,Renovation,Expired,HAMMONDS PLAINS,District 14,0,1,Dwelling - Single Detached,44.76466267927437,-63.79171003406535
6262,BPRES-2023-03584,2023-06-15,275000,Renovation,Renovation,Completed,HALIFAX,District 09,0,1,Dwelling - Single Detached,44.63538821197232,-63.630500873660566
6263,BPRES-2023-03601,2025-05-28,500000,New Building,New Building,Issued,DARTMOUTH,District 03,4,3,Dwelling - Multiple Units,44.65834221433534,-63.54735879151722
6264,BPRES-2023-03619,2023-04-27,122000,Renovation,Renovation,Cancelled,HAMMONDS PLAINS,District 14,0,2,Dwelling - Single Detached,44.733275697973944,-63.80815508904049
6265,BPRES-2023-03636,2023-10-16,850000,New Building,New Building,Completed,HALIFAX,District 11,4,2,Dwelling - Multiple Units,44.62274551092223,-63.61961968210907
6266,BPRES-2023-03668,2023-05-26,91000,Renovation,Renovation,Expired,DARTMOUTH,District 05,0,1,Dwelling - Single Detached,44.6759811384578,-63.56488710000544
6267,BPRES-2023-03676,2023-06-08,65000,New Building,New Building,Completed,BAYSIDE,District 13,1,2,Dwelling - Backyard Suite,44.53499892668364,-63.796393742441396
6268,BPRES-2023-03697,,530000,Addition,Addition,Application Incomplete,EASTERN PASSAGE,District 03,1,1,Dwelling - Single Detached,44.60949803431122,-63.4788961606511
6269,BPRES-2023-03740,2023-06-01,20000,Renovation,Renovation,Completed,HALIFAX,District 08,1,3,Dwelling - Multiple Units,44.652435100364166,-63.59019316078606
6270,BPRES-2023-03773,2023-04-13,1031000,New Building,New Building,Completed,MIDDLE SACKVILLE,District 14,1,2,Dwelling - Single Detached,44.78031786515076,-63.739259638788006
6271,BPRES-2023-03846,2023-04-25,60000,Renovation,Renovation,Completed,WELLINGTON,District 01,0,1,Dwelling - Single Detached,44.852018327925585,-63.609434965589166
6272,BPRES-2023-03891,2023-06-27,15000,Renovation,Renovation,Completed,HALIFAX,District 07,0,2,Dwelling - Single Detached,44.639645344654305,-63.5764918209907
6273,BPRES-2023-03905,2023-04-18,35000,New Building,New Building,Completed,HUBLEY,District 13,0,1,Accessory Structure,44.665495840164624,-63.790722466699435
6274,BPRES-2023-03929,2023-05-16,300000,New Building,New Building,Issued,SEAFORTH,District 02,1,1,Dwelling - Single Detached,44.67496217505484,-63.25475873132843
6275,BPRES-2023-03940,2023-07-25,2100000,New Building,New Building,Amendment Applicant Revisions,HALIFAX,District 07,1,3,Dwelling - Single Detached,44.63550338377159,-63.60001180127058
6276,BPRES-2023-03996,2023-05-02,510877,New Building,New Building,Completed,PORTUGUESE COVE,District 11,1,1,Dwelling - Single Detached,44.52275034063903,-63.54505760275464
6277,BPRES-2023-04042,2023-12-13,950000,New Building,New Building,Issued,WELLINGTON,District 01,1,2,Dwelling - Single Detached,44.84967237904812,-63.609365464407105
6278,BPRES-2023-04072,2023-05-26,102000,New Building,New Building,Expired,MUSQUODOBOIT HARBOUR,District 02,0,2,Accessory Structure,44.803118489400035,-63.163166062803235
6279,BPRES-2023-04102,2023-05-11,30000,New Building,New Building,Expired,WINDSOR JUNCTION,District 01,0,1,Accessory Structure,44.779360901135504,-63.622369935586875
6280,BPRES-2023-04150,2023-04-24,30000,New Building,New Building,Expired,FALL RIVER,District 01,0,1,Accessory Structure,44.8299437567119,-63.6323436376232
6281,BPRES-2023-04170,2023-04-19,125000,New Building,New Building,Completed,UPPER TANTALLON,District 13,0,1,Accessory Structure,44.734253984148694,-63.8831730941749
6282,BPRES-2023-04228,2023-07-04,10000,New Building,New Building,Expired,WAVERLEY,District 01,0,1,Accessory Structure,44.77687453491854,-63.60340296289984
6283,BPRES-2023-04246,2023-04-26,16500,New Building,New Building,Completed,LAWRENCETOWN,District 02,0,1,Accessory Structure,44.700314027516825,-63.4335933987621
6284,BPRES-2023-04295,2023-04-24,90000,Renovation,Renovation,Completed,HALIFAX,District 16,0,2,Dwelling - Townhouse,44.692833736780834,-63.68109886087912
6285,BPRES-2023-04313,2024-05-23,4500,Renovation,Renovation,Completed,COLE HARBOUR,District 04,1,2,Dwelling - Multiple Units,44.67616105857896,-63.4900240409307
6286,BPRES-2023-04342,2023-05-01,48100,Renovation,Renovation,Expired,DARTMOUTH,District 05,0,2,Dwelling - Single Detached,44.676710606852005,-63.586417826831315
6287,BPRES-2023-04373,,1400000,New Building,New Building,Application Incomplete,BEDFORD,District 16,4,3,Dwelling - Multiple Units,44.737264455213655,-63.65040600395546
6288,BPRES-2023-04389,2023-09-19,310000,New Building,New Building,Issued,BEDFORD,District 16,2,3,Dwelling - Multiple Units,44.73122538765956,-63.65398919175179
6289,BPRES-2023-04424,2023-04-27,400000,New Building,New Building,Completed,HALIFAX,District 11,2,3,Dwelling - Semi-Detached,44.60092138648975,-63.604239085428254
6290,BPRES-2023-04446,2023-06-30,546000,New Building,New Building,Completed,HALIFAX,District 11,4,2,Dwelling - Multiple Units,44.60251734320758,-63.60546233137808
6291,BPRES-2023-04446,2023-06-30,546000,New Building,New Building,Completed,HALIFAX,District 11,4,2,Dwelling - Multiple Units,44.60251734320758,-63.60546233137808
6292,BPRES-2023-04464,2023-04-26,400000,New Building,New Building,Completed,HALIFAX,District 11,2,3,Dwelling - Semi-Detached,44.60102411331747,-63.60442337107931
6293,BPRES-2023-04479,2023-06-07,15000,Addition,Addition,Completed,HALIFAX,District 11,0,2,Dwelling - Single Detached,44.62659195289071,-63.59608740493234
6294,BPRES-2023-04525,2023-07-31,8000,New Building,New Building,Issued,EAST LAWRENCETOWN,District 02,0,1,Accessory Structure,44.65845925098843,-63.327306497383155
6295,BPRES-2023-04553,2023-06-16,220500,New Building,New Building,Completed,MEAGHERS GRANT,District 01,1,1,Dwelling - Single Detached,44.94439688160395,-63.25803206989433
6296,BPRES-2023-04619,2023-07-11,275000,New Building,New Building,Expired,TERENCE BAY,District 13,1,1,Dwelling - Single Detached,44.471058069181275,-63.72013811818443
6297,BPRES-2023-04652,2023-08-01,750000,New Building,New Building,Completed,FALL RIVER,District 01,1,3,Dwelling - Single Detached,44.82608263996672,-63.63956365373893
6298,BPRES-2023-04688,2023-07-19,11563025,New Building,New Building,Issued,UPPER HAMMONDS PLAINS,District 14,73,1,Dwelling - Townhouse,44.7669786182403,-63.84976112077129
6299,BPRES-2023-04745,2023-05-08,501000,New Building,New Building,Completed,BEDFORD,District 16,2,3,Dwelling - Semi-Detached,44.72663508890054,-63.66526690722229
6300,BPRES-2023-04786,2023-06-06,50000,New Building,New Building,Expired,MURPHY COVE,District 02,0,1,Accessory Structure,44.78131275951631,-62.763060953285596
6301,BPRES-2023-04805,2023-05-03,52000,Renovation,Renovation,Expired,COLE HARBOUR,District 04,0,2,Dwelling - Single Detached,44.65584323188135,-63.48253395987857
6302,BPRES-2023-04843,2023-05-17,37000,New Building,New Building,Completed,BROOKSIDE,District 13,0,1,Accessory Structure,44.53870325107407,-63.71226852862244
6303,BPRES-2023-04859,2023-06-19,150000,Addition,Addition,Expired,BEAVER BANK,District 15,0,2,Dwelling - Single Detached,44.84612010156236,-63.68110978017226
6304,BPRES-2023-04896,2023-05-03,22000,New Building,New Building,Completed,EASTERN PASSAGE,District 03,0,1,Accessory Structure,44.603196018543926,-63.47094982503646
6305,BPRES-2023-04928,2023-05-08,330000,New Building,New Building,Completed,WAVERLEY,District 01,1,2,Dwelling - Single Detached,44.78319630883154,-63.59938072406436
6306,BPRES-2023-04991,2023-08-22,30000,New Building,New Building,Expired,,Unidentified,0,1,Accessory Structure,,
6307,BPRES-2023-05026,2023-05-08,750000,New Building,New Building,Completed,HUBLEY,District 13,1,2,Dwelling - Single Detached,44.66303669258548,-63.80929445082776
6308,BPRES-2023-05053,2023-05-04,20000,New Building,New Building,Completed,CARROLLS CORNER,District 01,0,1,Accessory Structure,45.01860008261484,-63.377744668567246
6309,BPRES-2023-05071,2023-05-03,15568,New Building,New Building,Issued,LUCASVILLE,District 14,0,1,Accessory Structure,44.75999997621879,-63.72203875109938
6310,BPRES-2023-05111,2023-06-05,320000,New Building,New Building,Completed,MYERS POINT,District 02,1,1,Dwelling - Single Detached,44.76379889262926,-63.04113179435123
6311,BPRES-2023-05128,,450000,New Building,New Building,Withdrawn,PORTUGUESE COVE,District 11,1,2,Dwelling - Single Detached,44.51449482039262,-63.54414977106497
6312,BPRES-2023-05166,2023-06-02,360000,New Building,New Building,Completed,BEDFORD,District 16,1,3,Dwelling - Single Detached,44.706483847079554,-63.72321371185167
6313,BPRES-2023-05183,2023-07-28,830000,New Building,New Building,Issued,HALIFAX,District 09,1,3,Dwelling - Single Detached,44.64129204772705,-63.63209704293041
6314,BPRES-2023-05244,2024-01-04,750000,New Building,New Building,Cancelled,HALIFAX,District 09,1,2,Dwelling - Single Detached,44.64227064140259,-63.62498078946153
6315,BPRES-2023-05263,,40000,Renovation,Renovation,Application Incomplete,MIDDLE SACKVILLE,District 14,0,1,Dwelling - Single Detached,44.78398059521389,-63.69892998475082
6316,BPRES-2023-05345,,550000,New Building,New Building,Withdrawn,HUBBARDS,District 13,0,1,Accessory Structure,44.62817225611663,-64.03295037424313
6317,BPRES-2023-05383,2023-06-02,38600,New Building,New Building,Expired,WESTPHAL,District 04,0,1,Accessory Structure,44.69659317601636,-63.482859136330575
6318,BPRES-2023-05410,2023-05-09,800000,New Building,New Building,Completed,HAMMONDS PLAINS,District 14,1,2,Dwelling - Single Detached,44.75965837443847,-63.767905948357416
6319,BPRES-2023-05433,2023-05-16,50000,Renovation,Renovation,Expired,MIDDLE SACKVILLE,District 14,0,1,Dwelling - Single Detached,44.78174434663094,-63.69805109189137
6320,BPRES-2023-05455,2023-05-15,250000,New Building,New Building,Completed,TIMBERLEA,District 12,1,2,Dwelling - Single Detached,44.63988861826642,-63.72235842321601
6321,BPRES-2023-05536,,7000,New Building,New Building,Applicant Revisions,DARTMOUTH,District 05,0,1,Accessory Structure,44.68499962701744,-63.569389513834295
6322,BPRES-2023-05579,2023-06-23,501000,New Building,New Building,Completed,BEDFORD,District 16,2,3,Dwelling - Semi-Detached,44.726761459062224,-63.6650856566643
6323,BPRES-2023-05623,2024-09-13,35000,New Building,New Building,Issued,WEST CHEZZETCOOK,District 02,0,1,Accessory Structure,44.7367815507373,-63.279059957348004
6324,BPRES-2023-05647,2023-06-08,38000,New Building,New Building,Expired,HUBBARDS,District 13,0,1,Accessory Structure,44.64436653284377,-64.0671616607312
6325,BPRES-2023-05659,2023-08-17,554723,New Building,New Building,Issued,LAKE ECHO,District 02,1,1,Dwelling - Single Detached,44.735944975287666,-63.387502537294885
6326,BPRES-2023-05677,,175000,Addition,Addition,Applicant Revisions,SEABRIGHT,District 13,0,1,Dwelling - Single Detached,44.613975031214906,-63.9188283848195
6327,BPRES-2023-05723,,19700,Renovation,Renovation,Application Incomplete,DARTMOUTH,District 06,1,3,Dwelling - Multiple Units,44.677033209380035,-63.5484753601886
6328,BPRES-2023-05769,2023-05-23,501000,New Building,New Building,Completed,BEDFORD,District 16,2,3,Dwelling - Semi-Detached,44.7269005569163,-63.664901668290554
6329,BPRES-2023-05796,2023-06-21,100000,New Building,New Building,Expired,EAST PETPESWICK,District 02,1,2,Dwelling - Backyard Suite,44.6870947216752,-63.14907071073711
6330,BPRES-2023-05806,2023-05-24,224000,New Building,New Building,Completed,WEST PORTERS LAKE,District 02,1,1,Dwelling - Single Detached,44.69036569267968,-63.31572982813031
6331,BPRES-2023-05861,2023-09-19,396000,New Building,New Building,Completed,EASTERN PASSAGE,District 03,1,2,Dwelling - Single Detached,44.61706512442157,-63.46431229966143
6332,BPRES-2023-05931,2023-06-02,255000,New Building,New Building,Completed,WEST CHEZZETCOOK,District 02,1,1,Dwelling - Single Detached,44.716409390349476,-63.283455331846255
6333,BPRES-2023-05970,2023-06-30,700000,New Building,New Building,Completed,EAST PETPESWICK,District 02,1,2,Dwelling - Single Detached,44.686987544922054,-63.14815191046024
6334,BPRES-2023-05987,2023-06-06,52000,Renovation,Renovation,Expired,HALIFAX,District 07,0,2,Dwelling - Multiple Units,44.64026020853083,-63.57462275478048
6335,BPRES-2023-06005,2023-06-15,276000,New Building,New Building,Completed,LAKE EGMONT,District 01,1,1,Dwelling - Single Detached,44.99454955982508,-63.29966513027789
6336,BPRES-2023-06060,2023-07-18,102500,New Building,New Building,Completed,LAWRENCETOWN,District 02,0,1,Accessory Structure,44.64529047157942,-63.39057087712664
6337,BPRES-2023-06100,2023-06-15,485000,New Building,New Building,Completed,LEWIS LAKE,District 13,1,2,Dwelling - Single Detached,44.68096853623057,-63.8391778883283
6338,BPRES-2023-06115,,8000,New Building,New Building,Withdrawn,COLE HARBOUR,District 04,0,1,Accessory Structure,44.650869715604756,-63.48776849358352
6339,BPRES-2023-06135,2023-06-01,250000,New Building,New Building,Expired,ELMSVALE,District 01,1,1,Dwelling - Single Detached,45.07469560993379,-63.09853121491822
6340,BPRES-2023-06168,,385000,New Building,New Building,Withdrawn,PORTERS LAKE,District 02,1,1,Dwelling - Single Detached,44.738706640454716,-63.323996684582795
6341,BPRES-2023-06201,2023-11-09,152801.75,Renovation,Renovation,Completed,HALIFAX,District 11,1,2,Dwelling - Multiple Units,44.61819583741386,-63.60741192043118
6342,BPRES-2023-06216,2023-07-19,30000,Addition,Addition,Completed,HATCHET LAKE,District 13,0,1,Dwelling - Single Detached,44.584366582942344,-63.703623286338335
6343,BPRES-2023-06264,2023-07-21,21200,Addition,Addition,Completed,HAMMONDS PLAINS,District 14,0,1,Dwelling - Single Detached,44.73602294030716,-63.755523689475766
6344,BPRES-2023-06288,2023-07-06,13000,Renovation,Renovation,Completed,HALIFAX,District 09,1,3,Dwelling - Multiple Units,44.64913050557587,-63.629490032903476
6345,BPRES-2023-06300,2023-08-25,550000,New Building,New Building,Completed,DARTMOUTH,District 06,4,3,Dwelling - Multiple Units,44.68776726444413,-63.52512428791746
6346,BPRES-2023-06304,2023-07-19,6577089,New Building,New Building,Issued,UPPER HAMMONDS PLAINS,District 14,88,2,Dwelling - Townhouse,44.76589589864854,-63.856439513428306
6347,BPRES-2023-06318,2023-07-25,150000,Addition,Addition,Cancelled,DARTMOUTH,District 06,1,2,Dwelling - Multiple Units,44.67799358222475,-63.53491139471309
6348,BPRES-2023-06398,2023-06-22,460000,New Building,New Building,Completed,TIMBERLEA,District 12,1,1,Dwelling - Single Detached,44.64127352712854,-63.72257870437744
6349,BPRES-2023-06407,2023-05-30,50000,New Building,New Building,Expired,DARTMOUTH,District 06,0,1,Accessory Structure,44.67574206318998,-63.52339759066762
6350,BPRES-2023-06432,2023-07-20,8958832,New Building,New Building,Issued,UPPER HAMMONDS PLAINS,District 14,96,2,Dwelling - Townhouse,44.766002442105155,-63.85314290767157
6351,BPRES-2023-06447,2023-07-07,1,Renovation,Renovation,Expired,HALIFAX,District 09,1,3,Dwelling - Multiple Units,44.64754216270315,-63.61664833279473
6352,BPRES-2023-06478,2023-06-09,17000,Renovation,Renovation,Completed,DARTMOUTH,District 05,0,3,Dwelling - Semi-Detached,44.667347313729074,-63.57724878249136
6353,BPRES-2023-06502,2023-06-02,20000,New Building,New Building,Issued,FALL RIVER,District 01,0,1,Accessory Structure,44.83472914655483,-63.58907287735547
6354,BPRES-2023-06545,2023-06-02,500000,New Building,New Building,Completed,WHITES LAKE,District 13,1,1,Dwelling - Single Detached,44.522838061825176,-63.75552735795502
6355,BPRES-2023-06581,2023-06-01,39000,New Building,New Building,Completed,BROOKSIDE,District 13,0,1,Accessory Structure,44.55666680637156,-63.717857760916374
6356,BPRES-2023-06598,2023-06-13,15000,Addition,Addition,Expired,HALIFAX,District 08,0,2,Dwelling - Townhouse,44.663898978036556,-63.60176838759942
6357,BPRES-2023-06618,2023-06-02,360000,New Building,New Building,Completed,BEDFORD,District 16,1,3,Dwelling - Single Detached,44.70652372998913,-63.72333437790507
6358,BPRES-2023-06633,2023-06-13,360000,New Building,New Building,Completed,BEDFORD,District 16,1,3,Dwelling - Single Detached,44.70665325162486,-63.72368911235678
6359,BPRES-2023-06643,2023-06-06,360000,New Building,New Building,Completed,BEDFORD,District 16,1,2,Dwelling - Single Detached,44.70674817908264,-63.72391933603824
6360,BPRES-2023-06677,2023-06-07,500000,New Building,New Building,Completed,BEDFORD,District 16,1,3,Dwelling - Single Detached,44.70688770834748,-63.72426731404721
6361,BPRES-2023-06681,2023-06-20,40000,Addition,Addition,Expired,HALIFAX,District 08,0,2,Dwelling - Single Detached,44.6535227146438,-63.614654975454194
6362,BPRES-2023-06728,2024-01-18,150000,New Building,New Building,Issued,EAST PRESTON,District 04,1,1,Dwelling - Single Detached,44.72188859194416,-63.419504702252134
6363,BPRES-2023-06784,2023-06-22,270000,New Building,New Building,Completed,LOWER SACKVILLE,District 15,1,1,Dwelling - Single Detached,44.7641827644357,-63.701587132661984
6364,BPRES-2023-06820,2023-06-13,21562.49,New Building,New Building,Expired,HALIFAX,District 11,0,1,Accessory Structure,44.611118226352964,-63.615486738285796
6365,BPRES-2023-06848,2023-06-20,50000,New Building,New Building,Completed,HALIFAX,District 07,0,2,Accessory Structure,44.63546760957273,-63.585663550646586
6366,BPRES-2023-06858,,10000,Addition,Addition,Withdrawn,HERRING COVE,District 11,0,1,Dwelling - Single Detached,44.574318130892955,-63.57222058997465
6367,BPRES-2023-06877,2023-07-28,300000,New Building,New Building,Completed,WEST CHEZZETCOOK,District 02,4,1,Dwelling - Townhouse,44.738465618193885,-63.275403651723906
6368,BPRES-2023-06906,2023-06-16,3500,Renovation,Renovation,Expired,COLE HARBOUR,District 04,0,2,Dwelling - Townhouse,44.67824161326475,-63.493570517710424
6369,BPRES-2023-06940,2023-06-07,44113.58,New Building,New Building,Expired,BEAVER BANK,District 15,0,1,Accessory Structure,44.8506879216945,-63.684155930040724
6370,BPRES-2023-06951,2023-06-09,600000,New Building,New Building,Completed,HAMMONDS PLAINS,District 14,1,2,Dwelling - Single Detached,44.7709444665852,-63.76100096406607
6371,BPRES-2023-06980,2023-06-26,52000,New Building,New Building,Expired,HATCHET LAKE,District 13,0,1,Accessory Structure,44.56178874389255,-63.739151302956
6372,BPRES-2023-07023,2023-08-11,30000,New Building,New Building,Completed,BROOKSIDE,District 13,0,1,Accessory Structure,44.53203468325838,-63.70429955095056
6373,BPRES-2023-07073,2024-01-29,50000,Renovation,Renovation,Issued,DARTMOUTH,District 05,0,2,Dwelling - Single Detached,44.67108844710816,-63.5823756376404
6374,BPRES-2023-07101,2023-06-28,750000,New Building,New Building,Completed,WAVERLEY,District 06,1,1,Dwelling - Single Detached,44.736120997608666,-63.54830707142442
6375,BPRES-2023-07118,,40000,Renovation,Renovation,Withdrawn,HALIFAX,District 11,0,1,Dwelling - Single Detached,44.61486376668534,-63.61442064093102
6376,BPRES-2023-07173,2023-06-19,500000,New Building,New Building,Completed,BEDFORD,District 16,1,2,Dwelling - Single Detached,44.708270035282744,-63.72779968414627
6377,BPRES-2023-07199,2025-08-19,700000,New Building,New Building,Issued,HALIBUT BAY,District 11,1,2,Dwelling - Single Detached,44.54364304148315,-63.54963265927798
6378,BPRES-2023-07218,2023-06-13,375000,New Building,New Building,Completed,ENFIELD,District 01,1,2,Dwelling - Single Detached,44.938673324052324,-63.55059012941245
6379,BPRES-2023-07230,2023-07-21,11250,Renovation,Renovation,Completed,THREE FATHOM HARBOUR,District 02,1,3,Dwelling - Multiple Units,44.640426332151605,-63.302594226498925
6380,BPRES-2023-07260,2023-06-28,500000,New Building,New Building,Completed,MINEVILLE,District 02,1,2,Dwelling - Single Detached,44.70855366969058,-63.39045912800905
6381,BPRES-2023-07291,2023-06-30,325000,New Building,New Building,Completed,DUTCH SETTLEMENT,District 01,3,2,Dwelling - Multiple Units,44.97685314021046,-63.44592831898978
6382,BPRES-2023-07328,2023-10-19,60000,Addition,Addition,Issued,DARTMOUTH,District 05,0,2,Dwelling - Single Detached,44.67400610163735,-63.56076297202679
6383,BPRES-2023-07364,2023-06-21,600000,New Building,New Building,Completed,TANTALLON,District 13,1,1,Dwelling - Single Detached,44.65140441984329,-63.9015833236198
6384,BPRES-2023-07447,2023-12-05,350000,New Building,New Building,Issued,SEAFORTH,District 02,1,2,Dwelling - Single Detached,44.65379352730913,-63.27577206289662
6385,BPRES-2023-07499,2023-06-22,102000,Addition,Addition,Completed,MIDDLE SACKVILLE,District 14,0,1,Dwelling - Single Detached,44.82087297202062,-63.72253210143485
6386,BPRES-2023-07558,2023-07-31,90000,Addition,Addition,Completed,GLEN MARGARET,District 13,0,1,Dwelling - Single Detached,44.57894241080228,-63.92026686251874
6387,BPRES-2023-07595,2024-05-30,50000,New Building,New Building,Expired,HALIFAX,District 10,1,1,Accessory Structure,44.668665701092266,-63.658754345610234
6388,BPRES-2023-07618,2023-06-22,118500,Renovation,Renovation,Completed,MIDDLE MUSQUODOBOIT,District 01,1,1,Dwelling - Multiple Units,45.04822576931861,-63.13894539375154
6389,BPRES-2023-07625,2023-06-20,20000,New Building,New Building,Expired,MINEVILLE,District 02,0,1,Accessory Structure,44.70026803004878,-63.37375152787165
6390,BPRES-2023-07635,2023-07-25,480000,New Building,New Building,Completed,,District 11,4,2,Dwelling - Multiple Units,44.60281395609837,-63.60509251970937
6391,BPRES-2023-07653,2023-06-28,547000,New Building,New Building,Completed,MUSQUODOBOIT HARBOUR,District 02,1,1,Dwelling - Single Detached,44.78370359398911,-63.16983036979282
6392,BPRES-2023-07700,2023-07-12,80000,New Building,New Building,Completed,UPPER SACKVILLE,District 14,0,1,Accessory Structure,44.83987578736863,-63.79439777924009
6393,BPRES-2023-07723,2023-06-30,400000,New Building,New Building,Completed,HALIFAX,District 11,2,2,Dwelling - Semi-Detached,44.58600873018241,-63.58802946847619
6394,BPRES-2023-07743,2023-06-26,800000,New Building,New Building,Completed,BEDFORD,District 16,1,2,Dwelling - Single Detached,44.706086326010904,-63.72383826057137
6395,BPRES-2023-07775,2023-07-17,585000,New Building,New Building,Completed,OSTREA LAKE,District 02,1,1,Dwelling - Single Detached,44.755142234076516,-63.107323326993416
6396,BPRES-2023-07798,2023-06-28,225000,New Building,New Building,Completed,SEABRIGHT,District 13,1,1,Dwelling - Backyard Suite,44.59965611162932,-63.9301345296694
6397,BPRES-2023-07821,2024-03-27,3000,Renovation,Renovation,Completed,HALIFAX,District 16,0,2,Dwelling - Single Detached,44.70486721372863,-63.6658694816747
6398,BPRES-2023-07886,2023-07-17,68000,New Building,New Building,Expired,SHAD BAY,District 13,1,1,Dwelling - Single Detached,44.51919287274548,-63.780410357274896
6399,BPRES-2023-07923,2023-06-29,73000,Addition,Addition,Completed,MUSQUODOBOIT HARBOUR,District 02,0,1,Dwelling - Single Detached,44.79146487714393,-63.1254165750768
6400,BPRES-2023-07974,2023-06-26,500000,New Building,New Building,Completed,WHITES LAKE,District 13,1,1,Dwelling - Single Detached,44.51557171783997,-63.74893974139194
6401,BPRES-2023-07981,2023-06-29,750000,New Building,New Building,Completed,HUBLEY,District 13,1,2,Dwelling - Single Detached,44.66252698602396,-63.78341614739905
6402,BPRES-2023-08007,2023-06-26,40000,New Building,New Building,Completed,EAST PETPESWICK,District 02,0,1,Accessory Structure,44.69336796396012,-63.151431607962934
6403,BPRES-2023-08048,2023-07-10,239500,New Building,New Building,Completed,CARROLLS CORNER,District 01,1,1,Dwelling - Single Detached,45.01623261169987,-63.38378164898075
6404,BPRES-2023-08085,2023-08-21,439000,New Building,New Building,Completed,HEAD OF JEDDORE,District 02,1,1,Dwelling - Single Detached,44.76215191903992,-63.063471732481254
6405,BPRES-2023-08147,2023-07-12,150000,Addition,Addition,Completed,HALIFAX,District 10,0,2,Dwelling - Single Detached,44.68023266140045,-63.65943489403191
6406,BPRES-2023-08174,2023-09-20,52000,New Building,New Building,Completed,WEST LOON LAKE,District 01,1,1,Dwelling - Single Detached,45.26336362304066,-62.72666012568455
6407,BPRES-2023-08208,2023-07-11,115000,Addition,Addition,Expired,WHITES LAKE,District 13,0,2,Dwelling - Single Detached,44.51578839744711,-63.769059790432884
6408,BPRES-2023-08232,2024-06-19,50000,New Building,New Building,Issued,WELLINGTON,District 01,1,2,Dwelling - Backyard Suite,44.8626851533546,-63.618816480125886
6409,BPRES-2023-08303,,50000,Addition,Addition,Withdrawn,,District 03,0,1,Dwelling - Single Detached,,
6410,BPRES-2023-08333,2023-07-28,317000,New Building,New Building,Issued,TANTALLON,District 13,1,2,Dwelling - Backyard Suite,44.680278109941014,-63.893958735436996
6411,BPRES-2023-08364,2023-07-20,30000,Addition,Addition,Completed,HALIFAX,District 09,0,2,Dwelling - Single Detached,44.64856997486133,-63.601487749472945
6412,BPRES-2023-08384,2024-10-02,24000,Renovation,Renovation,Completed,HALIFAX,District 10,1,2,Dwelling - Multiple Units,44.65569831049964,-63.63396493144382
6413,BPRES-2023-08415,2023-07-11,250000,New Building,New Building,Completed,TIMBERLEA,District 12,1,3,Dwelling - Single Detached,44.63954456207474,-63.72240789139348
6414,BPRES-2023-08426,2026-04-22,400000,New Building,New Building,Issued,HALIFAX,District 11,4,3,Dwelling - Semi-Detached,44.59912944733082,-63.60094789028848
6415,BPRES-2023-08503,2023-08-30,20000,Renovation,Renovation,Completed,BEDFORD,District 16,0,2,Dwelling - Single Detached,44.720684760347524,-63.703382950856394
6416,BPRES-2023-08552,2023-07-12,835000,New Building,New Building,Completed,UPPER TANTALLON,District 13,1,2,Dwelling - Single Detached,44.72208440923729,-63.86873169491446
6417,BPRES-2023-08568,2023-08-01,15000,Renovation,Renovation,Expired,HALIFAX,District 08,0,1,Dwelling - Single Detached,44.67290095894172,-63.61197625101001
6418,BPRES-2023-08604,2023-07-06,80000,Renovation,Renovation,Completed,HALIFAX,District 10,0,2,Dwelling - Single Detached,44.66994596878434,-63.65284862677131
6419,BPRES-2023-08627,2023-07-14,400000,New Building,New Building,Completed,HALIFAX,District 11,4,3,Dwelling - Multiple Units,44.586161437294145,-63.58785920366294
6420,BPRES-2023-08637,2023-07-14,400000,New Building,New Building,Completed,HALIFAX,District 11,3,3,Dwelling - Multiple Units,44.586218066598654,-63.58779524726457
6421,BPRES-2023-08668,2023-09-15,51900,New Building,New Building,Completed,LAKESIDE,District 12,0,1,Accessory Structure,44.637450070651724,-63.697023818113294
6422,BPRES-2023-08699,2023-07-13,600000,New Building,New Building,Completed,HATCHET LAKE,District 13,1,1,Dwelling - Single Detached,44.56920136820042,-63.71809452828961
6423,BPRES-2023-08720,2023-09-05,150000,New Building,New Building,Completed,HEAD OF CHEZZETCOOK,District 02,0,1,Accessory Structure,44.74013071489213,-63.25673990903801
6424,BPRES-2023-08735,2023-07-24,450000,New Building,New Building,Completed,EASTERN PASSAGE,District 03,3,1,Dwelling - Townhouse,44.60886233285586,-63.48828967757679
6425,BPRES-2023-08749,2023-07-14,26950,Addition,Addition,Issued,WESTPHAL,District 04,0,1,Dwelling - Single Detached,44.70093138472896,-63.450805269146294
6426,BPRES-2023-08785,2023-08-04,200000,New Building,New Building,Completed,HALIFAX,District 11,2,2,Dwelling - Semi-Detached,44.60015495200962,-63.60370572384734
6427,BPRES-2023-08788,2023-08-04,200000,New Building,New Building,Completed,HALIFAX,District 11,2,2,Dwelling - Semi-Detached,44.60025074734786,-63.60388797251401
6428,BPRES-2023-08792,2023-08-11,200000,New Building,New Building,Completed,HALIFAX,District 11,2,2,Dwelling - Semi-Detached,44.60044559392418,-63.60424038786224
6429,BPRES-2023-08794,2023-08-17,200000,New Building,New Building,Completed,HALIFAX,District 11,4,3,Dwelling - Multiple Units,44.60064446211877,-63.6045926606448
6430,BPRES-2023-08816,,13000,New Building,New Building,Cancelled,DARTMOUTH,District 05,0,2,Accessory Structure,44.6767196066617,-63.58574286666138
6431,BPRES-2023-08841,2023-07-19,45000,Renovation,Renovation,Issued,DARTMOUTH,District 03,0,3,Dwelling - Multiple Units,44.66748772666531,-63.55054825321515
6432,BPRES-2023-08891,2023-07-21,372500,New Building,New Building,Completed,WILLIAMSWOOD,District 11,1,3,Dwelling - Single Detached,44.48562718052213,-63.604468222257765
6433,BPRES-2023-08923,2023-07-20,138000,Addition,Addition,Expired,DARTMOUTH,District 05,0,2,Dwelling - Single Detached,44.68866088941245,-63.57013959904244
6434,BPRES-2023-08936,2023-07-17,750000,New Building,New Building,Completed,BEDFORD,District 16,1,2,Dwelling - Single Detached,44.70762440185292,-63.72752529030061
6435,BPRES-2023-08957,2023-07-17,400000,New Building,New Building,Completed,PORTUGUESE COVE,District 11,1,2,Dwelling - Single Detached,44.51449482039262,-63.54414977106497
6436,BPRES-2023-08967,2023-08-18,45000,New Building,New Building,Completed,HAMMONDS PLAINS,District 14,0,1,Accessory Structure,44.742360670720515,-63.78717775888695
6437,BPRES-2023-08981,2023-08-04,400000,New Building,New Building,Completed,HALIFAX,District 11,4,1,Dwelling - Semi-Detached,44.60084120030665,-63.604949584032994
6438,BPRES-2023-09008,2023-09-07,150000,Addition,Addition,Expired,HALIFAX,District 09,0,2,Dwelling - Single Detached,44.64676188949298,-63.59885438518363
6439,BPRES-2023-09052,2023-07-19,750000,New Building,New Building,Completed,BEDFORD,District 16,1,2,Dwelling - Single Detached,44.70754340617469,-63.72736838742602
6440,BPRES-2023-09118,2023-07-20,6000,Renovation,Renovation,Expired,DARTMOUTH,District 05,0,2,Dwelling - Semi-Detached,44.67055249136195,-63.5611553923388
6441,BPRES-2023-09148,2023-07-24,700000,New Building,New Building,Completed,HAMMONDS PLAINS,District 14,1,1,Dwelling - Single Detached,44.70817702639311,-63.820268863676915
6442,BPRES-2023-09217,2024-05-02,50,Renovation,Renovation,Issued,LOWER SACKVILLE,District 15,1,2,Dwelling - Multiple Units,44.77818159994361,-63.69258632564103
6443,BPRES-2023-09261,2023-07-27,50000,New Building,New Building,Completed,BEAVER HARBOUR,District 02,0,1,Accessory Structure,44.89348672321963,-62.42113029435199
6444,BPRES-2023-09317,2023-07-27,115490,New Building,New Building,Completed,PORTERS LAKE,District 02,1,1,Dwelling - Single Detached,44.74208033013224,-63.31613671526451
6445,BPRES-2023-09378,,63600,Addition,Addition,Withdrawn,FALL RIVER,District 01,1,1,Dwelling - Multiple Units,44.83488898909298,-63.57923467681945
6446,BPRES-2023-09507,2023-08-31,900000,New Building,New Building,Completed,MIDDLE SACKVILLE,District 14,1,2,Dwelling - Single Detached,44.79670700301605,-63.77037212742134
6447,BPRES-2023-09677,2023-12-21,80000,New Building,New Building,Expired,HALIFAX,District 09,0,2,Accessory Structure,44.6456152862978,-63.61002703789276
6448,BPRES-2023-09778,2023-08-22,750000,New Building,New Building,Expired,UPPER TANTALLON,District 13,1,1,Dwelling - Single Detached,44.726332336117665,-63.8719895702455
6449,BPRES-2023-09790,2023-07-27,250000,New Building,New Building,Expired,WEST DOVER,District 13,1,1,Dwelling - Single Detached,44.511220955289566,-63.87876026304341
6450,BPRES-2023-09804,2023-07-24,500000,New Building,New Building,Completed,WHITES LAKE,District 13,1,2,Dwelling - Single Detached,44.51607805106643,-63.74857889580809
6451,BPRES-2023-09854,2023-07-31,9500,Renovation,Renovation,Completed,FALL RIVER,District 01,0,1,Dwelling - Single Detached,44.826839104229634,-63.61420178943865
6452,BPRES-2023-09907,2023-07-28,30000,New Building,New Building,Completed,CLAM BAY,District 02,0,1,Accessory Structure,44.73578589304366,-62.938001379125005
6453,BPRES-2023-09942,2023-08-01,250000,New Building,New Building,Completed,HACKETTS COVE,District 13,1,2,Dwelling - Single Detached,44.56326995317059,-63.928189505555714
6454,BPRES-2023-09984,2023-09-01,1062500,New Building,New Building,Completed,STILLWATER LAKE,District 13,1,2,Dwelling - Single Detached,44.71402639126655,-63.8429100929295
6455,BPRES-2023-10017,2023-08-02,35000,New Building,New Building,Completed,OAKFIELD,District 01,0,1,Accessory Structure,44.907492493990716,-63.56415043823362
6456,BPRES-2023-10033,,100000,Renovation,Renovation,Withdrawn,HALIFAX,District 16,-99,1,Dwelling - Multiple Units,44.69685030435605,-63.66269236196508
6457,BPRES-2023-10085,2023-09-27,1320000,New Building,New Building,Expired,HALIFAX,District 07,1,3,Dwelling - Single Detached,44.62417037011481,-63.57365290469674
6458,BPRES-2023-10107,2023-08-03,154324.25,Renovation,Renovation,Expired,HALIFAX,District 09,0,2,Dwelling - Single Detached,44.63693361580891,-63.62297296880122
6459,BPRES-2023-10116,2023-08-01,20000,New Building,New Building,Completed,UPPER TANTALLON,District 13,0,1,Accessory Structure,44.6935472445,-63.87254239369314
6460,BPRES-2023-10125,2024-06-07,15000,Renovation,Renovation,Completed,HALIFAX,District 10,1,2,Dwelling - Multiple Units,44.650956814364285,-63.643816649600254
6461,BPRES-2023-10170,2023-08-09,60000,New Building,New Building,Issued,LUCASVILLE,District 14,0,1,Accessory Structure,44.74439396022685,-63.753341466885104
6462,BPRES-2023-10208,2023-08-03,70000,New Building,New Building,Completed,WAVERLEY,District 06,0,1,Accessory Structure,44.736120997608666,-63.54830707142442
6463,BPRES-2023-10230,2023-08-04,29000,New Building,New Building,Completed,PORTERS LAKE,District 02,0,1,Accessory Structure,44.78149409086984,-63.36234984372298
6464,BPRES-2023-10236,2023-08-09,454000,New Building,New Building,Completed,HALIFAX,District 11,2,2,Dwelling - Semi-Detached,44.601381723310375,-63.605659035460626
6465,BPRES-2023-10243,2023-08-09,454000,New Building,New Building,Completed,HALIFAX,District 11,2,2,Dwelling - Semi-Detached,44.601239493480755,-63.60553252164019
6466,BPRES-2023-10259,2023-08-15,274000,Renovation,Renovation,Expired,COLE HARBOUR,District 04,0,2,Dwelling - Semi-Detached,44.68302752943377,-63.49477048303817
6467,BPRES-2023-10290,2023-08-28,46000,New Building,New Building,Completed,BEAVER BANK,District 15,0,1,Accessory Structure,44.89670497193825,-63.707556359533704
6468,BPRES-2023-10367,2024-04-30,29000,Addition,Addition,Completed,LAKE ECHO,District 02,0,1,Dwelling - Single Detached,44.73396853603791,-63.38346047081395
6469,BPRES-2023-10411,2023-08-15,18500,Renovation,Renovation,Completed,HARRIETSFIELD,District 11,1,2,Dwelling - Single Detached,44.56644321630887,-63.63873341383957
6470,BPRES-2023-10426,2023-08-09,36989,New Building,New Building,Completed,MIDDLE SACKVILLE,District 14,0,1,Accessory Structure,44.77874056014757,-63.734310010668835
6471,BPRES-2023-10440,2023-08-29,40000,New Building,New Building,Completed,BEAVER BANK,District 15,0,1,Accessory Structure,44.81166309975797,-63.68765447873342
6472,BPRES-2023-10452,2023-09-26,40000,New Building,New Building,Expired,UPPER TANTALLON,District 13,0,1,Accessory Structure,44.68494055868266,-63.86738755514175
6473,BPRES-2023-10492,2023-08-17,425000,New Building,New Building,Completed,FALL RIVER,District 01,1,2,Dwelling - Single Detached,44.83432287636481,-63.63057245277311
6474,BPRES-2023-10532,2023-11-08,33000,New Building,New Building,Completed,HAMMONDS PLAINS,District 14,0,2,Accessory Structure,44.72723247889513,-63.75662943236004
6475,BPRES-2023-10593,2023-09-08,20000,Renovation,Renovation,Completed,BEAVER BANK,District 15,0,1,Accessory Structure,44.81225383206136,-63.685010108222265
6476,BPRES-2023-10629,2023-08-11,23000,New Building,New Building,Completed,LAKE ECHO,District 02,0,1,Accessory Structure,44.71819833154383,-63.39470666481199
6477,BPRES-2023-10659,2023-08-31,600000,New Building,New Building,Completed,BEDFORD,District 16,1,2,Dwelling - Single Detached,44.7082044549267,-63.72767436186521
6478,BPRES-2023-10678,2023-08-31,600000,New Building,New Building,Completed,BEDFORD,District 16,1,2,Dwelling - Single Detached,44.70801052219834,-63.727301641848676
6479,BPRES-2023-10817,2023-08-22,45000,New Building,New Building,Expired,HERRING COVE,District 11,0,1,Accessory Structure,44.56504832433339,-63.56317720321926
6480,BPRES-2023-10850,2023-08-23,500000,New Building,New Building,Completed,HAMMONDS PLAINS,District 14,1,1,Dwelling - Single Detached,44.724165983686085,-63.832434302286686
6481,BPRES-2023-10871,2023-09-19,35000,New Building,New Building,Completed,BROOKSIDE,District 13,0,1,Accessory Structure,44.53183953448206,-63.70825539090683
6482,BPRES-2023-10900,2023-08-30,15000,New Building,New Building,Completed,MINEVILLE,District 02,0,1,Accessory Structure,44.6979918482159,-63.38303224936651
6483,BPRES-2023-10964,2023-08-29,430000,New Building,New Building,Completed,EAST LAWRENCETOWN,District 02,1,1,Dwelling - Single Detached,44.67152135741862,-63.315116714701034
6484,BPRES-2023-11020,2023-08-31,375000,New Building,New Building,Completed,DEVON,District 01,1,1,Dwelling - Single Detached,44.91798037644486,-63.405424231213956
6485,BPRES-2023-11033,2023-09-12,800000,New Building,New Building,Completed,FALL RIVER,District 01,1,2,Dwelling - Single Detached,44.834096010498136,-63.632366952135555
6486,BPRES-2023-11056,2023-09-19,29921,Addition,Addition,Completed,FALL RIVER,District 01,0,1,Dwelling - Single Detached,44.79049034435231,-63.621036852164586
6487,BPRES-2023-11094,2023-10-16,68000,Renovation,Renovation,Expired,DARTMOUTH,District 05,0,2,Dwelling - Single Detached,44.67627220928304,-63.576115836505316
6488,BPRES-2023-11113,2023-09-20,100000,Renovation,Renovation,Completed,HALIFAX,District 09,0,3,Dwelling - Single Detached,44.638489130000856,-63.628198291825974
6489,BPRES-2023-11159,2023-11-09,106000,New Building,New Building,Completed,HUBLEY,District 13,1,1,Dwelling - Single Detached,44.67622779941906,-63.827799916615604
6490,BPRES-2023-11196,2024-09-23,400000,New Building,New Building,Completed,WEST PORTERS LAKE,District 02,1,2,Dwelling - Single Detached,44.698038760113164,-63.3039310834338
6491,BPRES-2023-11229,2023-09-19,90000,Renovation,Renovation,Completed,WELLINGTON,District 01,1,2,Dwelling - Multiple Units,44.854561018123846,-63.61052052190028
6492,BPRES-2023-11248,2023-11-22,100000,New Building,New Building,Issued,NORTH PRESTON,District 04,1,1,Dwelling - Single Detached,44.746306723778396,-63.46873166253926
6493,BPRES-2023-11293,2023-09-06,35000,Renovation,Renovation,Completed,BEDFORD,District 16,1,1,Dwelling - Backyard Suite,44.72557583250877,-63.71335574645899
6494,BPRES-2023-11320,,12000,New Building,New Building,Withdrawn,KETCH HARBOUR,District 11,0,1,Accessory Structure,44.48530593098908,-63.54615642519392
6495,BPRES-2023-11336,2023-09-29,429500,New Building,New Building,Issued,WELLINGTON,District 01,1,1,Dwelling - Backyard Suite,44.85514614771333,-63.61535585871025
6496,BPRES-2023-11366,2023-11-03,200000,New Building,New Building,Expired,HALIFAX,District 09,0,2,Dwelling - Backyard Suite,44.644925022057855,-63.591465559685
6497,BPRES-2023-11400,2023-10-12,200000,New Building,New Building,Completed,HALIFAX,District 11,1,3,Dwelling - Single Detached,44.607358029743956,-63.60029927405649
6498,BPRES-2023-11424,2023-08-29,450000,New Building,New Building,Completed,HAMMONDS PLAINS,District 14,1,1,Dwelling - Single Detached,44.739209057165844,-63.80370442768665
6499,BPRES-2023-11456,,8000,Renovation,Renovation,Applicant Revisions,BEDFORD,District 16,0,3,Dwelling - Single Detached,44.717203734717536,-63.70294657492055
6500,BPRES-2023-11498,2023-09-29,3000,Renovation,Renovation,Completed,HALIFAX,District 12,1,1,Dwelling - Multiple Units,44.67421791546008,-63.66655355255305
6501,BPRES-2023-11532,2024-06-25,209537.66,New Building,New Building,Completed,LAWRENCETOWN,District 02,1,1,Dwelling - Single Detached,44.7012376632144,-63.41073767354832
6502,BPRES-2023-11540,2023-12-05,129400,New Building,New Building,Issued,HALIFAX,District 09,1,1,Dwelling - Backyard Suite,44.641791143906474,-63.59640707420211
6503,BPRES-2023-11555,2023-09-08,200000,New Building,New Building,Completed,SPRY HARBOUR,District 02,1,2,Dwelling - Backyard Suite,44.83249693570979,-62.62126922055356
6504,BPRES-2023-11565,2023-09-13,550000,New Building,New Building,Issued,EAST PRESTON,District 04,1,2,Dwelling - Single Detached,44.71461647141677,-63.432262346238105
6505,BPRES-2023-11587,2023-09-11,200000,New Building,New Building,Completed,OSTREA LAKE,District 02,2,2,Dwelling - Multiple Units,44.71943595197001,-63.06850284855839
6506,BPRES-2023-11602,2023-08-31,600000,New Building,New Building,Completed,HAMMONDS PLAINS,District 14,1,2,Dwelling - Single Detached,44.73651419698729,-63.803798409029504
6507,BPRES-2023-11621,2023-09-05,60000,Renovation,Renovation,Expired,DARTMOUTH,District 05,0,3,Dwelling - Multiple Units,44.68284795490178,-63.584778591047325
6508,BPRES-2023-11655,2023-09-06,15000,New Building,New Building,Completed,LOWER SACKVILLE,District 15,0,1,Accessory Structure,44.76365158064319,-63.6567160443822
6509,BPRES-2023-11687,2023-09-05,60000,Renovation,Renovation,Expired,DARTMOUTH,District 05,0,3,Dwelling - Multiple Units,44.68375475016375,-63.58372105326819
6510,BPRES-2023-11705,2023-09-01,25000,New Building,New Building,Completed,GLEN MARGARET,District 13,0,1,Accessory Structure,44.57940479344964,-63.91991041521507
6511,BPRES-2023-11773,,95000,Addition,Addition,Application Incomplete,DARTMOUTH,District 05,0,2,Dwelling - Multiple Units,44.680007504569836,-63.56817896746546
6512,BPRES-2023-11791,2023-09-14,250000,New Building,New Building,Completed,TERENCE BAY,District 13,1,1,Dwelling - Backyard Suite,44.466844950502576,-63.71875993095923
6513,BPRES-2023-11807,2023-09-08,30000,New Building,New Building,Completed,WEST PORTERS LAKE,District 02,0,1,Accessory Structure,44.698138411952364,-63.30598332661104
6514,BPRES-2023-11858,2023-09-26,50000,Addition,Addition,Cancelled,LAKE LOON,District 04,0,2,Dwelling - Single Detached,44.70848699565094,-63.514008506228855
6515,BPRES-2023-11875,2023-09-08,60000,Renovation,Renovation,Expired,DARTMOUTH,District 05,0,2,Dwelling - Multiple Units,44.67984862570832,-63.583245262485256
6516,BPRES-2023-11927,2023-09-20,193750,Addition,Addition,Completed,DARTMOUTH,District 05,0,2,Dwelling - Single Detached,44.67497557099703,-63.55728636273037
6517,BPRES-2023-11967,2023-09-11,585000,New Building,New Building,Completed,HAMMONDS PLAINS,District 14,1,2,Dwelling - Single Detached,44.72287573301976,-63.83834127719738
6518,BPRES-2023-11996,,47000,New Building,New Building,Application Incomplete,HAMMONDS PLAINS,District 14,1,1,Dwelling - Backyard Suite,44.73744432356618,-63.72971646811842
6519,BPRES-2023-12045,2023-09-20,50000,Renovation,Renovation,Completed,HALIFAX,District 08,1,2,Dwelling - Multiple Units,44.65664907572129,-63.5935089394275
6520,BPRES-2023-12091,2023-09-29,128000,Renovation,Renovation,Completed,HALIFAX,District 11,1,1,Dwelling - Multiple Units,44.59651918955521,-63.63327974984861
6521,BPRES-2023-12117,2023-09-13,560000,New Building,New Building,Completed,UPPER TANTALLON,District 13,1,2,Dwelling - Single Detached,44.72446193296813,-63.8694251709341
6522,BPRES-2023-12143,2023-11-28,400000,New Building,New Building,Completed,BEAVER BANK,District 15,2,2,Dwelling - Multiple Units,44.81832468589929,-63.692572538411405
6523,BPRES-2023-12190,2023-09-18,195000,Renovation,Renovation,Issued,EASTERN PASSAGE,District 03,-1,2,Dwelling - Multiple Units,44.61379527861564,-63.49855842332668
6524,BPRES-2023-12218,2023-11-20,4087512,New Building,New Building,Completed,UPPER HAMMONDS PLAINS,District 14,8,2,Dwelling - Townhouse,44.74851276866142,-63.81314152225751
6525,BPRES-2023-12237,2023-11-07,900000,New Building,New Building,Issued,HALIFAX,District 07,1,2,Dwelling - Single Detached,44.6317466991904,-63.58906814166224
6526,BPRES-2023-12259,2023-09-19,800000,New Building,New Building,Completed,HAMMONDS PLAINS,District 14,1,2,Dwelling - Single Detached,44.72593515657642,-63.84179877047737
6527,BPRES-2023-12265,2023-12-19,150000,New Building,New Building,Completed,CHASWOOD,District 01,0,1,Dwelling - Single Detached,45.073738839972506,-63.22752760006008
6528,BPRES-2023-12289,2023-11-08,1000000,New Building,New Building,Issued,HALIFAX,District 07,1,3,Dwelling - Single Detached,44.632061454273206,-63.588975048820146
6529,BPRES-2023-12323,2023-10-16,500000,New Building,New Building,Completed,HALIFAX,District 16,1,2,Dwelling - Single Detached,44.695462029446915,-63.669806796659806
6530,BPRES-2023-12331,2024-02-08,180000,Addition,Addition,Expired,HALIFAX,District 11,0,2,Dwelling - Single Detached,44.63086977994402,-63.61067127097926
6531,BPRES-2023-12355,2023-09-26,600000,Addition,Addition,Completed,FALL RIVER,District 01,1,1,Dwelling - Multiple Units,44.821642314607935,-63.620252726149005
6532,BPRES-2023-12385,2023-11-22,35650,New Building,New Building,Expired,LAKE EGMONT,District 01,1,1,Dwelling - Seasonal,44.990188910428216,-63.294375368759276
6533,BPRES-2023-12449,2023-09-19,400000,New Building,New Building,Completed,HAMMONDS PLAINS,District 14,1,2,Dwelling - Single Detached,44.72348395172976,-63.83949054655235
6534,BPRES-2023-12483,2023-10-03,65000,New Building,New Building,Completed,HAMMONDS PLAINS,District 14,0,1,Accessory Structure,44.78347589728352,-63.76799601222772
6535,BPRES-2023-12509,2023-09-27,500000,New Building,New Building,Completed,TANTALLON,District 13,1,1,Dwelling - Single Detached,44.651093294929396,-63.899681348841966
6536,BPRES-2023-12540,2023-09-25,250000,New Building,New Building,Issued,FALL RIVER,District 01,2,2,Dwelling - Semi-Detached,44.81176180740953,-63.623035389995785
6537,BPRES-2023-12572,2023-09-26,62578,Renovation,Renovation,Completed,HALIFAX,District 12,0,3,Dwelling - Townhouse,44.66123450762258,-63.66691708667285
6538,BPRES-2023-12606,2023-10-11,500000,New Building,New Building,Completed,MIDDLE SACKVILLE,District 14,1,1,Dwelling - Single Detached,44.79479219101639,-63.76080052340887
6539,BPRES-2023-12624,2023-09-22,500000,New Building,New Building,Completed,HAMMONDS PLAINS,District 14,1,2,Dwelling - Single Detached,44.73131331354474,-63.80981612804818
6540,BPRES-2023-12659,2023-10-03,57500,Addition,Addition,Completed,HAMMONDS PLAINS,District 14,0,2,Dwelling - Single Detached,44.75826877656,-63.772870486120254
6541,BPRES-2023-12692,2025-12-19,650000,New Building,New Building,Issued,DARTMOUTH,District 06,4,3,Dwelling - Semi-Detached,44.67968422276241,-63.51358222464237
6542,BPRES-2023-12714,2023-09-28,30000,New Building,New Building,Completed,STILLWATER LAKE,District 13,0,1,Accessory Structure,44.70701102963374,-63.84320997364
6543,BPRES-2023-12731,2023-10-30,100000,Renovation,Renovation,Completed,HALIFAX,District 11,1,2,Dwelling - Multiple Units,44.62198763289389,-63.59552491355041
6544,BPRES-2023-12780,2023-10-24,850000,New Building,New Building,Completed,HAMMONDS PLAINS,District 14,1,3,Dwelling - Single Detached,44.737089027295596,-63.80133165437486
6545,BPRES-2023-12821,2023-10-05,5555.82,Renovation,Renovation,Expired,HALIFAX,District 10,0,3,Dwelling - Single Detached,44.66195925857977,-63.64952223062576
6546,BPRES-2023-12841,,84000,Addition,Addition,Withdrawn,BEAVER BANK,District 15,0,2,Accessory Structure,44.80644694630853,-63.68900798879501
6547,BPRES-2023-12873,,62100,New Building,New Building,Withdrawn,OYSTER POND,District 02,1,1,Dwelling - Single Detached,44.778290027366616,-62.9965029963652
6548,BPRES-2023-12888,2023-09-29,50000,New Building,New Building,Expired,BEDFORD,District 16,0,1,Accessory Structure,44.72103440039856,-63.67057319681479
6549,BPRES-2023-12926,2023-10-03,452500,New Building,New Building,Expired,HAMMONDS PLAINS,District 14,1,1,Dwelling - Single Detached,44.73110880491262,-63.81011197429726
6550,BPRES-2023-12951,2023-10-20,750000,New Building,New Building,Issued,HALIFAX,District 10,1,2,Dwelling - Single Detached,44.684716515113635,-63.66187653343184
6551,BPRES-2023-12977,2023-10-06,290000,New Building,New Building,Completed,TIMBERLEA,District 12,1,2,Dwelling - Single Detached,44.63929812287747,-63.72184543115818
6552,BPRES-2023-12994,2023-11-24,600000,New Building,New Building,Completed,HEAD OF ST MARGARETS BAY,District 13,1,1,Dwelling - Single Detached,44.67603541487481,-63.920379040853895
6553,BPRES-2023-13013,2023-10-18,87500,New Building,New Building,Completed,PORTERS LAKE,District 02,0,1,Accessory Structure,44.73057219485634,-63.305673413911286
6554,BPRES-2023-13049,2024-07-10,50000,Renovation,Renovation,Issued,HALIFAX,District 08,1,2,Dwelling - Single Detached,44.65550226636929,-63.616468238884416
6555,BPRES-2023-13064,2023-10-11,550000,New Building,New Building,Completed,BEDFORD,District 16,1,2,Dwelling - Single Detached,44.70739924924882,-63.72423272004031
6556,BPRES-2023-13081,2023-10-11,250000,New Building,New Building,Completed,TIMBERLEA,District 12,1,2,Dwelling - Single Detached,44.63926267377122,-63.72286170978717
6557,BPRES-2023-13105,2023-10-16,1268163,New Building,New Building,Completed,,District 03,6,2,Dwelling - Townhouse,44.65936831249941,-63.53362178139441
6558,BPRES-2023-13120,2023-10-10,600000,New Building,New Building,Completed,HAMMONDS PLAINS,District 14,1,1,Dwelling - Single Detached,44.72538289257068,-63.842994238198905
6559,BPRES-2023-13165,2023-11-07,10000,Renovation,Renovation,Expired,WATT SECTION,District 02,1,2,Dwelling - Single Detached,44.90474523293693,-62.490062940498895
6560,BPRES-2023-13185,2024-04-29,98500,New Building,New Building,Completed,MIDDLE SACKVILLE,District 14,0,2,Accessory Structure,44.81940675629961,-63.71966697809283
6561,BPRES-2023-13210,2023-10-12,400000,New Building,New Building,Completed,HALIFAX,District 11,4,2,Dwelling - Semi-Detached,44.6010592920123,-63.60530211830599
6562,BPRES-2023-13218,2023-10-12,400000,New Building,New Building,Completed,HALIFAX,District 11,4,2,Dwelling - Semi-Detached,44.60094476480313,-63.60512399568898
6563,BPRES-2023-13257,2023-10-12,125000,New Building,New Building,Expired,LAKE CHARLOTTE,District 02,0,1,Accessory Structure,44.775157348294265,-62.9751586222972
6564,BPRES-2023-13308,2023-10-16,25000,Renovation,Renovation,Issued,HALIFAX,District 07,0,2,Dwelling - Multiple Units,44.64238603483133,-63.58940852006261
6565,BPRES-2023-13320,2024-05-13,100000,New Building,New Building,Completed,UPPER TANTALLON,District 13,0,2,Accessory Structure,44.71950142570119,-63.87952468827722
6566,BPRES-2023-13343,2023-10-17,725000,New Building,New Building,Completed,UPPER TANTALLON,District 13,1,1,Dwelling - Single Detached,44.72417352595851,-63.875099858081676
6567,BPRES-2023-13382,2023-10-20,22177,Renovation,Renovation,Completed,HALIFAX,District 09,0,1,Dwelling - Single Detached,44.645832196856055,-63.63045712223389
6568,BPRES-2023-13400,2023-10-18,66000,Addition,Addition,Expired,BROOKSIDE,District 13,0,1,Dwelling - Single Detached,44.55687330325308,-63.72874517648078
6569,BPRES-2023-13414,2023-11-28,900000,New Building,New Building,Expired,HALIFAX,District 11,1,1,Dwelling - Backyard Suite,44.60778970851378,-63.5629526167511
6570,BPRES-2023-13435,2023-10-12,10000,New Building,New Building,Expired,HAMMONDS PLAINS,District 14,0,1,Accessory Structure,44.72538289257068,-63.842994238198905
6571,BPRES-2023-13506,2023-11-02,360000,New Building,New Building,Completed,HAMMONDS PLAINS,District 14,1,1,Dwelling - Single Detached,44.740853712666016,-63.80121412192989
6572,BPRES-2023-13554,2024-01-22,150000,New Building,New Building,Issued,MUSHABOOM,District 02,1,1,Dwelling - Single Detached,44.87865471605405,-62.561575190040614
6573,BPRES-2023-13598,2023-10-17,450000,New Building,New Building,Completed,HAMMONDS PLAINS,District 14,1,1,Dwelling - Single Detached,44.72668082954091,-63.8389624962558
6574,BPRES-2023-13633,2023-10-19,55000,New Building,New Building,Completed,ELMSDALE,District 01,0,2,Accessory Structure,44.94442365439703,-63.49490387972907
6575,BPRES-2023-13699,2023-10-20,625000,New Building,New Building,Cancelled,FALL RIVER,District 01,1,2,Dwelling - Single Detached,44.8324210604296,-63.631238567225815
6576,BPRES-2023-13717,2023-11-02,500000,New Building,New Building,Completed,HARRIETSFIELD,District 11,2,2,Dwelling - Multiple Units,44.54965484828171,-63.64345474821193
6577,BPRES-2023-13751,2023-10-20,59762,New Building,New Building,Completed,MUSQUODOBOIT HARBOUR,District 02,0,1,Accessory Structure,44.82095596630132,-63.19529435142468
6578,BPRES-2023-13797,2023-10-27,300000,New Building,New Building,Completed,MYERS POINT,District 02,1,1,Dwelling - Single Detached,44.770536709208514,-63.039647305805616
6579,BPRES-2023-13812,2023-10-20,58000,Renovation,Renovation,Expired,HALIFAX,District 09,0,2,Dwelling - Single Detached,44.64401443363541,-63.59024278246798
6580,BPRES-2023-13871,,28000,New Building,New Building,Application Incomplete,WAVERLEY,District 01,0,1,Accessory Structure,44.776195944151254,-63.58609630787811
6581,BPRES-2023-13887,2023-11-17,450000,New Building,New Building,Completed,LAKE ECHO,District 02,1,1,Dwelling - Single Detached,44.73829369081679,-63.381679352587334
6582,BPRES-2023-13911,2023-11-06,3000,Renovation,Renovation,Completed,HAMMONDS PLAINS,District 14,0,2,Dwelling - Single Detached,44.72054479594618,-63.739042508373174
6583,BPRES-2023-13926,2023-10-27,675000,New Building,New Building,Completed,HAMMONDS PLAINS,District 14,1,2,Dwelling - Single Detached,44.721129436295676,-63.8407228673178
6584,BPRES-2023-13965,2025-01-03,44000,New Building,New Building,Completed,HAMMONDS PLAINS,District 14,0,1,Accessory Structure,44.722755693789225,-63.841593944625274
6585,BPRES-2023-14006,,50000,Renovation,Renovation,Withdrawn,HUBBARDS,District 13,1,2,Dwelling - Single Detached,44.638174429997456,-64.0640936442444
6586,BPRES-2023-14022,2023-11-29,507857,New Building,New Building,Completed,GAETZ BROOK,District 02,1,2,Dwelling - Single Detached,44.78507015038209,-63.19549617025597
6587,BPRES-2023-14079,2023-11-01,200000,New Building,New Building,Completed,PORTERS LAKE,District 02,1,1,Dwelling - Single Detached,44.75431061877685,-63.28918863234746
6588,BPRES-2023-14128,2023-10-31,50000,New Building,New Building,Expired,UPPER SACKVILLE,District 14,0,1,Accessory Structure,44.82255251314281,-63.75488933167386
6589,BPRES-2023-14172,2024-10-02,13000,New Building,New Building,Issued,FLETCHERS LAKE,District 01,0,3,Accessory Structure,44.8484836881505,-63.59993825907012
6590,BPRES-2023-14206,2026-03-23,95000,New Building,New Building,Issued,HALIFAX,District 07,1,2,Dwelling - Backyard Suite,44.62735913497184,-63.57507413811943
6591,BPRES-2023-14243,2023-12-20,40000,Renovation,Renovation,Completed,UPPER HAMMONDS PLAINS,District 14,1,1,Dwelling - Multiple Units,44.75528860196005,-63.85358911125218
6592,BPRES-2023-14251,2023-11-07,375000,New Building,New Building,Completed,DARTMOUTH,District 06,1,3,Dwelling - Single Detached,44.71430306701613,-63.54388611050911
6593,BPRES-2023-14263,2023-11-07,950000,New Building,New Building,Completed,FALL RIVER,District 01,1,2,Dwelling - Single Detached,44.82673959455351,-63.64061126826638
6594,BPRES-2023-14298,2023-11-02,55000,New Building,New Building,Expired,HAMMONDS PLAINS,District 14,0,1,Accessory Structure,44.73110880491262,-63.81011197429726
6595,BPRES-2023-14358,2023-11-07,725000,New Building,New Building,Completed,PORTUGUESE COVE,District 11,1,2,Dwelling - Single Detached,44.51335178064003,-63.54412042872261
6596,BPRES-2023-14410,2023-11-03,25000,New Building,New Building,Completed,UPPER TANTALLON,District 13,0,1,Accessory Structure,44.726124266598504,-63.87230302166667
6597,BPRES-2023-14452,2023-11-09,900000,New Building,New Building,Completed,BEDFORD,District 16,1,2,Dwelling - Single Detached,44.70656375592922,-63.72589272955129
6598,BPRES-2023-14472,2024-01-02,300000,New Building,New Building,Expired,HAMMONDS PLAINS,District 14,1,1,Dwelling - Single Detached,44.730734170083274,-63.80868960659995
6599,BPRES-2023-14534,2023-11-08,676000,New Building,New Building,Completed,FALL RIVER,District 01,1,2,Dwelling - Single Detached,44.831630050472796,-63.62940001878992
6600,BPRES-2023-14543,2023-11-08,19178,Renovation,Renovation,Expired,DARTMOUTH,District 06,0,1,Dwelling - Single Detached,44.720839350072964,-63.5447635131137
6601,BPRES-2023-14564,2023-11-23,80000,Renovation,Renovation,Completed,HALIFAX,District 11,0,2,Dwelling - Single Detached,44.62319557281869,-63.617418090751535
6602,BPRES-2023-14573,2024-01-24,250000,New Building,New Building,Expired,WILLIAMSWOOD,District 11,1,1,Dwelling - Single Detached,44.53615225857511,-63.63945972605036
6603,BPRES-2023-14608,,305000,Renovation,Renovation,Withdrawn,HALIFAX,District 10,3,3,Dwelling - Multiple Units,44.66068413140621,-63.63040408340415
6604,BPRES-2023-14652,2023-11-14,700000,New Building,New Building,Completed,HAMMONDS PLAINS,District 14,1,1,Dwelling - Single Detached,44.73690458511869,-63.8042150014984
6605,BPRES-2023-14686,2023-11-09,450000,New Building,New Building,Completed,EASTERN PASSAGE,District 03,3,1,Dwelling - Townhouse,44.608657672505686,-63.4886080265809
6606,BPRES-2023-14713,,16000,Renovation,Renovation,Applicant Revisions,,District 05,1,1,Dwelling - Multiple Units,,
6607,BPRES-2023-14743,2023-11-22,400000,New Building,New Building,Completed,UPPER SACKVILLE,District 14,1,1,Dwelling - Single Detached,44.80809690438986,-63.75929678776098
6608,BPRES-2023-14764,,200000,Renovation,Renovation,Application Incomplete,LOWER SACKVILLE,District 15,1,2,Dwelling - Semi-Detached,44.76592835680386,-63.685829167640414
6609,BPRES-2023-14815,2023-11-15,30000,New Building,New Building,Completed,WAVERLEY,District 01,0,1,Accessory Structure,44.777309533730374,-63.57754182764739
6610,BPRES-2023-14837,2024-03-19,500000,New Building,New Building,Completed,HALIFAX,District 09,2,3,Dwelling - Multiple Units,44.646440716157535,-63.59858602047259
6611,BPRES-2023-14878,2023-11-17,610000,New Building,New Building,Completed,UPPER TANTALLON,District 13,1,3,Dwelling - Single Detached,44.720538734692376,-63.8656535989505
6612,BPRES-2023-14920,2023-11-27,6000,Renovation,Renovation,Completed,HALIFAX,District 10,0,2,Dwelling - Single Detached,44.66960865811677,-63.657258844986224
6613,BPRES-2023-14964,2023-11-27,475000,New Building,New Building,Completed,LAWRENCETOWN,District 02,1,2,Dwelling - Single Detached,44.667685509554076,-63.37869290709722
6614,BPRES-2023-14982,2023-11-20,200000,New Building,New Building,Completed,HAMMONDS PLAINS,District 14,1,2,Dwelling - Single Detached,44.74010074716306,-63.802485827173044
6615,BPRES-2023-15012,2023-11-24,850000,New Building,New Building,Completed,MIDDLE SACKVILLE,District 14,1,2,Dwelling - Single Detached,44.79200598075872,-63.76261348037265
6616,BPRES-2023-15052,2024-06-21,55000,New Building,New Building,Expired,EAST PETPESWICK,District 02,0,1,Accessory Structure,44.76106616530757,-63.15282287242768
6617,BPRES-2023-15107,2023-12-04,70000,Renovation,Renovation,Completed,HALIFAX,District 10,1,3,Dwelling - Multiple Units,44.652868095521725,-63.633636390715786
6618,BPRES-2023-15119,2024-04-02,400000,New Building,New Building,Completed,PORTUGUESE COVE,District 11,1,2,Dwelling - Single Detached,44.51722859193308,-63.536345479538745
6619,BPRES-2023-15146,2023-12-11,1518500,New Building,New Building,Completed,EAST DOVER,District 13,1,2,Dwelling - Single Detached,44.499335029348735,-63.84159846216295
6620,BPRES-2023-15187,2024-01-08,200000,Renovation,Renovation,Completed,HALIFAX,District 08,1,2,Dwelling - Multiple Units,44.65369626341681,-63.595047150040905
6621,BPRES-2023-15209,2024-01-02,45000,Addition,Addition,Completed,FALL RIVER,District 01,0,1,Dwelling - Single Detached,44.82084059991114,-63.63630355061279
6622,BPRES-2023-15275,,13000,Renovation,Renovation,Withdrawn,HALIFAX,District 07,0,2,Dwelling - Single Detached,44.62701642893706,-63.58334930192083
6623,BPRES-2023-15285,2023-12-11,530000,New Building,New Building,Completed,FALL RIVER,District 01,1,2,Dwelling - Single Detached,44.83200496730286,-63.63082153553124
6624,BPRES-2023-15307,2023-12-11,850000,New Building,New Building,Completed,HAMMONDS PLAINS,District 14,2,3,Dwelling - Multiple Units,44.723072607698725,-63.84342288168236
6625,BPRES-2023-15315,,30000,Renovation,Renovation,Application Incomplete,EASTERN PASSAGE,District 03,1,2,Dwelling - Semi-Detached,44.61500699858799,-63.459947573404
6626,BPRES-2023-15327,2023-12-19,35000,Renovation,Renovation,Completed,LOWER SACKVILLE,District 15,1,2,Dwelling - Multiple Units,44.77916582725519,-63.6959816780383
6627,BPRES-2023-15351,2023-11-24,650000,New Building,New Building,Completed,HAMMONDS PLAINS,District 14,1,2,Dwelling - Single Detached,44.72693862566168,-63.83759926070889
6628,BPRES-2023-15411,2023-12-05,121905,Renovation,Renovation,Completed,BEDFORD,District 16,0,2,Dwelling - Single Detached,44.7323325500241,-63.64613560089172
6629,BPRES-2023-15421,2024-01-04,575000,New Building,New Building,Completed,BEAVER BANK,District 15,1,2,Dwelling - Single Detached,44.81775008905025,-63.697177147177854
6630,BPRES-2023-15450,2023-12-08,200000,Addition,Addition,Expired,HALIFAX,District 07,0,2,Dwelling - Single Detached,44.631968842332086,-63.58324810507967
6631,BPRES-2023-15472,2023-11-30,650000,New Building,New Building,Completed,LAWRENCETOWN,District 02,1,1,Dwelling - Single Detached,44.6951239477384,-63.4070679185251
6632,BPRES-2023-15506,2023-12-08,590000,New Building,New Building,Issued,FALL RIVER,District 01,1,1,Dwelling - Single Detached,44.83247348114623,-63.629725505579565
6633,BPRES-2023-15563,2024-04-12,70000,Addition,Addition,Completed,HALIFAX,District 08,0,1,Dwelling - Single Detached,44.65862581658128,-63.595863242384695
6634,BPRES-2023-15586,2024-01-31,272500,New Building,New Building,Completed,HALIFAX,District 11,4,3,Dwelling - Semi-Detached,44.59318921967857,-63.60204441816522
6635,BPRES-2023-15603,2023-12-08,650000,New Building,New Building,Completed,BEDFORD,District 16,1,3,Dwelling - Single Detached,44.70718343322154,-63.72478908649629
6636,BPRES-2023-15629,2024-01-10,100000,New Building,New Building,Expired,UPPER TANTALLON,District 13,1,2,Dwelling - Backyard Suite,44.72421584948193,-63.882348006596885
6637,BPRES-2023-15641,2023-12-04,550000,New Building,New Building,Completed,HAMMONDS PLAINS,District 14,1,2,Dwelling - Single Detached,44.72238594741662,-63.831281963035316
6638,BPRES-2023-15757,2023-12-07,15000,New Building,New Building,Completed,HAMMONDS PLAINS,District 14,0,1,Accessory Structure,44.726300290682744,-63.82804342825961
6639,BPRES-2023-15775,2023-12-06,30000,New Building,New Building,Expired,PROSPECT BAY,District 13,0,1,Accessory Structure,44.511606576156275,-63.79533891790433
6640,BPRES-2023-15842,,500,Renovation,Renovation,Withdrawn,TIMBERLEA,District 12,0,2,Dwelling - Multiple Units,44.65500808324888,-63.73978617964653
6641,BPRES-2023-15874,2023-12-11,25000,New Building,New Building,Completed,EAST LAWRENCETOWN,District 02,0,1,Accessory Structure,44.66793592388546,-63.31437140071317
6642,BPRES-2023-15889,2023-12-15,10100,Renovation,Renovation,Expired,COLE HARBOUR,District 04,0,2,Dwelling - Single Detached,44.65059006461774,-63.48647408991038
6643,BPRES-2023-15941,2024-04-03,30000,Renovation,Renovation,Issued,HALIFAX,District 08,1,2,Dwelling - Single Detached,44.65309351496891,-63.59684370129645
6644,BPRES-2023-15968,,345000,Addition,Addition,Withdrawn,HALIFAX,District 16,0,2,Accessory Structure,44.70251701427474,-63.66990394157477
6645,BPRES-2023-15990,2024-01-29,120000,Addition,Addition,Completed,BEDFORD,District 16,1,2,Dwelling - Multiple Units,44.7292752550101,-63.64977331413504
6646,BPRES-2023-16051,2025-02-07,1500000,New Building,New Building,Issued,WEST CHEZZETCOOK,District 02,6,1,Dwelling - Townhouse,44.72665010229781,-63.27967879985698
6647,BPRES-2023-16057,2023-12-21,24000,Addition,Addition,Expired,HAMMONDS PLAINS,District 14,0,2,Dwelling - Single Detached,44.713923081293615,-63.74719361389849
6648,BPRES-2023-16086,2024-06-21,145000,Addition,Addition,Expired,WELLINGTON,District 01,1,1,Dwelling - Backyard Suite,44.86263844113476,-63.60248357317847
6649,BPRES-2023-16106,2023-12-18,200000,New Building,New Building,Completed,MIDDLE SACKVILLE,District 14,1,2,Dwelling - Single Detached,44.793191127215714,-63.757357750498414
6650,BPRES-2023-16130,2023-12-21,1465803,New Building,New Building,Completed,DARTMOUTH,District 03,5,3,Dwelling - Townhouse,44.66000323639889,-63.53498114541769
6651,BPRES-2023-16143,2023-12-20,1000000,New Building,New Building,Completed,DARTMOUTH,District 06,1,2,Dwelling - Single Detached,44.7037306338867,-63.54145353270001
6652,BPRES-2023-16216,2024-01-31,32000,Renovation,Renovation,Completed,HALIFAX,District 11,1,2,Dwelling - Semi-Detached,44.59141044057722,-63.599031454616345
6653,BPRES-2023-16239,2024-01-18,102000,Renovation,Renovation,Completed,HALIFAX,District 09,1,3,Dwelling - Multiple Units,44.645678933600195,-63.60284486115994
6654,BPRES-2023-16289,,1000,Renovation,Renovation,Applicant Revisions,WAVERLEY,District 01,1,2,Dwelling - Backyard Suite,44.76051469321493,-63.57401887814354
6655,BPRES-2023-16300,2024-03-11,50000,New Building,New Building,Expired,MIDDLE SACKVILLE,District 14,0,1,Accessory Structure,44.802067754986595,-63.72553902178413
6656,BPRES-2023-16333,2024-01-03,2500,Renovation,Renovation,Issued,HALIFAX,District 08,0,2,Dwelling - Semi-Detached,44.65603906852015,-63.59319060842942
6657,BPRES-2023-16357,2024-01-16,15000,Renovation,Renovation,Expired,HALIFAX,District 12,0,3,Dwelling - Townhouse,44.64900016592147,-63.651167789150875
6658,BPRES-2023-16396,2024-02-23,225000,Addition,Addition,Expired,HALIFAX,District 08,0,3,Dwelling - Multiple Units,44.65371814293894,-63.592683055083285
6659,BPRES-2023-16429,2024-01-11,120000,New Building,New Building,Expired,COLE HARBOUR,District 04,1,1,Dwelling - Backyard Suite,44.67072358488798,-63.48731575161564
6660,BPRES-2023-16486,,1500,Renovation,Renovation,Application Incomplete,LAKESIDE,District 12,0,2,Dwelling - Semi-Detached,44.639722287298305,-63.701481237687545
6661,BPRES-2023-16500,2024-01-24,6000,Renovation,Renovation,Completed,DARTMOUTH,District 03,0,1,Dwelling - Single Detached,44.66441867209912,-63.52079070306778
6662,BPRES-2023-16544,2024-09-10,100000,Addition,Addition,Issued,HUBLEY,District 13,1,1,Dwelling - Multiple Units,44.66242114457048,-63.8203731579839
6663,BPRES-2023-16564,2024-03-05,400000,New Building,New Building,Expired,COW BAY,District 03,2,1,Dwelling - Multiple Units,44.651967595763196,-63.42404515046043
6664,BPRES-2024-00031,2024-01-10,94433.7,Renovation,Renovation,Expired,SHEET HARBOUR,District 02,0,1,Dwelling - Single Detached,44.925793896425546,-62.5458116089454
6665,BPRES-2024-00051,2024-01-10,52803,Renovation,Renovation,Cancelled,FALL RIVER,District 01,0,2,Dwelling - Single Detached,44.83676235913906,-63.63488266467346
6666,BPRES-2024-00069,,850000,New Building,New Building,Applicant Revisions,MIDDLE SACKVILLE,District 14,1,2,Dwelling - Single Detached,44.79486391406362,-63.769448491730046
6667,BPRES-2024-00099,2024-01-05,550000,New Building,New Building,Completed,HAMMONDS PLAINS,District 14,1,1,Dwelling - Single Detached,44.72152390133617,-63.839767586511606
6668,BPRES-2024-00180,2024-05-03,4000,Addition,Addition,Completed,HEAD OF ST MARGARETS BAY,District 13,0,1,Dwelling - Single Detached,44.69349853720143,-63.89129337932569
6669,BPRES-2024-00203,2024-01-18,56500,New Building,New Building,Completed,HATCHET LAKE,District 13,0,2,Accessory Structure,44.56003316389237,-63.73650426175822
6670,BPRES-2024-00274,,50000,Renovation,Renovation,Application Incomplete,,Unidentified,1,2,Dwelling - Semi-Detached,,
6671,BPRES-2024-00299,2024-01-15,10000,Renovation,Renovation,Expired,HALIFAX,District 11,0,2,Dwelling - Single Detached,44.61209110038921,-63.62377877107998
6672,BPRES-2024-00311,,275000,New Building,New Building,Withdrawn,HALIFAX,District 11,2,3,Dwelling - Semi-Detached,44.59327482377723,-63.60219474318828
6673,BPRES-2024-00332,2024-02-02,400500,Addition,Addition,Completed,INDIAN HARBOUR,District 13,0,1,Dwelling - Single Detached,44.52839959936365,-63.941337596220166
6674,BPRES-2024-00376,2024-05-29,300000,New Building,New Building,Issued,SHEET HARBOUR,District 02,1,3,Dwelling - Single Detached,44.91194068088604,-62.53357682647541
6675,BPRES-2024-00445,2024-03-15,25000,New Building,New Building,Expired,THREE FATHOM HARBOUR,District 02,0,1,Accessory Structure,44.64802812504093,-63.30453954724605
6676,BPRES-2024-00459,2024-03-06,200000,New Building,New Building,Completed,MIDDLE SACKVILLE,District 14,1,2,Dwelling - Backyard Suite,44.78509355383327,-63.74312447066348
6677,BPRES-2024-00474,2024-04-08,50000,Renovation,Renovation,Completed,HALIFAX,District 09,1,2,Dwelling - Single Detached,44.649549824227584,-63.59983997127967
6678,BPRES-2024-00490,2024-01-31,1500000,New Building,New Building,Completed,DARTMOUTH,District 06,4,3,Dwelling - Townhouse,44.71466613170897,-63.54112027804748
6679,BPRES-2024-00523,2024-05-15,20000,New Building,New Building,Issued,HALIFAX,District 08,0,1,Accessory Structure,44.6698308111626,-63.618089254143605
6680,BPRES-2024-00538,2024-02-13,6000,Renovation,Renovation,Issued,HEAD OF CHEZZETCOOK,District 02,1,2,Dwelling - Multiple Units,44.74095243889803,-63.253210631315504
6681,BPRES-2024-00548,2024-01-19,30000,New Building,New Building,Completed,DARTMOUTH,District 06,0,1,Accessory Structure,44.687221753777465,-63.508553848941375
6682,BPRES-2024-00621,2024-01-18,700000,New Building,New Building,Completed,UPPER TANTALLON,District 13,1,1,Dwelling - Single Detached,44.72552059227776,-63.87329363647231
6683,BPRES-2024-00664,2024-02-20,300000,New Building,New Building,Cancelled,PORTERS LAKE,District 02,1,1,Dwelling - Single Detached,44.72187770594066,-63.30996298376157
6684,BPRES-2024-00688,2024-02-05,19000,Renovation,Renovation,Completed,HALIFAX,District 07,0,1,Dwelling - Single Detached,44.63517777421252,-63.58464840640452
6685,BPRES-2024-00722,2024-01-26,75000,New Building,New Building,Expired,HAMMONDS PLAINS,District 14,0,1,Accessory Structure,44.7219287148209,-63.827565402183126
6686,BPRES-2024-00752,2024-05-13,125000,Renovation,Renovation,Expired,HALIFAX,District 10,0,2,Dwelling - Single Detached,44.65169617566875,-63.63611113319751
6687,BPRES-2024-00808,2024-02-12,50000,New Building,New Building,Expired,BEAVER BANK,District 15,0,1,Accessory Structure,44.88759188195228,-63.70696979469641
6688,BPRES-2024-00844,2024-03-18,100000,New Building,New Building,Issued,UPPER HAMMONDS PLAINS,District 14,1,2,Dwelling - Backyard Suite,44.75522506413413,-63.85376297632628
6689,BPRES-2024-00866,2024-01-26,540000,New Building,New Building,Completed,BEDFORD,District 16,1,3,Dwelling - Single Detached,44.7081461812025,-63.728446607842855
6690,BPRES-2024-00905,2024-02-02,180000,New Building,New Building,Expired,WEST DOVER,District 13,1,1,Dwelling - Single Detached,44.5043022429555,-63.8817595972448
6691,BPRES-2024-00923,2024-01-29,650000,New Building,New Building,Completed,OSTREA LAKE,District 02,2,2,Dwelling - Multiple Units,44.77732117475966,-63.10325846732674
6692,BPRES-2024-00967,2024-02-02,700000,New Building,New Building,Completed,BOUTILIERS POINT,District 13,1,2,Dwelling - Single Detached,44.660560040305455,-63.94860416764129
6693,BPRES-2024-01016,2024-01-30,500000,New Building,New Building,Completed,HAMMONDS PLAINS,District 14,1,2,Dwelling - Single Detached,44.69979966485484,-63.808704854572106
6694,BPRES-2024-01038,2024-02-02,560000,New Building,New Building,Completed,HERRING COVE,District 11,1,1,Dwelling - Single Detached,44.57425188321988,-63.553944977471716
6695,BPRES-2024-01061,2024-02-05,40000,Renovation,Renovation,Completed,HALIFAX,District 11,1,3,Dwelling - Single Detached,44.609172560032434,-63.603578504212685
6696,BPRES-2024-01100,2024-02-23,626000,New Building,New Building,Completed,HUBLEY,District 13,1,2,Dwelling - Single Detached,44.66554213664795,-63.81046684536473
6697,BPRES-2024-01184,2024-02-21,300000,New Building,New Building,Completed,TIMBERLEA,District 12,1,2,Dwelling - Single Detached,44.645265639601085,-63.72481631951888
6698,BPRES-2024-01214,2024-03-19,510990,New Building,New Building,Completed,WHITES LAKE,District 13,1,1,Dwelling - Single Detached,44.52014592806751,-63.75700516029478
6699,BPRES-2024-01282,2024-02-09,20000,New Building,New Building,Completed,WEST DOVER,District 13,0,1,Accessory Structure,44.5043022429555,-63.8817595972448
6700,BPRES-2024-01344,2024-03-01,31911,Addition,Addition,Completed,HALIFAX,District 10,0,2,Dwelling - Single Detached,44.69163219061147,-63.66158645688223
6701,BPRES-2024-01409,2024-03-01,30000,New Building,New Building,Completed,DARTMOUTH,District 06,0,1,Accessory Structure,44.6918791812959,-63.538105195261835
6702,BPRES-2024-01448,2024-03-25,23000,Addition,Addition,Completed,DARTMOUTH,District 06,1,2,Dwelling - Multiple Units,44.691404383061695,-63.50443959373705
6703,BPRES-2024-01454,2024-02-14,85000,New Building,New Building,Expired,MYERS POINT,District 02,0,1,Accessory Structure,44.769094549561764,-63.03595933936504
6704,BPRES-2024-01481,2024-02-13,70000,Renovation,Renovation,Completed,LAKE ECHO,District 02,0,1,Dwelling - Single Detached,44.73350338184071,-63.382737130705536
6705,BPRES-2024-01511,2024-02-21,400000,New Building,New Building,Completed,TIMBERLEA,District 12,1,3,Dwelling - Single Detached,44.64525605230128,-63.72468177674321
6706,BPRES-2024-01524,2024-02-15,465000,New Building,New Building,Completed,HAMMONDS PLAINS,District 14,1,2,Dwelling - Single Detached,44.72636619586809,-63.829172698310224
6707,BPRES-2024-01566,2024-03-01,33000,New Building,New Building,Completed,MIDDLE SACKVILLE,District 14,0,1,Accessory Structure,44.78139123475317,-63.72035617917371
6708,BPRES-2024-01608,2024-02-20,650000,New Building,New Building,Completed,MIDDLE SACKVILLE,District 14,1,1,Dwelling - Single Detached,44.796093961882576,-63.768721647524785
6709,BPRES-2024-01654,2024-03-20,75000,Renovation,Renovation,Expired,HALIFAX,District 09,0,3,Dwelling - Multiple Units,44.64777777195995,-63.60558589122245
6710,BPRES-2024-01676,2024-02-23,60000,Renovation,Renovation,Completed,BEAVER BANK,District 15,1,2,Dwelling - Multiple Units,44.83319279327937,-63.680960467144004
6711,BPRES-2024-01714,2024-03-28,55000,New Building,New Building,Completed,PLEASANT VALLEY,District 01,1,1,Dwelling - Seasonal,45.12021043809543,-62.89218130748122
6712,BPRES-2024-01728,2024-03-22,30000,New Building,New Building,Issued,SEAFORTH,District 02,1,2,Dwelling - Seasonal,44.660830725334236,-63.27747896340147
6713,BPRES-2024-01819,2024-03-01,25000,New Building,New Building,Completed,HALIFAX,District 09,0,1,Accessory Structure,44.64570473343102,-63.593999585797434
6714,BPRES-2024-01843,2024-11-25,500000,New Building,New Building,Completed,CHASWOOD,District 01,1,2,Dwelling - Single Detached,45.045370434613474,-63.226074022607214
6715,BPRES-2024-01856,,200000,Addition,Addition,Applicant Revisions,DARTMOUTH,District 06,2,2,Dwelling - Semi-Detached,44.68293342706445,-63.52167217861052
6716,BPRES-2024-01896,2024-03-01,650000,New Building,New Building,Completed,TANTALLON,District 13,1,2,Dwelling - Single Detached,44.651156093394356,-63.89816882546386
6717,BPRES-2024-01924,2024-03-15,30000,New Building,New Building,Cancelled,OAKFIELD,District 01,0,1,Accessory Structure,44.90002878810636,-63.57683127444247
6718,BPRES-2024-01952,2024-03-14,30500,Renovation,Renovation,Completed,HALIFAX,District 11,0,2,Dwelling - Single Detached,44.607717562797326,-63.60490847937322
6719,BPRES-2024-01997,2024-07-11,18829.18,Addition,Addition,Issued,HALIFAX,District 08,0,2,Dwelling - Single Detached,44.66340430364975,-63.60711367949882
6720,BPRES-2024-02026,2024-03-08,118500,Renovation,Renovation,Completed,HALIFAX,District 08,1,2,Dwelling - Multiple Units,44.659193604746854,-63.59858715865956
6721,BPRES-2024-02055,2024-03-04,5000,Renovation,Renovation,Expired,HALIFAX,District 10,0,3,Dwelling - Multiple Units,44.651136756536424,-63.65071648269793
6722,BPRES-2024-02090,2025-04-10,15000,New Building,New Building,Completed,HAMMONDS PLAINS,District 14,0,2,Accessory Structure,44.708323079242035,-63.740619093444835
6723,BPRES-2024-02125,2024-06-14,37500,New Building,New Building,Expired,UPPER TANTALLON,District 13,0,1,Accessory Structure,44.69868216164796,-63.88437214510655
6724,BPRES-2024-02154,,2000,Addition,Addition,Application Incomplete,,Unidentified,1,1,Dwelling - Backyard Suite,,
6725,BPRES-2024-02162,2024-03-08,40000,Renovation,Renovation,Completed,BALD ROCK,District 11,0,2,Dwelling - Single Detached,44.4692259308006,-63.580342631139835
6726,BPRES-2024-02199,2024-05-10,165200,Addition,Addition,Expired,HALIFAX,District 08,0,2,Dwelling - Single Detached,44.662638227006184,-63.60261482646741
6727,BPRES-2024-02224,2024-03-12,700000,New Building,New Building,Completed,,District 12,1,2,Dwelling - Single Detached,44.645793767664294,-63.7293552228922
6728,BPRES-2024-02254,2024-03-11,120000,New Building,New Building,Expired,GRAND LAKE,District 01,1,1,Dwelling - Backyard Suite,44.89546968205967,-63.589257271128396
6729,BPRES-2024-02261,2024-05-03,40000,New Building,New Building,Completed,FALL RIVER,District 01,1,2,Dwelling - Backyard Suite,44.82202102682163,-63.641588560471625
6730,BPRES-2024-02286,2024-03-15,264000,New Building,New Building,Completed,LAWRENCETOWN,District 02,1,1,Dwelling - Single Detached,44.65544385834822,-63.38288515953429
6731,BPRES-2024-02348,2024-03-22,40000,Addition,Addition,Expired,HALIFAX,District 09,0,2,Dwelling - Single Detached,44.63923640091808,-63.632382109829095
6732,BPRES-2024-02388,,2000,Renovation,Renovation,Withdrawn,DARTMOUTH,District 06,0,2,Dwelling - Single Detached,44.70649723378061,-63.54721421177028
6733,BPRES-2024-02438,2024-03-18,61151,Addition,Addition,Completed,DARTMOUTH,District 03,0,2,Dwelling - Single Detached,44.658715705835846,-63.52207696129015
6734,BPRES-2024-02463,2024-03-13,375000,New Building,New Building,Completed,DARTMOUTH,District 06,1,3,Dwelling - Single Detached,44.71399350681754,-63.54451637798873
6735,BPRES-2024-02492,,21718.44,Renovation,Renovation,Application Incomplete,TIMBERLEA,District 12,1,2,Dwelling - Multiple Units,44.65640292541492,-63.735053443941105
6736,BPRES-2024-02516,2024-03-14,320000,New Building,New Building,Completed,DARTMOUTH,District 06,1,1,Dwelling - Backyard Suite,44.69999719442572,-63.55038383667089
6737,BPRES-2024-02588,2024-05-15,559000,New Building,New Building,Completed,HALIFAX,District 11,4,3,Dwelling - Semi-Detached,44.58576396707296,-63.5902886875073
6738,BPRES-2024-02687,2024-03-14,475000,New Building,New Building,Completed,PORTUGUESE COVE,District 11,1,1,Dwelling - Single Detached,44.51375624496362,-63.5377382401902
6739,BPRES-2024-02707,,,New Building,New Building,Submitted,,Unidentified,1,1,Accessory Structure,,
6740,BPRES-2024-02742,2024-04-11,650000,New Building,New Building,Issued,HAMMONDS PLAINS,District 14,2,2,Dwelling - Multiple Units,44.719804273084115,-63.83611742331086
6741,BPRES-2024-02795,,125000,New Building,New Building,Application Incomplete,DARTMOUTH,District 05,1,2,Dwelling - Backyard Suite,44.68542814080377,-63.57806633977818
6742,BPRES-2024-02838,2024-07-10,1000000,New Building,New Building,Issued,HAMMONDS PLAINS,District 14,2,3,Dwelling - Multiple Units,44.724951460367386,-63.839687448539
6743,BPRES-2024-02855,2024-03-27,350000,New Building,New Building,Completed,BEECHVILLE,District 12,2,3,Dwelling - Semi-Detached,44.63933364380961,-63.67785641511348
6744,BPRES-2024-02889,2024-04-03,275000,New Building,New Building,Completed,TANGIER,District 02,1,2,Dwelling - Single Detached,44.801138622428844,-62.68728270432546
6745,BPRES-2024-02901,2024-05-31,97000,Addition,Addition,Completed,DARTMOUTH,District 05,0,3,Dwelling - Single Detached,44.6749369997165,-63.56596840249038
6746,BPRES-2024-02926,2024-04-26,500000,New Building,New Building,Completed,OAKFIELD,District 01,1,2,Dwelling - Single Detached,44.92278004268186,-63.55629040904288
6747,BPRES-2024-02977,2024-04-05,300000,New Building,New Building,Completed,MYERS POINT,District 02,1,2,Dwelling - Single Detached,44.76747457291656,-63.03853952872282
6748,BPRES-2024-03041,2024-05-21,38453,Renovation,Renovation,Expired,HALIFAX,District 09,0,8,Dwelling - Multiple Units,44.6461662241735,-63.593370817709584
6749,BPRES-2024-03081,2024-06-18,120000,New Building,New Building,Completed,LOWER SACKVILLE,District 15,1,1,Dwelling - Backyard Suite,44.76547331550243,-63.695637067675875
6750,BPRES-2024-03116,2024-04-05,500000,New Building,New Building,Completed,HAMMONDS PLAINS,District 14,1,2,Dwelling - Single Detached,44.720870205337235,-63.767161483825326
6751,BPRES-2024-03134,2024-03-22,150000,New Building,New Building,Completed,MIDDLE SACKVILLE,District 14,1,2,Dwelling - Single Detached,44.801530063257196,-63.76754336376428
6752,BPRES-2024-03165,2024-04-05,250000,New Building,New Building,Completed,BEECHVILLE,District 12,1,3,Dwelling - Single Detached,44.63824387090854,-63.679623344479715
6753,BPRES-2024-03179,2025-11-17,630000,New Building,New Building,Completed,COLE HARBOUR,District 04,1,2,Dwelling - Single Detached,44.674274908989204,-63.458517483732265
6754,BPRES-2024-03208,2024-04-08,350000,New Building,New Building,Completed,BEECHVILLE,District 12,2,2,Dwelling - Semi-Detached,44.63919460857895,-63.67770950099069
6755,BPRES-2024-03223,,50000,New Building,New Building,Application Incomplete,HALIFAX,District 11,1,1,Dwelling - Backyard Suite,44.600337017179875,-63.600606879327536
6756,BPRES-2024-03253,2024-04-24,50000,New Building,New Building,Expired,MIDDLE SACKVILLE,District 14,0,1,Accessory Structure,44.80695876805023,-63.730419715839666
6757,BPRES-2024-03257,2024-04-08,500000,New Building,New Building,Completed,BEECHVILLE,District 12,2,3,Dwelling - Semi-Detached,44.639608604007385,-63.67901720749912
6758,BPRES-2024-03295,2024-05-07,140000,New Building,New Building,Completed,HALIFAX,District 11,1,2,Dwelling - Backyard Suite,44.631238269520395,-63.626912073099135
6759,BPRES-2024-03309,2024-05-29,696500,New Building,New Building,Issued,PORTERS LAKE,District 02,1,2,Dwelling - Single Detached,44.74041587398309,-63.29030823541058
6760,BPRES-2024-03316,2024-04-09,500000,New Building,New Building,Completed,BEECHVILLE,District 12,2,3,Dwelling - Semi-Detached,44.6394081149358,-63.678560763630415
6761,BPRES-2024-03326,2024-04-09,500000,New Building,New Building,Completed,BEECHVILLE,District 12,2,3,Dwelling - Semi-Detached,44.63849859251014,-63.67771693061071
6762,BPRES-2024-03337,2024-04-09,350000,New Building,New Building,Completed,BEECHVILLE,District 12,2,3,Dwelling - Semi-Detached,44.63889620365155,-63.67744481785423
6763,BPRES-2024-03361,2024-04-25,600000,New Building,New Building,Completed,HEAD OF JEDDORE,District 02,1,1,Dwelling - Single Detached,44.77914902583053,-63.047360877965396
6764,BPRES-2024-03428,2024-04-03,650000,New Building,New Building,Completed,OAKFIELD,District 01,1,1,Dwelling - Single Detached,44.91891825622064,-63.56548581518615
6765,BPRES-2024-03454,2024-04-10,585000,New Building,New Building,Completed,BEDFORD,District 16,1,2,Dwelling - Single Detached,44.70717402658897,-63.72380143018269
6766,BPRES-2024-03488,2024-05-09,75000,New Building,New Building,Withdrawn,PORTERS LAKE,District 02,1,1,Dwelling - Backyard Suite,44.80327663330423,-63.38316600518442
6767,BPRES-2024-03524,2024-04-09,35000,New Building,New Building,Completed,LUCASVILLE,District 14,0,1,Accessory Structure,44.75769913486014,-63.747661847811685
6768,BPRES-2024-03538,2024-06-06,11100,Renovation,Renovation,Completed,HALIFAX,District 09,0,2,Dwelling - Single Detached,44.64124799185646,-63.637218547020105
6769,BPRES-2024-03594,2024-04-05,35000,New Building,New Building,Completed,HERRING COVE,District 11,0,2,Accessory Structure,44.568571483500776,-63.56922758076427
6770,BPRES-2024-03620,2024-05-03,900000,New Building,New Building,Completed,UPPER TANTALLON,District 13,2,1,Dwelling - Multiple Units,44.73219567771139,-63.87718236950124
6771,BPRES-2024-03648,2024-05-07,510000,New Building,New Building,Issued,FLETCHERS LAKE,District 01,1,2,Dwelling - Single Detached,44.84399376179377,-63.603821029676034
6772,BPRES-2024-03672,2024-05-17,200000,New Building,New Building,Completed,HALIFAX,District 11,1,2,Dwelling - Single Detached,44.61326067252329,-63.57476218269581
6773,BPRES-2024-03699,2024-06-18,350000,New Building,New Building,Completed,EAST CHEZZETCOOK,District 02,1,1,Dwelling - Single Detached,44.7419166097384,-63.230978070413066
6774,BPRES-2024-03703,2024-04-19,200000,New Building,New Building,Completed,BEECHVILLE,District 12,1,2,Dwelling - Single Detached,44.63818448494636,-63.678314288262506
6775,BPRES-2024-03729,2024-06-07,50000,Addition,Addition,Expired,HALIFAX,District 07,0,2,Dwelling - Single Detached,44.640796375653224,-63.594239860269234
6776,BPRES-2024-03791,2024-05-03,3000,Addition,Addition,Amendment Application Incomplete,HALIFAX,District 12,0,1,Dwelling - Single Detached,44.677599755155995,-63.66491073609285
6777,BPRES-2024-03808,2024-04-09,250000,New Building,New Building,Completed,BEECHVILLE,District 12,1,3,Dwelling - Single Detached,44.639184520920914,-63.67960173055135
6778,BPRES-2024-03812,2024-04-10,250000,New Building,New Building,Completed,BEECHVILLE,District 12,1,3,Dwelling - Single Detached,44.63905362301162,-63.67888761233935
6779,BPRES-2024-03840,2024-04-11,525000,New Building,New Building,Completed,BEAVER BANK,District 15,1,1,Dwelling - Single Detached,44.819861581011686,-63.69894283300129
6780,BPRES-2024-03874,2024-04-11,776000,New Building,New Building,Completed,MIDDLE SACKVILLE,District 14,1,2,Dwelling - Single Detached,44.80398301145287,-63.76199288051069
6781,BPRES-2024-03919,2024-05-14,400000,New Building,New Building,Expired,MYERS POINT,District 02,1,1,Dwelling - Single Detached,44.769094549561764,-63.03595933936504
6782,BPRES-2024-03960,2024-04-16,110000,Addition,Addition,Completed,SHIP HARBOUR,District 02,0,1,Dwelling - Single Detached,44.79531877850359,-62.84980705380786
6783,BPRES-2024-03974,2024-04-23,400000,New Building,New Building,Completed,HAMMONDS PLAINS,District 14,2,1,Dwelling - Multiple Units,44.72642492469106,-63.828587489903654
6784,BPRES-2024-03990,2024-04-12,250000,New Building,New Building,Completed,BEECHVILLE,District 12,1,3,Dwelling - Single Detached,44.63870924603877,-63.67925806044532
6785,BPRES-2024-03995,2024-04-12,250000,New Building,New Building,Completed,BEECHVILLE,District 12,1,3,Dwelling - Single Detached,44.63819356078239,-63.67974507269974
6786,BPRES-2024-04017,2024-04-23,200000,New Building,New Building,Completed,BEECHVILLE,District 12,1,3,Dwelling - Single Detached,44.638787066109536,-63.67854291218507
6787,BPRES-2024-04036,2024-06-14,250000,Addition,Addition,Expired,COLE HARBOUR,District 04,0,2,Dwelling - Single Detached,44.6471336838233,-63.475043715618185
6788,BPRES-2024-04059,2024-04-25,70000,New Building,New Building,Completed,WAVERLEY,District 01,0,1,Accessory Structure,44.78101101144914,-63.59051058507235
6789,BPRES-2024-04111,2024-04-18,400000,New Building,New Building,Completed,TANTALLON,District 13,1,2,Dwelling - Single Detached,44.653274515727965,-63.9017118344448
6790,BPRES-2024-04163,2024-04-15,250000,New Building,New Building,Completed,BEECHVILLE,District 12,1,3,Dwelling - Single Detached,44.638797818639944,-63.67977997356449
6791,BPRES-2024-04179,2025-01-31,315000,New Building,New Building,Completed,TIMBERLEA,District 12,1,2,Dwelling - Single Detached,44.64539435982812,-63.725201191482796
6792,BPRES-2024-04192,2024-05-23,455000,New Building,New Building,Completed,TIMBERLEA,District 12,1,3,Dwelling - Single Detached,44.64597602850118,-63.72651566727212
6793,BPRES-2024-04220,,22000,New Building,New Building,Application Incomplete,DEAN,District 01,0,1,Accessory Structure,45.20153813141738,-62.87113745234766
6794,BPRES-2024-04232,,50000,New Building,New Building,In Review,HUBLEY,District 13,0,2,Accessory Structure,44.66723282414612,-63.786538293272436
6795,BPRES-2024-04257,2024-06-17,305000,New Building,New Building,Issued,HALIFAX,District 10,4,2,Dwelling - Multiple Units,44.65323750282216,-63.637879176166976
6796,BPRES-2024-04260,2024-08-02,700000,Addition,Addition,Issued,PROSPECT,District 13,1,2,Dwelling - Multiple Units,44.46970785117614,-63.78266639593895
6797,BPRES-2024-04267,2024-04-19,1106692,New Building,New Building,Completed,DARTMOUTH,District 03,6,3,Dwelling - Townhouse,44.66073578456661,-63.53448924915537
6798,BPRES-2024-04309,2024-05-27,2000000,New Building,New Building,Issued,MITCHELL BAY,District 02,1,2,Dwelling - Single Detached,44.93726180722674,-62.17997464581174
6799,BPRES-2024-04320,,80000,New Building,New Building,Application Incomplete,DARTMOUTH,District 06,1,2,Dwelling - Backyard Suite,44.72424192877973,-63.54153092506889
6800,BPRES-2024-04372,2024-10-02,200000,New Building,New Building,Completed,BEECHVILLE,District 12,1,3,Dwelling - Single Detached,44.63721540392611,-63.67598187148102
6801,BPRES-2024-04380,2024-11-25,200000,New Building,New Building,Completed,BEECHVILLE,District 12,1,3,Dwelling - Single Detached,44.63684173849207,-63.675657689606936
6802,BPRES-2024-04405,2024-04-23,20000,New Building,New Building,Completed,HAMMONDS PLAINS,District 14,0,1,Accessory Structure,44.76542021980772,-63.784611282077925
6803,BPRES-2024-04438,,2000,Renovation,Renovation,Withdrawn,BEDFORD,District 16,0,1,Dwelling - Townhouse,44.703455434359064,-63.686740509936136
6804,BPRES-2024-04483,2024-07-23,300000,Renovation,Renovation,Completed,HALIFAX,District 08,0,12,Dwelling - Multiple Units,44.65268335095769,-63.58005852495587
6805,BPRES-2024-04539,2024-05-22,240000,Addition,Addition,Completed,UPPER LAKEVILLE,District 02,0,1,Dwelling - Single Detached,44.78719596654969,-62.95558366726885
6806,BPRES-2024-04586,,1430,Renovation,Renovation,Withdrawn,HALIFAX,District 16,1,2,Dwelling - Multiple Units,44.69445479550863,-63.681728540312
6807,BPRES-2024-04631,2024-05-10,340000,Addition,Addition,Completed,HALIFAX,District 09,1,2,Dwelling - Multiple Units,44.64630874292041,-63.61311144108107
6808,BPRES-2024-04660,2024-07-17,235000,New Building,New Building,Completed,EAST PETPESWICK,District 02,2,1,Dwelling - Multiple Units,44.76417763689962,-63.15003918077818
6809,BPRES-2024-04731,2024-07-24,200000,New Building,New Building,Completed,MIDDLE SACKVILLE,District 14,1,1,Dwelling - Backyard Suite,44.821780035694225,-63.727461017958596
6810,BPRES-2024-04744,2024-05-21,10000,Addition,Addition,Expired,HALIFAX,District 09,0,3,Dwelling - Single Detached,44.641435876221735,-63.599541915350294
6811,BPRES-2024-04824,2024-04-23,500000,New Building,New Building,Completed,BEECHVILLE,District 12,2,2,Dwelling - Semi-Detached,44.63999602455453,-63.6790172788688
6812,BPRES-2024-04834,2024-05-10,145000,Renovation,Renovation,Completed,HUBBARDS,District 13,1,1,Dwelling - Backyard Suite,44.633741669085985,-64.04311650236426
6813,BPRES-2024-04839,2024-04-24,500000,New Building,New Building,Completed,BEECHVILLE,District 12,2,2,Dwelling - Semi-Detached,44.639759661647275,-63.67831728381505
6814,BPRES-2024-04847,2024-05-09,12000,Renovation,Renovation,Completed,DARTMOUTH,District 06,0,1,Dwelling - Single Detached,44.67583568099526,-63.52035116571774
6815,BPRES-2024-04867,2024-05-06,87925,Addition,Addition,Completed,PORTERS LAKE,District 02,0,1,Dwelling - Single Detached,44.715433893317105,-63.304844886777246
6816,BPRES-2024-04901,2024-04-29,500000,New Building,New Building,Completed,HAMMONDS PLAINS,District 14,2,1,Dwelling - Multiple Units,44.72047262867104,-63.83406541928798
6817,BPRES-2024-04937,,133000,Addition,Addition,Withdrawn,DARTMOUTH,District 05,0,2,Dwelling - Single Detached,44.67862263031354,-63.562147828219295
6818,BPRES-2024-04950,2024-05-30,172500,New Building,New Building,Expired,UPPER TANTALLON,District 13,1,1,Dwelling - Backyard Suite,44.692008547500116,-63.8646060641558
6819,BPRES-2024-04969,2024-04-30,700000,New Building,New Building,Completed,OSTREA LAKE,District 02,1,2,Dwelling - Single Detached,44.72068033758607,-63.08257879649127
6820,BPRES-2024-04989,2024-05-06,10000,New Building,New Building,Expired,MIDDLE SACKVILLE,District 14,0,1,Accessory Structure,44.80914024651528,-63.71155640832802
6821,BPRES-2024-05061,2024-05-06,3000,Renovation,Renovation,Expired,DEVON,District 01,0,1,Accessory Structure,44.91428484438894,-63.408317239938576
6822,BPRES-2024-05085,2024-06-05,120000,Renovation,Renovation,Completed,DARTMOUTH,District 06,0,2,Dwelling - Single Detached,44.67811698504557,-63.537057451752545
6823,BPRES-2024-05126,2024-04-29,250000,New Building,New Building,Completed,BEECHVILLE,District 12,1,3,Dwelling - Single Detached,44.638378842547915,-63.67698745316625
6824,BPRES-2024-05146,2024-04-29,650000,New Building,New Building,Completed,TANTALLON,District 13,1,1,Dwelling - Single Detached,44.64947488076546,-63.89858622181738
6825,BPRES-2024-05197,2024-05-23,30000,New Building,New Building,Expired,EAST PETPESWICK,District 02,0,1,Accessory Structure,44.762018615799036,-63.151552078891754
6826,BPRES-2024-05229,2024-05-10,650000,New Building,New Building,Completed,TERENCE BAY,District 13,1,2,Dwelling - Single Detached,44.48848911514567,-63.72878395843418
6827,BPRES-2024-05241,,15000,New Building,New Building,Applicant Revisions,HALIFAX,District 10,0,1,Accessory Structure,44.67672160331352,-63.658343800472544
6828,BPRES-2024-05298,2024-05-28,92000,Renovation,Renovation,Expired,HALIFAX,District 07,1,2,Dwelling - Multiple Units,44.63209702236314,-63.58722445148819
6829,BPRES-2024-05326,,25000,New Building,New Building,Application Incomplete,OSTREA LAKE,District 02,1,1,Accessory Structure,44.71935378717743,-63.07151870414783
6830,BPRES-2024-05353,2024-05-06,20000,New Building,New Building,Expired,WESTPHAL,District 04,0,1,Accessory Structure,44.68650748572952,-63.48123566062854
6831,BPRES-2024-05412,,1000,Renovation,Renovation,Cancelled,WESTPHAL,District 04,1,2,Dwelling - Multiple Units,44.696433391890615,-63.49229478630087
6832,BPRES-2024-05438,2024-06-14,514000,New Building,New Building,Completed,BEAVER BANK,District 15,1,2,Dwelling - Single Detached,44.8262295226053,-63.67562515589182
6833,BPRES-2024-05454,2024-05-17,640000,New Building,New Building,Completed,FALL RIVER,District 01,1,2,Dwelling - Single Detached,44.83162895217264,-63.630622270502236
6834,BPRES-2024-05486,2024-05-07,25000,New Building,New Building,Completed,HAMMONDS PLAINS,District 14,0,1,Accessory Structure,44.723072607698725,-63.84342288168236
6835,BPRES-2024-05532,2024-05-10,13000,New Building,New Building,Completed,QUEENSLAND,District 13,1,1,Dwelling - Seasonal,44.64549859587647,-64.00256211566555
6836,BPRES-2024-05552,2024-08-23,200000,New Building,New Building,Issued,HALIFAX,District 09,1,2,Dwelling - Backyard Suite,44.64391278905675,-63.589864822873004
6837,BPRES-2024-05578,2024-05-09,495000,New Building,New Building,Completed,BEDFORD,District 16,1,2,Dwelling - Single Detached,44.708495055891184,-63.72079479656188
6838,BPRES-2024-05596,2024-05-14,36000,New Building,New Building,Completed,LAWRENCETOWN,District 02,0,1,Accessory Structure,44.69405675614533,-63.430403806636086
6839,BPRES-2024-05629,2024-08-07,15000,Addition,Addition,Issued,OYSTER POND,District 02,0,1,Dwelling - Single Detached,44.78175008528415,-63.005248768231624
6840,BPRES-2024-05652,2024-05-24,650000,New Building,New Building,Completed,,District 03,2,2,Dwelling - Semi-Detached,,
6841,BPRES-2024-05703,2024-06-28,750000,New Building,New Building,Completed,LAKE LOON,District 04,2,2,Dwelling - Multiple Units,44.71022211102703,-63.50049038416807
6842,BPRES-2024-05714,2024-05-23,32000,New Building,New Building,Expired,EAST CHEZZETCOOK,District 02,0,1,Accessory Structure,44.72237085470366,-63.230477852993275
6843,BPRES-2024-05726,2024-05-16,30000,New Building,New Building,Completed,HAMMONDS PLAINS,District 14,0,1,Accessory Structure,44.72047262867104,-63.83406541928798
6844,BPRES-2024-05748,2024-05-13,700000,New Building,New Building,Completed,BOUTILIERS POINT,District 13,1,3,Dwelling - Single Detached,44.65797145008543,-63.95724841177989
6845,BPRES-2024-05781,2024-05-13,600000,New Building,New Building,Completed,BEDFORD,District 16,1,2,Dwelling - Single Detached,44.70845931753203,-63.720674023340635
6846,BPRES-2024-05801,2025-02-18,25000,Renovation,Renovation,Completed,WELLINGTON,District 01,1,1,Dwelling - Backyard Suite,44.874031993973546,-63.606107427029016
6847,BPRES-2024-05816,2024-05-16,64000,New Building,New Building,Expired,EAST LAWRENCETOWN,District 02,0,1,Accessory Structure,44.66610828512945,-63.31642710818975
6848,BPRES-2024-05842,2024-05-28,100000,New Building,New Building,Expired,HAMMONDS PLAINS,District 14,1,1,Dwelling - Backyard Suite,44.72691783550337,-63.839592669749955
6849,BPRES-2024-05886,2024-10-02,2000,Addition,Addition,Issued,HUBLEY,District 13,0,1,Dwelling - Single Detached,44.67282599225056,-63.82204403484598
6850,BPRES-2024-05900,2024-06-10,170000,New Building,New Building,Completed,CONROD SETTLEMENT,District 02,1,1,Dwelling - Backyard Suite,44.763885827848384,-63.244418664004044
6851,BPRES-2024-05932,2024-08-15,80000,New Building,New Building,Issued,LAWRENCETOWN,District 02,0,2,Accessory Structure,44.68449793601488,-63.40041462594264
6852,BPRES-2024-05960,2024-05-23,400000,New Building,New Building,Completed,BEDFORD,District 16,1,2,Dwelling - Single Detached,44.708159776534934,-63.72166202014104
6853,BPRES-2024-05986,2024-06-03,5000,Renovation,Renovation,Completed,HALIFAX,District 11,1,2,Dwelling - Semi-Detached,44.60336268265454,-63.59624812394858
6854,BPRES-2024-06094,,47000,Renovation,Renovation,Withdrawn,HALIFAX,District 07,1,2,Dwelling - Multiple Units,44.64013324855393,-63.590129011009836
6855,BPRES-2024-06106,2024-06-10,2000000,New Building,New Building,Completed,UPPER TANTALLON,District 13,4,1,Dwelling - Townhouse,44.695743261460265,-63.87090776882003
6856,BPRES-2024-06155,2024-06-14,350000,New Building,New Building,Completed,DARTMOUTH,District 06,1,2,Dwelling - Single Detached,44.714774401606554,-63.543935836488785
6857,BPRES-2024-06201,2024-08-16,438000,New Building,New Building,Issued,FALL RIVER,District 01,1,1,Dwelling - Single Detached,44.833358859759734,-63.618122201395394
6858,BPRES-2024-06222,2024-07-18,150000,Addition,Addition,Completed,PORTUGUESE COVE,District 11,0,1,Dwelling - Single Detached,44.5307122308038,-63.55251008449784
6859,BPRES-2024-06250,2024-05-28,196500,New Building,New Building,Expired,MUSQUODOBOIT HARBOUR,District 02,0,1,Accessory Structure,44.79152594132661,-63.18379249913684
6860,BPRES-2024-06288,2024-06-03,400000,Renovation,Renovation,Completed,DARTMOUTH,District 05,0,3,Dwelling - Single Detached,44.67732601032342,-63.562804663339634
6861,BPRES-2024-06305,2024-07-15,465000,New Building,New Building,Completed,HERRING COVE,District 11,4,2,Dwelling - Multiple Units,44.57899926224019,-63.57814716465411
6862,BPRES-2024-06407,2024-06-11,450000,New Building,New Building,Completed,,District 12,2,2,Dwelling - Multiple Units,44.645168095782175,-63.72579296760189
6863,BPRES-2024-06419,2024-05-28,270000,New Building,New Building,Completed,HALIFAX,District 11,1,3,Dwelling - Single Detached,44.60795172062508,-63.604548364642646
6864,BPRES-2024-06468,2024-06-11,800000,New Building,New Building,Completed,EAST PETPESWICK,District 02,1,2,Dwelling - Single Detached,44.68092006068812,-63.15862815582875
6865,BPRES-2024-06476,2024-06-14,200000,New Building,New Building,Issued,LAWRENCETOWN,District 02,1,2,Dwelling - Backyard Suite,44.70825815288888,-63.40932071538703
6866,BPRES-2024-06524,,500000,New Building,New Building,Withdrawn,,District 05,2,2,Dwelling - Multiple Units,44.66648069146185,-63.57462041089326
6867,BPRES-2024-06556,,15000,Renovation,Renovation,Application Incomplete,MIDDLE SACKVILLE,District 14,1,1,Dwelling - Multiple Units,44.77505244880567,-63.71438942843904
6868,BPRES-2024-06589,2024-06-06,30000,Renovation,Renovation,Completed,LOWER SACKVILLE,District 15,1,2,Dwelling - Multiple Units,44.77967243921275,-63.66994642333941
6869,BPRES-2024-06604,2024-07-03,25000,Renovation,Renovation,Completed,HALIFAX,District 11,1,3,Dwelling - Semi-Detached,44.6004135957178,-63.60417553986254
6870,BPRES-2024-06636,2024-06-14,2500,Renovation,Renovation,Completed,FALL RIVER,District 01,1,3,Dwelling - Multiple Units,44.831748121581064,-63.61610600798872
6871,BPRES-2024-06673,2024-09-24,72500,New Building,New Building,Issued,CLAM BAY,District 02,1,1,Dwelling - Backyard Suite,44.733859119109205,-62.931860737162275
6872,BPRES-2024-06698,,1,Renovation,Renovation,Withdrawn,FLETCHERS LAKE,District 01,0,1,Dwelling - Backyard Suite,44.83914968313685,-63.60712074589603
6873,BPRES-2024-06709,2024-06-07,50000,Addition,Addition,Expired,LOWER SACKVILLE,District 15,0,1,Dwelling - Single Detached,44.769117719190945,-63.690241444601476
6874,BPRES-2024-06721,2024-07-05,599000,New Building,New Building,Issued,HAMMONDS PLAINS,District 14,4,1,Dwelling - Townhouse,44.72499257698229,-63.742113707355806
6875,BPRES-2024-06742,2024-07-11,10500,Renovation,Renovation,Completed,DARTMOUTH,District 03,1,2,Dwelling - Multiple Units,44.63708361204675,-63.52501481960025
6876,BPRES-2024-06763,2024-07-17,5000,Addition,Addition,Issued,DARTMOUTH,District 05,0,1,Dwelling - Single Detached,44.6649255380813,-63.55663690976827
6877,BPRES-2024-06806,2024-06-13,350000,New Building,New Building,Completed,WEST CHEZZETCOOK,District 02,4,1,Dwelling - Townhouse,44.738165879255426,-63.27573876038232
6878,BPRES-2024-06840,2024-06-03,230000,New Building,New Building,Completed,MIDDLE SACKVILLE,District 14,1,2,Dwelling - Single Detached,44.797660250116586,-63.77102295363886
6879,BPRES-2024-06845,2024-06-10,180000,New Building,New Building,Completed,MIDDLE SACKVILLE,District 14,1,2,Dwelling - Single Detached,44.79498165866272,-63.75949143280423
6880,BPRES-2024-06890,2024-07-09,899000,New Building,New Building,Issued,HAMMONDS PLAINS,District 14,4,1,Dwelling - Townhouse,44.72555189664135,-63.74144749656729
6881,BPRES-2024-06898,2024-07-11,799000,New Building,New Building,Amendment Applicant Revisions,HAMMONDS PLAINS,District 14,6,1,Dwelling - Multiple Units,44.725578246028725,-63.74217113006713
6882,BPRES-2024-06932,2024-06-04,775000,New Building,New Building,Completed,BEDFORD,District 16,1,3,Dwelling - Single Detached,44.70771004550655,-63.724738772999416
6883,BPRES-2024-07000,2024-10-02,1100000,New Building,New Building,Issued,HALIFAX,District 08,4,3,Dwelling - Multiple Units,44.654214073652675,-63.58868172822232
6884,BPRES-2024-07021,2024-06-04,47200,New Building,New Building,Expired,OAKFIELD,District 01,0,1,Accessory Structure,44.92439114691278,-63.558111585000134
6885,BPRES-2024-07078,2024-06-07,11000,New Building,New Building,Expired,WINDSOR JUNCTION,District 01,0,1,Accessory Structure,44.79578555759519,-63.66240419700756
6886,BPRES-2024-07109,2024-06-24,224000,New Building,New Building,Completed,WEST PETPESWICK,District 02,1,2,Dwelling - Backyard Suite,44.74419232098826,-63.167627235090734
6887,BPRES-2024-07144,2024-07-05,75000,New Building,New Building,Completed,TERENCE BAY,District 13,0,2,Accessory Structure,44.48879369114171,-63.72896310997515
6888,BPRES-2024-07168,2024-06-26,86000,New Building,New Building,Issued,HAMMONDS PLAINS,District 14,0,1,Accessory Structure,44.7285133213183,-63.812922774534734
6889,BPRES-2024-07222,,81000000,New Building,New Building,Withdrawn,BEDFORD,District 16,218,12,Dwelling - Multiple Units,44.71381116293457,-63.70736232318224
6890,BPRES-2024-07234,,12000,New Building,New Building,Applicant Revisions,LOWER SACKVILLE,District 15,0,1,Accessory Structure,44.7721043438097,-63.67648555864243
6891,BPRES-2024-07254,2024-06-11,675000,New Building,New Building,Completed,DARTMOUTH,District 06,1,3,Dwelling - Single Detached,44.715670175277225,-63.544335406463
6892,BPRES-2024-07281,2024-06-11,700000,New Building,New Building,Completed,TIMBERLEA,District 12,1,2,Dwelling - Single Detached,44.6434624164951,-63.722521615787855
6893,BPRES-2024-07296,2024-06-13,400000,New Building,New Building,Completed,HALIFAX,District 11,2,2,Dwelling - Semi-Detached,44.586134623797626,-63.58884861371438
6894,BPRES-2024-07314,2024-06-11,1250000,New Building,New Building,Completed,UPPER TANTALLON,District 13,4,1,Dwelling - Townhouse,44.69575999798191,-63.870365212432645
6895,BPRES-2024-07358,2024-07-29,51200,Addition,Addition,Issued,HALIFAX,District 09,0,2,Dwelling - Single Detached,44.643868568904956,-63.611849462563086
6896,BPRES-2024-07377,2024-11-28,80000,New Building,New Building,Issued,CLAM BAY,District 02,1,1,Dwelling - Seasonal,44.73475147978818,-62.95135449045559
6897,BPRES-2024-07412,2024-11-26,400000,New Building,New Building,Completed,DARTMOUTH,District 06,2,2,Dwelling - Multiple Units,44.71555276844243,-63.54379344658393
6898,BPRES-2024-07424,2024-07-15,500000,New Building,New Building,Completed,PROSPECT,District 13,2,1,Dwelling - Multiple Units,44.481677268990424,-63.78902039474501
6899,BPRES-2024-07442,2024-06-26,230000,New Building,New Building,Issued,TIMBERLEA,District 12,1,3,Dwelling - Single Detached,44.64454432898417,-63.72443733964971
6900,BPRES-2024-07513,2024-06-19,10000,New Building,New Building,Issued,HARRIGAN COVE,District 02,1,1,Dwelling - Seasonal,44.93387105990441,-62.28038868912483
6901,BPRES-2024-07538,2024-06-13,20000,New Building,New Building,Expired,UPPER TANTALLON,District 13,0,1,Accessory Structure,44.72761932672112,-63.88147566881195
6902,BPRES-2024-07551,2024-07-30,25000,Renovation,Renovation,Completed,HALIFAX,District 11,1,2,Dwelling - Single Detached,44.59504205853093,-63.63502607593298
6903,BPRES-2024-07565,2024-06-18,230000,New Building,New Building,Issued,TIMBERLEA,District 12,1,3,Dwelling - Single Detached,44.64544679299505,-63.725315882664724
6904,BPRES-2024-07619,2024-08-15,67897,New Building,New Building,Issued,MIDDLE SACKVILLE,District 14,0,1,Accessory Structure,44.79854004187102,-63.725538892955214
6905,BPRES-2024-07648,2024-08-28,30000,New Building,New Building,Issued,UPPER TANTALLON,District 13,0,1,Accessory Structure,44.72270906316608,-63.87898060790576
6906,BPRES-2024-07672,2024-06-18,240000,New Building,New Building,Completed,EAST LAWRENCETOWN,District 02,1,1,Dwelling - Single Detached,44.66927799418564,-63.31548971953876
6907,BPRES-2024-07730,2024-11-08,200000,New Building,New Building,Completed,LAWRENCETOWN,District 02,1,1,Dwelling - Backyard Suite,44.65420559518695,-63.360375466296006
6908,BPRES-2024-07747,2024-09-11,264000,Renovation,Renovation,Completed,HUBLEY,District 13,0,1,Dwelling - Single Detached,44.66855099871925,-63.79125906079553
6909,BPRES-2024-07812,,25000,New Building,New Building,Application Incomplete,DARTMOUTH,District 06,0,1,Accessory Structure,44.69402187490484,-63.54012560601092
6910,BPRES-2024-07873,,60000,Addition,Addition,Applicant Revisions,WEST PORTERS LAKE,District 02,0,1,Dwelling - Single Detached,44.680602708554886,-63.313032392526104
6911,BPRES-2024-07895,2024-07-10,35000,Renovation,Renovation,Completed,DARTMOUTH,District 06,1,1,Dwelling - Multiple Units,44.68481276074031,-63.51969902441201
6912,BPRES-2024-07919,2024-06-26,45000,New Building,New Building,Issued,LOWER SACKVILLE,District 15,0,1,Accessory Structure,44.76677939614973,-63.66732234946645
6913,BPRES-2024-07951,2024-08-01,95000,New Building,New Building,Issued,HAMMONDS PLAINS,District 14,0,1,Accessory Structure,44.74244736637775,-63.800649885208095
6914,BPRES-2024-07977,,230000,Addition,Addition,Applicant Revisions,HALIFAX,District 10,0,2,Dwelling - Single Detached,44.65129879789237,-63.63390813821581
6915,BPRES-2024-08072,2024-06-26,360000,New Building,New Building,Completed,BEDFORD,District 16,1,2,Dwelling - Single Detached,44.70796011500219,-63.72043374493177
6916,BPRES-2024-08080,2024-06-25,43000,New Building,New Building,Completed,WESTPHAL,District 04,0,1,Accessory Structure,44.686347785247996,-63.48215381764933
6917,BPRES-2024-08125,2025-05-06,50000,New Building,New Building,Issued,COLE HARBOUR,District 04,0,2,Accessory Structure,44.67794666450069,-63.4660532601037
6918,BPRES-2024-08139,2024-07-31,183000,New Building,New Building,Amendment Application Incomplete,SEABRIGHT,District 13,1,1,Dwelling - Backyard Suite,44.60073567144885,-63.92612393444256
6919,BPRES-2024-08198,,10000,Renovation,Renovation,Withdrawn,MIDDLE SACKVILLE,District 14,1,2,Dwelling - Multiple Units,44.78089401898709,-63.710989478377726
6920,BPRES-2024-08230,2024-07-30,177508,Addition,Addition,Issued,HALIFAX,District 09,0,2,Dwelling - Single Detached,44.650892708844175,-63.611253076708714
6921,BPRES-2024-08274,2024-07-08,350000,Renovation,Renovation,Completed,COLE HARBOUR,District 04,0,1,Dwelling - Single Detached,44.64872647125107,-63.475622059728565
6922,BPRES-2024-08312,2025-04-22,55000,New Building,New Building,Issued,WHITES LAKE,District 13,1,2,Dwelling - Backyard Suite,44.54371492641227,-63.737531796105976
6923,BPRES-2024-08335,2024-07-10,88000,Addition,Addition,Issued,HAMMONDS PLAINS,District 14,0,1,Dwelling - Single Detached,44.75927469775715,-63.78693432003908
6924,BPRES-2024-08360,2024-07-05,100000,New Building,New Building,Issued,HAMMONDS PLAINS,District 14,1,2,Dwelling - Backyard Suite,44.73061296130785,-63.811036715731326
6925,BPRES-2024-08400,,400000,New Building,New Building,Applicant Revisions,WINDSOR JUNCTION,District 01,1,2,Dwelling - Single Detached,44.78454490598295,-63.656323630401715
6926,BPRES-2024-08402,2024-07-29,400000,New Building,New Building,Completed,HALIFAX,District 11,4,3,Dwelling - Semi-Detached,44.60088869682192,-63.603085810734505
6927,BPRES-2024-08408,2024-07-29,,New Building,New Building,Completed,HALIFAX,District 11,4,3,Dwelling - Multiple Units,44.60061888331862,-63.60337474688588
6928,BPRES-2024-08410,2024-07-23,,New Building,New Building,Completed,HALIFAX,District 11,4,2,Dwelling - Semi-Detached,44.60048448812179,-63.60352267903062
6929,BPRES-2024-08412,2024-07-31,400000,New Building,New Building,Completed,HALIFAX,District 11,4,3,Dwelling - Multiple Units,44.601949423103704,-63.60359332330784
6930,BPRES-2024-08414,2024-07-30,400000,New Building,New Building,Completed,HALIFAX,District 11,4,3,Dwelling - Multiple Units,44.6018528295895,-63.60340999878258
6931,BPRES-2024-08416,2024-07-31,400000,New Building,New Building,Completed,HALIFAX,District 11,4,3,Dwelling - Multiple Units,44.60167094152819,-63.60334392308919
6932,BPRES-2024-08417,2024-08-09,400000,New Building,New Building,Completed,HALIFAX,District 11,2,3,Dwelling - Semi-Detached,44.60151479291745,-63.6033492512754
6933,BPRES-2024-08449,2024-07-10,900000,New Building,New Building,Completed,BEDFORD,District 16,1,3,Dwelling - Single Detached,44.70585050273979,-63.724495724292275
6934,BPRES-2024-08465,2024-08-01,217000,Addition,Addition,Completed,CHERRY BROOK,District 04,1,2,Dwelling - Multiple Units,44.705030867285195,-63.47220715947274
6935,BPRES-2024-08509,2024-08-30,600000,New Building,New Building,Completed,LOWER SACKVILLE,District 15,2,2,Dwelling - Semi-Detached,44.75831300355432,-63.6753319559563
6936,BPRES-2024-08565,2024-07-22,17000,New Building,New Building,Completed,TIMBERLEA,District 12,0,1,Accessory Structure,44.64283031487356,-63.71033846155224
6937,BPRES-2024-08587,2024-07-08,263000,New Building,New Building,Completed,HALIFAX,District 08,1,2,Dwelling - Backyard Suite,44.66763128976577,-63.61010187448854
6938,BPRES-2024-08616,2024-07-05,450000,New Building,New Building,Completed,BEDFORD,District 16,1,3,Dwelling - Single Detached,44.708434581970664,-63.720547963637806
6939,BPRES-2024-08643,2024-07-29,500000,New Building,New Building,Issued,HALIFAX,District 11,4,2,Dwelling - Semi-Detached,44.60103809655689,-63.60292603629012
6940,BPRES-2024-08664,2024-07-19,120000,Addition,Addition,Issued,DARTMOUTH,District 06,1,2,Dwelling - Multiple Units,44.6834858363418,-63.54267939137861
6941,BPRES-2024-08716,2024-07-15,192000,New Building,New Building,Completed,OYSTER POND,District 02,1,1,Dwelling - Single Detached,44.75684004636602,-63.00729530156572
6942,BPRES-2024-08749,2024-07-17,150000,New Building,New Building,Completed,DUTCH SETTLEMENT,District 01,1,1,Dwelling - Backyard Suite,44.982851564126186,-63.459784968489544
6943,BPRES-2024-08786,2024-07-15,87000,Addition,Addition,Completed,DARTMOUTH,District 05,0,3,Dwelling - Single Detached,44.67862263031354,-63.562147828219295
6944,BPRES-2024-08824,2024-08-08,292000,New Building,New Building,Completed,SEAFORTH,District 02,1,2,Dwelling - Single Detached,44.644075112975216,-63.276791858172494
6945,BPRES-2024-08849,,110000,Addition,Addition,Withdrawn,HALIFAX,District 07,0,3,Dwelling - Single Detached,44.64068430822078,-63.59793499240909
6946,BPRES-2024-08921,2025-10-01,15000,Addition,Addition,Issued,BOUTILIERS POINT,District 13,0,1,Dwelling - Single Detached,44.66298470616705,-63.94855882899229
6947,BPRES-2024-08944,2024-09-18,106000,Renovation,Renovation,Completed,HALIFAX,District 09,1,2,Dwelling - Multiple Units,44.650150430294424,-63.621301212074634
6948,BPRES-2024-08983,2024-07-16,35000,New Building,New Building,Issued,PLEASANT HARBOUR,District 02,0,1,Accessory Structure,44.79226719388431,-62.718967193605174
6949,BPRES-2024-09041,2024-07-25,5000,Renovation,Renovation,Issued,LOWER SACKVILLE,District 15,0,2,Dwelling - Semi-Detached,44.75962142068591,-63.6610945803911
6950,BPRES-2024-09063,2024-07-29,500000,New Building,New Building,Issued,HALIFAX,District 11,4,1,Dwelling - Semi-Detached,44.60178526340284,-63.60282052064444
6951,BPRES-2024-09064,2024-07-29,500000,New Building,New Building,Issued,HALIFAX,District 11,4,1,Dwelling - Semi-Detached,44.60123632306348,-63.60290685028238
6952,BPRES-2024-09068,2024-07-29,500000,New Building,New Building,Issued,HALIFAX,District 11,4,2,Dwelling - Semi-Detached,44.601441037758974,-63.602831897968166
6953,BPRES-2024-09076,2024-08-02,500000,New Building,New Building,Completed,HALIFAX,District 11,4,2,Dwelling - Semi-Detached,44.60228993117769,-63.603290904600534
6954,BPRES-2024-09084,2024-10-28,200000,New Building,New Building,Issued,HALIFAX,District 08,1,2,Dwelling - Backyard Suite,44.65477263763909,-63.61139195613683
6955,BPRES-2024-09086,2024-07-29,500000,New Building,New Building,Issued,HALIFAX,District 11,4,1,Dwelling - Semi-Detached,44.601972479105704,-63.60288297303481
6956,BPRES-2024-09092,2024-11-07,371677,New Building,New Building,Completed,BEAVER BANK,District 15,1,1,Dwelling - Single Detached,44.87931871485403,-63.68464635760308
6957,BPRES-2024-09124,2024-07-18,525000,New Building,New Building,Completed,FLETCHERS LAKE,District 01,2,2,Dwelling - Multiple Units,44.85122811212303,-63.59527839003785
6958,BPRES-2024-09209,2024-08-30,450000,New Building,New Building,Completed,EASTERN PASSAGE,District 03,3,2,Dwelling - Townhouse,44.60883560633165,-63.49093274592795
6959,BPRES-2024-09264,2024-07-17,135000,Addition,Addition,Completed,FALL RIVER,District 01,0,2,Dwelling - Single Detached,44.83099624067746,-63.59540427882387
6960,BPRES-2024-09354,2024-07-31,5000,Renovation,Renovation,Completed,LOWER SACKVILLE,District 15,1,1,Dwelling - Multiple Units,44.77696664603525,-63.68448527290868
6961,BPRES-2024-09374,2024-10-31,650000,New Building,New Building,Completed,TIMBERLEA,District 12,4,3,Dwelling - Multiple Units,44.65393790299461,-63.73753540068983
6962,BPRES-2024-09398,,280000,New Building,New Building,Withdrawn,EAST CHEZZETCOOK,District 02,1,2,Dwelling - Single Detached,44.71445059909518,-63.2336303859233
6963,BPRES-2024-09421,2024-08-21,350000,New Building,New Building,Completed,WESTPHAL,District 04,1,2,Dwelling - Single Detached,44.69458137535023,-63.491366156453864
6964,BPRES-2024-09468,2024-07-22,550000,New Building,New Building,Completed,DARTMOUTH,District 06,1,3,Dwelling - Single Detached,44.713526336051444,-63.54392454735683
6965,BPRES-2024-09484,2024-07-22,600000,New Building,New Building,Completed,DARTMOUTH,District 06,1,3,Dwelling - Single Detached,44.713415987654415,-63.54402077553169
6966,BPRES-2024-09505,2024-07-22,425000,New Building,New Building,Completed,HUBLEY,District 13,1,1,Dwelling - Single Detached,44.65673380442033,-63.78756487260665
6967,BPRES-2024-13893,2024-10-22,700000,New Building,New Building,Completed,BEDFORD,District 16,1,2,Dwelling - Single Detached,44.707821293824,-63.72692235476929
6968,BPRES-2024-13950,,20000,Renovation,Renovation,Cancelled,HALIFAX,District 11,0,1,Accessory Structure,44.61638294055704,-63.577902129915444
6969,BPRES-2024-13974,2024-09-25,30000,Addition,Addition,Issued,TIMBERLEA,District 12,0,1,Dwelling - Single Detached,44.64896338162705,-63.73891321558349
6970,BPRES-2024-14017,2024-10-02,35000,Renovation,Renovation,Completed,DARTMOUTH,District 06,1,2,Dwelling - Multiple Units,44.68703944931905,-63.53781684268317
6971,BPRES-2024-14039,2024-10-02,20000,Renovation,Renovation,Issued,HALIFAX,District 11,0,2,Dwelling - Single Detached,44.61638294055704,-63.577902129915444
6972,BPRES-2024-14070,2024-10-04,362000,New Building,New Building,Completed,DARTMOUTH,District 06,1,2,Dwelling - Single Detached,44.714573719804214,-63.544478307579865
6973,BPRES-2024-14110,2024-10-01,475000,New Building,New Building,Completed,MIDDLE SACKVILLE,District 14,1,3,Dwelling - Single Detached,44.794670174811834,-63.77150539981655
6974,BPRES-2024-14202,2024-09-27,425000,New Building,New Building,Completed,HAMMONDS PLAINS,District 14,1,2,Dwelling - Single Detached,44.71971051834184,-63.836507392902945
6975,BPRES-2024-14272,,20000,New Building,New Building,Applicant Revisions,WHITES LAKE,District 13,0,2,Accessory Structure,44.546847855484366,-63.7358002651568
6976,BPRES-2024-14377,2024-09-27,360000,New Building,New Building,Completed,HAMMONDS PLAINS,District 14,1,2,Dwelling - Single Detached,44.70162191098871,-63.77242226595308
6977,BPRES-2024-14401,2025-05-29,10000,Renovation,Renovation,Completed,DARTMOUTH,District 06,1,3,Dwelling - Multiple Units,44.68062918860892,-63.54697481723865
6978,BPRES-2024-14424,,6500,Renovation,Renovation,Applicant Revisions,DARTMOUTH,District 05,1,2,Dwelling - Backyard Suite,44.66800795774263,-63.56849707876538
6979,BPRES-2024-14432,2024-10-01,250000,New Building,New Building,Completed,BEECHVILLE,District 12,1,3,Dwelling - Single Detached,44.63673393689384,-63.67619644871313
6980,BPRES-2024-14474,2024-10-08,250000,New Building,New Building,Issued,TIMBERLEA,District 12,1,2,Dwelling - Single Detached,44.64472239168776,-63.72586824770184
6981,BPRES-2024-14492,2024-12-16,500000,New Building,New Building,Issued,WESTPHAL,District 04,2,2,Dwelling - Multiple Units,44.70788460270893,-63.46384025483579
6982,BPRES-2024-14572,2025-04-28,30000,Renovation,Renovation,Issued,HALIFAX,District 09,1,2,Dwelling - Backyard Suite,44.65270608808516,-63.61611985903645
6983,BPRES-2024-14600,,10000,Renovation,Renovation,Application Incomplete,HALIFAX,District 08,1,2,Dwelling - Multiple Units,44.652963522221626,-63.59472812194017
6984,BPRES-2024-14668,2024-10-10,30000,New Building,New Building,Completed,DARTMOUTH,District 06,1,2,Dwelling - Single Detached,44.71401120254775,-63.54392288423246
6985,BPRES-2024-14697,2024-10-15,13000,Addition,Addition,Completed,KETCH HARBOUR,District 11,0,2,Dwelling - Single Detached,44.49064335353326,-63.55213460752759
6986,BPRES-2024-14736,2024-11-12,7500,Renovation,Renovation,Completed,HALIFAX,District 11,1,2,Dwelling - Single Detached,44.607717562797326,-63.60490847937322
6987,BPRES-2024-14777,2024-10-29,201000,New Building,New Building,Issued,TIMBERLEA,District 12,1,2,Dwelling - Single Detached,44.645813589793605,-63.72577933498343
6988,BPRES-2024-14834,2024-10-15,780000,New Building,New Building,Issued,MUSQUODOBOIT HARBOUR,District 02,2,2,Dwelling - Multiple Units,44.792402981390126,-63.17498575461987
6989,BPRES-2024-14859,2024-10-24,124000,Renovation,Renovation,Issued,PORTERS LAKE,District 02,0,1,Dwelling - Single Detached,44.74092297694039,-63.31361756554894
6990,BPRES-2024-14899,2024-11-18,680000,New Building,New Building,Completed,HALIFAX,District 11,4,3,Dwelling - Multiple Units,44.60234429449379,-63.60358974264053
6991,BPRES-2024-14929,2024-10-21,425000,New Building,New Building,Completed,BEAVER BANK,District 15,1,2,Dwelling - Single Detached,44.83848910329841,-63.662670974897104
6992,BPRES-2024-15004,2024-10-15,1600000,New Building,New Building,Completed,DARTMOUTH,District 06,4,3,Dwelling - Townhouse,44.71478237941917,-63.53996404545912
6993,BPRES-2024-15069,2024-11-21,72000,Renovation,Renovation,Completed,HAMMONDS PLAINS,District 14,1,1,Dwelling - Multiple Units,44.727627552345595,-63.747278919658534
6994,BPRES-2024-15127,2024-11-27,30000,Renovation,Renovation,Issued,HAMMONDS PLAINS,District 14,1,3,Dwelling - Multiple Units,44.779786089423105,-63.76505428771147
6995,BPRES-2024-15150,2024-10-22,10000,Renovation,Renovation,Issued,HALIFAX,District 11,1,2,Dwelling - Multiple Units,44.598268752943646,-63.63292370160978
6996,BPRES-2024-15176,2024-11-04,21000,New Building,New Building,Issued,DARTMOUTH,District 03,0,1,Accessory Structure,44.64630805677228,-63.54252686793432
6997,BPRES-2024-15197,2024-10-29,480000,New Building,New Building,Completed,COLE HARBOUR,District 04,4,1,Dwelling - Multiple Units,44.643429566529534,-63.47235883588676
6998,BPRES-2024-15245,2024-11-25,282000,New Building,New Building,Completed,BROOKSIDE,District 13,1,1,Dwelling - Single Detached,44.540343684529404,-63.712177675836
6999,BPRES-2024-15271,2024-11-05,150000,Renovation,Renovation,Completed,DARTMOUTH,District 06,1,2,Dwelling - Multiple Units,44.68471281555782,-63.53411265320739
7000,BPRES-2024-15285,2024-10-24,1000000,New Building,New Building,Completed,HUBLEY,District 13,1,1,Dwelling - Single Detached,44.66573235179694,-63.817927424643585
7001,BPRES-2024-15292,2024-11-01,680000,New Building,New Building,Completed,HALIFAX,District 11,4,3,Dwelling - Multiple Units,44.602499191206725,-63.603499340959324
7002,BPRES-2024-15334,2024-10-21,800000,New Building,New Building,Completed,BLACK POINT,District 13,1,3,Dwelling - Single Detached,44.65828801454529,-63.98068754969037
7003,BPRES-2024-15356,2025-11-17,25000,New Building,New Building,Issued,FLETCHERS LAKE,District 01,0,1,Accessory Structure,44.849860130699696,-63.605524578099896
7004,BPRES-2024-15375,2024-10-31,15000000,New Building,New Building,Completed,DARTMOUTH,District 06,4,3,Dwelling - Townhouse,44.71473439837026,-63.540533600730015
7005,BPRES-2024-15375,2024-10-31,15000000,New Building,New Building,Completed,DARTMOUTH,District 06,4,3,Dwelling - Townhouse,44.71473439837026,-63.540533600730015
7006,BPRES-2024-15416,2024-10-16,40000,New Building,New Building,Issued,LOWER SACKVILLE,District 15,0,1,Accessory Structure,44.767472484531,-63.64707487903724
7007,BPRES-2024-15436,2025-12-03,400000,New Building,New Building,Completed,HALIFAX,District 11,4,3,Dwelling - Multiple Units,44.58643526792759,-63.58923889612245
7008,BPRES-2024-15442,2024-10-25,400000,New Building,New Building,Completed,HALIFAX,District 11,4,2,Dwelling - Multiple Units,44.58664176698179,-63.58949125462508
7009,BPRES-2024-15456,2024-11-01,60000,Renovation,Renovation,Completed,HALIFAX,District 08,1,1,Dwelling - Single Detached,44.65955326767976,-63.59909770990615
7010,BPRES-2024-15491,2024-10-17,123000,Renovation,Renovation,Completed,LAKE ECHO,District 02,0,2,Dwelling - Single Detached,44.73099314747821,-63.38230690482396
7011,BPRES-2024-15520,2024-11-19,25900,New Building,New Building,Issued,EAST LAWRENCETOWN,District 02,0,1,Accessory Structure,44.67205488563551,-63.31656585905203
7012,BPRES-2024-15601,2024-11-12,5000,Renovation,Renovation,Completed,HALIFAX,District 12,0,1,Dwelling - Townhouse,44.66182728014549,-63.666442654873904
7013,BPRES-2024-15635,2024-11-08,980000,New Building,New Building,Completed,HAMMONDS PLAINS,District 14,1,2,Dwelling - Single Detached,44.720417593565905,-63.77094278865222
7014,BPRES-2024-15666,2024-10-24,50000,Renovation,Renovation,Completed,HALIFAX,District 08,0,1,Dwelling - Single Detached,44.662161126095526,-63.60374699000001
7015,BPRES-2024-15711,2024-11-26,1500000,New Building,New Building,Completed,BEDFORD,District 16,1,2,Dwelling - Single Detached,44.705477662537014,-63.72355976433442
7016,BPRES-2024-15758,2024-10-31,63000,New Building,New Building,Issued,HALIFAX,District 09,0,1,Accessory Structure,44.64101866182009,-63.60107614911082
7017,BPRES-2024-15776,2024-11-05,190000,New Building,New Building,Completed,HAMMONDS PLAINS,District 14,1,2,Dwelling - Backyard Suite,44.76220659438784,-63.78835544378769
7018,BPRES-2024-15808,2025-02-03,73000,Renovation,Renovation,Completed,DARTMOUTH,District 06,1,2,Dwelling - Multiple Units,44.69090311808891,-63.50254854073052
7019,BPRES-2024-15838,2024-10-29,425000,New Building,New Building,Completed,LAWRENCETOWN,District 02,1,2,Dwelling - Single Detached,44.67286085514649,-63.391196523474754
7020,BPRES-2024-15905,2024-10-29,70000,New Building,New Building,Issued,COW BAY,District 03,0,1,Accessory Structure,44.643393725204646,-63.42142256034044
7021,BPRES-2024-15941,2025-01-09,300000,Addition,Addition,Completed,CHASWOOD,District 01,0,1,Dwelling - Single Detached,45.073738839972506,-63.22752760006008
7022,BPRES-2024-15949,2024-11-18,350000,Renovation,Renovation,Completed,HALIFAX,District 12,3,2,Dwelling - Multiple Units,44.64762999725523,-63.649903111381825
7023,BPRES-2024-15993,2024-11-18,608000,New Building,New Building,Issued,HALIFAX,District 11,4,3,Dwelling - Multiple Units,44.61565387078702,-63.62105397260015
7024,BPRES-2024-16046,2024-12-16,85000,New Building,New Building,Completed,WILLIAMSWOOD,District 11,1,1,Dwelling - Backyard Suite,44.529631274298126,-63.64147276906075
7025,BPRES-2024-16062,,200000,Addition,Addition,Applicant Revisions,MUSQUODOBOIT HARBOUR,District 02,1,2,Dwelling - Single Detached,44.79035425328045,-63.12087063164818
7026,BPRES-2024-16087,2024-10-31,350000,New Building,New Building,Cancelled,PORTERS LAKE,District 02,1,1,Dwelling - Single Detached,44.758509826536795,-63.28580883901957
7027,BPRES-2024-16113,2024-10-30,30000,New Building,New Building,Completed,MIDDLE SACKVILLE,District 14,0,1,Accessory Structure,44.806132535322305,-63.76506826024744
7028,BPRES-2024-16146,2024-10-31,600000,New Building,New Building,Completed,ENFIELD,District 01,1,3,Dwelling - Single Detached,44.926748765132196,-63.52799222891441
7029,BPRES-2024-16194,,,Renovation,Renovation,Applicant Revisions,DARTMOUTH,District 05,2,3,Dwelling - Multiple Units,44.67024221625254,-63.56392865304287
7030,BPRES-2024-16214,2024-11-01,15000,New Building,New Building,Issued,HUBBARDS,District 13,0,1,Accessory Structure,44.636329526426664,-64.04169879083324
7031,BPRES-2024-16249,2024-11-26,30000,New Building,New Building,Cancelled,HATCHET LAKE,District 13,1,1,Dwelling - Single Detached,44.56531171745192,-63.71448457585403
7032,BPRES-2024-16271,2025-10-17,330000,New Building,New Building,Completed,BEAVER BANK,District 15,1,2,Dwelling - Single Detached,44.828416994586064,-63.67554787477822
7033,BPRES-2024-16286,,50000,Renovation,Renovation,Withdrawn,LOWER SACKVILLE,District 15,1,2,Dwelling - Backyard Suite,44.77740407122331,-63.690685462505286
7034,BPRES-2024-16307,2025-02-10,10000,Renovation,Renovation,Completed,WAVERLEY,District 01,1,2,Dwelling - Backyard Suite,44.783452016991134,-63.59382749020966
7035,BPRES-2024-16349,2024-11-04,200000,New Building,New Building,Issued,TIMBERLEA,District 12,1,2,Dwelling - Single Detached,44.64496342406885,-63.7251748823092
7036,BPRES-2024-16379,2025-01-24,150000,New Building,New Building,Completed,LOWER SACKVILLE,District 15,1,1,Dwelling - Backyard Suite,44.78083211143263,-63.68744619583556
7037,BPRES-2024-16391,2025-05-22,200000,Addition,Addition,Completed,QUEENSLAND,District 13,1,1,Dwelling - Multiple Units,44.637522716816456,-64.0199628242358
7038,BPRES-2024-16508,2024-11-25,3588.5,Renovation,Renovation,Issued,HALIFAX,District 09,0,2,Dwelling - Multiple Units,44.64832426361662,-63.60045650460599
7039,BPRES-2024-16531,2024-11-18,100000,New Building,New Building,Completed,PROSPECT BAY,District 13,1,1,Dwelling - Single Detached,44.50484453867292,-63.791231069846056
7040,BPRES-2024-16568,2024-12-30,80000,Addition,Addition,Issued,HALIFAX,District 09,3,2,Dwelling - Multiple Units,44.64581444977264,-63.610826364808766
7041,BPRES-2024-16623,2024-11-15,350000,Renovation,Renovation,Issued,HALIFAX,District 09,0,1,Dwelling - Single Detached,44.64219236694341,-63.62793487168228
7042,BPRES-2024-16667,2024-11-18,150000,Renovation,Renovation,Issued,LAWRENCETOWN,District 02,0,1,Accessory Structure,44.69178344087159,-63.43102300967767
7043,BPRES-2024-16680,2024-11-15,584000,New Building,New Building,Issued,HALIFAX,District 11,4,2,Dwelling - Multiple Units,44.602559058297146,-63.60403435007527
7044,BPRES-2024-16685,,292000,New Building,New Building,Withdrawn,HALIFAX,District 11,4,2,Dwelling - Semi-Detached,44.60279724849875,-63.60398037766145
7045,BPRES-2024-16708,2024-11-18,26700,Renovation,Renovation,Issued,DARTMOUTH,District 06,0,1,Dwelling - Single Detached,44.68861065706889,-63.53555900842875
7046,BPRES-2024-16719,2024-11-18,292000,New Building,New Building,Issued,HALIFAX,District 11,4,2,Dwelling - Multiple Units,44.602912152526486,-63.60400084444554
7047,BPRES-2024-16723,,292000,New Building,New Building,Withdrawn,HALIFAX,District 11,4,2,Dwelling - Semi-Detached,44.6029647440814,-63.60401726041232
7048,BPRES-2024-16741,2024-11-22,351000,New Building,New Building,Completed,BEAVER BANK,District 15,2,3,Dwelling - Multiple Units,44.827346425720194,-63.67273928900335
7049,BPRES-2024-16746,2024-11-22,351000,New Building,New Building,Issued,BEAVER BANK,District 15,2,2,Dwelling - Multiple Units,44.827250769820054,-63.6728126757471
7050,BPRES-2024-16760,2024-12-02,250000,Renovation,Renovation,Issued,BEDFORD,District 16,0,1,Dwelling - Multiple Units,44.705401121992935,-63.71208143653312
7051,BPRES-2024-16790,2024-12-02,270000,New Building,New Building,Issued,HALIFAX,District 11,1,3,Dwelling - Single Detached,44.61031042605813,-63.60452132603751
7052,BPRES-2024-16817,2024-11-21,16000,Renovation,Renovation,Completed,HAMMONDS PLAINS,District 14,1,1,Dwelling - Backyard Suite,44.7275538258887,-63.74751770551086
7053,BPRES-2024-16864,2025-01-15,435000,New Building,New Building,Completed,WEST PETPESWICK,District 02,1,1,Dwelling - Single Detached,44.73754809187991,-63.182370903600095
7054,BPRES-2024-16877,,20000,New Building,New Building,Withdrawn,ELMSVALE,District 01,0,1,Accessory Structure,45.06691506914399,-63.105022665162174
7055,BPRES-2024-16891,2024-12-12,600000,New Building,New Building,Issued,HAMMONDS PLAINS,District 14,4,1,Dwelling - Townhouse,44.72220547076547,-63.73893743545443
7056,BPRES-2024-16952,2025-01-10,20000,Renovation,Renovation,Completed,WESTPHAL,District 04,0,1,Dwelling - Single Detached,44.691922326847056,-63.456427831668435
7057,BPRES-2024-16976,2024-12-03,36000,Renovation,Renovation,Completed,DARTMOUTH,District 03,1,2,Dwelling - Multiple Units,44.66397226538814,-63.54901919708412
7058,BPRES-2024-16985,2024-12-06,65000,Renovation,Renovation,Completed,LOWER SACKVILLE,District 15,1,1,Dwelling - Multiple Units,44.76338915792367,-63.668544703018625
7059,BPRES-2024-17011,2024-11-21,775000,New Building,New Building,Completed,BEDFORD,District 16,1,3,Dwelling - Single Detached,44.70762526892583,-63.726548442161814
7060,BPRES-2024-17038,2024-11-21,725000,New Building,New Building,Completed,BEDFORD,District 16,1,3,Dwelling - Single Detached,44.70756123650479,-63.726425049330345
7061,BPRES-2024-17068,2024-11-18,30000,New Building,New Building,Completed,FLETCHERS LAKE,District 01,0,1,Accessory Structure,44.85048210547468,-63.59876765667088
7062,BPRES-2024-17156,2024-12-11,650000,New Building,New Building,Completed,BOUTILIERS POINT,District 13,1,2,Dwelling - Single Detached,44.66061103233603,-63.95742112402018
7063,BPRES-2024-17194,2024-11-22,500000,New Building,New Building,Issued,HALIFAX,District 11,4,2,Dwelling - Semi-Detached,44.601612224842455,-63.602813937647525
7064,BPRES-2024-17232,2024-11-26,217684.54,Renovation,Renovation,Completed,DARTMOUTH,District 06,0,2,Dwelling - Single Detached,44.7095199549176,-63.54287230906232
7065,BPRES-2024-17270,,13101,Addition,Addition,Withdrawn,TIMBERLEA,District 12,0,1,Dwelling - Single Detached,44.68056592346196,-63.7813587615232
7066,BPRES-2024-17319,2025-02-25,800,Renovation,Renovation,Issued,DARTMOUTH,District 05,1,1,Dwelling - Multiple Units,44.68674801804574,-63.57980589302854
7067,BPRES-2024-09532,2024-08-28,570000,New Building,New Building,Issued,HUBBARDS,District 13,1,1,Dwelling - Single Detached,44.63536828735761,-64.05749499820212
7068,BPRES-2024-09606,2024-07-22,65000,New Building,New Building,Issued,LAWRENCETOWN,District 02,0,1,Accessory Structure,44.68749924056724,-63.42832180973416
7069,BPRES-2024-09654,2024-07-23,26000,Renovation,Renovation,Issued,HALIFAX,District 12,0,2,Dwelling - Single Detached,44.6689545757714,-63.670709959644974
7070,BPRES-2024-09694,2024-08-07,79995,New Building,New Building,Issued,WEST CHEZZETCOOK,District 02,0,2,Accessory Structure,44.707335263250805,-63.267902287105954
7071,BPRES-2024-09744,,,New Building,New Building,Application Incomplete,,Unidentified,1,1,Dwelling - Backyard Suite,,
7072,BPRES-2024-09778,2024-09-10,100000,New Building,New Building,Issued,FALL RIVER,District 01,0,1,Accessory Structure,44.82964644860274,-63.595934393705946
7073,BPRES-2024-09805,2024-07-26,44000,Renovation,Renovation,Completed,DARTMOUTH,District 06,0,1,Dwelling - Single Detached,44.72280674229832,-63.54466425788306
7074,BPRES-2024-09833,,100000,New Building,New Building,Applicant Revisions,HAMMONDS PLAINS,District 14,0,2,Accessory Structure,44.730734170083274,-63.80868960659995
7075,BPRES-2024-09873,2024-07-30,1600000,New Building,New Building,Issued,BEDFORD,District 16,1,2,Dwelling - Single Detached,44.700956076243955,-63.71388292209402
7076,BPRES-2024-09924,2024-08-01,59995,New Building,New Building,Issued,FALL RIVER,District 01,0,2,Accessory Structure,44.803519280196376,-63.61968769232218
7077,BPRES-2024-09967,2024-10-17,450000,New Building,New Building,Issued,HALIFAX,District 07,6,3,Dwelling - Multiple Units,44.6318875967729,-63.59041456053803
7078,BPRES-2024-09975,2024-09-18,500000,New Building,New Building,Issued,HALIFAX,District 11,4,3,Dwelling - Multiple Units,44.62100408081362,-63.61967489440684
7079,BPRES-2024-10004,2024-11-22,248040,Renovation,Renovation,Issued,HALIFAX,District 10,2,1,Dwelling - Multiple Units,44.682086139636795,-63.66787885196815
7080,BPRES-2024-10042,2024-07-30,400000,New Building,New Building,Completed,HALIFAX,District 11,4,3,Dwelling - Semi-Detached,44.60136218540756,-63.6033443352272
7081,BPRES-2024-10044,2024-08-07,400000,New Building,New Building,Completed,HALIFAX,District 11,2,3,Dwelling - Semi-Detached,44.60119397950372,-63.60342025212347
7082,BPRES-2024-10080,2024-09-26,400000,New Building,New Building,Amendment Requested,BEDFORD,District 16,1,2,Dwelling - Single Detached,44.71974667163083,-63.654264142103344
7083,BPRES-2024-10100,2024-08-14,330000,New Building,New Building,Completed,BEDFORD,District 16,1,2,Dwelling - Single Detached,44.707877711039956,-63.720056217397236
7084,BPRES-2024-10122,,120000,Addition,Addition,Applicant Revisions,HALIFAX,District 08,1,2,Dwelling - Multiple Units,44.67158462918583,-63.60303295963429
7085,BPRES-2024-10155,2024-11-04,209000,New Building,New Building,Issued,TIMBERLEA,District 12,1,1,Dwelling - Single Detached,44.64572800037707,-63.725713397412676
7086,BPRES-2024-10202,2024-11-12,350000,New Building,New Building,Issued,LUCASVILLE,District 14,1,2,Dwelling - Single Detached,44.75894897422328,-63.72552065584154
7087,BPRES-2024-10241,2024-08-07,60000,New Building,New Building,Issued,TIMBERLEA,District 12,0,1,Accessory Structure,44.6594489535955,-63.74092233394605
7088,BPRES-2024-10277,2024-08-02,22000,New Building,New Building,Completed,FALL RIVER,District 01,0,1,Accessory Structure,44.83025164110126,-63.64076129243156
7089,BPRES-2024-10333,2024-08-08,30000,New Building,New Building,Issued,EAST PRESTON,District 04,0,1,Accessory Structure,44.70954437359925,-63.439706405883705
7090,BPRES-2024-10361,2024-08-14,171000,New Building,New Building,Amendment Applicant Revisions,FALL RIVER,District 01,1,2,Dwelling - Backyard Suite,44.83253478598727,-63.582641039499514
7091,BPRES-2024-10372,2024-09-11,150000,New Building,New Building,Issued,LOWER SACKVILLE,District 15,1,1,Dwelling - Backyard Suite,44.782623977654005,-63.68451890422275
7092,BPRES-2024-10415,2024-08-28,200000,New Building,New Building,Completed,COW BAY,District 03,1,2,Dwelling - Backyard Suite,44.62425434668643,-63.436535328489235
7093,BPRES-2024-10421,,100000,New Building,New Building,Applicant Revisions,EAST PETPESWICK,District 02,1,2,Dwelling - Backyard Suite,44.74580216841149,-63.148383399436455
7094,BPRES-2024-10488,,100000,Renovation,Renovation,Applicant Revisions,HERRING COVE,District 11,1,2,Dwelling - Backyard Suite,44.578544514106134,-63.5759719282618
7095,BPRES-2024-10534,2024-09-03,360000,New Building,New Building,Completed,BEDFORD,District 16,1,2,Dwelling - Single Detached,44.70689594522182,-63.723101650379405
7096,BPRES-2024-10578,2024-08-14,22000,New Building,New Building,Completed,WHITES LAKE,District 13,0,1,Accessory Structure,44.51567278553851,-63.747390002179415
7097,BPRES-2024-10594,2024-09-17,25000,Renovation,Renovation,Issued,HALIFAX,District 11,0,2,Dwelling - Semi-Detached,44.61100911888747,-63.60667407397409
7098,BPRES-2024-10643,2024-08-29,320000,New Building,New Building,Issued,UPPER TANTALLON,District 13,1,2,Dwelling - Single Detached,44.70061270106557,-63.88552922629929
7099,BPRES-2024-10663,2024-09-04,45000,Renovation,Renovation,Completed,HALIFAX,District 09,0,2,Dwelling - Single Detached,44.65488723511514,-63.61746987696085
7100,BPRES-2024-10709,2024-08-23,201000,New Building,New Building,Completed,BEAVER BANK,District 15,1,2,Dwelling - Single Detached,44.846216534736165,-63.674727153397434
7101,BPRES-2024-10748,2024-10-08,260000,New Building,New Building,Issued,,District 02,1,1,Dwelling - Single Detached,44.70604460271437,-63.28104767289816
7102,BPRES-2024-10764,2024-08-22,331000,New Building,New Building,Completed,LAWRENCETOWN,District 02,1,1,Dwelling - Single Detached,44.66958541775659,-63.383240276652074
7103,BPRES-2024-10841,2024-08-15,15000,New Building,New Building,Completed,DARTMOUTH,District 06,0,1,Accessory Structure,44.68131904789751,-63.531618096355885
7104,BPRES-2024-10901,2024-08-22,20000,New Building,New Building,Issued,LOWER SACKVILLE,District 15,0,1,Accessory Structure,44.767874060402015,-63.677539709116175
7105,BPRES-2024-10948,2024-11-05,119500,New Building,New Building,Completed,PORTERS LAKE,District 02,1,1,Dwelling - Backyard Suite,44.749247762840746,-63.285601750093775
7106,BPRES-2024-10970,2024-08-28,20000,New Building,New Building,Completed,CLAM HARBOUR,District 02,0,1,Accessory Structure,44.73135846853477,-62.86371505556471
7107,BPRES-2024-10984,,5000,Renovation,Renovation,Application Incomplete,BOUTILIERS POINT,District 13,1,2,Dwelling - Multiple Units,44.66565093363086,-63.934295767604304
7108,BPRES-2024-11015,2024-09-18,98000,Renovation,Renovation,Completed,INGRAMPORT,District 13,0,1,Dwelling - Single Detached,44.672444774327566,-63.96331810623713
7109,BPRES-2024-11095,2024-10-28,27000,Addition,Addition,Issued,DARTMOUTH,District 06,0,2,Dwelling - Single Detached,44.67507807726579,-63.5134734583144
7110,BPRES-2024-11129,2024-09-04,56000,Renovation,Renovation,Completed,TANTALLON,District 13,0,1,Dwelling - Single Detached,44.64916203086173,-63.89917310829619
7111,BPRES-2024-11151,2024-09-20,175000,Renovation,Renovation,Completed,DUTCH SETTLEMENT,District 01,0,1,Dwelling - Single Detached,44.98999337611243,-63.44297930148737
7112,BPRES-2024-11197,2024-10-04,100000,Addition,Addition,Issued,LOWER SACKVILLE,District 15,0,3,Dwelling - Single Detached,44.77234216982183,-63.680144791856726
7113,BPRES-2024-11287,2024-09-18,169500,Addition,Addition,Issued,HALIFAX,District 12,0,2,Dwelling - Single Detached,44.67796855789771,-63.66698544634719
7114,BPRES-2024-11315,2024-09-09,450000,New Building,New Building,Completed,GOFFS,District 01,1,1,Dwelling - Single Detached,44.885847200968094,-63.48012283152639
7115,BPRES-2024-11358,2024-08-29,575000,New Building,New Building,Completed,BEDFORD,District 16,1,2,Dwelling - Single Detached,44.70852831869642,-63.72154805325637
7116,BPRES-2024-11440,2024-09-23,250000,Renovation,Renovation,Issued,DARTMOUTH,District 05,1,2,Dwelling - Multiple Units,44.67893383826041,-63.5862277406373
7117,BPRES-2024-11466,2024-09-06,450000,New Building,New Building,Completed,BEAVER BANK,District 15,1,1,Dwelling - Single Detached,44.826746151695446,-63.67453310066348
7118,BPRES-2024-11527,2024-08-29,60000,New Building,New Building,Completed,MUSQUODOBOIT HARBOUR,District 02,0,1,Accessory Structure,44.784896267429296,-63.18574486206721
7119,BPRES-2024-11598,2024-09-12,815000,New Building,New Building,Issued,FALL RIVER,District 01,3,1,Dwelling - Multiple Units,44.80883089746863,-63.618544792275614
7120,BPRES-2024-11603,2025-01-17,700000,New Building,New Building,Completed,HALIFAX,District 11,4,3,Dwelling - Multiple Units,44.61855138387148,-63.61810814939227
7121,BPRES-2024-11626,2024-10-15,160000,Addition,Addition,Issued,HALIFAX,District 08,0,2,Dwelling - Single Detached,44.654408166230795,-63.612320282039576
7122,BPRES-2024-11663,2025-10-24,25000,Renovation,Renovation,Completed,DARTMOUTH,District 06,1,2,Dwelling - Multiple Units,44.68170484283067,-63.50996004310441
7123,BPRES-2024-11681,2024-09-03,1100,Renovation,Renovation,Completed,MIDDLE SACKVILLE,District 14,0,1,Dwelling - Single Detached,44.77817791161481,-63.70760224809151
7124,BPRES-2024-11710,2024-10-17,125000,Renovation,Renovation,Completed,EASTERN PASSAGE,District 03,1,1,Dwelling - Backyard Suite,44.60271370447285,-63.47039751053416
7125,BPRES-2024-11732,2024-09-17,50000,New Building,New Building,Issued,FALL RIVER,District 01,0,2,Accessory Structure,44.8324210604296,-63.631238567225815
7126,BPRES-2024-11808,2024-10-16,140000,Renovation,Renovation,Completed,LAWRENCETOWN,District 02,1,1,Dwelling - Single Detached,44.675347277349026,-63.40067593782947
7127,BPRES-2024-11841,2024-09-11,1400000,New Building,New Building,Completed,BEDFORD,District 16,1,2,Dwelling - Single Detached,44.70615592947446,-63.7251920883093
7128,BPRES-2024-11871,2024-10-28,1200000,New Building,New Building,Completed,PORTERS LAKE,District 02,4,1,Dwelling - Townhouse,44.75093996773893,-63.29602467304273
7129,BPRES-2024-11930,2024-09-05,125000,Addition,Addition,Completed,FLETCHERS LAKE,District 01,0,1,Dwelling - Single Detached,44.854853785700854,-63.59735160295829
7130,BPRES-2024-11957,2024-09-03,650000,New Building,New Building,Completed,MIDDLE SACKVILLE,District 14,1,2,Dwelling - Single Detached,44.79457870565164,-63.768363478163515
7131,BPRES-2024-12033,2024-09-17,150000,New Building,New Building,Issued,HEAD OF ST MARGARETS BAY,District 13,1,2,Dwelling - Single Detached,44.67081125174058,-63.91502571141659
7132,BPRES-2024-12061,2024-09-10,18000,Renovation,Renovation,Completed,HALIFAX,District 11,0,2,Dwelling - Single Detached,44.63226994294077,-63.63206363089095
7133,BPRES-2024-12110,2024-09-09,37500,New Building,New Building,Completed,LEWIS LAKE,District 13,0,1,Accessory Structure,44.672825374813385,-63.82420967722155
7134,BPRES-2024-12139,,150000,New Building,New Building,Withdrawn,COLE HARBOUR,District 04,1,2,Dwelling - Backyard Suite,44.67794666450069,-63.4660532601037
7135,BPRES-2024-12157,2024-11-15,179501.1,Addition,Addition,Completed,HALIFAX,District 10,1,2,Dwelling - Multiple Units,44.660610432937155,-63.650642790494125
7136,BPRES-2024-12241,2024-09-24,15000,Addition,Addition,Completed,HALIFAX,District 09,0,1,Dwelling - Single Detached,44.65117200978258,-63.615584641537666
7137,BPRES-2024-12330,2024-09-12,60000,New Building,New Building,Completed,CLAM BAY,District 02,0,1,Accessory Structure,44.73162973637599,-62.92787551978012
7138,BPRES-2024-12426,2024-10-18,625000,New Building,New Building,Completed,DARTMOUTH,District 06,1,2,Dwelling - Single Detached,44.705283533531365,-63.55109598719146
7139,BPRES-2024-12495,2024-11-15,400000,New Building,New Building,Completed,HALIFAX,District 11,4,3,Dwelling - Multiple Units,44.60105810414917,-63.60355298120593
7140,BPRES-2024-12506,2024-09-23,61194,New Building,New Building,Completed,WINDSOR JUNCTION,District 01,0,1,Accessory Structure,44.79145280210143,-63.665240380636114
7141,BPRES-2024-12568,2024-09-23,100000,Addition,Addition,Completed,EASTERN PASSAGE,District 03,0,1,Dwelling - Single Detached,44.612820955021675,-63.48891493501153
7142,BPRES-2024-12604,2024-09-17,50000,New Building,New Building,Issued,GAETZ BROOK,District 02,0,1,Accessory Structure,44.76067169022779,-63.22279601950751
7143,BPRES-2024-12639,2024-09-17,450000,New Building,New Building,Completed,FLETCHERS LAKE,District 01,1,1,Dwelling - Single Detached,44.85012679692159,-63.59654284642826
7144,BPRES-2024-12678,2024-09-12,12000,New Building,New Building,Completed,UPPER TANTALLON,District 13,0,1,Accessory Structure,44.72367635887351,-63.871543051193335
7145,BPRES-2024-12696,2024-09-18,250000,New Building,New Building,Completed,MIDDLE SACKVILLE,District 14,1,1,Dwelling - Backyard Suite,44.80411265008683,-63.76417630026088
7146,BPRES-2024-12712,2024-10-02,140000,New Building,New Building,Issued,LAKEVIEW,District 01,1,1,Dwelling - Single Detached,44.77240444329463,-63.629102587931506
7147,BPRES-2024-12786,2024-12-06,75000,New Building,New Building,Issued,ELMSDALE,District 01,0,1,Accessory Structure,44.954288325452104,-63.49751404939889
7148,BPRES-2024-12841,2024-09-24,16000,New Building,New Building,Issued,,District 01,0,1,Accessory Structure,44.99522521040682,-63.13139093060412
7149,BPRES-2024-12902,2024-09-25,500,Renovation,Renovation,Completed,HALIFAX,District 11,0,2,Dwelling - Semi-Detached,44.60868167341311,-63.60533965971488
7150,BPRES-2024-13029,2024-09-24,600000,New Building,New Building,Completed,QUEENSLAND,District 13,2,1,Dwelling - Multiple Units,44.65080720959706,-64.00081172128372
7151,BPRES-2024-13139,2024-10-10,150000,New Building,New Building,Completed,HALIFAX,District 07,1,2,Dwelling - Backyard Suite,44.64115906671955,-63.58816176658404
7152,BPRES-2024-13229,2025-02-03,75000,New Building,New Building,Amendment Applicant Revisions,FALL RIVER,District 01,1,1,Dwelling - Backyard Suite,44.81226257922017,-63.633234120102784
7153,BPRES-2024-13263,2025-04-07,200000,New Building,New Building,Issued,WEST CHEZZETCOOK,District 02,1,1,Dwelling - Single Detached,44.73499054723296,-63.277426274928196
7154,BPRES-2024-13341,2024-09-25,300000,New Building,New Building,Completed,DARTMOUTH,District 06,1,3,Dwelling - Single Detached,44.71410459457205,-63.54389491075642
7155,BPRES-2024-13515,2024-12-11,250000,Addition,Addition,Issued,HALIFAX,District 09,0,2,Dwelling - Single Detached,44.64959751532011,-63.61262437948042
7156,BPRES-2024-13583,2024-09-20,25000,Renovation,Renovation,Completed,HALIFAX,District 10,0,2,Dwelling - Single Detached,44.671889011004254,-63.65644391688056
7157,BPRES-2024-13641,2024-10-08,600000,New Building,New Building,Cancelled,SEABRIGHT,District 13,1,1,Dwelling - Single Detached,44.61406123990817,-63.929289582858395
7158,BPRES-2024-13679,,15000,Addition,Addition,Applicant Revisions,HALIFAX,District 10,0,1,Dwelling - Single Detached,44.66564545822103,-63.6385244303886
7159,BPRES-2024-13704,,1501000,New Building,New Building,Application Incomplete,HERRING COVE,District 11,1,2,Dwelling - Single Detached,44.57002039015034,-63.55834981572056
7160,BPRES-2024-13717,2025-09-04,420000,New Building,New Building,Issued,HALIFAX,District 11,4,3,Dwelling - Multiple Units,44.58663251927844,-63.591069684000374
7161,BPRES-2024-13726,2025-09-05,420000,New Building,New Building,Issued,HALIFAX,District 11,4,2,Dwelling - Multiple Units,44.586716520732416,-63.59122216979024
7162,BPRES-2024-13726,2025-09-05,420000,New Building,New Building,Issued,HALIFAX,District 11,4,2,Dwelling - Multiple Units,44.586716520732416,-63.59122216979024
7163,BPRES-2024-13821,2024-09-23,35000,New Building,New Building,Completed,MUSQUODOBOIT HARBOUR,District 02,0,1,Accessory Structure,44.79058550995143,-63.142617789106794
7164,BPRES-2025-01609,2025-05-01,217000,Addition,Addition,Issued,HERRING COVE,District 11,0,1,Dwelling - Single Detached,44.562083891821736,-63.56397130632537
7165,BPRES-2025-01629,2025-03-06,800000,New Building,New Building,Completed,BEDFORD,District 16,1,2,Dwelling - Single Detached,44.70563666974376,-63.72272268519317
7166,BPRES-2025-01658,2025-03-18,150000,Renovation,Renovation,Completed,BROOKSIDE,District 13,1,2,Dwelling - Backyard Suite,44.55604566113125,-63.71903484146124
7167,BPRES-2025-01711,2025-02-13,525000,New Building,New Building,Completed,FALL RIVER,District 01,2,2,Dwelling - Multiple Units,44.83826052613447,-63.64237713423767
7168,BPRES-2025-01721,2025-08-28,1470000,New Building,New Building,Issued,EAST DOVER,District 13,1,2,Dwelling - Single Detached,44.511298966197096,-63.864301012212955
7169,BPRES-2025-01746,2025-03-04,200000,New Building,New Building,Completed,MEAGHERS GRANT,District 01,1,2,Dwelling - Backyard Suite,44.93022352241665,-63.2405174572278
7170,BPRES-2025-01756,2025-03-06,70000,Renovation,Renovation,Completed,DARTMOUTH,District 06,1,2,Dwelling - Multiple Units,44.68191933033367,-63.52043282200501
7171,BPRES-2025-01828,2025-02-27,150000,Renovation,Renovation,Cancelled,DARTMOUTH,District 05,1,1,Dwelling - Single Detached,44.68013432712624,-63.57893680343832
7172,BPRES-2025-01868,2025-04-08,15000,Addition,Addition,Issued,HALIFAX,District 07,0,2,Dwelling - Single Detached,44.63366148707236,-63.5840004398785
7173,BPRES-2025-01918,2025-03-17,18092,Renovation,Renovation,Completed,HALIFAX,District 09,0,2,Dwelling - Single Detached,44.653605206372184,-63.61670887413816
7174,BPRES-2025-01941,2025-04-16,1000000,New Building,New Building,Issued,HALIFAX,District 10,4,3,Dwelling - Semi-Detached,44.65274299636792,-63.64058546629801
7175,BPRES-2025-01945,2025-02-26,400000,New Building,New Building,Completed,WHITES LAKE,District 13,1,1,Dwelling - Single Detached,44.51896660379491,-63.75367326520724
7176,BPRES-2025-01967,2025-03-11,1700000,New Building,New Building,Amendment Applicant Revisions,BEDFORD,District 16,3,3,Dwelling - Multiple Units,44.73895787767384,-63.65759370011415
7177,BPRES-2025-02006,2025-04-07,80000,Renovation,Renovation,Completed,LOWER SACKVILLE,District 15,1,1,Dwelling - Multiple Units,44.7624849017951,-63.660948237118994
7178,BPRES-2025-02041,2025-02-28,203500,Addition,Addition,Issued,HALIFAX,District 08,0,2,Dwelling - Single Detached,44.66687191972471,-63.60802772026083
7179,BPRES-2025-02108,2025-04-07,240000,Renovation,Renovation,Issued,HALIFAX,District 10,0,1,Dwelling - Multiple Units,44.65764234842022,-63.64005390760124
7180,BPRES-2025-02142,2025-02-24,250000,New Building,New Building,Completed,BEECHVILLE,District 12,1,3,Dwelling - Single Detached,44.63646541837006,-63.67534302057201
7181,BPRES-2025-02157,2025-08-01,500000,Addition,Addition,Issued,HALIFAX,District 10,3,3,Dwelling - Multiple Units,44.660534207551194,-63.643683175052885
7182,BPRES-2025-02242,2025-03-19,408000,New Building,New Building,Issued,OSTREA LAKE,District 02,1,2,Dwelling - Single Detached,44.774828979936984,-63.101553545384824
7183,BPRES-2025-02258,2025-02-25,250000,New Building,New Building,Completed,BEECHVILLE,District 12,1,3,Dwelling - Single Detached,44.63636021931177,-63.675875311584875
7184,BPRES-2025-02298,,600050,New Building,New Building,Withdrawn,BEDFORD,District 16,1,2,Dwelling - Single Detached,44.7202085905269,-63.71632632369933
7185,BPRES-2025-02341,2025-03-10,79130,New Building,New Building,Completed,HALIFAX,District 11,0,1,Accessory Structure,44.613331275788205,-63.57681015217221
7186,BPRES-2025-02448,2025-03-04,5000,Renovation,Renovation,Completed,TIMBERLEA,District 12,0,2,Dwelling - Semi-Detached,44.656782219248626,-63.741856132899024
7187,BPRES-2025-02463,2025-02-27,250000,New Building,New Building,Completed,BEECHVILLE,District 12,1,3,Dwelling - Single Detached,44.63940735456973,-63.68116207443074
7188,BPRES-2025-02468,2025-03-03,275000,New Building,New Building,Completed,BEECHVILLE,District 12,1,3,Dwelling - Single Detached,44.6391793467386,-63.681797194352846
7189,BPRES-2025-02474,2025-02-28,160000,Renovation,Renovation,Issued,HALIFAX,District 11,0,2,Dwelling - Single Detached,44.62484489101334,-63.59663742995439
7190,BPRES-2025-02533,2025-02-28,550000,New Building,New Building,Completed,MURPHY COVE,District 02,1,1,Dwelling - Single Detached,44.7840959686715,-62.7682441327926
7191,BPRES-2025-02576,2025-07-28,310000,New Building,New Building,Completed,WESTPHAL,District 04,1,2,Dwelling - Single Detached,44.701955396308776,-63.459848792250185
7192,BPRES-2025-02582,2025-05-15,50000,Renovation,Renovation,Issued,LOWER SACKVILLE,District 15,1,2,Dwelling - Semi-Detached,44.770165203886414,-63.6994906902387
7193,BPRES-2025-02731,2025-03-05,400000,New Building,New Building,Completed,FALL RIVER,District 01,1,1,Dwelling - Single Detached,44.83756945126465,-63.64431253323499
7194,BPRES-2025-02779,2025-03-21,59995,New Building,New Building,Issued,FALL RIVER,District 01,0,2,Accessory Structure,44.808142449937385,-63.606114009985
7195,BPRES-2025-02809,2025-03-20,320000,New Building,New Building,Issued,TIMBERLEA,District 12,1,3,Dwelling - Single Detached,44.645543700546085,-63.72620049806299
7196,BPRES-2025-02831,2025-04-22,1671490,New Building,New Building,Completed,DARTMOUTH,District 06,5,3,Dwelling - Townhouse,44.67440098782867,-63.54341858445096
7197,BPRES-2025-02890,2025-04-25,647000,New Building,New Building,Completed,HUBLEY,District 13,1,2,Dwelling - Single Detached,44.659054365414946,-63.79478222723406
7198,BPRES-2025-02916,2025-03-31,320000,New Building,New Building,Completed,LAWRENCETOWN,District 02,1,2,Dwelling - Single Detached,44.69005264688698,-63.403963826008464
7199,BPRES-2025-02942,,10000,Renovation,Renovation,Applicant Revisions,LOWER SACKVILLE,District 15,0,1,Dwelling - Single Detached,44.78188951665234,-63.67597756628234
7200,BPRES-2025-02973,2025-03-21,120000,New Building,New Building,Issued,HALIFAX,District 09,0,2,Accessory Structure,44.64403040245598,-63.593128941312756
7201,BPRES-2025-03026,2025-03-13,800000,Renovation,Renovation,Completed,COLE HARBOUR,District 04,0,2,Dwelling - Single Detached,44.661779354420126,-63.4787998481189
7202,BPRES-2025-03038,2025-03-24,750000,New Building,New Building,Issued,DARTMOUTH,District 06,2,2,Dwelling - Semi-Detached,44.714641658339,-63.538189615465704
7203,BPRES-2025-03058,,52000,Renovation,Renovation,Withdrawn,UPPER TANTALLON,District 13,1,2,Dwelling - Multiple Units,44.70846181933546,-63.86851674499873
7204,BPRES-2025-03073,2025-04-07,125000,Renovation,Renovation,Issued,DARTMOUTH,District 06,0,5,Dwelling - Multiple Units,44.67164889272184,-63.53132391191207
7205,BPRES-2025-03141,,52000,Addition,Addition,Application Incomplete,HALIFAX,District 08,0,1,Dwelling - Single Detached,44.661959312373234,-63.601544628989174
7206,BPRES-2025-03154,2025-03-25,12000,Renovation,Renovation,Issued,HALIFAX,District 08,0,3,Dwelling - Multiple Units,44.652621519323986,-63.58625895519043
7207,BPRES-2025-03206,2025-03-20,216000,New Building,New Building,Issued,HATCHET LAKE,District 13,1,2,Dwelling - Single Detached,44.564139712579056,-63.713688912393465
7208,BPRES-2025-03241,2025-04-30,90000,Renovation,Renovation,Completed,DARTMOUTH,District 05,1,2,Dwelling - Multiple Units,44.682316101484254,-63.57918732652736
7209,BPRES-2025-03287,2025-05-20,350000,New Building,New Building,Completed,CONROD SETTLEMENT,District 02,1,2,Dwelling - Single Detached,44.769135506595916,-63.23093412740861
7210,BPRES-2025-03320,2025-04-01,35,Renovation,Renovation,Completed,HALIFAX,District 09,0,2,Dwelling - Single Detached,44.655735210369706,-63.628990236666525
7211,BPRES-2025-03370,2025-03-21,85000,New Building,New Building,Completed,WAVERLEY,District 01,0,1,Accessory Structure,44.78202062715474,-63.6152583419502
7212,BPRES-2025-03393,2025-05-26,500000,New Building,New Building,Completed,COLE HARBOUR,District 04,1,1,Dwelling - Single Detached,44.6584380088406,-63.4565589491254
7213,BPRES-2025-03467,2025-06-19,30000,Addition,Addition,Amendment Applicant Revisions,ENFIELD,District 01,0,1,Dwelling - Single Detached,44.920658733444505,-63.550926969505824
7214,BPRES-2025-03479,,30000,Renovation,Renovation,Withdrawn,TERENCE BAY,District 13,1,1,Dwelling - Multiple Units,44.50519065242946,-63.73768735569155
7215,BPRES-2025-03500,2025-03-21,27000,New Building,New Building,Issued,STILLWATER LAKE,District 13,0,1,Accessory Structure,44.70387669426702,-63.83303869990319
7216,BPRES-2025-03526,2025-08-06,2000000,New Building,New Building,Issued,LAKE LOON,District 04,4,2,Dwelling - Townhouse,44.70901150394187,-63.49687358933212
7217,BPRES-2025-03591,2025-03-28,30000,Addition,Addition,Issued,HALIFAX,District 11,0,1,Dwelling - Single Detached,44.629858247199394,-63.60216316566574
7218,BPRES-2025-03628,2025-04-22,8500,Addition,Addition,Issued,DARTMOUTH,District 05,1,2,Dwelling - Multiple Units,44.66622672901053,-63.555962582943145
7219,BPRES-2025-03678,2025-04-01,50000,Renovation,Renovation,Completed,BEDFORD,District 16,1,1,Dwelling - Multiple Units,44.722613197532354,-63.715198436899435
7220,BPRES-2025-03741,2025-04-01,400000,New Building,New Building,Issued,HALIFAX,District 11,2,2,Dwelling - Semi-Detached,44.58632795293929,-63.58837985055173
7221,BPRES-2025-03777,2025-11-03,30000,Renovation,Renovation,Issued,HALIFAX,District 10,2,2,Dwelling - Multiple Units,44.65572472106925,-63.639301092436405
7222,BPRES-2025-03794,2025-04-22,1671490,New Building,New Building,Completed,DARTMOUTH,District 06,5,3,Dwelling - Townhouse,44.67460573107173,-63.54318464873103
7223,BPRES-2025-03821,2025-04-08,40000,New Building,New Building,Completed,DARTMOUTH,District 06,0,1,Accessory Structure,44.68810129411335,-63.534495076190126
7224,BPRES-2025-03839,2025-05-21,140000,New Building,New Building,Issued,WHITES LAKE,District 13,1,1,Dwelling - Single Detached,44.51946051124441,-63.754881363150965
7225,BPRES-2025-03873,2025-05-09,1465644,New Building,New Building,Issued,DARTMOUTH,District 03,6,2,Dwelling - Townhouse,44.66082323838169,-63.53395339173628
7226,BPRES-2025-03881,2025-05-12,906990,New Building,New Building,Issued,DARTMOUTH,District 03,6,2,Dwelling - Townhouse,44.660821906204774,-63.53307616024201
7227,BPRES-2025-03907,2025-04-16,70000,Renovation,Renovation,Completed,HALIFAX,District 09,1,2,Dwelling - Multiple Units,44.652755027611725,-63.60037165668328
7228,BPRES-2025-03920,2025-07-08,45000,New Building,New Building,Completed,CLAM BAY,District 02,0,1,Accessory Structure,44.734405804175466,-62.93295039255154
7229,BPRES-2025-03929,2025-05-13,755825,New Building,New Building,Issued,DARTMOUTH,District 03,5,2,Dwelling - Townhouse,44.66156243274159,-63.53446038106791
7230,BPRES-2025-03934,2025-05-13,1465644,New Building,New Building,Issued,DARTMOUTH,District 03,6,2,Dwelling - Townhouse,44.661024457038685,-63.53430215218037
7231,BPRES-2025-03983,,4000,New Building,New Building,Withdrawn,TIMBERLEA,District 12,0,1,Accessory Structure,44.64882680389944,-63.72523092874433
7232,BPRES-2025-03992,2025-05-16,104000,Addition,Addition,Completed,BAYSIDE,District 13,0,2,Dwelling - Single Detached,44.540532797321355,-63.79202149795325
7233,BPRES-2025-04027,2025-05-29,150000,Addition,Addition,Issued,HALIFAX,District 09,0,2,Dwelling - Single Detached,44.64058622081522,-63.603883740515734
7234,BPRES-2025-04046,2025-03-31,200000,New Building,New Building,Issued,BEECHVILLE,District 12,1,2,Dwelling - Single Detached,44.63858559650038,-63.68193612015222
7235,BPRES-2025-04108,2026-02-18,2500000,New Building,New Building,Issued,EASTERN PASSAGE,District 03,12,2,Dwelling - Multiple Units,44.61565135318212,-63.46659391247219
7236,BPRES-2025-04129,2025-04-07,446000,New Building,New Building,Issued,FALL RIVER,District 01,1,2,Dwelling - Single Detached,44.84367400010077,-63.641141907326684
7237,BPRES-2025-04171,2025-04-14,6000,Renovation,Renovation,Completed,DARTMOUTH,District 06,0,2,Dwelling - Single Detached,44.70628401387461,-63.54506601559816
7238,BPRES-2025-04182,2025-09-22,1000000,New Building,New Building,Issued,DARTMOUTH,District 03,8,3,Dwelling - Multiple Units,44.66544837691402,-63.5378594981814
7239,BPRES-2025-04240,2025-05-23,300000,New Building,New Building,Issued,PORTERS LAKE,District 02,1,2,Dwelling - Single Detached,44.707317733268134,-63.295704499266876
7240,BPRES-2025-04261,2025-05-23,675000,New Building,New Building,Issued,DARTMOUTH,District 06,2,3,Dwelling - Multiple Units,44.71531376368525,-63.53981482457364
7241,BPRES-2025-04316,2025-04-15,400000,New Building,New Building,Completed,EAST LAWRENCETOWN,District 02,1,1,Dwelling - Single Detached,44.6634446402666,-63.322851756361416
7242,BPRES-2025-04344,2025-04-11,50000,Renovation,Renovation,Issued,DARTMOUTH,District 06,0,2,Dwelling - Single Detached,44.67252007412173,-63.54489530325529
7243,BPRES-2025-04397,2025-06-17,75000,New Building,New Building,Completed,SEAFORTH,District 02,1,1,Dwelling - Backyard Suite,44.67124246067,-63.25714302036823
7244,BPRES-2025-04423,2026-04-02,750000,New Building,New Building,Issued,DARTMOUTH,District 05,7,3,Dwelling - Multiple Units,44.67982628243249,-63.58760485297223
7245,BPRES-2025-04439,2025-04-03,210000,New Building,New Building,Completed,HEAD OF JEDDORE,District 02,1,1,Dwelling - Backyard Suite,44.76743999710272,-63.07112582154948
7246,BPRES-2025-04452,2025-04-02,30000,New Building,New Building,Completed,MIDDLE SACKVILLE,District 14,0,1,Accessory Structure,44.8107756628326,-63.713974460341625
7247,BPRES-2025-04501,2025-04-16,400000,New Building,New Building,Completed,HALIFAX,District 11,4,3,Dwelling - Semi-Detached,44.602030070772834,-63.60459326427363
7248,BPRES-2025-04503,2025-04-15,400000,New Building,New Building,Completed,HALIFAX,District 11,4,3,Dwelling - Semi-Detached,44.601907935788866,-63.60473378196841
7249,BPRES-2025-04537,2025-11-03,40000,New Building,New Building,Issued,DARTMOUTH,District 06,1,2,Dwelling - Backyard Suite,44.68205566211958,-63.52237445231082
7250,BPRES-2025-04554,2025-04-15,8000,New Building,New Building,Completed,FALL RIVER,District 01,0,1,Accessory Structure,44.81518696325604,-63.62717970429635
7251,BPRES-2025-04585,2025-04-22,320000,Addition,Addition,Issued,LOWER SACKVILLE,District 15,0,2,Dwelling - Semi-Detached,44.76710897848672,-63.68077957231236
7252,BPRES-2025-04609,2025-04-08,776000,New Building,New Building,Completed,MIDDLE SACKVILLE,District 14,1,2,Dwelling - Single Detached,44.80534059557776,-63.76233713953885
7253,BPRES-2025-04632,2025-04-24,600,Renovation,Renovation,Completed,HARTLIN SETTLEMENT,District 02,1,1,Dwelling - Backyard Suite,44.76196899313812,-63.006341391575425
7254,BPRES-2025-04663,2025-04-07,35000,New Building,New Building,Completed,WEST CHEZZETCOOK,District 02,0,1,Accessory Structure,44.725224239690384,-63.29113071081991
7255,BPRES-2025-04677,2025-04-07,500000,New Building,New Building,Completed,DEVON,District 01,1,2,Dwelling - Single Detached,44.90166164155873,-63.432697240901575
7256,BPRES-2025-04712,2025-10-30,300000,Addition,Addition,Issued,OAKFIELD,District 01,1,2,Dwelling - Multiple Units,44.90002878810636,-63.57683127444247
7257,BPRES-2025-04750,2025-04-23,15000,Renovation,Renovation,Completed,HALIFAX,District 09,1,4,Dwelling - Multiple Units,44.63924691767185,-63.62772560280226
7258,BPRES-2025-04762,2025-06-20,125000,Addition,Addition,Issued,LAKE LOON,District 04,0,2,Dwelling - Single Detached,44.70646688075696,-63.50452446231018
7259,BPRES-2025-04834,2025-04-11,525000,New Building,New Building,Issued,FALL RIVER,District 01,1,1,Dwelling - Single Detached,44.84269357928549,-63.63555884293605
7260,BPRES-2025-04890,2025-04-09,14000,New Building,New Building,Issued,BEDFORD,District 16,0,1,Accessory Structure,44.73050317092686,-63.64556786511442
7261,BPRES-2025-04932,2025-04-14,30000,New Building,New Building,Completed,PORTERS LAKE,District 02,0,1,Accessory Structure,44.74588498819771,-63.32049298466964
7262,BPRES-2025-04950,2025-05-05,700000,New Building,New Building,Completed,HAMMONDS PLAINS,District 14,1,2,Dwelling - Single Detached,44.698363974877196,-63.804468336099475
7263,BPRES-2025-04956,2025-04-09,500000,New Building,New Building,Completed,BROOKSIDE,District 13,1,1,Dwelling - Single Detached,44.52837537739781,-63.709353133717165
7264,BPRES-2024-17329,2024-12-17,30000,Renovation,Renovation,Completed,HALIFAX,District 11,1,2,Dwelling - Multiple Units,44.60858093593699,-63.6102426644449
7265,BPRES-2024-17374,2024-12-03,100000,New Building,New Building,Completed,WILLIAMSWOOD,District 11,0,1,Accessory Structure,44.53703051120695,-63.654634154274596
7266,BPRES-2024-17414,2024-11-26,500000,New Building,New Building,Completed,,District 06,2,3,Dwelling - Semi-Detached,,
7267,BPRES-2024-17461,2024-11-25,250000,New Building,New Building,Issued,TIMBERLEA,District 12,1,3,Dwelling - Single Detached,44.64475372512313,-63.72628323632948
7268,BPRES-2024-17560,2024-12-03,200000,New Building,New Building,Completed,DARTMOUTH,District 06,1,2,Dwelling - Backyard Suite,44.684649413161154,-63.53426606269679
7269,BPRES-2024-17590,2024-11-27,875000,New Building,New Building,Completed,BEDFORD,District 16,1,2,Dwelling - Single Detached,44.705950957012476,-63.72473137201775
7270,BPRES-2024-17611,2026-03-11,20000,Renovation,Renovation,Issued,DARTMOUTH,District 05,1,2,Dwelling - Multiple Units,44.676512875319716,-63.592321466378145
7271,BPRES-2024-17667,2025-03-04,20000,Renovation,Renovation,Completed,HALIFAX,District 10,1,2,Dwelling - Multiple Units,44.653447694838206,-63.638993841528304
7272,BPRES-2024-17700,2024-12-02,80000,New Building,New Building,Issued,FALL RIVER,District 01,0,1,Accessory Structure,44.81463549061166,-63.64284844169566
7273,BPRES-2024-17746,2024-12-02,20000,New Building,New Building,Issued,BEAVER BANK,District 15,0,1,Accessory Structure,44.83285666588847,-63.6656701014144
7274,BPRES-2024-17775,2025-07-02,1197500,New Building,New Building,Completed,LUCASVILLE,District 14,1,1,Dwelling - Single Detached,44.76182704193679,-63.750794292741524
7275,BPRES-2024-17796,2026-03-16,10000,Renovation,Renovation,Completed,HALIFAX,District 11,1,2,Dwelling - Multiple Units,44.63006634006309,-63.61907350902461
7276,BPRES-2024-17833,,30000,Renovation,Renovation,Withdrawn,HALIFAX,District 07,0,2,Dwelling - Semi-Detached,44.63528756656435,-63.5780507358761
7277,BPRES-2024-17864,2024-12-04,400000,New Building,New Building,Completed,HARRIETSFIELD,District 11,1,1,Dwelling - Single Detached,44.55222485278029,-63.64590150646845
7278,BPRES-2024-17902,2024-12-05,300000,New Building,New Building,Completed,DARTMOUTH,District 06,2,2,Dwelling - Semi-Detached,44.71433632733601,-63.5391148621519
7279,BPRES-2024-17935,2024-12-03,350000,New Building,New Building,Completed,BEAVER BANK,District 15,1,2,Dwelling - Single Detached,44.82681391999576,-63.67256646463508
7280,BPRES-2024-17940,2024-12-16,100000,Renovation,Renovation,Issued,DARTMOUTH,District 06,3,2,Dwelling - Multiple Units,44.6826048680298,-63.53445770360207
7281,BPRES-2024-17945,2025-03-25,680000,New Building,New Building,Completed,HALIFAX,District 11,4,2,Dwelling - Multiple Units,44.60294192047462,-63.603445708600745
7282,BPRES-2024-17964,2026-03-09,250000,New Building,New Building,Issued,LAWRENCETOWN,District 02,1,1,Dwelling - Backyard Suite,44.65127061713557,-63.38903847944862
7283,BPRES-2024-17988,2024-12-03,450000,New Building,New Building,Completed,FLETCHERS LAKE,District 01,1,2,Dwelling - Single Detached,44.85141480777437,-63.59765895805403
7284,BPRES-2024-18026,2024-12-20,2000,Renovation,Renovation,Completed,HALIFAX,District 12,0,1,Dwelling - Townhouse,44.64900016592147,-63.651167789150875
7285,BPRES-2024-18040,2024-12-17,250000,Addition,Addition,Issued,BEDFORD,District 16,0,2,Dwelling - Single Detached,44.73263303527001,-63.66913368919848
7286,BPRES-2024-18080,2025-01-03,1000000,New Building,New Building,Issued,HALIFAX,District 08,4,3,Dwelling - Multiple Units,44.65464129825924,-63.58549312357304
7287,BPRES-2024-18121,2024-12-05,2600,Renovation,Renovation,Issued,DARTMOUTH,District 06,0,1,Dwelling - Single Detached,44.68009831597681,-63.534741868287746
7288,BPRES-2024-18176,2025-01-21,200,Renovation,Renovation,Completed,DARTMOUTH,District 06,-1,1,Dwelling - Single Detached,44.679419882797795,-63.51456311854292
7289,BPRES-2024-18216,2024-12-12,725000,New Building,New Building,Completed,BEDFORD,District 16,1,3,Dwelling - Single Detached,44.70727850777334,-63.72579286398989
7290,BPRES-2024-18242,2024-12-16,48500,Renovation,Renovation,Issued,HALIFAX,District 08,0,2,Dwelling - Semi-Detached,44.662180498629716,-63.599918314299785
7291,BPRES-2024-18276,2024-12-17,33000,New Building,New Building,Issued,WAVERLEY,District 01,0,1,Accessory Structure,44.786237548672595,-63.60644909040143
7292,BPRES-2024-18301,2024-12-20,24000,Renovation,Renovation,Completed,HALIFAX,District 11,1,2,Dwelling - Multiple Units,44.5931005573876,-63.63738462933951
7293,BPRES-2024-18316,,70000,New Building,New Building,Cancelled,,District 02,1,1,Dwelling - Single Detached,44.79723011525248,-63.39320962588997
7294,BPRES-2024-18353,2024-12-12,450000,New Building,New Building,Completed,WHITES LAKE,District 13,1,1,Dwelling - Single Detached,44.51793152528792,-63.752479808002256
7295,BPRES-2024-18374,2024-12-23,180000,Addition,Addition,Completed,LAWRENCETOWN,District 02,0,2,Dwelling - Single Detached,44.66007460492716,-63.36178946695183
7296,BPRES-2024-18416,,50000,New Building,New Building,Application Incomplete,LOWER SACKVILLE,District 15,1,2,Dwelling - Backyard Suite,44.77743726755055,-63.69066039035102
7297,BPRES-2024-18429,2025-01-10,55000,Renovation,Renovation,Completed,DARTMOUTH,District 06,1,2,Dwelling - Multiple Units,44.69951620410626,-63.5494903750093
7298,BPRES-2024-18509,2025-02-03,68032,Renovation,Renovation,Completed,COLE HARBOUR,District 04,1,2,Dwelling - Multiple Units,44.678654373315496,-63.50101828833733
7299,BPRES-2024-18558,,22000,New Building,New Building,Cancelled,,District 02,1,1,Dwelling - Single Detached,44.79723011525248,-63.39320962588997
7300,BPRES-2024-18614,2024-12-18,800000,New Building,New Building,Completed,TIMBERLEA,District 12,1,2,Dwelling - Single Detached,44.644860938102255,-63.72493440971208
7301,BPRES-2024-18643,2025-01-20,29000,Renovation,Renovation,Completed,DARTMOUTH,District 06,1,2,Dwelling - Multiple Units,44.6785498732059,-63.51395563073877
7302,BPRES-2024-18663,2024-12-19,2000,New Building,New Building,Completed,FALL RIVER,District 01,0,1,Accessory Structure,44.81519584074027,-63.58852141557297
7303,BPRES-2024-18695,2024-12-23,25000,Renovation,Renovation,Issued,TIMBERLEA,District 12,0,1,Dwelling - Single Detached,44.64126885009662,-63.71255428894354
7304,BPRES-2024-18742,2025-01-20,20000,New Building,New Building,Issued,PROSPECT,District 13,0,2,Accessory Structure,44.470062753916174,-63.78865622944442
7305,BPRES-2024-18791,2025-04-28,50000,Renovation,Renovation,Completed,HALIFAX,District 09,2,3,Dwelling - Multiple Units,44.65040875720153,-63.60781858071603
7306,BPRES-2024-18863,2025-02-26,553108,New Building,New Building,Cancelled,GLEN MARGARET,District 13,1,2,Dwelling - Single Detached,44.59294392637247,-63.91467997791287
7307,BPRES-2024-18887,2025-02-18,355000,New Building,New Building,Issued,WAVERLEY,District 01,1,2,Dwelling - Single Detached,44.78518446572849,-63.59724674384107
7308,BPRES-2024-18934,2025-01-22,50000,Addition,Addition,Completed,HALIFAX,District 11,0,1,Dwelling - Single Detached,44.62936577986455,-63.603862069943375
7309,BPRES-2024-18954,2025-04-10,90000,Renovation,Renovation,Completed,HALIFAX,District 07,0,2,Dwelling - Multiple Units,44.63947564048586,-63.58672248546126
7310,BPRES-2024-19045,2025-06-18,133739.62,Renovation,Renovation,Completed,HALIFAX,District 08,1,2,Dwelling - Multiple Units,44.6659442401633,-63.616593640810144
7311,BPRES-2025-00024,2025-02-12,125000,Renovation,Renovation,Issued,HALIFAX,District 09,2,2,Dwelling - Multiple Units,44.64551948672426,-63.613286629685916
7312,BPRES-2025-00057,2025-01-06,70000,Renovation,Renovation,Completed,EAST LAWRENCETOWN,District 02,0,2,Dwelling - Single Detached,44.6475898203468,-63.32531003202938
7313,BPRES-2025-00067,2025-01-20,40000,Renovation,Renovation,Completed,BEDFORD,District 16,1,1,Dwelling - Multiple Units,44.735797489403915,-63.65839140045156
7314,BPRES-2025-00089,2025-01-07,600000,New Building,New Building,Completed,MIDDLE SACKVILLE,District 14,2,3,Dwelling - Multiple Units,44.80206157212296,-63.76184955087188
7315,BPRES-2025-00103,2025-01-07,582000,New Building,New Building,Completed,UPPER SACKVILLE,District 14,1,3,Dwelling - Single Detached,44.80311836303149,-63.76176837255706
7316,BPRES-2025-00126,2025-04-25,625000,New Building,New Building,Issued,HALIFAX,District 11,4,3,Dwelling - Multiple Units,44.58741218285935,-63.59011646983819
7317,BPRES-2025-00149,2025-03-10,750000,New Building,New Building,Issued,WEST CHEZZETCOOK,District 02,1,1,Dwelling - Single Detached,44.72041890415102,-63.27519761157206
7318,BPRES-2025-00196,2025-01-20,32000,New Building,New Building,Completed,LAWRENCETOWN,District 02,0,1,Accessory Structure,44.67189948565894,-63.381783017912454
7319,BPRES-2025-00255,2025-02-13,45500,Renovation,Renovation,Completed,HERRING COVE,District 11,1,1,Dwelling - Multiple Units,44.57478915964886,-63.558482862226114
7320,BPRES-2025-00268,2025-02-11,1350000,New Building,New Building,Issued,HALIFAX,District 08,4,3,Dwelling - Multiple Units,44.65386451042763,-63.58801443371233
7321,BPRES-2025-00286,2025-03-11,675000,New Building,New Building,Amendment Applicant Revisions,HALIFAX,District 11,15,3,Dwelling - Multiple Units,44.60777723894811,-63.61382783574079
7322,BPRES-2025-00311,2025-01-22,20000,New Building,New Building,Completed,HACKETTS COVE,District 13,0,1,Accessory Structure,44.5443519349989,-63.934308752842846
7323,BPRES-2025-00359,2025-07-18,148500,New Building,New Building,Completed,FALL RIVER,District 01,1,2,Dwelling - Backyard Suite,44.79435543838202,-63.61614021091687
7324,BPRES-2025-00383,2025-12-18,225000,New Building,New Building,Completed,TANTALLON,District 13,1,2,Dwelling - Backyard Suite,44.656702063097654,-63.92099712537042
7325,BPRES-2025-00393,2025-04-17,183000,Renovation,Renovation,Issued,HALIFAX,District 10,1,3,Dwelling - Multiple Units,44.68085062975378,-63.658348684636856
7326,BPRES-2025-00435,2026-03-13,225000,New Building,New Building,Issued,HALIFAX,District 10,1,1,Dwelling - Backyard Suite,44.67305642847545,-63.64838770859619
7327,BPRES-2025-00448,2025-05-15,153000,Addition,Addition,Issued,HALIFAX,District 08,0,1,Dwelling - Single Detached,44.65216487376513,-63.594015002306946
7328,BPRES-2025-00493,2025-02-19,368000,New Building,New Building,Issued,SHEET HARBOUR,District 02,1,1,Dwelling - Single Detached,44.95844682289699,-62.49322375396922
7329,BPRES-2025-00521,2025-02-10,46598.71,Addition,Addition,Completed,FALL RIVER,District 01,0,2,Dwelling - Single Detached,44.84137467789641,-63.64620561132205
7330,BPRES-2025-00563,,118000,New Building,New Building,Ready For Issue,HATCHET LAKE,District 13,1,1,Dwelling - Backyard Suite,44.57304389000003,-63.71385145710105
7331,BPRES-2025-00579,2025-05-15,500000,New Building,New Building,Issued,HALIFAX,District 08,2,3,Dwelling - Semi-Detached,44.65638472212233,-63.59408359975212
7332,BPRES-2025-00618,2025-10-20,120000,Renovation,Renovation,Issued,DARTMOUTH,District 05,1,1,Dwelling - Multiple Units,44.68183337125279,-63.57769636553158
7333,BPRES-2025-00636,2025-01-28,70000,New Building,New Building,Completed,WEST CHEZZETCOOK,District 02,0,1,Accessory Structure,44.712885574559586,-63.260755336997455
7334,BPRES-2025-00681,2025-03-21,380000,New Building,New Building,Issued,WEST PETPESWICK,District 02,1,1,Dwelling - Single Detached,44.73336064821782,-63.166180194092114
7335,BPRES-2025-00717,2025-06-24,250000,Renovation,Renovation,Issued,QUEENSLAND,District 13,1,2,Dwelling - Multiple Units,44.65290176383779,-63.998543055400695
7336,BPRES-2025-00756,2025-03-06,150000,Renovation,Renovation,Issued,UPPER TANTALLON,District 13,1,3,Dwelling - Multiple Units,44.68449761661945,-63.888082151659475
7337,BPRES-2025-00802,2025-03-21,382000,New Building,New Building,Cancelled,EAST CHEZZETCOOK,District 02,1,1,Dwelling - Backyard Suite,44.725512980170016,-63.22794894593348
7338,BPRES-2025-00836,2025-02-12,100000,Renovation,Renovation,Completed,HALIFAX,District 12,1,2,Dwelling - Multiple Units,44.67827251493907,-63.674899904434476
7339,BPRES-2025-00851,2025-07-28,775000,New Building,New Building,Issued,HALIFAX,District 10,4,2,Dwelling - Multiple Units,44.651846552312136,-63.64861015257802
7340,BPRES-2025-00891,2025-01-30,675000,New Building,New Building,Completed,DARTMOUTH,District 06,1,3,Dwelling - Single Detached,44.71549078116103,-63.544452823532495
7341,BPRES-2025-00944,2025-01-27,400000,New Building,New Building,Completed,HALIFAX,District 11,4,3,Dwelling - Multiple Units,44.602048916260756,-63.60389250915708
7342,BPRES-2025-00958,,1,Renovation,Renovation,Application Incomplete,LOWER SACKVILLE,District 15,1,2,Dwelling - Multiple Units,44.77197013121965,-63.698964476947054
7343,BPRES-2025-00968,2025-06-18,320000,Addition,Addition,Issued,LAWRENCETOWN,District 02,1,3,Dwelling - Multiple Units,44.651877444430944,-63.37489232092045
7344,BPRES-2025-01018,2025-04-22,100000,Addition,Addition,Issued,LAKE CHARLOTTE,District 02,0,1,Dwelling - Single Detached,44.7736178604284,-62.976164553808395
7345,BPRES-2025-01094,2025-07-17,31000,Renovation,Renovation,Issued,HALIFAX,District 10,0,2,Dwelling - Single Detached,44.68060900078208,-63.65945468067846
7346,BPRES-2025-01132,2025-04-03,600000,New Building,New Building,Completed,KETCH HARBOUR,District 11,1,2,Dwelling - Single Detached,44.48356435658554,-63.57131165304858
7347,BPRES-2025-01195,2026-01-29,50000,Renovation,Renovation,Issued,DARTMOUTH,District 05,1,1,Dwelling - Backyard Suite,44.680308716331176,-63.57468305331524
7348,BPRES-2025-01249,2025-02-03,400000,New Building,New Building,Completed,DARTMOUTH,District 06,1,2,Dwelling - Single Detached,44.713508946700884,-63.5447145199635
7349,BPRES-2025-01272,2025-02-03,400000,New Building,New Building,Issued,HALIFAX,District 11,4,3,Dwelling - Multiple Units,44.60170760798896,-63.60428874846862
7350,BPRES-2025-01286,2025-04-10,60000,Renovation,Renovation,Completed,COLE HARBOUR,District 04,1,2,Dwelling - Multiple Units,44.666665524528895,-63.487326163258054
7351,BPRES-2025-01306,2025-03-06,630000,New Building,New Building,Completed,DARTMOUTH,District 06,2,3,Dwelling - Semi-Detached,44.713890857288085,-63.538813382057356
7352,BPRES-2025-01320,,28000,Renovation,Renovation,Application Incomplete,HALIFAX,District 08,1,2,Dwelling - Multiple Units,44.671053537770064,-63.60774222180628
7353,BPRES-2025-01361,2025-02-14,350000,New Building,New Building,Completed,BEAVER BANK,District 15,1,1,Dwelling - Single Detached,44.83722539204741,-63.661210655335545
7354,BPRES-2025-01399,,10000,Renovation,Renovation,Withdrawn,LOWER SACKVILLE,District 15,0,3,Dwelling - Townhouse,44.79051657523304,-63.69172309513572
7355,BPRES-2025-01414,2026-04-29,100000,New Building,New Building,Issued,HALIFAX,District 11,0,1,Accessory Structure,44.607681221086715,-63.61467590615204
7356,BPRES-2025-01437,2025-04-09,470000,New Building,New Building,Issued,HATCHET LAKE,District 13,1,2,Dwelling - Single Detached,44.56961729207457,-63.71879865735185
7357,BPRES-2025-01494,2025-02-13,400000,New Building,New Building,Amendment Review,HALIFAX,District 11,4,3,Dwelling - Multiple Units,44.60153425933768,-63.60448303732041
7358,BPRES-2025-01498,2025-02-26,400000,New Building,New Building,Amendment Review,HALIFAX,District 11,4,3,Dwelling - Multiple Units,44.60140438438561,-63.6046315611809
7359,BPRES-2025-01510,2025-03-13,460000,New Building,New Building,Completed,WAVERLEY,District 01,2,2,Dwelling - Semi-Detached,44.78648019997592,-63.603445858055686
7360,BPRES-2025-01544,2025-02-11,415000,New Building,New Building,Completed,BEAVER BANK,District 15,1,3,Dwelling - Single Detached,44.83783623341466,-63.6635361010295
7361,BPRES-2025-01559,2025-02-06,415000,New Building,New Building,Cancelled,FLETCHERS LAKE,District 01,1,3,Dwelling - Single Detached,44.850724628076314,-63.596218130013206
7362,BPRES-2025-01569,2025-03-19,107000,New Building,New Building,Completed,EASTERN PASSAGE,District 03,1,1,Dwelling - Backyard Suite,44.61695669653128,-63.46409599231341
7363,BPRES-2025-05002,2025-10-20,282400,Addition,Addition,Issued,HALIFAX,District 11,0,2,Dwelling - Single Detached,44.61876988881607,-63.61677310869426
7364,BPRES-2025-05023,2025-04-29,60000,New Building,New Building,Issued,MEAGHERS GRANT,District 01,0,1,Accessory Structure,44.92830554551691,-63.241669317085034
7365,BPRES-2025-05064,2025-04-15,415000,New Building,New Building,Completed,BEAVER BANK,District 15,2,2,Dwelling - Multiple Units,44.83945968085314,-63.66293813771634
7366,BPRES-2025-05110,2025-10-01,15000,Renovation,Renovation,Issued,HALIFAX,District 12,1,1,Dwelling - Multiple Units,44.67953411015378,-63.67251312955488
7367,BPRES-2025-05159,2025-04-15,350000,New Building,New Building,Issued,UPPER TANTALLON,District 13,1,2,Dwelling - Single Detached,44.70078996094386,-63.883361758705824
7368,BPRES-2025-05186,2025-11-12,30000,New Building,New Building,Issued,CLAM BAY,District 02,0,1,Accessory Structure,44.73253418260217,-62.9318416105709
7369,BPRES-2025-05225,2025-04-24,50000,New Building,New Building,Completed,UPPER TANTALLON,District 13,0,1,Accessory Structure,44.72485287606171,-63.886812343301244
7370,BPRES-2025-05258,,30000,Renovation,Renovation,Applicant Revisions,BEDFORD,District 16,1,1,Dwelling - Single Detached,44.740420617021,-63.651453822196125
7371,BPRES-2025-05267,2025-05-12,5000,New Building,New Building,Issued,EAST LAWRENCETOWN,District 02,0,1,Accessory Structure,44.67393182064531,-63.321969943970124
7372,BPRES-2025-05293,2025-08-15,80000,Renovation,Renovation,Completed,LAKE ECHO,District 02,1,1,Dwelling - Multiple Units,44.73631589683268,-63.392985306318494
7373,BPRES-2025-05302,2025-05-05,760000,New Building,New Building,Issued,HALIFAX,District 11,4,2,Dwelling - Semi-Detached,44.58748826806939,-63.58989186357794
7374,BPRES-2025-05308,2025-05-12,750000,New Building,New Building,Issued,HALIFAX,District 11,4,2,Dwelling - Semi-Detached,44.58761645833395,-63.58975475038166
7375,BPRES-2025-05310,,350000,New Building,New Building,Cancelled,UPPER HAMMONDS PLAINS,District 14,1,2,Dwelling - Backyard Suite,44.75532534326061,-63.84608899133695
7376,BPRES-2025-05352,2025-11-19,240000,New Building,New Building,Completed,LAWRENCETOWN,District 02,1,1,Dwelling - Single Detached,44.64927438646685,-63.40699671041633
7377,BPRES-2025-05378,2025-05-14,295000,Addition,Addition,Issued,HALIFAX,District 07,1,2,Dwelling - Multiple Units,44.63284099087502,-63.58695759193782
7378,BPRES-2025-05400,2025-07-09,400000,New Building,New Building,Issued,DEBAIES COVE,District 02,1,1,Dwelling - Single Detached,44.7567937485019,-62.810077114314694
7379,BPRES-2025-05425,2025-05-06,25000,Renovation,Renovation,Completed,HALIFAX,District 10,1,1,Dwelling - Multiple Units,44.64996476810855,-63.64606657249509
7380,BPRES-2025-05431,,15000,Renovation,Renovation,Application Incomplete,DARTMOUTH,District 05,1,4,Dwelling - Multiple Units,44.68399640033404,-63.59241251116007
7381,BPRES-2025-05449,2025-04-22,400000,New Building,New Building,Completed,FALL RIVER,District 01,1,2,Dwelling - Single Detached,44.8428411423365,-63.636168197341036
7382,BPRES-2025-05471,2025-08-11,950000,New Building,New Building,Issued,PORTERS LAKE,District 02,1,1,Dwelling - Single Detached,44.78580879725044,-63.361345306090314
7383,BPRES-2025-05513,,3500,Renovation,Renovation,Applicant Revisions,COLE HARBOUR,District 04,0,1,Dwelling - Single Detached,44.66691479164687,-63.50047840461465
7384,BPRES-2025-05556,2025-06-03,210000,Addition,Addition,Completed,BEDFORD,District 16,1,1,Dwelling - Multiple Units,44.71188017234692,-63.6864915946069
7385,BPRES-2025-05589,2025-05-26,110000,Addition,Addition,Issued,DARTMOUTH,District 05,0,2,Dwelling - Single Detached,44.675330123485125,-63.553690929667574
7386,BPRES-2025-05629,2025-05-21,750000,New Building,New Building,Issued,SEABRIGHT,District 13,1,1,Dwelling - Single Detached,44.59524983738466,-63.928753737995336
7387,BPRES-2025-05647,2025-05-02,150000,New Building,New Building,Completed,MINEVILLE,District 02,1,1,Dwelling - Backyard Suite,44.705691079331395,-63.38910520668636
7388,BPRES-2025-05674,2025-05-08,400000,New Building,New Building,Issued,HALIFAX,District 11,4,3,Dwelling - Multiple Units,44.60339666100999,-63.603961659925965
7389,BPRES-2025-05683,2025-05-12,1800000,New Building,New Building,Issued,BEDFORD,District 16,6,2,Dwelling - Townhouse,44.71863167605595,-63.718627305715266
7390,BPRES-2025-05700,2025-06-03,350000,New Building,New Building,Issued,BEAVER BANK,District 15,1,1,Dwelling - Single Detached,44.81372044047178,-63.69007069606522
7391,BPRES-2025-05736,2025-05-02,62000,New Building,New Building,Completed,DARTMOUTH,District 06,0,2,Accessory Structure,44.68156668746252,-63.523393105114636
7392,BPRES-2025-05758,2025-04-25,4500,Renovation,Renovation,Issued,HALIFAX,District 07,0,6,Dwelling - Multiple Units,44.6427672567122,-63.569268130226405
7393,BPRES-2025-05777,2025-08-14,800000,New Building,New Building,Amendment Review,HAMMONDS PLAINS,District 14,5,3,Dwelling - Townhouse,44.72594714979062,-63.755108104714225
7394,BPRES-2025-05801,,85000,New Building,New Building,Applicant Revisions,BEDFORD,District 16,0,1,Accessory Structure,44.704059378612016,-63.71687123037145
7395,BPRES-2025-05820,2025-05-23,1550000,New Building,New Building,Completed,BEDFORD,District 16,5,3,Dwelling - Townhouse,44.71863606958099,-63.71794649762364
7396,BPRES-2025-05820,2025-05-23,1550000,New Building,New Building,Completed,BEDFORD,District 16,5,3,Dwelling - Townhouse,44.71863606958099,-63.71794649762364
7397,BPRES-2025-05825,2025-04-29,32500,Renovation,Renovation,Completed,PORTERS LAKE,District 02,0,2,Dwelling - Single Detached,44.77036621695398,-63.34690854531441
7398,BPRES-2025-05849,2025-05-07,90000,Renovation,Renovation,Completed,LOWER SACKVILLE,District 15,0,3,Dwelling - Multiple Units,44.754833606678694,-63.66292451807543
7399,BPRES-2025-05862,2025-04-29,200000,New Building,New Building,Completed,MIDDLE SACKVILLE,District 14,1,2,Dwelling - Single Detached,44.803877185975715,-63.76619899376111
7400,BPRES-2025-05923,2025-06-13,616942,New Building,New Building,Completed,WILLIAMSWOOD,District 11,2,1,Dwelling - Semi-Detached,44.481773818556036,-63.607863853564055
7401,BPRES-2025-05931,2025-05-27,175000,New Building,New Building,Completed,HARRIETSFIELD,District 11,1,1,Dwelling - Backyard Suite,44.561438833050154,-63.63050582992989
7402,BPRES-2025-05953,2025-04-30,400000,New Building,New Building,Issued,MOSER RIVER,District 02,1,1,Dwelling - Single Detached,44.96533973581028,-62.24776459725727
7403,BPRES-2025-05994,2025-05-15,115000,Addition,Addition,Completed,DARTMOUTH,District 05,0,2,Dwelling - Single Detached,44.67117428373799,-63.560595493265204
7404,BPRES-2025-06001,,310000,New Building,New Building,Cancelled,BEDFORD,District 16,1,3,Dwelling - Townhouse,44.71883784295931,-63.71782967723138
7405,BPRES-2025-06027,2025-05-27,26000,New Building,New Building,Issued,DARTMOUTH,District 05,0,1,Accessory Structure,44.68379253772777,-63.580921197868236
7406,BPRES-2025-06061,2025-08-13,350000,New Building,New Building,Issued,FALL RIVER,District 01,1,1,Dwelling - Backyard Suite,44.818944412749396,-63.615192478397475
7407,BPRES-2025-06118,2025-05-14,50000,Addition,Addition,Issued,DARTMOUTH,District 06,0,1,Dwelling - Single Detached,44.690789464566414,-63.53726652888068
7408,BPRES-2025-06137,2025-07-09,350000,New Building,New Building,Completed,MIDDLE SACKVILLE,District 14,1,1,Dwelling - Single Detached,44.78394217817766,-63.7023245261273
7409,BPRES-2025-06211,,18000,Renovation,Renovation,Application Incomplete,HALIFAX,District 11,1,3,Dwelling - Multiple Units,44.60766185585796,-63.604805398287404
7410,BPRES-2025-06239,2025-05-15,200000,New Building,New Building,Completed,EASTERN PASSAGE,District 03,1,2,Dwelling - Backyard Suite,44.629420326374245,-63.508491029661144
7411,BPRES-2025-06292,2025-07-29,100000,Addition,Addition,Completed,WILLIAMSWOOD,District 11,1,1,Dwelling - Multiple Units,44.50580804820985,-63.64271829401291
7412,BPRES-2025-06347,2025-07-08,4000,Renovation,Renovation,Completed,BEDFORD,District 16,1,2,Dwelling - Single Detached,44.73050317092686,-63.64556786511442
7413,BPRES-2025-06381,2025-05-26,500000,New Building,New Building,Completed,DARTMOUTH,District 06,2,3,Dwelling - Semi-Detached,44.71420328820761,-63.539275339740996
7414,BPRES-2025-06391,2025-05-08,500000,New Building,New Building,Completed,DARTMOUTH,District 06,2,3,Dwelling - Semi-Detached,44.71395349788723,-63.53957501491781
7415,BPRES-2025-06404,2025-10-10,400000,New Building,New Building,Issued,WILLIAMSWOOD,District 11,1,2,Dwelling - Single Detached,44.53985216958598,-63.62814393014601
7416,BPRES-2025-06414,2025-06-16,200000,New Building,New Building,Issued,HATCHET LAKE,District 13,1,2,Dwelling - Single Detached,44.584694445786354,-63.70171724793917
7417,BPRES-2025-06428,2025-05-20,50000,New Building,New Building,Issued,OSTREA LAKE,District 02,0,1,Accessory Structure,44.72068033758607,-63.08257879649127
7418,BPRES-2025-06465,,50000,Addition,Addition,Applicant Revisions,HALIFAX,District 07,0,1,Dwelling - Single Detached,44.624209421181966,-63.57415531988102
7419,BPRES-2025-06496,2025-05-07,50000,New Building,New Building,Completed,MIDDLE SACKVILLE,District 14,0,1,Accessory Structure,44.790776781615094,-63.77068491364313
7420,BPRES-2025-06511,2025-06-05,350000,Addition,Addition,Issued,GLEN HAVEN,District 13,0,2,Dwelling - Single Detached,44.64169711289221,-63.92453799465607
7421,BPRES-2025-06524,2025-06-24,492600,Addition,Addition,Completed,EAST LAWRENCETOWN,District 02,0,2,Dwelling - Single Detached,44.66202087523536,-63.32415713415499
7422,BPRES-2025-06592,2026-03-25,750000,Addition,Addition,Issued,HALIFAX,District 07,10,3,Dwelling - Multiple Units,44.639447768964736,-63.59464025039823
7423,BPRES-2025-06632,2025-12-18,100000,Renovation,Renovation,Completed,HALIFAX,District 09,1,3,Dwelling - Multiple Units,44.64669068601867,-63.603759500450025
7424,BPRES-2025-06673,2025-05-16,20000,Renovation,Renovation,Completed,LAKE LOON,District 04,0,1,Accessory Structure,44.70275736915028,-63.4959644028885
7425,BPRES-2025-06680,2025-06-12,565664,New Building,New Building,Completed,MUSQUODOBOIT HARBOUR,District 02,1,1,Dwelling - Single Detached,44.780610488041916,-63.15591053206231
7426,BPRES-2025-06723,2025-06-18,92000,New Building,New Building,Issued,BEDFORD,District 16,0,1,Accessory Structure,44.720254060965516,-63.657770951531575
7427,BPRES-2025-06763,,6000,Addition,Addition,Cancelled,HALIFAX,District 09,0,1,Dwelling - Single Detached,44.650761563290246,-63.597169844363215
7428,BPRES-2025-06828,,3000,Renovation,Renovation,Application Incomplete,DARTMOUTH,District 05,1,2,Dwelling - Townhouse,44.68273527498002,-63.592270762843455
7429,BPRES-2025-06841,2026-01-21,80000,New Building,New Building,Issued,NORTH PRESTON,District 04,1,1,Dwelling - Backyard Suite,44.718793546480505,-63.45975416321823
7430,BPRES-2025-06886,2025-07-28,250000,New Building,New Building,Issued,TERENCE BAY,District 13,1,1,Dwelling - Single Detached,44.495367077293054,-63.72559780503406
7431,BPRES-2025-06920,2025-05-21,5000,Renovation,Renovation,Completed,EASTERN PASSAGE,District 03,0,1,Dwelling - Single Detached,44.60814424812477,-63.482504135129375
7432,BPRES-2025-06960,2025-07-30,51334,Renovation,Renovation,Issued,BEDFORD,District 16,0,1,Dwelling - Single Detached,44.739875977963564,-63.65909865577374
7433,BPRES-2025-07001,2025-07-11,125000,Addition,Addition,Amendment Applicant Revisions,HALIFAX,District 09,0,2,Dwelling - Single Detached,44.63736205196587,-63.62788160316805
7434,BPRES-2025-07017,2025-05-23,8000,New Building,New Building,Issued,HALIFAX,District 11,0,1,Accessory Structure,44.62469414975961,-63.59977637075398
7435,BPRES-2025-07077,2025-05-29,400000,New Building,New Building,Issued,HALIFAX,District 11,4,3,Dwelling - Multiple Units,44.603486603249046,-63.60355702311445
7436,BPRES-2025-07078,2025-05-29,380000,New Building,New Building,Issued,HALIFAX,District 11,3,3,Dwelling - Multiple Units,44.60332211066915,-63.60335126297535
7437,BPRES-2025-07113,2025-08-25,103592,New Building,New Building,Issued,STILLWATER LAKE,District 13,0,1,Accessory Structure,44.71069909939793,-63.84477363267621
7438,BPRES-2025-07122,2025-09-17,60000,New Building,New Building,Issued,MIDDLE SACKVILLE,District 14,0,2,Accessory Structure,44.790363351845215,-63.752568834994676
7439,BPRES-2025-07136,2025-05-27,6000,Addition,Addition,Issued,HALIFAX,District 09,0,1,Dwelling - Single Detached,44.650761563290246,-63.597169844363215
7440,BPRES-2025-07188,2025-05-26,750000,New Building,New Building,Issued,TIMBERLEA,District 12,1,2,Dwelling - Single Detached,44.644729356702804,-63.72422843039409
7441,BPRES-2025-07253,2025-06-12,800000,New Building,New Building,Completed,OAKFIELD,District 01,1,1,Dwelling - Single Detached,44.90673040870472,-63.58830711689185
7442,BPRES-2025-07269,2025-07-07,600000,New Building,New Building,Issued,HEAD OF ST MARGARETS BAY,District 13,1,3,Dwelling - Single Detached,44.67085988690649,-63.9156652096486
7443,BPRES-2025-07285,2025-10-16,80000,Renovation,Renovation,Completed,DARTMOUTH,District 06,2,2,Dwelling - Multiple Units,44.67644493979251,-63.51532456386367
7444,BPRES-2025-07323,2025-05-23,300000,New Building,New Building,Completed,EAST PETPESWICK,District 02,1,1,Dwelling - Single Detached,44.73800842236524,-63.144426393637076
7445,BPRES-2025-07405,,250000,Addition,Addition,Applicant Revisions,HALIFAX,District 11,2,2,Dwelling - Multiple Units,44.607077651085724,-63.61367343974566
7446,BPRES-2025-07479,2025-06-04,120000,New Building,New Building,Completed,BEDFORD,District 14,1,1,Dwelling - Backyard Suite,44.72660479903416,-63.69349269325978
7447,BPRES-2025-07511,2025-11-28,60000,New Building,New Building,Issued,,District 02,1,2,Dwelling - Seasonal,44.831215395934265,-62.66458957305422
7448,BPRES-2025-07533,2025-10-01,50000,New Building,New Building,Completed,LONG LAKE,District 01,1,1,Dwelling - Seasonal,45.03412834832947,-62.991488325685054
7449,BPRES-2025-07578,2025-05-29,300000,New Building,New Building,Completed,BEECHVILLE,District 12,1,3,Dwelling - Single Detached,44.63681072172596,-63.67677436766994
7450,BPRES-2025-07612,2025-05-26,750000,New Building,New Building,Issued,TIMBERLEA,District 12,1,2,Dwelling - Single Detached,44.64390633774792,-63.72434543429865
7451,BPRES-2025-07650,2025-05-27,940000,New Building,New Building,Completed,MIDDLE SACKVILLE,District 14,1,2,Dwelling - Single Detached,44.80173245995036,-63.76207095415724
7452,BPRES-2025-07652,2025-06-06,400000,New Building,New Building,Issued,HALIFAX,District 11,4,2,Dwelling - Multiple Units,44.58653464947561,-63.588632357371104
7453,BPRES-2025-07675,2025-06-06,16000,New Building,New Building,Completed,HAMMONDS PLAINS,District 14,0,1,Accessory Structure,44.7496985401058,-63.72389374745985
7454,BPRES-2025-07683,2025-06-05,50000,New Building,New Building,Issued,BOUTILIERS POINT,District 13,0,1,Accessory Structure,44.654564748303265,-63.95137627623124
7455,BPRES-2025-07712,2025-05-29,500000,New Building,New Building,Completed,DEVON,District 01,1,1,Dwelling - Single Detached,44.90130733719999,-63.43231911305761
7456,BPRES-2025-07756,,180000,New Building,New Building,Withdrawn,ELDERBANK,District 01,1,1,Dwelling - Backyard Suite,44.97846652569604,-63.212195625525425
7457,BPRES-2025-07809,2025-06-18,35000,Renovation,Renovation,Issued,HALIFAX,District 08,0,2,Dwelling - Single Detached,44.65773757518711,-63.59401779389771
7458,BPRES-2025-07843,2025-06-12,38000,New Building,New Building,Completed,UPPER TANTALLON,District 13,0,1,Accessory Structure,44.719569556824005,-63.86728625363471
7459,BPRES-2025-07861,2025-06-06,12000,Renovation,Renovation,Completed,HALIFAX,District 11,1,1,Dwelling - Multiple Units,44.60986365627369,-63.60403946389248
7460,BPRES-2025-07955,,200000,Addition,Addition,Applicant Revisions,WAVERLEY,District 01,1,2,Dwelling - Multiple Units,44.79026438429758,-63.60488599969689
7461,BPRES-2025-07974,2025-06-16,120000,New Building,New Building,Issued,LOWER SHIP HARBOUR,District 02,1,1,Dwelling - Single Detached,44.79279603332588,-62.840691129374896
7462,BPRES-2025-08018,,960000,New Building,New Building,Application Incomplete,,District 02,1,2,Dwelling - Single Detached,44.73124547312746,-63.24137196559172
7463,BPRES-2025-08049,,50000,Renovation,Renovation,Withdrawn,DARTMOUTH,District 06,1,1,Dwelling - Single Detached,44.681112291210816,-63.52350922219546
7464,BPRES-2025-08070,2025-06-17,100000,New Building,New Building,Issued,LOWER SHIP HARBOUR,District 02,1,1,Dwelling - Single Detached,44.79303221677341,-62.84068945563827
7465,BPRES-2025-08090,2025-06-26,500000,New Building,New Building,Issued,BEDFORD,District 16,1,2,Dwelling - Single Detached,44.719066473882684,-63.71709153561962
7466,BPRES-2025-08133,2025-06-17,450000,New Building,New Building,Completed,EASTERN PASSAGE,District 03,3,1,Dwelling - Townhouse,44.60830024206398,-63.48923058438101
7467,BPRES-2025-08151,2025-07-03,48000,New Building,New Building,Completed,WILLIAMSWOOD,District 11,0,1,Accessory Structure,44.54204937554078,-63.63835432437186
7468,BPRES-2025-08164,2025-06-23,450000,New Building,New Building,Issued,EASTERN PASSAGE,District 03,3,1,Dwelling - Townhouse,44.60826206324089,-63.4889516302651
7469,BPRES-2025-08193,2025-08-28,60000,New Building,New Building,Issued,DARTMOUTH,District 06,0,2,Accessory Structure,44.707957270978724,-63.5483285871692
7470,BPRES-2025-08218,2025-06-03,425000,New Building,New Building,Issued,MIDDLE SACKVILLE,District 14,1,1,Dwelling - Single Detached,44.79483782914081,-63.7614000961732
7471,BPRES-2025-08228,2025-08-13,300000,New Building,New Building,Issued,HACKETTS COVE,District 13,1,1,Dwelling - Single Detached,44.550284542928786,-63.93081461113936
7472,BPRES-2025-08260,2025-06-09,350000,New Building,New Building,Issued,HEAD OF ST MARGARETS BAY,District 13,1,3,Dwelling - Single Detached,44.690326857735265,-63.8940591923286
7473,BPRES-2025-08296,2025-07-24,15000,Addition,Addition,Completed,HALIFAX,District 08,0,2,Dwelling - Single Detached,44.661364164256334,-63.59899779614424
7474,BPRES-2025-08334,,1000000,New Building,New Building,Withdrawn,HALIFAX,District 08,3,2,Dwelling - Multiple Units,44.666179423136725,-63.59789668200344
7475,BPRES-2025-08350,2025-10-06,200000,New Building,New Building,Completed,BEECHVILLE,District 12,1,3,Dwelling - Single Detached,44.63698318802669,-63.67725065295113
7476,BPRES-2025-08382,2025-07-04,120000,Renovation,Renovation,Issued,LOWER SACKVILLE,District 15,1,1,Dwelling - Single Detached,44.766098997427484,-63.666825557758074
7477,BPRES-2025-08399,2025-07-03,18000,Renovation,Renovation,Issued,COLE HARBOUR,District 04,1,1,Dwelling - Single Detached,44.677568909270825,-63.48246066145562
7478,BPRES-2025-08460,,45000,New Building,New Building,Applicant Revisions,,District 02,1,1,Dwelling - Seasonal,44.81914832613172,-62.63287283080679
7479,BPRES-2025-08498,2025-07-07,50000,Renovation,Renovation,Issued,EAST PRESTON,District 04,0,2,Dwelling - Single Detached,44.72746554403197,-63.40288566044246
7480,BPRES-2025-08557,2025-07-16,95000,New Building,New Building,Amendment Review,PORTERS LAKE,District 02,1,2,Dwelling - Backyard Suite,44.74361663047235,-63.3440434116278
7481,BPRES-2025-08579,2026-01-06,10000,Renovation,Renovation,Issued,BEDFORD,District 16,1,3,Dwelling - Multiple Units,44.738205404070854,-63.64813762244443
7482,BPRES-2025-08611,2025-06-09,200000,New Building,New Building,Completed,BEECHVILLE,District 12,1,3,Dwelling - Single Detached,44.637196641334334,-63.67689793208733
7483,BPRES-2025-08625,2025-08-13,50000,New Building,New Building,Issued,EAST CHEZZETCOOK,District 02,0,1,Accessory Structure,44.71581544679155,-63.22956878742979
7484,BPRES-2025-08650,2025-06-18,450000,New Building,New Building,Issued,DARTMOUTH,District 06,1,2,Dwelling - Single Detached,44.705029901457436,-63.55041870519292
7485,BPRES-2025-08689,,50000,Renovation,Renovation,Application Incomplete,HUBBARDS,District 13,0,1,Dwelling - Seasonal,44.63126966399339,-64.04909429057174
7486,BPRES-2025-08719,2025-06-10,310000,New Building,New Building,Completed,DARTMOUTH,District 06,1,3,Dwelling - Single Detached,44.71517249504933,-63.54394051701116
7487,BPRES-2025-08730,2025-06-12,340000,New Building,New Building,Completed,DARTMOUTH,District 06,2,2,Dwelling - Multiple Units,44.71496629657559,-63.543956215988274
7488,BPRES-2025-08763,2025-06-25,160000,New Building,New Building,Completed,TERENCE BAY,District 13,1,2,Dwelling - Single Detached,44.49674577228772,-63.726081603189655
7489,BPRES-2025-08789,2025-06-19,349000,New Building,New Building,Completed,DARTMOUTH,District 06,1,2,Dwelling - Single Detached,44.715010701072984,-63.544521206346325
7490,BPRES-2025-08810,,150000,Addition,Addition,Withdrawn,MIDDLE SACKVILLE,District 14,1,1,Dwelling - Multiple Units,44.80869452693818,-63.73078474984247
7491,BPRES-2025-08856,2025-07-08,82000,Addition,Addition,Issued,BEAVER BANK,District 15,0,1,Dwelling - Single Detached,44.87443450783062,-63.68403651325541
7492,BPRES-2025-08931,2025-06-16,300000,New Building,New Building,Completed,BEECHVILLE,District 12,1,3,Dwelling - Single Detached,44.636188794814835,-63.676480514547954
7493,BPRES-2025-08935,2025-06-20,50000,Renovation,Renovation,Completed,MIDDLE SACKVILLE,District 14,0,1,Dwelling - Single Detached,44.792672537209214,-63.77388184574523
7494,BPRES-2025-08961,2025-07-11,20000,Renovation,Renovation,Amendment Application Incomplete,LAWRENCETOWN,District 02,0,2,Accessory Structure,44.64845976426347,-63.40777792104324
7495,BPRES-2025-09004,2025-08-19,400000,Addition,Addition,Issued,HALIFAX,District 11,0,2,Dwelling - Single Detached,44.63011023260948,-63.602848685391955
7496,BPRES-2025-09043,2025-08-01,800000,Renovation,Renovation,Issued,TANTALLON,District 13,0,2,Dwelling - Single Detached,44.667410077513715,-63.90166506736095
7497,BPRES-2025-09062,2025-06-24,200000,New Building,New Building,Issued,BEECHVILLE,District 12,1,3,Dwelling - Single Detached,44.63727346802615,-63.67462867251549
7498,BPRES-2025-09106,2025-08-06,150000,New Building,New Building,Completed,WEST PETPESWICK,District 02,1,1,Dwelling - Single Detached,44.73550365336817,-63.18303404749969
7499,BPRES-2025-09133,2025-06-20,62916,Renovation,Renovation,Issued,HAMMONDS PLAINS,District 14,0,2,Dwelling - Single Detached,44.695364549700024,-63.776694970605284
7500,BPRES-2025-09188,2025-06-24,100000,New Building,New Building,Issued,WILLIAMSWOOD,District 11,0,1,Accessory Structure,44.53958097885921,-63.63924202290375
7501,BPRES-2025-09201,2025-07-02,40000,New Building,New Building,Issued,,District 02,0,1,Accessory Structure,44.650511916659205,-63.40472790748609
7502,BPRES-2025-09245,2025-07-22,40000,Addition,Addition,Issued,HALIFAX,District 07,0,2,Dwelling - Single Detached,44.63089956682807,-63.57687613209503
7503,BPRES-2025-09285,2025-07-16,1250000,New Building,New Building,Issued,,District 06,5,3,Dwelling - Townhouse,,
7504,BPRES-2025-09298,,15000,Renovation,Renovation,Application Incomplete,HAMMONDS PLAINS,District 14,1,2,Dwelling - Multiple Units,44.73422055062443,-63.769415839951186
7505,BPRES-2025-09338,2025-07-18,250000,New Building,New Building,Completed,MIDDLE SACKVILLE,District 14,1,1,Dwelling - Backyard Suite,44.77876724324744,-63.70431479421967
7506,BPRES-2025-09386,2025-06-20,160000,Renovation,Renovation,Completed,TIMBERLEA,District 12,0,2,Dwelling - Semi-Detached,44.655414162055955,-63.741572594158576
7507,BPRES-2025-09404,2025-06-20,77963,Renovation,Renovation,Completed,DARTMOUTH,District 05,0,1,Dwelling - Single Detached,44.67887514957807,-63.57970475502212
7508,BPRES-2025-09422,2025-07-22,100000,Renovation,Renovation,Issued,HALIFAX,District 08,-1,3,Dwelling - Semi-Detached,44.656498314669264,-63.59140558535034
7509,BPRES-2025-09451,2025-07-25,500000,New Building,New Building,Issued,BEDFORD,District 16,1,2,Dwelling - Single Detached,44.72057276915717,-63.71678051511915
7510,BPRES-2025-09500,2025-07-17,1500000,New Building,New Building,Issued,,District 06,6,3,Dwelling - Townhouse,,
7511,BPRES-2025-09541,2025-07-11,820000,New Building,New Building,Issued,TIMBERLEA,District 12,1,3,Dwelling - Single Detached,44.64391847256,-63.72302311931337
7512,BPRES-2025-09555,2025-09-08,500000,New Building,New Building,Issued,HALIFAX,District 11,4,2,Dwelling - Semi-Detached,44.62091672769908,-63.62063430524633
7513,BPRES-2025-09585,2025-09-10,350000,New Building,New Building,Issued,PORTUGUESE COVE,District 11,1,2,Dwelling - Single Detached,44.527998437767955,-63.54778782291544
7514,BPRES-2025-09676,2025-07-21,45000,Renovation,Renovation,Completed,HALIFAX,District 11,0,1,Dwelling - Single Detached,44.603030191527765,-63.6152693624735
7515,BPRES-2025-09690,2025-07-08,310000,New Building,New Building,Issued,BEAVER BANK,District 15,2,3,Dwelling - Multiple Units,44.82660694207492,-63.6729638531155
7516,BPRES-2025-09702,2025-07-10,340000,New Building,New Building,Completed,DARTMOUTH,District 06,2,3,Dwelling - Multiple Units,44.715275105488466,-63.54391534717512
7517,BPRES-2025-09715,2025-07-30,500000,New Building,New Building,Completed,MIDDLE SACKVILLE,District 14,1,1,Dwelling - Single Detached,44.79873436056972,-63.765948459696915
7518,BPRES-2025-09764,2025-09-24,120000,New Building,New Building,Issued,MIDDLE SACKVILLE,District 14,0,1,Accessory Structure,44.78340954240891,-63.75554512753403
7519,BPRES-2025-09824,2025-08-28,25000,New Building,New Building,Issued,DARTMOUTH,District 05,0,1,Accessory Structure,44.69078418488653,-63.57165936861198
7520,BPRES-2025-09875,2025-11-12,250000,New Building,New Building,Issued,HALIFAX,District 11,4,3,Dwelling - Multiple Units,44.61638951439047,-63.619846282368016
7521,BPRES-2025-09917,2025-08-21,5000,Renovation,Renovation,Issued,HERRING COVE,District 11,1,2,Dwelling - Multiple Units,44.5700482279742,-63.55960144484416
7522,BPRES-2025-09963,2025-11-25,200000,New Building,New Building,Issued,GRAND LAKE,District 01,2,2,Dwelling - Backyard Suite,44.87862431888892,-63.57143438217499
7523,BPRES-2025-09968,2025-07-03,75000,Renovation,Renovation,Issued,DARTMOUTH,District 05,0,2,Dwelling - Single Detached,44.68062291636114,-63.56959451577857
7524,BPRES-2025-10016,2025-08-15,300000,Addition,Addition,Issued,HALIFAX,District 09,0,2,Dwelling - Single Detached,44.64477858267862,-63.60449112009821
7525,BPRES-2025-10061,2025-07-15,55214,Renovation,Renovation,Issued,DARTMOUTH,District 03,0,1,Dwelling - Single Detached,44.66292803821714,-63.50637234854075
7526,BPRES-2025-10123,2025-08-29,100000,New Building,New Building,Completed,LOCHABER MINES,District 02,1,2,Dwelling - Single Detached,45.0057059103996,-62.475049504384266
7527,BPRES-2025-10140,2025-08-19,20000,Renovation,Renovation,Issued,LOWER SACKVILLE,District 15,1,1,Dwelling - Multiple Units,44.7795516136525,-63.6815086324216
7528,BPRES-2025-10175,2025-08-28,50000,New Building,New Building,Amendment Requested,HEAD OF ST MARGARETS BAY,District 13,1,1,Dwelling - Backyard Suite,44.670084694204846,-63.91368026974559
7529,BPRES-2025-10213,2025-07-17,600000,New Building,New Building,Issued,,District 13,1,1,Dwelling - Single Detached,44.50332689688235,-63.864807387791934
7530,BPRES-2025-10256,2025-09-09,300000,New Building,New Building,Amendment Review,OYSTER POND,District 02,1,1,Dwelling - Backyard Suite,44.78510831551876,-63.0055255307223
7531,BPRES-2025-10299,2025-07-11,400000,New Building,New Building,Completed,DARTMOUTH,District 06,1,3,Dwelling - Single Detached,44.71364068772966,-63.54473876394805
7532,BPRES-2025-10324,2025-07-31,200000,New Building,New Building,Issued,MIDDLE SACKVILLE,District 14,1,1,Dwelling - Single Detached,44.804140693103854,-63.7653266530168
7533,BPRES-2025-10329,2025-09-15,200000,New Building,New Building,Issued,MIDDLE SACKVILLE,District 14,1,3,Dwelling - Single Detached,44.7979720095752,-63.76717698466812
7534,BPRES-2025-10355,2025-07-29,25000,New Building,New Building,Issued,MIDDLE SACKVILLE,District 14,0,1,Accessory Structure,44.79572295149133,-63.73096341173234
7535,BPRES-2025-10383,,3000,Renovation,Renovation,Applicant Revisions,DARTMOUTH,District 03,1,2,Dwelling - Multiple Units,44.6642706195419,-63.55188827458532
7536,BPRES-2025-10414,2025-07-21,75000,Addition,Addition,Completed,BEAVER BANK,District 15,0,2,Dwelling - Single Detached,44.84090357049133,-63.69145742373491
7537,BPRES-2025-10450,,100000,Addition,Addition,Applicant Revisions,QUEENSLAND,District 13,0,2,Dwelling - Single Detached,44.63481417433342,-64.03168568916841
7538,BPRES-2025-10484,2025-07-31,12000,Renovation,Renovation,Issued,HALIFAX,District 08,0,2,Dwelling - Single Detached,44.66601610799654,-63.600239824008476
7539,BPRES-2025-10527,2025-08-20,90000,New Building,New Building,Issued,SHEET HARBOUR,District 02,1,2,Dwelling - Single Detached,44.923361645221306,-62.517778768848544
7540,BPRES-2025-10539,,500000,New Building,New Building,Withdrawn,HALIFAX,District 11,4,2,Dwelling - Semi-Detached,44.601786664096394,-63.60476699494026
7541,BPRES-2025-10562,2026-06-05,25000,Renovation,Renovation,Issued,HUBBARDS,District 13,1,1,Dwelling - Backyard Suite,44.637754183768685,-64.06252890853928
7542,BPRES-2025-10569,2025-07-14,250000,New Building,New Building,Issued,TIMBERLEA,District 12,1,2,Dwelling - Single Detached,44.64467130680385,-63.72571207580147
7543,BPRES-2025-10603,,10000,Renovation,Renovation,Withdrawn,HALIFAX,District 11,1,2,Dwelling - Single Detached,44.625268239470266,-63.61103137438026
7544,BPRES-2025-10668,2025-10-31,2000000,New Building,New Building,Issued,FALL RIVER,District 01,1,2,Dwelling - Single Detached,44.835890611950475,-63.61420660015019
7545,BPRES-2025-10716,,40000,New Building,New Building,Application Incomplete,HACKETTS COVE,District 13,0,1,Accessory Structure,44.551660382765924,-63.930379858233245
7546,BPRES-2025-10763,2025-09-04,105000,New Building,New Building,Issued,WAVERLEY,District 01,1,1,Dwelling - Backyard Suite,44.77461478066844,-63.60411250955819
7547,BPRES-2025-10775,2025-08-12,3000000,New Building,New Building,Issued,BEDFORD,District 16,6,3,Dwelling - Townhouse,44.71829548832607,-63.71742575231782
7548,BPRES-2025-10798,,775000000,New Building,New Building,Applicant Revisions,MYERS POINT,District 02,1,1,Dwelling - Single Detached,44.774125344086286,-63.03997587120744
7549,BPRES-2025-10873,2025-07-29,30000,New Building,New Building,Completed,EASTERN PASSAGE,District 03,0,1,Accessory Structure,44.62206087533342,-63.46236640304848
7550,BPRES-2025-10915,2025-08-06,27000,New Building,New Building,Completed,BEAVER BANK,District 15,0,1,Accessory Structure,44.83509358675792,-63.66131794682472
7551,BPRES-2025-10950,,200000,New Building,New Building,Ready For Issue,HALIFAX,District 08,1,2,Dwelling - Backyard Suite,44.66354703290434,-63.606951339146214
7552,BPRES-2025-11051,,,Renovation,Renovation,Withdrawn,HALIFAX,District 08,0,2,Dwelling - Townhouse,44.65255778981393,-63.58740603104408
7553,BPRES-2025-11111,2025-07-30,275000,New Building,New Building,Issued,BEECHVILLE,District 12,1,3,Dwelling - Single Detached,44.6377158309553,-63.67570789646084
7554,BPRES-2025-11139,2025-09-10,60000,New Building,New Building,Completed,HAMMONDS PLAINS,District 14,0,1,Accessory Structure,44.73995704360245,-63.72906936378742
7555,BPRES-2025-11189,2025-08-19,1500000,New Building,New Building,Issued,MIDDLE SACKVILLE,District 14,1,2,Dwelling - Single Detached,44.780548593936565,-63.749786050983666
7556,BPRES-2025-11230,2025-08-21,21375,Renovation,Renovation,Completed,HALIFAX,District 11,1,2,Dwelling - Multiple Units,44.58734723102339,-63.59195284224954
7557,BPRES-2025-11259,2025-08-11,12500,New Building,New Building,Issued,DARTMOUTH,District 06,0,1,Accessory Structure,44.70628344546074,-63.54392139644097
7558,BPRES-2025-11356,2025-08-18,556000,New Building,New Building,Completed,SEAFORTH,District 02,1,1,Dwelling - Single Detached,44.65240379951553,-63.27979969473422
7559,BPRES-2025-11363,2025-07-28,275000,New Building,New Building,Issued,BEECHVILLE,District 12,1,3,Dwelling - Single Detached,44.63672361448171,-63.674477173434745
7560,BPRES-2025-11367,2025-07-30,275000,New Building,New Building,Issued,BEECHVILLE,District 12,1,3,Dwelling - Single Detached,44.63624301102162,-63.67487028643862
7561,BPRES-2025-11372,2025-07-30,275000,New Building,New Building,Issued,BEECHVILLE,District 12,1,3,Dwelling - Single Detached,44.63657030511798,-63.674989452012454
7562,BPRES-2025-11405,,200000,New Building,New Building,Application Incomplete,DARTMOUTH,District 06,1,1,Dwelling - Backyard Suite,44.726554923153024,-63.542697967685854
7563,BPRES-2025-11462,2025-08-19,1100000,New Building,New Building,Issued,DARTMOUTH,District 06,4,3,Dwelling - Townhouse,44.71419611619991,-63.54009842550005
7564,BPRES-2025-11514,2025-08-01,38401,Renovation,Renovation,Completed,HALIFAX,District 09,0,2,Dwelling - Semi-Detached,44.635329641201075,-63.632769117121235
7565,BPRES-2025-11541,2025-08-12,40000,New Building,New Building,Completed,UPPER TANTALLON,District 13,0,1,Accessory Structure,44.732736547232186,-63.86674100939155
7566,BPRES-2025-11567,2025-09-17,25000,Renovation,Renovation,Completed,BEDFORD,District 16,1,3,Dwelling - Multiple Units,44.71332151738347,-63.68039809148623
7567,BPRES-2025-11623,2025-10-15,150000,Addition,Addition,Completed,HAMMONDS PLAINS,District 14,1,1,Dwelling - Backyard Suite,44.70781816117889,-63.74034425842122
7568,BPRES-2025-11634,,350000,New Building,New Building,Cancelled,WESTPHAL,District 04,0,1,Accessory Structure,44.695646470805194,-63.494648914486355
7569,BPRES-2025-11646,2025-08-18,450000,New Building,New Building,Issued,MIDDLE SACKVILLE,District 14,1,1,Dwelling - Single Detached,44.80031993321919,-63.7619932418601
7570,BPRES-2025-11697,2025-08-20,125000,Addition,Addition,Completed,MUSQUODOBOIT HARBOUR,District 02,1,1,Dwelling - Multiple Units,44.78961911544257,-63.11433847257027
7571,BPRES-2025-11768,2026-03-24,500,Addition,Addition,Issued,HATCHET LAKE,District 13,1,2,Dwelling - Multiple Units,44.56713757351647,-63.74364911707519
7572,BPRES-2025-11821,2026-04-08,20000,Renovation,Renovation,Issued,HALIFAX,District 11,0,2,Dwelling - Single Detached,44.60591805058557,-63.59798166384271
7573,BPRES-2025-11830,2025-08-18,400000,New Building,New Building,Issued,HALIFAX,District 11,4,3,Dwelling - Multiple Units,44.58664726070412,-63.5887556860014
7574,BPRES-2025-11850,2025-08-25,50000,Renovation,Renovation,Completed,HAMMONDS PLAINS,District 14,0,2,Dwelling - Single Detached,44.7162701465431,-63.83442735417506
7575,BPRES-2025-11873,2025-08-06,400000,New Building,New Building,Issued,TIMBERLEA,District 12,1,3,Dwelling - Single Detached,44.6451303774012,-63.72594879396997
7576,BPRES-2025-11914,2025-11-03,50000,New Building,New Building,Issued,BOUTILIERS POINT,District 13,0,2,Accessory Structure,44.65540785773453,-63.951282494040235
7577,BPRES-2025-11925,2025-08-18,400000,New Building,New Building,Issued,HALIFAX,District 11,4,2,Dwelling - Semi-Detached,44.58695190247293,-63.58914512932151
7578,BPRES-2025-11937,2025-08-07,300000,New Building,New Building,Issued,TIMBERLEA,District 12,1,2,Dwelling - Single Detached,44.64719866920966,-63.7264313637163
7579,BPRES-2025-11964,2025-08-15,500000,New Building,New Building,Issued,MIDDLE SACKVILLE,District 14,1,2,Dwelling - Single Detached,44.79597988965218,-63.76424621634438
7580,BPRES-2025-11996,2025-08-26,175000,New Building,New Building,Issued,FALL RIVER,District 01,1,2,Dwelling - Backyard Suite,44.81475291595341,-63.621401517830996
7581,BPRES-2025-12031,2025-10-22,1500,Renovation,Renovation,Issued,HALIFAX,District 11,0,2,Dwelling - Single Detached,44.61816462912066,-63.61694482314661
7582,BPRES-2025-12049,2025-08-22,250000,New Building,New Building,Completed,STILLWATER LAKE,District 13,1,1,Dwelling - Backyard Suite,44.6921134588624,-63.8316083659648
7583,BPRES-2025-12104,2025-08-26,80000,Addition,Addition,Issued,COLE HARBOUR,District 04,0,2,Dwelling - Single Detached,44.664440784060936,-63.49935308960242
7584,BPRES-2025-12128,,3500,Renovation,Renovation,Withdrawn,BEAVER BANK,District 15,0,1,Dwelling - Single Detached,44.801781516283086,-63.68542374727375
7585,BPRES-2025-12139,2025-08-26,200000,New Building,New Building,Issued,ANTRIM,District 01,1,1,Dwelling - Single Detached,44.97174160759141,-63.34962835821749
7586,BPRES-2025-12153,2025-12-02,3000,Renovation,Renovation,Completed,HALIFAX,District 11,0,1,Dwelling - Single Detached,44.60249268586879,-63.597229736560855
7587,BPRES-2025-12214,2025-08-18,4500,Renovation,Renovation,Issued,COLE HARBOUR,District 04,0,2,Dwelling - Single Detached,44.653515849083426,-63.48860772468719
7588,BPRES-2025-12249,2025-09-09,523350,New Building,New Building,Issued,EAST LAWRENCETOWN,District 02,1,2,Dwelling - Single Detached,44.67593242342817,-63.317195532803396
7589,BPRES-2025-12301,2025-09-25,760000,New Building,New Building,Completed,MIDDLE SACKVILLE,District 14,1,3,Dwelling - Single Detached,44.79248718187223,-63.76346078152818
7590,BPRES-2025-12336,2025-08-28,250000,New Building,New Building,Issued,HALIFAX,District 11,1,3,Dwelling - Single Detached,44.61072750632683,-63.60501195175808
7591,BPRES-2025-12369,,,Addition,Addition,Application Incomplete,NORTH PRESTON,District 04,0,,Dwelling - Single Detached,44.74537953677045,-63.470991355142324
7592,BPRES-2025-12388,2025-08-21,500000,New Building,New Building,Cancelled,DARTMOUTH,District 06,1,2,Dwelling - Single Detached,44.7153773614504,-63.53903108511784
7593,BPRES-2025-12454,2025-09-11,48000,Addition,Addition,Issued,DUTCH SETTLEMENT,District 01,0,1,Dwelling - Single Detached,44.98515059851277,-63.43685543867146
7594,BPRES-2025-12479,2025-09-10,550000,New Building,New Building,Issued,ENFIELD,District 01,1,2,Dwelling - Single Detached,44.94035773446409,-63.55256491923461
7595,BPRES-2025-12497,2025-09-23,95000,Renovation,Renovation,Issued,LOWER SACKVILLE,District 15,0,1,Dwelling - Single Detached,44.766437038202426,-63.67159598745479
7596,BPRES-2025-12519,2025-11-12,55000,New Building,New Building,Issued,EAST LAWRENCETOWN,District 02,1,1,Dwelling - Single Detached,44.66594841534531,-63.31459998258444
7597,BPRES-2025-12549,2025-09-16,700000,New Building,New Building,Issued,HALIFAX,District 07,1,2,Dwelling - Single Detached,44.6304832307512,-63.584069229036054
7598,BPRES-2025-12563,2025-09-18,16000,Addition,Addition,Issued,HALIFAX,District 10,1,2,Dwelling - Multiple Units,44.67308219594248,-63.6495406130397
7599,BPRES-2025-12638,2025-10-09,170000,Addition,Addition,Issued,HALIFAX,District 07,0,2,Dwelling - Single Detached,44.638626109764026,-63.60538614351479
7600,BPRES-2025-12658,2026-05-25,450000,New Building,New Building,Issued,FLETCHERS LAKE,District 01,1,2,Dwelling - Single Detached,44.843872068810846,-63.602072018833745
7601,BPRES-2025-12695,2025-09-19,2000000,New Building,New Building,Issued,HAMMONDS PLAINS,District 14,1,1,Dwelling - Single Detached,44.72023268079824,-63.773086453999426
7602,BPRES-2025-12706,,40000,Renovation,Renovation,Withdrawn,DARTMOUTH,District 05,0,2,Dwelling - Townhouse,44.67921700733037,-63.592736503137345
7603,BPRES-2025-12731,,105000,Addition,Addition,Cancelled,LINDSAY LAKE,District 01,0,1,Accessory Structure,45.03583854432521,-63.014175968308315
7604,BPRES-2025-12777,2026-01-14,2500000,New Building,New Building,Issued,LITTLE HARBOUR,District 02,1,1,Dwelling - Single Detached,44.71411183187447,-62.81651942762808
7605,BPRES-2025-12829,2025-10-07,300000,New Building,New Building,Issued,EAST PETPESWICK,District 02,1,1,Dwelling - Single Detached,44.71075460708806,-63.16254875226095
7606,BPRES-2025-12894,,20000,Renovation,Renovation,Applicant Revisions,HALIFAX,District 07,1,2,Dwelling - Single Detached,44.63101479237071,-63.58852251169482
7607,BPRES-2025-12995,2025-08-25,20000,Renovation,Renovation,Completed,DARTMOUTH,District 05,0,2,Dwelling - Single Detached,44.671134992312076,-63.56107159386743
7608,BPRES-2025-13024,2025-09-04,40000,Renovation,Renovation,Issued,HALIFAX,District 09,0,2,Dwelling - Multiple Units,44.648527942864234,-63.599693146784574
7609,BPRES-2025-13048,2026-01-05,400000,New Building,New Building,Issued,HEAD OF JEDDORE,District 02,1,1,Dwelling - Single Detached,44.73903550394026,-63.04152824830965
7610,BPRES-2025-13075,2026-01-14,362000,Renovation,Renovation,Amendment Review,BEAVER BANK,District 15,0,2,Dwelling - Single Detached,44.84170368682261,-63.691976227683284
7611,BPRES-2025-13164,2025-09-03,1100000,New Building,New Building,Issued,DARTMOUTH,District 06,4,3,Dwelling - Townhouse,44.71401500975482,-63.540436406476005
7612,BPRES-2025-13211,2025-09-17,55000,Renovation,Renovation,Completed,WESTPHAL,District 04,0,3,Dwelling - Semi-Detached,44.69505202955479,-63.49332442732501
7613,BPRES-2025-13236,2025-09-10,15000,New Building,New Building,Issued,HAMMONDS PLAINS,District 14,0,1,Accessory Structure,44.75695003963961,-63.77481650893336
7614,BPRES-2025-13257,2025-10-24,420000,New Building,New Building,Issued,WESTPHAL,District 04,1,2,Dwelling - Backyard Suite,44.69635812438805,-63.49154285771313
7615,BPRES-2025-13277,2025-09-17,1200000,New Building,New Building,Issued,BEDFORD,District 16,1,3,Dwelling - Single Detached,44.70542190958352,-63.72209752318765
7616,BPRES-2025-13292,2025-09-10,60000,New Building,New Building,Completed,BROOKSIDE,District 13,0,1,Accessory Structure,44.5288034857455,-63.70054333399782
7617,BPRES-2025-13326,,70537,Addition,Addition,Withdrawn,HALIFAX,District 11,6,3,Dwelling - Multiple Units,44.60958254240611,-63.61625840707493
7618,BPRES-2025-13334,2025-11-04,48532,Renovation,Renovation,Issued,LOWER SACKVILLE,District 15,1,2,Dwelling - Multiple Units,44.77748905109954,-63.68757352316079
7619,BPRES-2025-13357,2025-09-02,240000,New Building,New Building,Issued,TIMBERLEA,District 12,1,2,Dwelling - Single Detached,44.64444334852541,-63.725156983569015
7620,BPRES-2025-13366,2025-09-10,475000,New Building,New Building,Issued,FALL RIVER,District 01,1,1,Dwelling - Single Detached,44.83686802129986,-63.63936924887189
7621,BPRES-2025-13396,2025-09-04,35000,New Building,New Building,Completed,HAMMONDS PLAINS,District 14,0,1,Accessory Structure,44.700141153695256,-63.75507810234898
7622,BPRES-2025-13429,2025-10-01,1600000,New Building,New Building,Issued,BEDFORD,District 16,5,2,Dwelling - Townhouse,44.70836524574126,-63.72661909540391
7623,BPRES-2025-13450,,390000,New Building,New Building,Withdrawn,BEDFORD,District 16,1,2,Dwelling - Single Detached,44.70894588103164,-63.728314343547325
7624,BPRES-2025-13465,2025-10-01,425000,New Building,New Building,Issued,BEDFORD,District 16,1,3,Dwelling - Single Detached,44.70857953622709,-63.72807527054041
7625,BPRES-2025-13502,2025-09-18,30000,New Building,New Building,Issued,,District 01,0,1,Accessory Structure,44.87080060483144,-63.62362201647968
7626,BPRES-2025-13607,2025-09-10,230000,New Building,New Building,Issued,PORTERS LAKE,District 02,1,1,Dwelling - Backyard Suite,44.745233027710256,-63.30688342568382
7627,BPRES-2025-13631,2025-09-10,25300,New Building,New Building,Completed,LOWER SACKVILLE,District 15,0,1,Accessory Structure,44.77509996842559,-63.68433588632968
7628,BPRES-2025-13645,2025-09-15,600000,New Building,New Building,Issued,CLAM BAY,District 02,1,2,Dwelling - Single Detached,44.733580633780825,-62.940807777539796
7629,BPRES-2025-13699,,12500000,New Building,New Building,Withdrawn,HALIFAX,District 11,46,4,Dwelling - Multiple Units,44.60475944761584,-63.6123040563978
7630,BPRES-2025-13711,2025-10-01,15000,New Building,New Building,Completed,ELMSDALE,District 01,0,1,Accessory Structure,44.96262118263154,-63.48861652592355
7631,BPRES-2025-13725,2025-11-06,750000,New Building,New Building,Issued,DARTMOUTH,District 05,6,3,Dwelling - Multiple Units,44.688521054078024,-63.568707731486626
7632,BPRES-2025-13737,2025-09-15,30000,New Building,New Building,Cancelled,FALL RIVER,District 01,0,1,Accessory Structure,44.820737142648056,-63.60097820730859
7633,BPRES-2025-13782,2025-10-03,102000,New Building,New Building,Issued,MIDDLE SACKVILLE,District 14,0,2,Accessory Structure,44.77979824720259,-63.7408465631765
7634,BPRES-2025-13843,2025-11-28,10000,New Building,New Building,Issued,HALIFAX,District 07,0,1,Accessory Structure,44.649832081768274,-63.583006468914654
7635,BPRES-2025-13911,2025-09-16,350000,New Building,New Building,Issued,DARTMOUTH,District 06,2,3,Dwelling - Semi-Detached,44.71346127234979,-63.540177609574506
7636,BPRES-2025-13915,2025-09-16,350000,New Building,New Building,Issued,DARTMOUTH,District 06,2,3,Dwelling - Semi-Detached,44.71358546684589,-63.54002385934802
7637,BPRES-2025-13956,,400000,New Building,New Building,Application Incomplete,HUBLEY,District 13,1,1,Dwelling - Single Detached,44.662358630787274,-63.79597479473928
7638,BPRES-2025-13984,2025-09-17,300000,New Building,New Building,Issued,BEAVER BANK,District 15,1,2,Dwelling - Single Detached,44.826919355880435,-63.673311617655926
7639,BPRES-2025-14065,2025-09-24,225000,New Building,New Building,Completed,BEECH HILL,District 02,1,1,Dwelling - Single Detached,44.77200453205629,-62.92948704665695
7640,BPRES-2025-14094,2025-09-24,125000,New Building,New Building,Issued,HALIFAX,District 07,0,1,Accessory Structure,44.63139877058083,-63.59232148959117
7641,BPRES-2025-14124,,20000,Renovation,Renovation,Applicant Revisions,BEAVER BANK,District 15,0,1,Dwelling - Single Detached,44.800461199356036,-63.68654709445343
7642,BPRES-2025-14149,2025-09-23,24000,Renovation,Renovation,Completed,HALIFAX,District 09,0,2,Dwelling - Single Detached,44.64412058917522,-63.625161613058005
7643,BPRES-2025-14222,2025-09-17,700000,New Building,New Building,Issued,OAKFIELD,District 01,1,1,Dwelling - Single Detached,44.91601737684009,-63.58001386410959
7644,BPRES-2025-14242,,1000,Addition,Addition,Applicant Revisions,HALIFAX,District 09,0,1,Accessory Structure,44.65244684489887,-63.60409827162068
7645,BPRES-2025-14259,,40000,Addition,Addition,Withdrawn,CLAM BAY,District 02,0,1,Dwelling - Single Detached,44.73209007960406,-62.93732800314848
7646,BPRES-2025-14266,2025-10-07,25000,New Building,New Building,Completed,HERRING COVE,District 11,0,1,Accessory Structure,44.56665522069845,-63.5704948925868
7647,BPRES-2025-14290,2026-03-20,45000,Renovation,Renovation,Issued,HALIFAX,District 11,1,2,Dwelling - Multiple Units,44.630495751910736,-63.625039008697584
7648,BPRES-2025-14319,2025-11-26,50000,New Building,New Building,Completed,LEWIS LAKE,District 13,0,2,Accessory Structure,44.679180040097094,-63.83475272843422
7649,BPRES-2025-14362,2025-11-05,10000,New Building,New Building,Issued,DARTMOUTH,District 06,0,1,Accessory Structure,44.68742925414212,-63.50214777272764
7650,BPRES-2025-14399,,300000,New Building,New Building,Withdrawn,TIMBERLEA,District 12,0,1,Accessory Structure,44.65633833858782,-63.735756616614125
7651,BPRES-2025-14457,2025-10-09,890000,New Building,New Building,Issued,BEDFORD,District 16,1,2,Dwelling - Single Detached,44.70499137847978,-63.7223808902256
7652,BPRES-2025-14494,,30000,Addition,Addition,Applicant Revisions,KINSAC,District 15,0,1,Dwelling - Seasonal,44.83586639470021,-63.656172428672996
7653,BPRES-2025-14544,2025-09-25,200000,New Building,New Building,Issued,OWLS HEAD,District 02,1,2,Dwelling - Single Detached,44.742285925285046,-62.836830135293425
7654,BPRES-2025-14566,2025-10-09,1375000,New Building,New Building,Issued,BEDFORD,District 16,5,3,Dwelling - Townhouse,44.70868069111464,-63.726299063156794
7655,BPRES-2025-14598,,160000,New Building,New Building,Application Incomplete,WHITES LAKE,District 13,1,1,Dwelling - Backyard Suite,44.534065356673274,-63.74643707365532
7656,BPRES-2025-14624,2025-10-10,113415,Addition,Addition,Issued,MIDDLE SACKVILLE,District 14,0,2,Dwelling - Single Detached,44.776850945252725,-63.70669612241439
7657,BPRES-2025-14666,2025-10-07,90000,New Building,New Building,Completed,BAYSIDE,District 13,0,1,Accessory Structure,44.53864914591536,-63.79355836767824
7658,BPRES-2025-14682,2025-10-07,750000,New Building,New Building,Issued,BEDFORD,District 16,1,2,Dwelling - Single Detached,44.71019804988739,-63.726410591586145
7659,BPRES-2025-14712,2025-09-24,340000,New Building,New Building,Issued,DARTMOUTH,District 06,1,2,Dwelling - Single Detached,44.715706301606474,-63.53928744720573
7660,BPRES-2025-14729,2025-12-10,100,New Building,New Building,Completed,NORTH PRESTON,District 04,0,1,Accessory Structure,44.744243193802205,-63.475046260855045
7661,BPRES-2025-14772,2025-11-04,40000,New Building,New Building,Issued,LOWER SACKVILLE,District 15,0,1,Accessory Structure,44.754325069354316,-63.67230360829143
7662,BPRES-2025-14794,2025-10-15,450000,New Building,New Building,Issued,MIDDLE SACKVILLE,District 14,1,2,Dwelling - Single Detached,44.79478290182299,-63.757365698976486
7663,BPRES-2025-14836,,20000,Addition,Addition,Applicant Revisions,LOWER SHIP HARBOUR,District 02,0,1,Accessory Structure,44.78647690906788,-62.83604622375231
7664,BPRES-2025-14859,2025-09-24,500000,New Building,New Building,Issued,MIDDLE SACKVILLE,District 14,1,1,Dwelling - Single Detached,44.79741635380531,-63.77200605383876
7665,BPRES-2025-14894,2025-10-17,500000,New Building,New Building,Issued,HERRING COVE,District 11,2,2,Dwelling - Semi-Detached,44.579500266923546,-63.57423769561895
7666,BPRES-2025-14927,2025-10-28,500000,New Building,New Building,Issued,HERRING COVE,District 11,2,2,Dwelling - Semi-Detached,44.57974031841622,-63.574064360405856
7667,BPRES-2025-14968,2025-10-14,250000,Renovation,Renovation,Completed,COLE HARBOUR,District 04,0,2,Dwelling - Single Detached,44.683350645525586,-63.4936484469599
7668,BPRES-2025-14975,2025-10-28,750000,New Building,New Building,Issued,HALIFAX,District 11,2,2,Dwelling - Multiple Units,44.62025826634612,-63.57853739009592
7669,BPRES-2025-14981,2025-10-30,10000,Renovation,Renovation,Amendment Applicant Revisions,WAVERLEY,District 01,0,1,Dwelling - Single Detached,44.77333047909512,-63.577461070117565
7670,BPRES-2025-14998,2026-02-27,103285,Renovation,Renovation,Issued,HALIFAX,District 10,1,3,Dwelling - Multiple Units,44.65408740132192,-63.644242094005556
7671,BPRES-2025-15008,2025-10-24,600000,New Building,New Building,Issued,HALIFAX,District 11,4,3,Dwelling - Semi-Detached,44.60222313246939,-63.604275680878686
7672,BPRES-2025-15010,2025-10-30,6000,Addition,Addition,Issued,DUTCH SETTLEMENT,District 01,0,1,Accessory Structure,44.98455618617044,-63.437945060130055
7673,BPRES-2025-15071,2025-11-18,100000,Addition,Addition,Issued,DARTMOUTH,District 05,0,3,Dwelling - Single Detached,44.66678285409981,-63.57689326117269
7674,BPRES-2025-15126,,40000,Addition,Addition,Applicant Revisions,PROSPECT,District 13,0,2,Dwelling - Single Detached,44.470677015656506,-63.78858529527509
7675,BPRES-2025-15146,2025-10-24,135921,Renovation,Renovation,Completed,HUBLEY,District 13,1,2,Dwelling - Backyard Suite,44.65988769289978,-63.82205305355914
7676,BPRES-2025-15211,2026-03-06,5000,Addition,Addition,Issued,HALIFAX,District 10,0,2,Dwelling - Single Detached,44.656264251092566,-63.638111109199215
7677,BPRES-2025-15256,2025-10-20,600000,New Building,New Building,Issued,QUEENSLAND,District 13,1,2,Dwelling - Single Detached,44.650359972178705,-64.00053715565309
7678,BPRES-2025-15277,2025-10-08,65000,New Building,New Building,Completed,LUCASVILLE,District 14,0,1,Accessory Structure,44.76272049335979,-63.713666577236026
7679,BPRES-2025-15314,2025-10-30,550000,New Building,New Building,Issued,HUBLEY,District 13,1,1,Dwelling - Single Detached,44.65512749565297,-63.82618616774474
7680,BPRES-2025-15347,2025-10-21,75000,Renovation,Renovation,Issued,COLE HARBOUR,District 04,1,2,Dwelling - Multiple Units,44.67575701304215,-63.47900862138697
7681,BPRES-2025-15429,,25000,Addition,Addition,In Review,HALIFAX,District 09,0,1,Dwelling - Single Detached,44.64396551288496,-63.60409645547451
7682,BPRES-2025-15435,2026-01-07,9900000,New Building,New Building,Issued,PORTERS LAKE,District 02,99,2,Dwelling - Townhouse,44.748414912521056,-63.280326160005295
7683,BPRES-2025-15469,2025-10-22,31765,Renovation,Renovation,Issued,BEAVER BANK,District 15,0,1,Dwelling - Single Detached,44.825606231487896,-63.68120331159003
7684,BPRES-2025-15492,2025-10-31,240000,New Building,New Building,Completed,WEST PETPESWICK,District 02,1,1,Dwelling - Single Detached,44.74241801045124,-63.170609604107895
7685,BPRES-2025-15559,2025-10-27,26000,Renovation,Renovation,Issued,MIDDLE SACKVILLE,District 14,0,2,Dwelling - Single Detached,44.813249472176786,-63.732838137416735
7686,BPRES-2025-15578,2026-02-24,35000,Renovation,Renovation,Issued,MIDDLE SACKVILLE,District 14,0,2,Dwelling - Single Detached,44.7940145019134,-63.727579936673074
7687,BPRES-2025-15598,2025-11-06,36000,New Building,New Building,Issued,LAKE EGMONT,District 01,0,1,Accessory Structure,44.99914657997601,-63.3043671747758
7688,BPRES-2025-15666,2025-10-16,4500000,New Building,New Building,Issued,DARTMOUTH,District 06,1,3,Dwelling - Single Detached,44.71574779060685,-63.53769615063219
7689,BPRES-2025-15688,2025-10-22,350000,Addition,Addition,Completed,FALL RIVER,District 01,1,2,Dwelling - Single Detached,44.808150166498905,-63.622524417033674
7690,BPRES-2025-15739,2025-10-24,900000,New Building,New Building,Completed,MIDDLE SACKVILLE,District 14,1,2,Dwelling - Single Detached,44.80000497646653,-63.76371583534155
7691,BPRES-2025-15757,2025-10-28,250000,New Building,New Building,Issued,HACKETTS COVE,District 13,1,2,Dwelling - Single Detached,44.557426827450755,-63.94062737747657
7692,BPRES-2025-15767,2026-01-26,50000,Renovation,Renovation,Issued,TIMBERLEA,District 12,0,3,Dwelling - Single Detached,44.65633833858782,-63.735756616614125
7693,BPRES-2025-15805,2025-11-18,49865,Addition,Addition,Completed,HALIFAX,District 09,0,3,Dwelling - Multiple Units,44.64988159388951,-63.605660712020615
7694,BPRES-2025-15820,2025-11-14,400000,New Building,New Building,Issued,LAKE LOON,District 04,1,1,Dwelling - Single Detached,44.71029169573866,-63.49300209755726
7695,BPRES-2025-15859,2025-10-30,15000,New Building,New Building,Issued,DUTCH SETTLEMENT,District 01,0,1,Accessory Structure,44.98515059851277,-63.43685543867146
7696,BPRES-2025-15871,2025-10-31,500000,New Building,New Building,Issued,HERRING COVE,District 11,2,2,Dwelling - Semi-Detached,44.58012347426253,-63.57506378697394
7697,BPRES-2025-15896,2025-11-03,300000,New Building,New Building,Issued,,District 01,1,1,Dwelling - Single Detached,44.88708595987854,-63.47654937082425
7698,BPRES-2025-15918,2025-11-03,1375000,New Building,New Building,Issued,BEDFORD,District 16,5,3,Dwelling - Townhouse,44.707910992700754,-63.72585140372133
7699,BPRES-2025-15944,2025-11-13,400000,New Building,New Building,Issued,SHAD BAY,District 13,1,2,Dwelling - Single Detached,44.51880323876789,-63.7909641675824
7700,BPRES-2025-15970,2025-10-31,45000,New Building,New Building,Issued,PORTERS LAKE,District 02,0,1,Accessory Structure,44.76588072344738,-63.33607244073714
7701,BPRES-2025-16003,2025-10-24,50000,New Building,New Building,Completed,LAWRENCETOWN,District 02,0,1,Accessory Structure,44.68532981664044,-63.409761049956764
7702,BPRES-2025-16027,,654500,New Building,New Building,Applicant Revisions,HALIFAX,District 10,4,2,Dwelling - Semi-Detached,44.67896471640277,-63.66010641555894
7703,BPRES-2025-16038,2025-10-23,500000,New Building,New Building,Issued,MIDDLE SACKVILLE,District 14,1,1,Dwelling - Single Detached,44.79978352190677,-63.76510222845514
7704,BPRES-2025-16067,2025-11-10,450000,New Building,New Building,Issued,BEDFORD,District 16,1,3,Dwelling - Single Detached,44.70991125234206,-63.72595191542909
7705,BPRES-2025-16119,2025-12-01,500000,New Building,New Building,Issued,HALIFAX,District 11,4,2,Dwelling - Semi-Detached,44.60203782278749,-63.60569021362267
7706,BPRES-2025-16121,2025-11-20,400000,New Building,New Building,Amendment Application Incomplete,EAST PRESTON,District 04,1,2,Dwelling - Single Detached,44.717054496422904,-63.43282019221687
7707,BPRES-2025-16145,2025-11-13,500000,New Building,New Building,Issued,HERRING COVE,District 11,2,2,Dwelling - Semi-Detached,44.57945642296071,-63.574450754025946
7708,BPRES-2025-16155,2025-11-18,87000,Renovation,Renovation,Issued,BEDFORD,District 16,1,1,Dwelling - Multiple Units,44.73931221183021,-63.644143857811734
7709,BPRES-2025-16177,2025-11-10,23880,Renovation,Renovation,Completed,HALIFAX,District 11,1,3,Dwelling - Multiple Units,44.586134623797626,-63.58884861371438
7710,BPRES-2025-16224,2026-04-10,50000,New Building,New Building,Issued,LAKE LOON,District 04,0,1,Accessory Structure,44.70727135479195,-63.50687300537958
7711,BPRES-2025-16269,2025-11-14,450000,New Building,New Building,Issued,DARTMOUTH,District 06,2,3,Dwelling - Semi-Detached,44.71320923699434,-63.539530692795864
7712,BPRES-2025-16297,2025-11-14,600000,New Building,New Building,Issued,HACKETTS COVE,District 13,2,1,Dwelling - Multiple Units,44.543217939520304,-63.9351441194148
7713,BPRES-2025-16317,2025-11-10,301000,New Building,New Building,Issued,WELLINGTON,District 01,1,1,Dwelling - Backyard Suite,44.861039590733064,-63.600155691632885
7714,BPRES-2025-16322,2025-11-05,30000,New Building,New Building,Issued,EASTERN PASSAGE,District 03,0,1,Accessory Structure,44.613928766616304,-63.48232617078712
7715,BPRES-2025-16363,2025-11-21,50000,New Building,New Building,Issued,TIMBERLEA,District 12,0,1,Accessory Structure,44.67581815027943,-63.78015667980657
7716,BPRES-2025-16376,2025-11-17,45000,New Building,New Building,Issued,MOSER RIVER,District 02,0,1,Accessory Structure,44.97377586128432,-62.24997474717485
7717,BPRES-2025-16420,2025-10-31,15000,New Building,New Building,Issued,HAMMONDS PLAINS,District 14,0,1,Accessory Structure,44.72578633645316,-63.835965627049774
7718,BPRES-2025-16465,2025-12-03,400000,New Building,New Building,Cancelled,HALIFAX,District 08,1,2,Dwelling - Backyard Suite,44.66294038627905,-63.60849728132175
7719,BPRES-2025-16490,2025-11-03,425000,New Building,New Building,Issued,PORTERS LAKE,District 02,1,2,Dwelling - Single Detached,44.73583873552844,-63.29233253590822
7720,BPRES-2025-16537,2025-11-13,100000,New Building,New Building,Issued,MIDDLE SACKVILLE,District 14,0,1,Accessory Structure,44.79701566251306,-63.76956873546289
7721,BPRES-2025-16578,2025-12-03,50000,Addition,Addition,Issued,HALIFAX,District 07,0,1,Dwelling - Single Detached,44.624209421181966,-63.57415531988102
7722,BPRES-2025-16634,2025-11-04,500000,New Building,New Building,Issued,HERRING COVE,District 11,2,2,Dwelling - Semi-Detached,44.5800031995712,-63.57460558005188
7723,BPRES-2025-16660,,200000,New Building,New Building,Application Incomplete,OSTREA LAKE,District 02,1,1,Dwelling - Single Detached,44.76240451595335,-63.109855271340614
7724,BPRES-2025-16707,2026-02-12,40000,Renovation,Renovation,Completed,TIMBERLEA,District 12,1,3,Dwelling - Semi-Detached,44.65126204090208,-63.74014460706843
7725,BPRES-2025-16764,2025-11-18,300000,New Building,New Building,Issued,UPPER TANTALLON,District 13,1,2,Dwelling - Single Detached,44.702271813671594,-63.880984324682004
7726,BPRES-2025-16778,2025-11-17,15000,New Building,New Building,Issued,MIDDLE SACKVILLE,District 14,0,2,Accessory Structure,44.81597069905912,-63.72567876142403
7727,BPRES-2025-16798,2025-12-22,800000,New Building,New Building,Issued,HALIFAX,District 11,4,3,Dwelling - Townhouse,44.60252990499385,-63.60628800706442
7728,BPRES-2025-16852,2025-11-24,43300,New Building,New Building,Issued,OYSTER POND,District 02,0,1,Accessory Structure,44.77885726555623,-62.998127171326246
7729,BPRES-2025-16874,2025-11-12,20000,Renovation,Renovation,Completed,DARTMOUTH,District 06,1,1,Dwelling - Multiple Units,44.67597035058614,-63.53960423894834
7730,BPRES-2025-16901,2025-12-01,900000,New Building,New Building,Issued,HERRING COVE,District 11,1,2,Dwelling - Single Detached,44.57002039015034,-63.55834981572056
7731,BPRES-2025-16939,2025-11-06,415000,New Building,New Building,Issued,MIDDLE SACKVILLE,District 14,1,1,Dwelling - Backyard Suite,44.795696483521816,-63.77044547335079
7732,BPRES-2025-16953,2025-11-13,45000,New Building,New Building,Issued,DEVON,District 01,0,1,Accessory Structure,44.91798037644486,-63.405424231213956
7733,BPRES-2025-16983,2025-11-17,450000,New Building,New Building,Issued,BEDFORD,District 16,1,3,Dwelling - Single Detached,44.70997724474653,-63.72583674016393
7734,BPRES-2025-17031,2025-11-14,400000,New Building,New Building,Issued,BEDFORD,District 16,1,3,Dwelling - Single Detached,44.70935194089633,-63.727262849016434
7735,BPRES-2025-17060,2025-12-16,60000,Addition,Addition,Issued,MUSQUODOBOIT HARBOUR,District 02,0,1,Dwelling - Seasonal,44.81647212957699,-63.18774512323489
7736,BPRES-2025-17102,2026-02-04,80000,New Building,New Building,Issued,LUCASVILLE,District 14,0,1,Accessory Structure,44.75094093315963,-63.73899879998988
7737,BPRES-2025-17147,2025-12-03,55000,New Building,New Building,Issued,HALIFAX,District 11,4,3,Dwelling - Semi-Detached,44.58594655356148,-63.59080753196586
7738,BPRES-2025-17171,,20000,Renovation,Renovation,Application Incomplete,SHAD BAY,District 13,1,1,Dwelling - Backyard Suite,44.524712251356426,-63.78668607997745
7739,BPRES-2025-17246,2025-11-14,460000,New Building,New Building,Issued,MIDDLE SACKVILLE,District 14,1,2,Dwelling - Single Detached,44.79857748940505,-63.7706440438722
7740,BPRES-2025-17263,2026-01-16,12500,Renovation,Renovation,Completed,HALIFAX,District 10,1,2,Dwelling - Multiple Units,44.67178352768628,-63.658435043160374
7741,BPRES-2025-17295,2026-02-05,25000,New Building,New Building,Issued,HALIFAX,District 07,0,1,Accessory Structure,44.62951858418763,-63.5899952236903
7742,BPRES-2025-17326,2025-11-18,275742,Addition,Addition,Issued,HALIFAX,District 08,0,2,Dwelling - Single Detached,44.66731950301281,-63.61477645786986
7743,BPRES-2025-17382,2026-04-14,60000,Renovation,Renovation,Completed,HALIFAX,District 09,1,2,Dwelling - Multiple Units,44.648361938478516,-63.601927166466375
7744,BPRES-2025-17399,2025-12-04,250000,New Building,New Building,Issued,CLAM BAY,District 02,1,2,Dwelling - Single Detached,44.73008202765417,-62.934353341569235
7745,BPRES-2025-17437,,2000,New Building,New Building,Application Incomplete,UPPER HAMMONDS PLAINS,District 14,0,,Accessory Structure,44.755784655516585,-63.854015618635096
7746,BPRES-2025-17450,,7000000,New Building,New Building,Application Incomplete,,District 02,76,2,Dwelling - Townhouse,44.751425498275765,-63.28743507562557
7747,BPRES-2025-17476,2025-12-09,125000,Addition,Addition,Issued,HALIFAX,District 08,1,2,Dwelling - Multiple Units,44.66972420783456,-63.60622340066119
7748,BPRES-2025-17493,2025-12-15,15000,New Building,New Building,Issued,MIDDLE SACKVILLE,District 14,0,1,Accessory Structure,44.80674480066371,-63.73837292535332
7749,BPRES-2025-17511,2025-12-30,40000,Renovation,Renovation,Issued,HUBLEY,District 13,1,2,Dwelling - Multiple Units,44.67770030890163,-63.81467751534013
7750,BPRES-2025-17569,2025-12-15,50000,Renovation,Renovation,Issued,HALIFAX,District 08,0,2,Dwelling - Single Detached,44.649312243853274,-63.59352544749171
7751,BPRES-2025-17591,,750000,Addition,Addition,Applicant Revisions,EAST PRESTON,District 04,1,2,Dwelling - Multiple Units,44.72123149082738,-63.4219028720389
7752,BPRES-2025-17637,2026-04-14,5000,New Building,New Building,Issued,BROOKSIDE,District 13,0,1,Accessory Structure,44.54233843940824,-63.70721658543067
7753,BPRES-2025-17666,2025-12-15,35000,Renovation,Renovation,Completed,DARTMOUTH,District 05,1,2,Dwelling - Single Detached,44.68389822191364,-63.57239938944913
7754,BPRES-2025-17700,2025-12-05,275000,New Building,New Building,Issued,BEECHVILLE,District 12,1,3,Dwelling - Single Detached,44.63760462124366,-63.67589092939428
7755,BPRES-2025-17784,2026-02-03,250000,New Building,New Building,Issued,HALIFAX,District 11,1,2,Dwelling - Single Detached,44.6093361547006,-63.60329870449797
7756,BPRES-2025-17815,2025-11-28,15000,Renovation,Renovation,Issued,HALIFAX,District 11,0,2,Dwelling - Semi-Detached,44.61643155371682,-63.61715628751207
7757,BPRES-2025-17871,2026-06-23,5000,Renovation,Renovation,Issued,HAMMONDS PLAINS,District 14,1,2,Dwelling - Multiple Units,44.717809406132304,-63.82512847041436
7758,BPRES-2025-17915,2025-12-22,500000,New Building,New Building,Issued,HALIFAX,District 11,4,2,Dwelling - Multiple Units,44.60217562206806,-63.60589745608953
7759,BPRES-2025-17918,,260000,New Building,New Building,Applicant Revisions,NORTH PRESTON,District 04,1,2,Dwelling - Single Detached,44.73799090842259,-63.4631220814429
7760,BPRES-2025-17949,2025-12-18,4500,Renovation,Renovation,Issued,HALIFAX,District 11,0,2,Dwelling - Semi-Detached,44.614725939055724,-63.61318605321941
7761,BPRES-2025-17998,2026-01-06,55485,Renovation,Renovation,Issued,PROSPECT BAY,District 13,1,1,Dwelling - Multiple Units,44.52029679970046,-63.771328183704725
7762,BPRES-2025-18040,2025-12-03,5000,New Building,New Building,Issued,EASTERN PASSAGE,District 03,0,1,Accessory Structure,44.609922695339606,-63.481702009600816
7763,BPRES-2025-18046,2025-12-01,400000,New Building,New Building,Issued,HALIFAX,District 11,4,3,Dwelling - Semi-Detached,44.586833442387494,-63.589785918642285
7764,BPRES-2025-18049,2025-12-01,400000,New Building,New Building,Issued,HALIFAX,District 11,4,3,Dwelling - Semi-Detached,44.58673807131732,-63.58962587190322
7765,BPRES-2025-18125,2025-12-03,900000,New Building,New Building,Issued,BEDFORD,District 16,1,2,Dwelling - Single Detached,44.70535432646413,-63.72159839327708
7766,BPRES-2025-18172,2025-12-12,72000,Addition,Addition,Issued,QUEENSLAND,District 13,0,2,Dwelling - Single Detached,44.64549859587647,-64.00256211566555
7767,BPRES-2025-18202,2026-01-23,100000,Addition,Addition,Issued,HALIFAX,District 08,0,2,Dwelling - Single Detached,44.6693531332771,-63.608489087773215
7768,BPRES-2025-18217,,200000,Renovation,Renovation,Application Incomplete,HALIFAX,District 07,1,3,Dwelling - Multiple Units,44.64045173150172,-63.588018828770785
7769,BPRES-2025-18294,,1300000,New Building,New Building,Applicant Revisions,LAKESIDE,District 12,4,2,Dwelling - Multiple Units,44.63351923222143,-63.7031525603953
7770,BPRES-2025-18341,,200,Renovation,Renovation,Applicant Revisions,FALL RIVER,District 01,1,2,Dwelling - Multiple Units,44.82402484829923,-63.61112058266572
7771,BPRES-2025-18375,,1600000,New Building,New Building,Applicant Revisions,LAKESIDE,District 12,4,2,Dwelling - Multiple Units,44.63351923222143,-63.7031525603953
7772,BPRES-2025-18452,2025-12-24,200000,Renovation,Renovation,Issued,DARTMOUTH,District 05,0,2,Dwelling - Single Detached,44.668728063084295,-63.56895347286866
7773,BPRES-2025-18503,2026-01-09,50000,Renovation,Renovation,Issued,UPPER SACKVILLE,District 14,1,1,Dwelling - Multiple Units,44.80924514977596,-63.754714139091625
7774,BPRES-2025-18538,2025-12-19,400000,New Building,New Building,Issued,FALL RIVER,District 01,2,2,Dwelling - Multiple Units,44.806075137820436,-63.59459267648957
7775,BPRES-2025-18554,2025-12-17,50000,New Building,New Building,Issued,WEST PORTERS LAKE,District 02,0,1,Accessory Structure,44.682906774002696,-63.30904616533657
7776,BPRES-2025-18614,2026-02-03,600000,New Building,New Building,Issued,WESTPHAL,District 04,4,2,Dwelling - Multiple Units,44.696882371432125,-63.49252156193092
7777,BPRES-2025-18643,2026-02-26,45000,Renovation,Renovation,Issued,HALIFAX,District 08,2,2,Dwelling - Multiple Units,44.65753516254818,-63.595281867766516
7778,BPRES-2025-18695,2026-04-24,942183,New Building,New Building,Issued,HALIFAX,District 10,4,2,Dwelling - Semi-Detached,44.67894474516822,-63.66029428303878
7779,BPRES-2025-18700,2025-12-31,100000,Renovation,Renovation,Issued,HALIFAX,District 11,0,2,Dwelling - Multiple Units,44.603767876187845,-63.61293369224248
7780,BPRES-2025-18803,2026-01-22,75000,New Building,New Building,Issued,CARROLLS CORNER,District 01,0,1,Accessory Structure,45.00078753134581,-63.38543519467435
7781,BPRES-2025-18841,2026-01-16,130000,New Building,New Building,Issued,SEAFORTH,District 02,1,1,Dwelling - Single Detached,44.65799931162978,-63.28687007802021
7782,BPRES-2025-18899,,14000000,New Building,New Building,Application Incomplete,,District 02,184,2,Dwelling - Townhouse,44.751425498275765,-63.28743507562557
7783,BPRES-2025-18919,,10000,Renovation,Renovation,Applicant Revisions,LOWER SACKVILLE,District 15,1,2,Dwelling - Multiple Units,44.76763941529263,-63.66739846784108
7784,BPRES-2025-18937,2026-01-13,400000,Renovation,Renovation,Issued,HALIBUT BAY,District 11,0,1,Dwelling - Single Detached,44.547823681803834,-63.551040597919894
7785,BPRES-2025-18958,2026-01-02,30000,New Building,New Building,Issued,HEAD OF CHEZZETCOOK,District 02,0,1,Accessory Structure,44.741138862333116,-63.25275284470161
7786,BPRES-2025-19002,2026-01-09,750000,New Building,New Building,Amendment Requested,TIMBERLEA,District 12,1,2,Dwelling - Single Detached,44.64511718832823,-63.72428363375892
7787,BPRES-2025-19024,2026-01-12,1200000,New Building,New Building,Issued,BEDFORD,District 16,1,2,Dwelling - Single Detached,44.70549626029313,-63.724170753351224
7788,BPRES-2025-19040,2026-01-16,80000,New Building,New Building,Issued,MIDDLE SACKVILLE,District 14,1,2,Dwelling - Backyard Suite,44.79707147027486,-63.75815283063727
7789,BPRES-2025-19050,2026-01-13,150000,Renovation,Renovation,Completed,HALIFAX,District 11,1,2,Dwelling - Multiple Units,44.62156414954099,-63.612568525699835
7790,BPRES-2025-19102,2026-01-06,300000,New Building,New Building,Issued,UPPER TANTALLON,District 13,1,2,Dwelling - Single Detached,44.701857000738904,-63.880914927466165
7791,BPRES-2026-00011,,20000,Renovation,Renovation,Application Incomplete,INDIAN HARBOUR,District 13,0,1,Dwelling - Seasonal,44.51137637448938,-63.937069731878374
7792,BPRES-2026-00028,2026-01-06,10000,Renovation,Renovation,Issued,HALIFAX,District 11,0,1,Dwelling - Single Detached,44.6226214195037,-63.61521139779935
7793,BPRES-2026-00049,2026-01-16,50000,Renovation,Renovation,Issued,HALIFAX,District 10,1,1,Dwelling - Multiple Units,44.67535770443034,-63.65541812889743
7794,BPRES-2026-00072,,5000,Renovation,Renovation,Withdrawn,HATCHET LAKE,District 13,1,2,Dwelling - Multiple Units,44.56252595562717,-63.73446937762197
7795,BPRES-2026-00083,2026-03-06,10000,Renovation,Renovation,Issued,LOWER SACKVILLE,District 15,1,2,Dwelling - Multiple Units,44.76821597852421,-63.663664714129894
7796,BPRES-2026-00108,2026-03-03,300000,New Building,New Building,Issued,LOWER SACKVILLE,District 15,1,2,Dwelling - Backyard Suite,44.78195790573388,-63.68569993254329
7797,BPRES-2026-00140,2026-01-16,50000,New Building,New Building,Issued,HERRING COVE,District 11,0,1,Accessory Structure,44.56670717009887,-63.56715152706822
7798,BPRES-2026-00179,2026-06-04,150000,New Building,New Building,Issued,PORTERS LAKE,District 02,1,1,Dwelling - Backyard Suite,44.73633974149346,-63.3258082439321
7799,BPRES-2026-00211,2026-01-20,162063,Addition,Addition,Issued,DARTMOUTH,District 05,0,2,Dwelling - Single Detached,44.6825492194733,-63.572074009466
7800,BPRES-2026-00235,2026-01-13,683700,New Building,New Building,Issued,FALL RIVER,District 01,1,2,Dwelling - Single Detached,44.84139335732935,-63.64313589639243
7801,BPRES-2026-00258,,30000,New Building,New Building,Applicant Revisions,,District 02,1,2,Dwelling - Backyard Suite,44.756088332135306,-63.17522160650054
7802,BPRES-2026-00288,2026-03-02,20000,Renovation,Renovation,Issued,LOWER SACKVILLE,District 15,0,1,Dwelling - Single Detached,44.78410321906278,-63.67844815347929
7803,BPRES-2026-00301,2026-02-23,50000,Renovation,Renovation,Issued,HALIFAX,District 10,0,2,Dwelling - Single Detached,44.665563630116324,-63.6549237907016
7804,BPRES-2026-00386,2026-03-10,181000,New Building,New Building,Issued,HEAD OF ST MARGARETS BAY,District 13,0,2,Accessory Structure,44.683472556579154,-63.90439940046763
7805,BPRES-2026-00411,2026-01-16,20000,Renovation,Renovation,Completed,HAMMONDS PLAINS,District 14,0,1,Dwelling - Single Detached,44.7699898249887,-63.78312346683302
7806,BPRES-2026-00437,2026-02-23,500000,New Building,New Building,Issued,DARTMOUTH,District 03,1,2,Dwelling - Single Detached,44.66235274386326,-63.548577761329334
7807,BPRES-2026-00503,2026-01-29,40000,Addition,Addition,Issued,HUBBARDS,District 13,0,1,Accessory Structure,44.63777077319687,-64.0639946976872
7808,BPRES-2026-00543,2026-06-23,466142,New Building,New Building,Issued,,District 03,2,1,Dwelling - Multiple Units,44.618933374528844,-63.42594614491706
7809,BPRES-2026-00572,2026-02-20,115000,Renovation,Renovation,Issued,EAST SHIP HARBOUR,District 02,1,2,Dwelling - Multiple Units,44.777789847706444,-62.79330632318486
7810,BPRES-2026-00602,2026-02-27,60000,Renovation,Renovation,Issued,MIDDLE SACKVILLE,District 14,2,3,Dwelling - Multiple Units,44.78069742533425,-63.70276613360541
7811,BPRES-2026-00613,2026-01-20,325000,New Building,New Building,Issued,LAKE CHARLOTTE,District 02,1,1,Dwelling - Single Detached,44.77243730857851,-62.96341789375167
7812,BPRES-2026-00620,2026-02-23,15000,Renovation,Renovation,Issued,DARTMOUTH,District 03,1,3,Dwelling - Multiple Units,44.65824678459871,-63.50928208766269
7813,BPRES-2026-00654,2026-04-20,20000,Renovation,Renovation,Issued,BEDFORD,District 16,1,1,Dwelling - Multiple Units,44.738319201838586,-63.65072949204703
7814,BPRES-2026-00674,2026-01-27,475000,New Building,New Building,Issued,FALL RIVER,District 01,1,1,Dwelling - Single Detached,44.83629048905337,-63.64138774856675
7815,BPRES-2026-00689,2026-02-04,400000,New Building,New Building,Issued,BROOKSIDE,District 13,1,2,Dwelling - Single Detached,44.53371895728913,-63.70226535273058
7816,BPRES-2026-00737,,600000,New Building,New Building,Application Incomplete,HALIFAX,District 10,4,2,Dwelling - Multiple Units,44.658863826455374,-63.63448017134684
7817,BPRES-2026-00781,2026-01-30,780000,New Building,New Building,Issued,MIDDLE SACKVILLE,District 14,2,2,Dwelling - Multiple Units,44.79315916050496,-63.73186597720985
7818,BPRES-2026-00879,2026-01-28,336000,New Building,New Building,Issued,PORTERS LAKE,District 02,1,2,Dwelling - Single Detached,44.7461598844198,-63.30740020680473
7819,BPRES-2026-00900,2026-02-12,402000,New Building,New Building,Issued,PORTERS LAKE,District 02,1,2,Dwelling - Single Detached,44.74671850542575,-63.30504187311388
7820,BPRES-2026-00964,2026-01-30,100000,New Building,New Building,Issued,DARTMOUTH,District 06,1,1,Dwelling - Backyard Suite,44.67961503186312,-63.517080571393386
7821,BPRES-2026-01009,2026-01-30,999999,New Building,New Building,Issued,COLE HARBOUR,District 04,1,2,Dwelling - Single Detached,44.64714662036699,-63.461433711599824
7822,BPRES-2026-01037,,160000,Renovation,Renovation,In Review,HALIFAX,District 10,1,2,Dwelling - Multiple Units,44.657108141955916,-63.63616690016003
7823,BPRES-2026-01079,2026-05-05,575000,New Building,New Building,Issued,EAST PETPESWICK,District 02,1,3,Dwelling - Single Detached,44.68841736203121,-63.146412596626796
7824,BPRES-2026-01111,2026-02-12,150000,New Building,New Building,Issued,ELMSVALE,District 01,1,1,Dwelling - Seasonal,45.070834426994146,-63.10237704253382
7825,BPRES-2026-01153,,110000,Renovation,Renovation,Application Incomplete,LAWRENCETOWN,District 02,-1,2,Dwelling - Backyard Suite,44.65814418919788,-63.380445862731975
7826,BPRES-2026-01223,2026-03-24,375000,Addition,Addition,Issued,HALIFAX,District 09,0,3,Dwelling - Single Detached,44.64204257877176,-63.606434162959644
7827,BPRES-2026-01278,2026-03-04,450000,New Building,New Building,Amendment Applicant Revisions,BEECHVILLE,District 12,2,3,Dwelling - Multiple Units,44.636688527338414,-63.68375347338584
7828,BPRES-2026-01320,,550000,Addition,Addition,Applicant Revisions,HALIFAX,District 07,3,4,Dwelling - Multiple Units,44.639503670151655,-63.59806797748111
7829,BPRES-2026-01363,2026-02-12,650000,New Building,New Building,Issued,HAMMONDS PLAINS,District 14,1,2,Dwelling - Single Detached,44.6978463692369,-63.80331582522994
7830,BPRES-2026-01403,,1,Renovation,Renovation,Applicant Revisions,HALIFAX,District 09,1,3,Dwelling - Multiple Units,44.65599012506669,-63.62842911070084
7831,BPRES-2026-01411,2026-02-24,120927,New Building,New Building,Issued,BOUTILIERS POINT,District 13,0,1,Accessory Structure,44.66361371297514,-63.95912490445797
7832,BPRES-2026-01464,,23000,Renovation,Renovation,Withdrawn,HALIFAX,District 16,0,4,Dwelling - Multiple Units,44.69758691334754,-63.66576623058254
7833,BPRES-2026-01485,2026-02-13,25000,New Building,New Building,Issued,WEST CHEZZETCOOK,District 02,0,1,Accessory Structure,44.73087744302009,-63.2752359380662
7834,BPRES-2026-01525,,20000,New Building,New Building,Application Incomplete,WEST CHEZZETCOOK,District 02,1,2,Dwelling - Seasonal,44.70233397271711,-63.25816632625295
7835,BPRES-2026-01548,2026-02-17,550000,New Building,New Building,Issued,WHITES LAKE,District 13,1,1,Dwelling - Single Detached,44.52147739812965,-63.754972308204025
7836,BPRES-2026-01571,2026-03-23,250000,New Building,New Building,Amendment Review,TIMBERLEA,District 12,1,2,Dwelling - Backyard Suite,44.640015585597645,-63.706712714143144
7837,BPRES-2026-01582,2026-02-25,450000,New Building,New Building,Issued,BEDFORD,District 16,1,3,Dwelling - Single Detached,44.7095516162774,-63.726888857310186
7838,BPRES-2026-01640,,100000,Renovation,Renovation,Withdrawn,HALIFAX,District 12,-50,4,Dwelling - Multiple Units,44.66622746124259,-63.661108987884305
7839,BPRES-2026-01674,2026-02-26,40000,New Building,New Building,Issued,COLE HARBOUR,District 04,0,2,Accessory Structure,44.679148471499836,-63.473116420018705
7840,BPRES-2026-01687,2026-02-24,590000,New Building,New Building,Issued,WEST CHEZZETCOOK,District 02,2,3,Dwelling - Single Detached,44.71219687598372,-63.28811820450797
7841,BPRES-2026-01709,,183000,New Building,New Building,Applicant Revisions,HALIFAX,District 10,1,1,Dwelling - Backyard Suite,44.67049183189119,-63.65169930210095
7842,BPRES-2026-01765,,500,Renovation,Renovation,Application Incomplete,HALIFAX,District 09,0,1,Accessory Structure,44.655511044412656,-63.60913615489971
7843,BPRES-2026-01803,,45000,Renovation,Renovation,Applicant Revisions,BEDFORD,District 16,1,2,Dwelling - Multiple Units,44.725645955079536,-63.68382967019153
7844,BPRES-2026-01830,2026-03-06,450000,New Building,New Building,Issued,BEDFORD,District 16,1,2,Dwelling - Single Detached,44.70963353893478,-63.7268312205779
7845,BPRES-2026-01849,,1000,New Building,New Building,Applicant Revisions,CONROD SETTLEMENT,District 02,0,1,Accessory Structure,44.76504299486152,-63.244619959348945
7846,BPRES-2026-01911,,1000,New Building,New Building,Applicant Revisions,,District 11,0,1,Accessory Structure,44.46996594968742,-63.63320634190196
7847,BPRES-2026-01941,2026-03-05,260000,New Building,New Building,Issued,HATCHET LAKE,District 13,2,1,Dwelling - Multiple Units,44.56494077129994,-63.70515043870113
7848,BPRES-2026-01997,2026-06-05,550000,New Building,New Building,Issued,MYERS POINT,District 02,1,2,Dwelling - Single Detached,44.760084568013085,-63.03640496836714
7849,BPRES-2026-02011,,5000,Renovation,Renovation,Withdrawn,FALL RIVER,District 01,0,2,Dwelling - Single Detached,44.80409798979413,-63.63275368575822
7850,BPRES-2026-02060,2026-04-17,200000,Addition,Addition,Issued,KETCH HARBOUR,District 11,0,2,Dwelling - Single Detached,44.48905826695615,-63.556412703025075
7851,BPRES-2026-02112,2026-05-08,200000,New Building,New Building,Issued,HAMMONDS PLAINS,District 14,0,2,Accessory Structure,44.705350323171956,-63.73574136153928
7852,BPRES-2026-02164,2026-03-06,6000,Renovation,Renovation,Completed,DARTMOUTH,District 06,0,2,Dwelling - Single Detached,44.67381913954368,-63.52070299776711
7853,BPRES-2026-02188,,1680000,New Building,New Building,In Review,BEAVER BANK,District 15,3,2,Dwelling - Townhouse,44.79193535995778,-63.69166031561109
7854,BPRES-2026-02224,2026-03-17,250000,New Building,New Building,Issued,EAST PETPESWICK,District 02,1,2,Dwelling - Single Detached,44.7173842010031,-63.164648213304325
7855,BPRES-2026-02253,2026-04-01,100000,New Building,New Building,Issued,HALIFAX,District 09,1,2,Dwelling - Backyard Suite,44.65041991494916,-63.60971018454062
7856,BPRES-2026-02320,2026-06-22,75000,Addition,Addition,Issued,BEDFORD,District 16,1,2,Dwelling - Multiple Units,44.728293860002566,-63.66839163552875
7857,BPRES-2026-02334,2026-04-10,80000,New Building,New Building,Issued,DARTMOUTH,District 06,0,2,Accessory Structure,44.700799697617846,-63.54885733523116
7858,BPRES-2026-02353,,40850,Renovation,Renovation,Withdrawn,BEDFORD,District 16,0,2,Dwelling - Single Detached,44.72289731370699,-63.65619133327049
7859,BPRES-2026-02359,2026-04-09,125000,New Building,New Building,Issued,DARTMOUTH,District 03,1,2,Dwelling - Backyard Suite,44.665605298261,-63.54004016522796
7860,BPRES-2026-02393,2026-05-15,500000,New Building,New Building,Issued,HERRING COVE,District 11,2,2,Dwelling - Semi-Detached,44.57960884511919,-63.57503231848333
7861,BPRES-2026-02424,2026-03-18,18000,Renovation,Renovation,Completed,HALIFAX,District 11,1,2,Dwelling - Single Detached,44.61075852385965,-63.609734437032564
7862,BPRES-2026-02468,2026-04-08,50000,New Building,New Building,Issued,WILLIAMSWOOD,District 11,0,1,Accessory Structure,44.480150854573424,-63.61172161870048
7863,BPRES-2026-02486,,50000,Renovation,Renovation,Applicant Revisions,DARTMOUTH,District 05,0,1,Dwelling - Single Detached,44.67663255028121,-63.55621259608176
7864,BPRES-2026-02524,2026-03-17,220000,New Building,New Building,Issued,MIDDLE SACKVILLE,District 14,1,3,Dwelling - Single Detached,44.7959150930849,-63.765797292943624
7865,BPRES-2026-02540,2026-03-12,850000,New Building,New Building,Issued,OSTREA LAKE,District 02,2,1,Dwelling - Semi-Detached,44.77154790469886,-63.10111714080781
7866,BPRES-2026-02619,,65000,New Building,New Building,Applicant Revisions,DARTMOUTH,District 06,0,1,Accessory Structure,44.72375108193706,-63.542224985776166
7867,BPRES-2026-02676,,2600,New Building,New Building,Withdrawn,DARTMOUTH,District 06,0,1,Accessory Structure,44.683371821841945,-63.517699902212826
7868,BPRES-2026-02697,2026-05-29,400000,Addition,Addition,Issued,HALIFAX,District 09,0,2,Dwelling - Single Detached,44.64987594256448,-63.61044616484595
7869,BPRES-2026-02714,2026-03-12,20000,New Building,New Building,Issued,HAMMONDS PLAINS,District 14,0,1,Accessory Structure,44.69608683224855,-63.800193695792416
7870,BPRES-2026-02750,2026-03-20,25000,Renovation,Renovation,Issued,HERRING COVE,District 11,0,1,Dwelling - Single Detached,44.574318130892955,-63.57222058997465
7871,BPRES-2026-02789,2026-03-18,35000,Addition,Addition,Completed,BEDFORD,District 16,0,1,Dwelling - Single Detached,44.730579888522925,-63.6796678237723
7872,BPRES-2026-02804,2026-06-02,100000,New Building,New Building,Issued,BEDFORD,District 16,0,1,Accessory Structure,44.70666166927686,-63.70921306047999
7873,BPRES-2026-02808,2026-05-20,200000,New Building,New Building,Issued,BEDFORD,District 16,5,3,Dwelling - Townhouse,44.70634545361194,-63.70902148930519
7874,BPRES-2026-02853,2026-03-31,250000,New Building,New Building,Issued,BOUTILIERS POINT,District 13,1,1,Dwelling - Backyard Suite,44.66554341398451,-63.947874549321114
7875,BPRES-2026-02877,2026-04-08,20000,Renovation,Renovation,Completed,BEDFORD,District 16,0,2,Dwelling - Semi-Detached,44.710606774649,-63.681719808455306
7876,BPRES-2026-02910,,40000,Renovation,Renovation,In Review,DARTMOUTH,District 06,0,1,Dwelling - Multiple Units,44.68378672332519,-63.53160979159732
7877,BPRES-2026-02940,2026-04-01,30000,Renovation,Renovation,Completed,HALIFAX,District 07,0,3,Dwelling - Single Detached,44.63566839227772,-63.57864240059394
7878,BPRES-2026-02958,2026-04-20,400000,New Building,New Building,Issued,HALIFAX,District 11,4,3,Dwelling - Semi-Detached,44.598988555512754,-63.60078920694601
7879,BPRES-2026-02959,2026-04-21,400000,New Building,New Building,Issued,HALIFAX,District 11,4,3,Dwelling - Semi-Detached,44.59885783460606,-63.60066668940701
7880,BPRES-2026-02961,2026-04-21,400000,New Building,New Building,Issued,HALIFAX,District 11,4,3,Dwelling - Semi-Detached,44.598883948417864,-63.601472294112284
7881,BPRES-2026-02962,2026-04-21,400000,New Building,New Building,Issued,HALIFAX,District 11,4,3,Dwelling - Semi-Detached,44.59876417198202,-63.60132712186961
7882,BPRES-2026-02963,2026-04-21,400000,New Building,New Building,Issued,HALIFAX,District 11,4,3,Dwelling - Semi-Detached,44.598640728717136,-63.60118719648386
7883,BPRES-2026-02964,2026-04-21,400000,New Building,New Building,Issued,HALIFAX,District 11,4,3,Dwelling - Semi-Detached,44.59787214060092,-63.60041034833653
7884,BPRES-2026-02965,2026-04-21,400000,New Building,New Building,Issued,HALIFAX,District 11,4,3,Dwelling - Semi-Detached,44.59773392347557,-63.60027757285857
7885,BPRES-2026-02976,2026-03-18,600000,New Building,New Building,Issued,BEDFORD,District 16,1,3,Dwelling - Single Detached,44.71046137781093,-63.72563602492505
7886,BPRES-2026-03014,2026-03-20,30000,New Building,New Building,Issued,HALIFAX,District 11,0,1,Accessory Structure,44.62166122807587,-63.61324878942405
7887,BPRES-2026-03045,,1000000,New Building,New Building,Withdrawn,,District 02,3,1,Dwelling - Townhouse,44.740837247711944,-63.28298758902505
7888,BPRES-2026-03109,2026-03-20,60000,New Building,New Building,Completed,HAMMONDS PLAINS,District 14,0,1,Accessory Structure,44.72168083924565,-63.74023376103938
7889,BPRES-2026-03117,,500000,New Building,New Building,Applicant Revisions,BEAR COVE,District 11,4,2,Dwelling - Semi-Detached,44.533842906764974,-63.54229643808292
7890,BPRES-2026-03149,,95000,Renovation,Renovation,Withdrawn,BEDFORD,District 16,0,1,Dwelling - Backyard Suite,44.71703649218363,-63.72277502473586
7891,BPRES-2026-03188,,3400000,New Building,New Building,Application Incomplete,,District 02,10,1,Dwelling - Townhouse,44.713806694418935,-63.23407792591032
7892,BPRES-2026-03241,2026-05-14,118226,Addition,Addition,Issued,HALIFAX,District 09,0,2,Dwelling - Single Detached,44.64811692490878,-63.5997272421932
7893,BPRES-2026-03311,2026-03-26,53172,Renovation,Renovation,Completed,BLIND BAY,District 13,0,2,Dwelling - Single Detached,44.524798776473354,-63.83276542481854
7894,BPRES-2026-03352,2026-04-14,75000,New Building,New Building,Issued,HAMMONDS PLAINS,District 14,0,1,Accessory Structure,44.72731773418412,-63.734812952243146
7895,BPRES-2026-03367,2026-06-04,600000,New Building,New Building,Issued,MUSQUODOBOIT HARBOUR,District 02,1,2,Dwelling - Single Detached,44.82279463391981,-63.2063784648034
7896,BPRES-2026-03413,2026-04-20,400000,New Building,New Building,Issued,HALIFAX,District 11,4,3,Dwelling - Semi-Detached,44.58704990587173,-63.589274377859375
7897,BPRES-2026-03421,2026-03-31,375000,New Building,New Building,Issued,UPPER TANTALLON,District 13,1,1,Dwelling - Single Detached,44.72519245677674,-63.88938281077727
7898,BPRES-2026-03428,2026-05-04,75000,Renovation,Renovation,Issued,EAST LAWRENCETOWN,District 02,1,2,Dwelling - Multiple Units,44.66077223441989,-63.32625851420467
7899,BPRES-2026-03478,2026-04-14,425000,New Building,New Building,Issued,DARTMOUTH,District 06,1,3,Dwelling - Single Detached,44.71616365798494,-63.53783534112309
7900,BPRES-2026-03504,2026-05-04,965372,New Building,New Building,Issued,DARTMOUTH,District 03,5,3,Dwelling - Townhouse,44.66320556906243,-63.53958351983073
7901,BPRES-2026-03517,2026-04-24,965372,New Building,New Building,Issued,DARTMOUTH,District 03,5,3,Dwelling - Townhouse,44.6627848781582,-63.5390019073514
7902,BPRES-2026-03551,2026-04-14,890000,Addition,Addition,Issued,PORTERS LAKE,District 02,0,2,Dwelling - Single Detached,44.733182455578984,-63.29201119372235
7903,BPRES-2026-03577,2026-04-24,965372,New Building,New Building,Issued,DARTMOUTH,District 03,5,3,Dwelling - Townhouse,44.66259669495771,-63.5387437289873
7904,BPRES-2026-03589,2026-04-24,934119,New Building,New Building,Issued,DARTMOUTH,District 03,6,2,Dwelling - Townhouse,44.662478817861285,-63.537727754998684
7905,BPRES-2026-03600,2026-04-24,934119,New Building,New Building,Issued,DARTMOUTH,District 03,6,2,Dwelling - Townhouse,44.66349079040657,-63.53928859802721
7906,BPRES-2026-03608,,50000,Renovation,Renovation,Withdrawn,HALIFAX,District 07,0,1,Dwelling - Multiple Units,44.643956942232094,-63.569367605402114
7907,BPRES-2026-03651,2026-05-13,20000,Renovation,Renovation,Issued,HALIFAX,District 09,1,1,Dwelling - Multiple Units,44.64445304872682,-63.624620847640095
7908,BPRES-2026-03682,2026-04-08,26997,Renovation,Renovation,Completed,DARTMOUTH,District 06,0,2,Dwelling - Single Detached,44.707957270978724,-63.5483285871692
7909,BPRES-2026-03749,2026-04-20,72000,Renovation,Renovation,Issued,HALIFAX,District 11,0,2,Accessory Structure,44.624725718840246,-63.58786707310145
7910,BPRES-2026-03809,2026-04-09,40000,New Building,New Building,Amendment Review,WINDSOR JUNCTION,District 01,0,1,Accessory Structure,44.780815517351684,-63.62710411883903
7911,BPRES-2026-03814,2026-04-13,750000,New Building,New Building,Issued,HAMMONDS PLAINS,District 14,1,3,Dwelling - Single Detached,44.69593350142311,-63.799610976683546
7912,BPRES-2026-03853,2026-04-14,250000,New Building,New Building,Amendment Review,HEAD OF ST MARGARETS BAY,District 13,1,2,Dwelling - Single Detached,44.68201652801517,-63.914938588828065
7913,BPRES-2026-03865,2026-04-21,500000,New Building,New Building,Issued,ENFIELD,District 01,1,1,Dwelling - Single Detached,44.914256786534885,-63.55199223699975
7914,BPRES-2026-03874,2026-04-28,30000,Renovation,Renovation,Issued,DARTMOUTH,District 06,1,2,Dwelling - Multiple Units,44.69165113253179,-63.501686583537655
7915,BPRES-2026-03901,,2000,Renovation,Renovation,Applicant Revisions,HALIFAX,District 10,0,2,Dwelling - Single Detached,44.65216141537251,-63.6412356904729
7916,BPRES-2026-03937,2026-04-13,200000,New Building,New Building,Issued,MIDDLE SACKVILLE,District 14,1,3,Dwelling - Single Detached,44.79394165941787,-63.76139170624384
7917,BPRES-2026-03941,2026-04-13,200000,New Building,New Building,Issued,MIDDLE SACKVILLE,District 14,1,3,Dwelling - Single Detached,44.79501971957875,-63.76467901633527
7918,BPRES-2026-03962,2026-05-13,200000,Addition,Addition,Issued,DARTMOUTH,District 06,0,2,Dwelling - Single Detached,44.67690210401934,-63.51438343609797
7919,BPRES-2026-04014,,60000,New Building,New Building,Applicant Revisions,,District 13,1,1,Dwelling - Seasonal,44.49693453253457,-63.851578512317694
7920,BPRES-2026-04054,2026-04-13,200000,New Building,New Building,Issued,MIDDLE SACKVILLE,District 14,1,3,Dwelling - Single Detached,44.7935050943093,-63.760659076440966
7921,BPRES-2026-04103,,20000,New Building,New Building,Applicant Revisions,DARTMOUTH,District 06,0,2,Accessory Structure,44.689067294181044,-63.50287594502671
7922,BPRES-2026-04114,2026-05-29,45000,Renovation,Renovation,Issued,HALIFAX,District 11,1,2,Dwelling - Multiple Units,44.61486376668534,-63.61442064093102
7923,BPRES-2026-04130,2026-04-29,380000,New Building,New Building,Issued,CLAM HARBOUR,District 02,1,2,Dwelling - Single Detached,44.73164968720675,-62.8670632957896
7924,BPRES-2026-04160,2026-05-27,100000,Renovation,Renovation,Issued,HALIFAX,District 07,1,3,Dwelling - Multiple Units,44.64158519123995,-63.589737696041645
7925,BPRES-2026-04177,2026-04-17,150000,New Building,New Building,Issued,UPPER TANTALLON,District 13,0,1,Accessory Structure,44.73236520902512,-63.867703501992196
7926,BPRES-2026-04254,2026-05-29,1000000,New Building,New Building,Amendment Review,BEDFORD,District 16,6,3,Dwelling - Townhouse,44.71812926620312,-63.719240497913866
7927,BPRES-2026-04281,2026-05-29,1000000,New Building,New Building,Amendment Review,BEDFORD,District 16,6,3,Dwelling - Townhouse,44.717758970927726,-63.71892627089149
7928,BPRES-2026-04350,2026-04-23,50000,New Building,New Building,Issued,MUSQUODOBOIT HARBOUR,District 02,0,1,Accessory Structure,44.78370276444066,-63.126821275631364
7929,BPRES-2026-04368,,6000,Renovation,Renovation,Applicant Revisions,HALIFAX,District 09,0,2,Dwelling - Single Detached,44.640835130602134,-63.62380041461157
7930,BPRES-2026-04383,2026-04-29,800000,New Building,New Building,Issued,LAKE LOON,District 04,1,3,Dwelling - Single Detached,44.71646869316935,-63.50192465156041
7931,BPRES-2026-04410,2026-06-04,250000,New Building,New Building,Issued,SAMBRO CREEK,District 11,1,2,Dwelling - Backyard Suite,44.4689359735591,-63.60681337912585
7932,BPRES-2026-04429,,15000,Renovation,Renovation,In Review,DARTMOUTH,District 06,1,2,Dwelling - Multiple Units,44.701350730418056,-63.53678633727409
7933,BPRES-2026-04439,2026-04-29,40000,Addition,Addition,Issued,STILLWATER LAKE,District 13,0,1,Dwelling - Single Detached,44.696452961884845,-63.821508973351364
7934,BPRES-2026-04462,2026-05-20,700000,New Building,New Building,Amendment Review,TIMBERLEA,District 12,1,2,Dwelling - Single Detached,44.64529650313816,-63.72381202876713
7935,BPRES-2026-04474,2026-05-25,1400000,New Building,New Building,Issued,HALIFAX,District 11,4,2,Dwelling - Semi-Detached,44.598505134180854,-63.60107340261069
7936,BPRES-2026-04519,2026-05-15,170000,New Building,New Building,Issued,BROOKVALE,District 01,1,1,Dwelling - Single Detached,45.040124911923215,-63.088642396067726
7937,BPRES-2026-04561,,400000,Addition,Addition,In Review,MINEVILLE,District 02,0,2,Dwelling - Single Detached,44.700760258307454,-63.37218070229674
7938,BPRES-2026-04573,2026-06-23,270000,Addition,Addition,Issued,LOWER SACKVILLE,District 15,1,2,Dwelling - Multiple Units,44.782141598577276,-63.68665795029967
7939,BPRES-2026-04590,2026-06-22,240000,New Building,New Building,Issued,,District 02,1,1,Dwelling - Single Detached,44.76551626524651,-63.339032610345754
7940,BPRES-2026-04630,2026-06-29,60000,Renovation,Renovation,Issued,LOWER SACKVILLE,District 15,1,1,Dwelling - Multiple Units,44.76305874179031,-63.669392025246744
7941,BPRES-2026-04654,2026-05-13,415000,New Building,New Building,Issued,MIDDLE SACKVILLE,District 14,1,1,Dwelling - Single Detached,44.79484749226437,-63.761997476746636
7942,BPRES-2026-04670,,410000,New Building,New Building,Withdrawn,FALL RIVER,District 01,1,1,Dwelling - Single Detached,44.84365445885848,-63.6421244398551
7943,BPRES-2026-04703,2026-05-19,450000,New Building,New Building,Issued,FALL RIVER,District 01,1,2,Dwelling - Single Detached,44.837492608099765,-63.632494573867305
7944,BPRES-2026-04720,2026-06-01,400000,New Building,New Building,Issued,WEST CHEZZETCOOK,District 02,1,1,Dwelling - Single Detached,44.707535131656144,-63.272344024288344
7945,BPRES-2026-04748,2026-05-06,1100000,New Building,New Building,Issued,DARTMOUTH,District 06,4,3,Dwelling - Townhouse,44.713838442897455,-63.54075588309262
7946,BPRES-2026-04795,,155600,New Building,New Building,Application Incomplete,MIDDLE SACKVILLE,District 14,1,1,Dwelling - Backyard Suite,44.80697143204491,-63.74839866893153
7947,BPRES-2026-04839,,15000000,Addition,Addition,Submitted,COLE HARBOUR,District 04,1,2,Dwelling - Multiple Units,44.67440452946041,-63.48711474055912
7948,BPRES-2026-04872,2026-05-06,775000,New Building,New Building,Issued,SEABRIGHT,District 13,1,2,Dwelling - Single Detached,44.61420013078994,-63.92992282837648
7949,BPRES-2026-04923,,300000,Renovation,Renovation,Withdrawn,HALIFAX,District 07,0,22,Dwelling - Multiple Units,44.6465003408563,-63.57317260332729
7950,BPRES-2026-04963,2026-05-11,475000,New Building,New Building,Issued,MIDDLE SACKVILLE,District 14,2,2,Dwelling - Multiple Units,44.79675878402415,-63.756012723549574
7951,BPRES-2026-04995,,40000,Renovation,Renovation,Applicant Revisions,BEAVER BANK,District 15,1,3,Dwelling - Multiple Units,44.82109653944995,-63.689899802075516
7952,BPRES-2026-05017,,20000,New Building,New Building,Withdrawn,CARROLLS CORNER,District 01,0,1,Accessory Structure,45.007049246523366,-63.40081991807371
7953,BPRES-2026-05066,2026-05-27,20000,Renovation,Renovation,Issued,HALIFAX,District 08,0,3,Dwelling - Multiple Units,44.666215050040364,-63.59784946847833
7954,BPRES-2026-05133,2026-05-15,100000,Addition,Addition,Issued,ENFIELD,District 01,0,2,Dwelling - Single Detached,44.91722317192778,-63.540466709038654
7955,BPRES-2026-05167,2026-05-12,80000,Renovation,Renovation,Issued,PORTERS LAKE,District 02,0,2,Dwelling - Single Detached,44.7524464075114,-63.322446603183515
7956,BPRES-2026-05211,,825000,New Building,New Building,In Review,STILLWATER LAKE,District 13,1,1,Dwelling - Single Detached,44.68555392714523,-63.815630906676034
7957,BPRES-2026-05262,2026-05-15,40000,Renovation,Renovation,Issued,DARTMOUTH,District 05,0,2,Dwelling - Single Detached,44.6752670844746,-63.56693556644897
7958,BPRES-2026-05287,2026-05-12,16000,Renovation,Renovation,Issued,BOUTILIERS POINT,District 13,0,1,Dwelling - Single Detached,44.66103697572354,-63.94870417098054
7959,BPRES-2026-05345,2026-05-26,500000,New Building,New Building,Amendment Review,WEST PORTERS LAKE,District 02,1,1,Dwelling - Single Detached,44.69446679925302,-63.310234913143944
7960,BPRES-2026-05376,2026-05-01,8650.95,New Building,New Building,Issued,UPPER SACKVILLE,District 14,0,1,Accessory Structure,44.824171150949034,-63.776946268056356
7961,BPRES-2026-05396,2026-05-25,60000,New Building,New Building,Issued,EAST PETPESWICK,District 02,0,1,Accessory Structure,44.68841736203121,-63.146412596626796
7962,BPRES-2026-05449,2026-05-13,895000,New Building,New Building,Issued,BEDFORD,District 16,1,3,Dwelling - Single Detached,44.70687665487269,-63.72549979817177
7963,BPRES-2026-05521,2026-05-22,60000,New Building,New Building,Issued,OAKFIELD,District 01,0,1,Accessory Structure,44.906038276833875,-63.587345948339895
7964,BPRES-2026-05550,2026-05-14,15000,New Building,New Building,Issued,MIDDLE SACKVILLE,District 14,0,1,Accessory Structure,44.78024401125007,-63.736988914334944
7965,BPRES-2026-05565,2026-06-22,580000,New Building,New Building,Issued,FALL RIVER,District 01,1,2,Dwelling - Single Detached,44.84213966567836,-63.64231269057148
7966,BPRES-2026-05608,,65000,Renovation,Renovation,Applicant Revisions,LAWRENCETOWN,District 02,0,2,Dwelling - Single Detached,44.64771301107346,-63.38737544272662
7967,BPRES-2026-05619,2026-05-25,150000,New Building,New Building,Issued,FALL RIVER,District 01,1,1,Dwelling - Backyard Suite,44.812120856238245,-63.62320727543579
7968,BPRES-2026-05646,2026-05-20,30000,Addition,Addition,Issued,HALIFAX,District 09,0,1,Dwelling - Single Detached,44.650327328736964,-63.60465913327408
7969,BPRES-2026-05686,,200000,New Building,New Building,Application Incomplete,HATCHET LAKE,District 13,1,1,Dwelling - Backyard Suite,44.574825074262876,-63.71101277792272
7970,BPRES-2026-05716,2026-05-22,52871,New Building,New Building,Issued,LAWRENCETOWN,District 02,0,2,Accessory Structure,44.651243910141844,-63.40976047074228
7971,BPRES-2026-05740,,25000,Addition,Addition,Applicant Revisions,HAMMONDS PLAINS,District 14,0,1,Dwelling - Single Detached,44.744913475571096,-63.788990105903615
7972,BPRES-2026-05765,2026-06-05,17000,New Building,New Building,Issued,EASTERN PASSAGE,District 03,0,1,Accessory Structure,44.61521481539749,-63.469876381345735
7973,BPRES-2026-05781,2026-06-03,50000,New Building,New Building,Issued,LAWRENCETOWN,District 02,0,2,Accessory Structure,44.70842333110926,-63.41031537127667
7974,BPRES-2026-05819,2026-05-19,500000,New Building,New Building,Issued,HACKETTS COVE,District 13,1,1,Dwelling - Single Detached,44.57530713053216,-63.92590092391786
7975,BPRES-2026-05855,2026-06-12,600000,New Building,New Building,Issued,HALIFAX,District 11,4,3,Dwelling - Semi-Detached,44.598529137170516,-63.60035523998773
7976,BPRES-2026-05884,,60000,Renovation,Renovation,Withdrawn,EAST PRESTON,District 04,1,1,Dwelling - Backyard Suite,44.71713398223902,-63.445265439306155
7977,BPRES-2026-05923,2026-05-13,80000,Renovation,Renovation,Issued,FERGUSONS COVE,District 11,0,2,Dwelling - Single Detached,44.590636039445066,-63.564930576707454
7978,BPRES-2026-05949,2026-06-11,600000,New Building,New Building,Amendment Requested,PORTERS LAKE,District 02,1,2,Dwelling - Single Detached,44.739759873052414,-63.32507203401575
7979,BPRES-2026-05998,2026-07-06,20000,Addition,Addition,Issued,HEAD OF ST MARGARETS BAY,District 13,0,1,Dwelling - Single Detached,44.68944848941449,-63.90371994955271
7980,BPRES-2026-06015,2026-05-19,31329,New Building,New Building,Issued,WILLIAMSWOOD,District 11,0,1,Accessory Structure,44.51478744992664,-63.633533916658564
7981,BPRES-2026-06061,2026-06-19,20000,New Building,New Building,Issued,HUBLEY,District 13,0,1,Accessory Structure,44.67883413959234,-63.82563483293192
7982,BPRES-2026-06081,2026-05-28,400000,Addition,Addition,Issued,BEAVER BANK,District 15,0,2,Dwelling - Single Detached,44.84548964097145,-63.67834580520336
7983,BPRES-2026-06087,,600000,Addition,Addition,In Review,HALIFAX,District 10,3,3,Dwelling - Multiple Units,44.6545230382714,-63.63647386749762
7984,BPRES-2026-06115,2026-05-20,10000,Renovation,Renovation,Issued,HALIFAX,District 08,0,2,Dwelling - Single Detached,44.65592156620795,-63.59233125294172
7985,BPRES-2026-06190,2026-05-29,20000,Renovation,Renovation,Issued,HALIFAX,District 09,0,3,Dwelling - Multiple Units,44.65165308687665,-63.62511771481025
7986,BPRES-2026-06263,,150000,Addition,Addition,Application Incomplete,HAMMONDS PLAINS,District 14,0,2,Dwelling - Single Detached,44.70216619559926,-63.75082860128067
7987,BPRES-2026-06292,,35000,Addition,Addition,Applicant Revisions,SAMBRO HEAD,District 11,0,2,Dwelling - Single Detached,44.48275477461016,-63.58095979125314
7988,BPRES-2026-06338,2026-06-03,475000,New Building,New Building,Issued,BROOKSIDE,District 13,1,3,Dwelling - Single Detached,44.5366022038863,-63.704771647883035
7989,BPRES-2026-06370,,950000,New Building,New Building,Application Incomplete,DARTMOUTH,District 05,8,3,Dwelling - Multiple Units,44.68394010796581,-63.583604593307506
7990,BPRES-2026-06429,2026-06-04,870000,New Building,New Building,Issued,LAKE LOON,District 04,1,3,Dwelling - Single Detached,44.71615180651922,-63.50234954899891
7991,BPRES-2026-06457,2026-06-15,74000,New Building,New Building,Issued,LAWRENCETOWN,District 02,0,2,Accessory Structure,44.648425156062444,-63.408283189984445
7992,BPRES-2026-06530,2026-06-12,8000,Renovation,Renovation,Completed,HALIFAX,District 09,0,3,Dwelling - Single Detached,44.63968389559327,-63.60846419233483
7993,BPRES-2026-06542,2026-06-09,9000,New Building,New Building,Issued,BEAVER BANK,District 15,0,1,Accessory Structure,44.849168280823505,-63.68134928580646
7994,BPRES-2026-06609,2026-06-04,17000,New Building,New Building,Issued,HALIFAX,District 07,0,1,Accessory Structure,44.633389262711546,-63.59069744685087
7995,BPRES-2026-06624,2026-06-04,36550,Renovation,Renovation,Issued,DARTMOUTH,District 05,0,2,Dwelling - Single Detached,44.66868669561579,-63.56884693153488
7996,BPRES-2026-06672,,19000,New Building,New Building,Applicant Revisions,DARTMOUTH,District 03,0,1,Accessory Structure,44.6611152438321,-63.51278336491722
7997,BPRES-2026-06736,2026-06-05,45000,New Building,New Building,Issued,LOWER SACKVILLE,District 15,0,1,Accessory Structure,44.76863324205888,-63.680366433954404
7998,BPRES-2026-06753,2026-06-04,49000,New Building,New Building,Issued,LUCASVILLE,District 14,0,1,Accessory Structure,44.76722920927229,-63.73548290543308
7999,BPRES-2026-06778,,500,Renovation,Renovation,Applicant Revisions,DARTMOUTH,District 06,1,1,Dwelling - Single Detached,44.678777931266524,-63.51691978326801
8000,BPRES-2026-06829,2026-06-02,45000,New Building,New Building,Issued,EAST LAWRENCETOWN,District 02,0,1,Accessory Structure,44.660417944192076,-63.324830745943586
8001,BPRES-2026-06853,2026-06-29,200000,New Building,New Building,Issued,COLE HARBOUR,District 04,1,1,Dwelling - Backyard Suite,44.666223265910325,-63.50115868544721
8002,BPRES-2026-06878,,95000,New Building,New Building,In Review,WEST CHEZZETCOOK,District 02,0,2,Accessory Structure,44.70749157228697,-63.263791405718294
8003,BPRES-2026-06910,2026-06-04,10000,New Building,New Building,Issued,HEAD OF CHEZZETCOOK,District 02,0,1,Accessory Structure,44.75380600468253,-63.23374536119965
8004,BPRES-2026-06924,2026-06-12,600000,New Building,New Building,Issued,HALIFAX,District 11,4,3,Dwelling - Semi-Detached,44.59840573450449,-63.60022050504024
8005,BPRES-2026-06963,,10000,Renovation,Renovation,In Review,BEAVER BANK,District 15,0,2,Dwelling - Single Detached,44.905888697752864,-63.709196189442586
8006,BPRES-2026-07033,2026-06-01,8000,Renovation,Renovation,Issued,DARTMOUTH,District 05,0,2,Dwelling - Single Detached,44.6711749655875,-63.581607444329755
8007,BPRES-2026-07056,,450000,New Building,New Building,Applicant Revisions,FALL RIVER,District 01,1,2,Dwelling - Single Detached,44.83999490816409,-63.64121762773797
8008,BPRES-2026-07068,,250000,Addition,Addition,Applicant Revisions,HALIFAX,District 11,0,2,Dwelling - Single Detached,44.63427849903933,-63.62319064568903
8009,BPRES-2026-07132,,900000,New Building,New Building,In Review,,District 12,4,2,Dwelling - Multiple Units,44.67378266685145,-63.66524038745858
8010,BPRES-2026-07179,2026-06-11,520000,New Building,New Building,Issued,MIDDLE SACKVILLE,District 14,1,2,Dwelling - Single Detached,44.786809737138114,-63.7359980673358
8011,BPRES-2026-07260,2026-06-15,1100000,New Building,New Building,Issued,BEDFORD,District 16,1,3,Dwelling - Single Detached,44.70605391393972,-63.72355577230527
8012,BPRES-2026-07285,,2000000,New Building,New Building,In Review,BEECHVILLE,District 12,5,3,Dwelling - Townhouse,44.635634455982526,-63.6762138002856
8013,BPRES-2026-07301,2026-06-08,65000,New Building,New Building,Issued,MIDDLE SACKVILLE,District 14,0,2,Accessory Structure,44.786809737138114,-63.7359980673358
8014,BPRES-2026-07323,,20000,Renovation,Renovation,Applicant Revisions,PROSPECT BAY,District 13,1,2,Dwelling - Multiple Units,44.51450929981293,-63.77761546340003
8015,BPRES-2026-07347,,12000,Renovation,Renovation,Applicant Revisions,HAMMONDS PLAINS,District 14,0,1,Dwelling - Single Detached,44.743510537969016,-63.79204056672801
8016,BPRES-2026-07393,,80000,Addition,Addition,Applicant Revisions,HALIFAX,District 09,1,2,Dwelling - Multiple Units,44.64104215897049,-63.62356913947109
8017,BPRES-2026-07474,,425000,New Building,New Building,In Review,BEDFORD,District 16,1,3,Dwelling - Single Detached,44.71041610592357,-63.7251719004295
8018,BPRES-2026-07513,,15000,Renovation,Renovation,Applicant Revisions,LEWIS LAKE,District 13,1,1,Dwelling - Multiple Units,44.68131952954353,-63.845709307755456
8019,BPRES-2026-07572,2026-06-10,105000,New Building,New Building,Issued,TANGIER,District 02,0,2,Accessory Structure,44.803049375876206,-62.70251682985518
8020,BPRES-2026-07646,,1080000,New Building,New Building,Applicant Revisions,FALL RIVER,District 01,2,2,Dwelling - Multiple Units,44.81016861666524,-63.615791265922915
8021,BPRES-2026-07680,,35000,Renovation,Renovation,Applicant Revisions,BEDFORD,District 16,1,1,Dwelling - Multiple Units,44.74473859130673,-63.636433880888845
8022,BPRES-2026-07719,,350000,New Building,New Building,In Review,LUCASVILLE,District 14,1,1,Dwelling - Single Detached,44.756603603667756,-63.73135891482306
8023,BPRES-2026-07792,,300000,Renovation,Renovation,In Review,BEAVER BANK,District 15,0,2,Dwelling - Single Detached,44.81166309975797,-63.68765447873342
8024,BPRES-2026-07813,2026-06-25,500000,New Building,New Building,Issued,MIDDLE SACKVILLE,District 14,1,1,Dwelling - Single Detached,44.797361435748094,-63.76676787159702
8025,BPRES-2026-07874,,5000,Renovation,Renovation,In Review,WEST JEDDORE,District 02,0,1,Accessory Structure,44.690952939850526,-63.02459414158414
8026,BPRES-2026-07904,,30000,Renovation,Renovation,Application Incomplete,WEST CHEZZETCOOK,District 02,1,2,Dwelling - Backyard Suite,44.72052837618017,-63.26519071814036
8027,BPRES-2026-07967,,40000,Renovation,Renovation,In Review,DARTMOUTH,District 05,0,2,Dwelling - Single Detached,44.67709896730804,-63.582434684286426
8028,BPRES-2026-07996,,500000,New Building,New Building,In Review,HALIFAX,District 11,4,2,Dwelling - Semi-Detached,44.59827250105852,-63.600092840326546
8029,BPRES-2026-08027,,800000,New Building,New Building,Application Incomplete,,District 03,4,2,Dwelling - Multiple Units,44.65733884471583,-63.54841334292164
8030,BPRES-2026-08052,,60000,Addition,Addition,Applicant Revisions,EAST PRESTON,District 04,0,1,Dwelling - Single Detached,44.72129059177602,-63.40756188728268
8031,BPRES-2026-08106,,70000,New Building,New Building,Applicant Revisions,HARRIETSFIELD,District 11,0,1,Accessory Structure,44.581876035347285,-63.640850101859016
8032,BPRES-2026-08131,2026-06-24,145000,New Building,New Building,Issued,GRAND LAKE,District 01,0,2,Accessory Structure,44.87102191835841,-63.57769697916734
8033,BPRES-2026-08172,,40000,New Building,New Building,In Review,HAMMONDS PLAINS,District 14,0,1,Accessory Structure,44.697492390888236,-63.75726841631836
8034,BPRES-2026-08205,,210000,New Building,New Building,In Review,ECUM SECUM WEST,District 02,1,1,Dwelling - Single Detached,44.96128827176091,-62.166346926009616
8035,BPRES-2026-08245,,75000,New Building,New Building,Application Incomplete,DARTMOUTH,District 05,0,2,Accessory Structure,44.67738514966779,-63.58703790628846
8036,BPRES-2026-08325,,500000,New Building,New Building,Application Incomplete,,District 11,2,2,Dwelling - Single Detached,44.534519421225845,-63.54318060610311
8037,BPRES-2026-08348,,30000,New Building,New Building,In Review,MIDDLE SACKVILLE,District 14,0,1,Accessory Structure,44.791540663950386,-63.73414694722386
8038,BPRES-2026-08369,,4000,Renovation,Renovation,In Review,LAKESIDE,District 12,1,1,Dwelling - Multiple Units,44.64028969308553,-63.704894575856706
8039,BPRES-2026-08404,,500000,New Building,New Building,Application Incomplete,WAVERLEY,District 01,1,2,Dwelling - Single Detached,44.77705173348406,-63.605906882745465
8040,BPRES-2026-08462,,170000,Addition,Addition,In Review,DARTMOUTH,District 05,0,2,Dwelling - Single Detached,44.67399774611793,-63.58155278817938
8041,BPRES-2026-08487,,159000,New Building,New Building,In Review,WELLINGTON,District 01,1,1,Dwelling - Backyard Suite,44.859729202640786,-63.61863003071683
8042,BPRES-2026-08563,,300000,New Building,New Building,In Review,,Unidentified,1,1,Dwelling - Single Detached,,
8043,BPRES-2026-08629,,150000,Addition,Addition,In Review,GLEN HAVEN,District 13,0,3,Dwelling - Single Detached,44.63683915491003,-63.92729134637371
8044,BPRES-2026-08692,,40000,New Building,New Building,Submitted,PORTERS LAKE,District 02,0,1,Accessory Structure,44.7582626042819,-63.286865761362215
8045,BPRES-2026-08799,,4500,Renovation,Renovation,In Review,HALIFAX,District 09,0,1,Accessory Structure,44.64955586702725,-63.61178157479416
8046,BPRES-2026-08856,,5500,New Building,New Building,Application Incomplete,QUEENSLAND,District 13,0,1,Accessory Structure,44.65395696329942,-63.99850157101021
8047,BPRES-2026-08881,,34000,New Building,New Building,In Review,HARRIETSFIELD,District 11,0,1,Accessory Structure,44.55222485278029,-63.64590150646845
8048,BPRES-2026-08940,,305000,New Building,New Building,In Review,WEST CHEZZETCOOK,District 02,1,2,Dwelling - Single Detached,44.713079386031666,-63.28727090196347
8049,BPRES-2026-08986,,350000,New Building,New Building,Submitted,HATCHET LAKE,District 13,1,1,Dwelling - Single Detached,44.56472396203659,-63.728604901779796
8050,BPRES-2026-09066,,30000,New Building,New Building,In Review,HATCHET LAKE,District 13,0,1,Accessory Structure,44.56074097094537,-63.713099714046336
8051,BP-2020-00024,2021-01-26,20000,New Building,New Building,Completed,WEST PORTERS LAKE,District 02,0,1,Accessory Structure,44.67924382615189,-63.33023536054762
8052,BP-2020-00032,2021-01-27,450000,New Building,New Building,Completed,BEDFORD,District 16,1,2,Dwelling - Single Detached,44.72171737686591,-63.715505713424655
8053,BP-2020-00037,2021-01-12,450000,New Building,New Building,Completed,BEDFORD,District 16,1,2,Dwelling - Single Detached,44.721865142868225,-63.71539431915039
8054,BP-2020-00039,2021-01-25,38000,Renovation,Renovation,Expired (Closed),DARTMOUTH,District 06,0,2,Commercial,44.70818467644483,-63.60622156061663
8055,BP-2020-00049,2021-02-03,20000,New Building,New Building,Expired (Closed),DARTMOUTH,District 05,0,1,Accessory Structure,44.660013869651436,-63.55223375101983
8056,BP-2020-00065,2021-02-18,6000,Renovation,Renovation,Expired (Closed),PROSPECT,District 13,0,2,Dwelling - Single Detached,44.470062753916174,-63.78865622944442
8057,BP-2020-00076,2021-01-22,200000,New Building,New Building,Issued,BALD ROCK,District 11,1,2,Dwelling - Single Detached,44.46797057562446,-63.581430896474785
8058,BP-2020-00082,2021-04-20,12000,Renovation,Renovation,Completed,HALIFAX,District 11,1,1,Dwelling - Single Detached,44.60460870685431,-63.61358813529046
8059,BP-2020-00088,2021-05-21,781600,New Building,New Building,Completed,MIDDLE SACKVILLE,District 14,1,1,Dwelling - Single Detached,44.78437087579394,-63.75611580335398
8060,BP-2020-00090,2021-05-28,797500,New Building,New Building,Completed,MIDDLE SACKVILLE,District 14,1,2,Dwelling - Single Detached,44.77977287770918,-63.738230787743504
8061,BP-2020-00092,2021-02-23,495900,New Building,New Building,Completed,MIDDLE SACKVILLE,District 14,1,2,Dwelling - Single Detached,44.77809101404119,-63.742254858525115
8062,BP-2020-00097,2021-02-10,200000,Addition,Addition,Issued,HALIFAX,District 12,0,2,Dwelling - Single Detached,44.68192987524322,-63.67652198259376
8063,BP-2020-00103,2022-01-04,6800000,New Building,New Building,Amendment Applicant Revisions,HALIFAX,District 10,53,9,Mixed Use - Residential & Other Use(s),44.657020458522474,-63.6299855425033
8064,BP-2020-00103,2022-01-04,6800000,New Building,New Building,Amendment Applicant Revisions,HALIFAX,District 10,53,9,Mixed Use - Residential & Other Use(s),44.657020458522474,-63.6299855425033
8065,BP-2020-00114,2021-03-11,350000,Addition,Addition,Completed,HALIFAX,District 09,0,2,Mixed Use - Residential & Other Use(s),44.64184884904308,-63.59519790929718
8066,BP-2020-00115,2021-01-12,260000,New Building,New Building,Completed,BEAVER BANK,District 15,1,2,Dwelling - Single Detached,44.816260541909976,-63.689713767295956
8067,BP-2020-00122,2021-01-12,720000,New Building,New Building,Completed,BEDFORD,District 16,1,3,Dwelling - Single Detached,44.70257766482115,-63.71637544604256
8068,BP-2020-00148,,84896,Addition,Addition,Withdrawn,BEDFORD,District 16,0,1,Accessory Structure,44.72594396261782,-63.649164073067936
8069,BP-2020-00151,2021-01-27,100000,Renovation,Renovation,Expired (Closed),HALIFAX,District 07,0,2,Dwelling - Single Detached,44.634647502869214,-63.586648213573056
8070,BP-2020-00169,,70000,Renovation,Renovation,Withdrawn,MIDDLE SACKVILLE,District 14,0,2,Commercial,44.789401011907344,-63.714349795577306
8071,BP-2020-00184,2021-01-15,10000,Renovation,Renovation,Expired (Closed),HALIFAX,District 10,1,1,Dwelling - Multiple Units,44.654832615243215,-63.641489603664525
8072,BP-2020-00188,2021-03-16,75000,Renovation,Renovation,Expired,DARTMOUTH,District 05,0,2,Dwelling - Multiple Units,44.680862501125496,-63.59176962658457
8073,BP-2020-00195,2021-01-12,500000,New Building,New Building,Completed,MIDDLE SACKVILLE,District 14,1,2,Dwelling - Single Detached,44.78642031990466,-63.7737510645768
8074,BP-2020-00198,2021-01-12,350000,New Building,New Building,Completed,MIDDLE SACKVILLE,District 14,1,2,Dwelling - Single Detached,44.78417739060449,-63.73753944362315
8075,BP-2020-00220,,180000,Renovation,Renovation,Applicant Revisions,BEDFORD,District 16,0,1,Commercial,44.72255008427065,-63.71127726824687
8076,BP-2020-00243,2021-04-09,260000,New Building,New Building,Completed,TIMBERLEA,District 12,1,2,Dwelling - Single Detached,44.64152561424505,-63.719806287872956
8077,BP-2020-00248,2021-01-22,700000,New Building,New Building,Completed,BEDFORD,District 16,1,2,Dwelling - Single Detached,44.7019589956426,-63.71428888398047
8078,BP-2020-00251,2021-04-07,260000,New Building,New Building,Completed,TIMBERLEA,District 12,1,2,Dwelling - Single Detached,44.64155700504742,-63.71968055491664
8079,BP-2020-00260,2021-01-22,350000,New Building,New Building,Completed,HALIFAX,District 12,1,2,Dwelling - Single Detached,44.64622671383252,-63.65327198131098
8080,BP-2020-00265,2021-06-18,4298004,New Building,New Building,Completed,HALIFAX,District 11,38,4,Mixed Use - Residential & Other Use(s),44.62228578904793,-63.61721742745506
8081,BP-2020-00266,2021-01-29,90000,Addition,Addition,Issued,BEDFORD,District 16,0,1,Dwelling - Single Detached,44.71980175814049,-63.67434124699684
8082,BP-2020-00335,2021-01-26,565251.14,New Building,New Building,Completed,HEAD OF ST MARGARETS BAY,District 13,1,2,Dwelling - Single Detached,44.66718509284246,-63.91615317967341
8083,BP-2020-00348,2021-01-12,100000,Renovation,Renovation,Expired (Closed),HALIFAX,District 11,0,2,Dwelling - Single Detached,44.62051279441867,-63.61835841780086
8084,BP-2020-00372,,70000,Addition,Addition,Withdrawn,BROOKSIDE,District 13,1,2,Dwelling - Single Detached,44.5595194446843,-63.72970046233472
8085,BP-2020-00382,2021-01-12,300000,New Building,New Building,Completed,TANTALLON,District 13,1,1,Dwelling - Single Detached,44.6541765287432,-63.90499604084787
8086,BP-2020-00387,2023-09-15,15000,New Building,New Building,Expired,MUSQUODOBOIT HARBOUR,District 02,0,1,Accessory Structure,44.79640157226427,-63.15099088659867
8087,BP-2020-00398,2021-04-09,165000,Renovation,Renovation,Completed,HALIFAX,District 12,0,2,Commercial,44.64148992751634,-63.66143382213742
8088,BP-2020-00402,2021-01-18,344000,New Building,New Building,Completed,GAETZ BROOK,District 02,1,1,Dwelling - Single Detached,44.78030426967486,-63.20767221236687
8089,BP-2020-00408,2021-04-21,6700000,New Building,New Building,Completed,BEECHVILLE,District 12,0,3,Commercial,44.64014791977936,-63.67710837588923
8090,BP-2020-00416,2021-01-27,20000,New Building,New Building,Completed,HAMMONDS PLAINS,District 14,0,1,Accessory Structure,44.752342391465874,-63.788089386884224
8091,BP-2020-00423,,13500000,New Building,New Building,Ready For Issue,DARTMOUTH,District 03,74,7,Mixed Use - Residential & Other Use(s),44.669875065698385,-63.507210761869665
8092,BP-2020-00423,,13500000,New Building,New Building,Ready For Issue,DARTMOUTH,District 03,74,7,Mixed Use - Residential & Other Use(s),44.669875065698385,-63.507210761869665
8093,BP-2020-00449,2021-01-19,250000,New Building,New Building,Completed,HALIFAX,District 16,1,2,Dwelling - Single Detached,44.695549527562534,-63.67587729682893
8094,BP-2020-00453,2021-01-14,10000,New Building,New Building,Completed,HAMMONDS PLAINS,District 14,0,1,Accessory Structure,44.71204636140306,-63.7711264107054
8095,BP-2020-00471,2021-01-22,,Renovation,Renovation,Completed,HALIFAX,District 11,1,3,Dwelling - Semi-Detached,44.61499450139449,-63.618874023286516
8096,BP-2020-00475,2021-02-03,414000,Renovation,Renovation,Completed,BEDFORD,District 16,0,1,Commercial,44.750370516842885,-63.64648449696593
8097,BP-2020-00487,2021-01-20,725000,New Building,New Building,Completed,BEDFORD,District 16,1,3,Dwelling - Single Detached,44.70791411940193,-63.70089864324177
8098,BP-2020-00492,,5000,New Building,New Building,Applicant Revisions,HUBLEY,District 13,0,1,Accessory Structure,44.68030655633217,-63.82544300928536
8099,BP-2020-00503,,40000,Renovation,Renovation,Withdrawn,DARTMOUTH,District 05,0,1,Institutional and Governmental,44.6680872581813,-63.56784756154601
8100,BP-2020-00517,2021-01-22,400000,New Building,New Building,Completed,BEDFORD,District 16,1,2,Dwelling - Single Detached,44.70276011388032,-63.71377002453213
8101,BP-2020-00534,2021-02-04,5000,New Building,New Building,Expired (Closed),HUBLEY,District 13,0,1,Accessory Structure,44.68006013125096,-63.826470149177034
8102,BP-2020-00537,2021-12-13,10121260,New Building,New Building,Completed,HAMMONDS PLAINS,District 13,55,4,Dwelling - Multiple Units,44.72534762014277,-63.749573737743965
8103,BP-2020-00537,2021-12-13,10121260,New Building,New Building,Completed,HAMMONDS PLAINS,District 14,55,4,Dwelling - Multiple Units,44.72534762014277,-63.749573737743965
8104,BP-2020-00549,2021-01-22,169835.32,Renovation,Renovation,Completed,COW BAY,District 03,0,2,Dwelling - Single Detached,44.626108687218206,-63.42031074190647
8105,BP-2020-00555,2021-02-03,293500,Renovation,Renovation,Expired (Closed),HALIFAX,Unidentified,0,3,Commercial,44.66296323799452,-63.65749499462163
8106,BP-2020-00559,2023-02-13,15000000,New Building,New Building,Issued,HALIFAX,District 07,350,23,Mixed Use - Residential & Other Use(s),44.64565149126535,-63.57239533124643
8107,BP-2020-00559,2023-02-13,15000000,New Building,New Building,Issued,HALIFAX,District 07,350,23,Mixed Use - Residential & Other Use(s),44.64565149126535,-63.57239533124643
8108,BP-2020-00559,2023-02-13,15000000,New Building,New Building,Issued,HALIFAX,District 07,350,23,Mixed Use - Residential & Other Use(s),44.64565149126535,-63.57239533124643
8109,BP-2020-00590,2021-02-24,250000,Renovation,Renovation,Expired,DARTMOUTH,District 06,0,1,Commercial,44.72014761943617,-63.558928726732994
8110,BP-2020-00621,2021-01-26,18000,New Building,New Building,Expired (Closed),HUBBARDS,District 13,0,1,Accessory Structure,44.64182061934439,-64.05375048352617
8111,BP-2020-00626,2021-01-26,16000,New Building,New Building,Expired (Closed),PORTERS LAKE,District 02,0,1,Accessory Structure,44.74668711271856,-63.29351940947378
8112,BP-2020-00636,2021-08-13,30000,Renovation,Renovation,Completed,HALIFAX,District 10,0,5,Mixed Use - Residential & Other Use(s),44.6557643017147,-63.63227039092567
8113,BP-2020-00646,2021-02-19,52000,Renovation,Renovation,Expired,BEDFORD,District 16,0,1,Commercial,44.731250705699594,-63.65764051310002
8114,BP-2020-00687,2021-04-09,30000,Addition,Addition,Expired,HALIFAX,District 10,0,1,Dwelling - Single Detached,44.669475656803826,-63.64095739034154
8115,BP-2020-00726,,30000,Renovation,Renovation,Withdrawn,COLE HARBOUR,District 04,1,2,Dwelling - Single Detached,44.65837288546914,-63.4779461445399
8116,BP-2020-00734,2021-01-26,87000,New Building,New Building,Expired (Closed),WEST PENNANT,District 11,0,2,Accessory Structure,44.471252720311725,-63.65302211913589
8117,BP-2021-00017,,15000,New Building,New Building,Application Incomplete,LOWER SACKVILLE,District 15,0,1,Accessory Structure,44.78820652359342,-63.69059901951663
8118,BP-2021-00024,2021-02-19,20000,New Building,New Building,Completed,TIMBERLEA,District 12,0,1,Accessory Structure,44.676057563241315,-63.78646665990809
8119,BP-2021-00036,2021-02-11,425000,Renovation,Renovation,Completed,BEECHVILLE,District 12,0,2,Commercial,44.63710388272177,-63.665936459050485
8120,BP-2021-00044,2021-01-18,284884,Renovation,Renovation,Completed,HALIFAX,District 09,0,2,Institutional and Governmental,44.64628384426989,-63.615295844094575
8121,BP-2021-00059,2021-01-12,380000,New Building,New Building,Completed,PORTERS LAKE,District 02,1,1,Dwelling - Single Detached,44.75059159063924,-63.33630345972013
8122,BP-2021-00069,2021-02-18,50000,Renovation,Renovation,Completed,DARTMOUTH,District 06,0,1,Commercial,44.713451440038064,-63.5802233792825
8123,BP-2021-00079,2021-02-03,200,Renovation,Renovation,Expired (Closed),DARTMOUTH,District 05,0,2,Dwelling - Single Detached,44.674151467447174,-63.562136664462514
8124,BP-2021-00087,2021-01-22,367000,New Building,New Building,Completed,LAKE ECHO,District 02,1,1,Dwelling - Single Detached,44.71819833154383,-63.39470666481199
8125,BP-2021-00109,2021-03-09,600000,New Building,New Building,Completed,FALL RIVER,District 01,1,2,Dwelling - Single Detached,44.8191668669914,-63.64522240901723
8126,BP-2021-00113,2021-01-18,400000,New Building,New Building,Completed,SEABRIGHT,District 13,1,2,Dwelling - Single Detached,44.61910653133969,-63.9265929096151
8127,BP-2021-00142,2021-02-13,500,Renovation,Renovation,Completed,FLETCHERS LAKE,District 01,0,1,Dwelling - Single Detached,44.85137375823615,-63.60089898688477
8128,BP-2021-00168,,190000,Renovation,Renovation,Cancelled,DARTMOUTH,District 06,0,1,Commercial,44.70546760081581,-63.561180281035746
8129,BP-2021-00171,2021-09-01,305000,New Building,New Building,Expired,EAST PENNANT,District 11,1,1,Dwelling - Single Detached,44.47045017398181,-63.626769782166484
8130,BP-2021-00194,2021-01-18,400000,New Building,New Building,Completed,BEDFORD,District 16,1,2,Dwelling - Single Detached,44.70272061054173,-63.71407857617641
8131,BP-2021-00208,2021-02-01,25000,Renovation,Renovation,Expired (Closed),LOWER SACKVILLE,District 15,0,2,Dwelling - Single Detached,44.75831221691984,-63.66149374758009
8132,BP-2021-00219,,30000,New Building,New Building,Withdrawn,BEAVER BANK,District 15,0,1,Accessory Structure,44.83338540463044,-63.657039169501
8133,BP-2021-00221,2021-01-22,25000,New Building,New Building,Expired,BEAVER BANK,District 15,0,1,Accessory Structure,44.83338540463044,-63.657039169501
8134,BP-2021-00230,2021-02-03,40000,Addition,Addition,Expired (Closed),DARTMOUTH,District 03,0,2,Dwelling - Single Detached,44.661075199184054,-63.513605602513245
8135,BP-2021-00248,2021-01-26,3000,Renovation,Renovation,Completed,HALIFAX,District 12,0,2,Commercial,44.64148992751634,-63.66143382213742
8136,BP-2021-00254,,900,Renovation,Renovation,Withdrawn,DARTMOUTH,District 05,0,1,Commercial,44.68111637039355,-63.56874272275495
8137,BP-2021-00275,,150000,Addition,Addition,Withdrawn,HALIFAX,District 07,1,2,Dwelling - Single Detached,44.634107722951676,-63.5899413217392
8138,BP-2021-00281,2021-02-03,400000,Renovation,Renovation,Expired (Closed),HALIFAX,District 07,0,1,Commercial,44.64265516198199,-63.57897412507394
8139,BP-2021-00303,2021-02-03,23500,Renovation,Renovation,Completed,DARTMOUTH,District 05,1,2,Dwelling - Multiple Units,44.676870818205025,-63.58021275504582
8140,BP-2021-00323,2021-02-03,400000,New Building,New Building,Completed,COLE HARBOUR,District 04,1,2,Dwelling - Single Detached,44.646249466946394,-63.464790500365375
8141,BP-2021-00329,2021-05-12,175000,Addition,Addition,Completed,DARTMOUTH,District 06,0,1,Commercial,44.699772543691566,-63.60168298219597
8142,BP-2021-00334,2021-04-01,400000,New Building,New Building,Completed,OAKFIELD,District 01,1,2,Dwelling - Single Detached,44.92297436419666,-63.559372442679916
8143,BP-2021-00346,2021-02-10,21000,Addition,Addition,Completed,,District 12,0,1,Commercial,44.63342039626504,-63.70576386051933
8144,BP-2021-00355,2021-10-15,270000,New Building,New Building,Completed,MYERS POINT,District 02,1,1,Dwelling - Single Detached,44.77075774740689,-63.03802393967878
8145,BP-2021-00361,2021-02-03,40000,Renovation,Renovation,Expired (Closed),HALIFAX,District 09,0,1,Dwelling - Single Detached,44.64185509300765,-63.604328112451576
8146,BP-2021-00372,2021-02-22,18000,New Building,New Building,Completed,WILLIAMSWOOD,District 11,0,1,Accessory Structure,44.51898434607791,-63.63703455158486
8147,BP-2021-00381,2021-01-22,445000,New Building,New Building,Completed,HARRIETSFIELD,District 11,1,1,Dwelling - Single Detached,44.5447381019084,-63.64398796476312
8148,BP-2021-00396,2021-07-29,110000,Addition,Addition,Expired,HALIFAX,District 07,0,3,Dwelling - Single Detached,44.64038786348541,-63.594023099790405
8149,BP-2021-00427,2021-02-12,11372,Renovation,Renovation,Completed,HALIFAX,District 07,0,6,Dwelling - Multiple Units,44.6427672567122,-63.569268130226405
8150,BP-2021-00459,,800,Renovation,Renovation,Withdrawn,EASTERN PASSAGE,District 03,0,2,Dwelling - Single Detached,44.61350540904595,-63.46769137008224
8151,BP-2021-00465,2021-02-12,190000,New Building,New Building,Issued,LAWRENCETOWN,District 02,1,2,Dwelling - Single Detached,44.68901016395295,-63.39111793104876
8152,BP-2021-00489,2021-02-26,255000,New Building,New Building,Completed,HERRING COVE,District 11,1,3,Dwelling - Single Detached,44.56328509416833,-63.56872035310221
8153,BP-2021-00498,,290000,New Building,New Building,Withdrawn,SAMBRO,District 11,0,1,Accessory Structure,44.4795606292635,-63.6067890048153
8154,BP-2021-00525,2021-03-31,133000,New Building,New Building,Issued,BEAVER BANK,District 15,1,2,Dwelling - Single Detached,44.80669031633429,-63.68890374628846
8155,BP-2021-00531,2021-02-09,30000,New Building,New Building,Expired (Closed),MIDDLE SACKVILLE,District 14,0,2,Accessory Structure,44.80607801565369,-63.72673314859946
8156,BP-2021-00537,2023-08-22,300000,New Building,New Building,Completed,HALIFAX,District 16,1,3,Dwelling - Single Detached,44.69931371611708,-63.67447975186709
8157,BP-2021-00561,2021-03-25,770000,New Building,New Building,Completed,MIDDLE SACKVILLE,District 14,1,2,Dwelling - Single Detached,44.77982703376142,-63.7366030308536
8158,BP-2021-00571,2021-01-27,350000,New Building,New Building,Completed,WHITES LAKE,District 13,1,1,Dwelling - Single Detached,44.514010338569655,-63.76752085219802
8159,BP-2021-00581,2021-02-03,280000,New Building,New Building,Completed,BEAVER BANK,District 15,1,2,Dwelling - Single Detached,44.81808359220058,-63.69331539907885
8160,BP-2021-00597,2021-02-12,492000,New Building,New Building,Expired,WEST CHEZZETCOOK,District 02,1,2,Dwelling - Single Detached,44.721512101595316,-63.27221834762026
8161,BP-2021-00609,2021-01-22,180000,New Building,New Building,Completed,MIDDLE SACKVILLE,District 14,1,2,Dwelling - Single Detached,44.78175834059558,-63.74788020652799
8162,BP-2021-00614,2021-06-25,130000,Addition,Addition,Expired,HALIFAX,District 09,0,2,Dwelling - Single Detached,44.644648208504606,-63.61559425960258
8163,BP-2021-00624,2021-05-11,350000,New Building,New Building,Completed,EAST LAWRENCETOWN,District 02,1,1,Dwelling - Single Detached,44.65502149728695,-63.34133632211591
8164,BP-2021-00633,2021-01-27,29000,Renovation,Renovation,Expired (Closed),HALIFAX,District 12,0,3,Dwelling - Single Detached,44.679078950296315,-63.676784329040785
8165,BP-2021-00660,,567578,Renovation,Renovation,Applicant Revisions,HALIFAX,District 12,0,1,Commercial,44.643888679843144,-63.666773356802494
8166,BP-2021-00662,2021-03-01,60000,Addition,Addition,Expired,HALIFAX,District 11,1,2,Dwelling - Multiple Units,44.61890872118733,-63.61426081417391
8167,BP-2021-00672,2021-04-08,260000,New Building,New Building,Completed,TIMBERLEA,District 12,1,2,Dwelling - Single Detached,44.64158528392882,-63.71955632076832
8168,BP-2021-00678,2021-05-13,25472,New Building,New Building,Completed,BEAVER BANK,District 15,0,2,Accessory Structure,44.877505579726446,-63.68787771475857
8169,BP-2021-00691,2021-03-24,30000,New Building,New Building,Amendment Applicant Revisions,TANTALLON,District 13,1,2,Dwelling - Backyard Suite,44.657560649551606,-63.90675771547217
8170,BP-2021-00693,2021-01-27,500000,New Building,New Building,Completed,TIMBERLEA,District 12,1,2,Dwelling - Single Detached,44.64132746208642,-63.72069584983457
8171,BP-2021-00700,2021-02-22,500000,New Building,New Building,Completed,ENFIELD,District 01,1,2,Dwelling - Single Detached,44.93680640467492,-63.52483252712693
8172,BP-2021-00715,,384000,New Building,New Building,Withdrawn,,Unidentified,1,2,Dwelling - Single Detached,,
8173,BP-2021-00720,2021-02-03,22500,New Building,New Building,Expired (Closed),DARTMOUTH,District 05,0,1,Accessory Structure,44.6606229627666,-63.55487016642737
8174,BP-2021-00727,,384000,New Building,New Building,Withdrawn,,Unidentified,1,2,Dwelling - Single Detached,,
8175,BP-2021-00730,2021-04-08,260000,New Building,New Building,Completed,TIMBERLEA,District 12,1,2,Dwelling - Single Detached,44.641612523294405,-63.71943210043816
8176,BP-2021-00739,2022-06-01,47563000,New Building,New Building,Issued,DARTMOUTH,District 05,220,27,Mixed Use - Residential & Other Use(s),44.663776757623694,-63.564629491082115
8177,BP-2021-00739,2022-06-01,47563000,New Building,New Building,Issued,DARTMOUTH,District 05,220,27,Mixed Use - Residential & Other Use(s),44.663776757623694,-63.564629491082115
8178,BP-2021-00742,2021-01-27,240000,New Building,New Building,Completed,TIMBERLEA,District 12,1,2,Dwelling - Single Detached,44.64345139808564,-63.715239601659356
8179,BP-2021-00744,2021-10-06,1750,Renovation,Renovation,Expired,KETCH HARBOUR,District 11,1,3,Dwelling - Single Detached,44.49260788794733,-63.5495650068229
8180,BP-2021-00752,2021-02-23,464800,New Building,New Building,Completed,HAMMONDS PLAINS,District 14,1,1,Dwelling - Single Detached,44.77184281349956,-63.758763644048074
8181,BP-2021-00758,,25000,Renovation,Renovation,Withdrawn,DARTMOUTH,District 03,0,3,Dwelling - Multiple Units,44.66040737866252,-63.54814936183135
8182,BP-2021-00763,,200000,New Building,New Building,Withdrawn,COLE HARBOUR,District 04,0,1,Industrial,44.65611534434661,-63.488240919327126
8183,BP-2021-00765,,5000,Addition,Addition,Withdrawn,COLE HARBOUR,District 04,1,1,Dwelling - Multiple Units,44.656459177716066,-63.48804667077332
8184,BP-2021-00777,,30000,New Building,New Building,Applicant Revisions,DARTMOUTH,District 05,0,1,Commercial,44.663214475720316,-63.56401245914562
8185,BP-2021-00804,2021-03-01,10000,New Building,New Building,Completed,PORTERS LAKE,District 02,0,1,Accessory Structure,44.758588485505946,-63.32255882566041
8186,BP-2021-00812,2021-02-02,204800,New Building,New Building,Completed,DARTMOUTH,District 06,1,3,Dwelling - Single Detached,44.69834610590258,-63.53524291339284
8187,BP-2021-00815,2021-01-27,200000,New Building,New Building,Completed,GLEN HAVEN,District 13,1,1,Dwelling - Single Detached,44.63483732667505,-63.89553295755623
8188,BP-2021-00847,2021-04-01,200000,New Building,New Building,Completed,TIMBERLEA,Unidentified,1,2,Dwelling - Single Detached,44.64108832866857,-63.72192943549948
8189,BP-2021-00849,2021-03-25,200000,New Building,New Building,Completed,TIMBERLEA,District 12,1,2,Dwelling - Single Detached,44.64116331474687,-63.72184738906642
8190,BP-2021-00851,2021-04-13,200000,New Building,New Building,Completed,TIMBERLEA,District 12,1,2,Dwelling - Single Detached,44.64183933747724,-63.720347099254504
8191,BP-2021-00853,2021-02-25,390000,New Building,New Building,Expired,HALIFAX,District 12,1,2,Dwelling - Single Detached,44.64762999725523,-63.649903111381825
8192,BP-2021-00874,,125000,Addition,Addition,Application Incomplete,LOWER SACKVILLE,District 15,0,1,Accessory Structure,44.769593380134744,-63.69551807102981
8193,BP-2021-00883,2021-02-19,59900,Renovation,Renovation,Expired (Closed),DARTMOUTH,District 05,0,2,Dwelling - Multiple Units,44.67065811291133,-63.58549888748172
8194,BP-2021-00899,,1010000,New Building,New Building,Withdrawn,HALIFAX,District 07,1,2,Dwelling - Single Detached,44.63078358766525,-63.58549752344159
8195,BP-2021-00900,2021-05-21,12000000,Addition,Addition,Completed,HALIFAX,District 10,-40,7,Mixed Use - Residential & Other Use(s),44.68602616586786,-63.673696699946184
8196,BP-2021-00909,2021-04-14,200000,New Building,New Building,Completed,TIMBERLEA,District 12,1,2,Dwelling - Single Detached,44.642024193183985,-63.71947015858314
8197,BP-2021-00910,2021-04-19,200000,New Building,New Building,Completed,TIMBERLEA,District 12,1,2,Dwelling - Single Detached,44.641946619482816,-63.719847638415516
8198,BP-2021-00911,2021-04-12,200000,New Building,New Building,Completed,TIMBERLEA,District 12,1,2,Dwelling - Single Detached,44.642057003726315,-63.7193432329826
8199,BP-2021-00920,2021-02-09,4000,Renovation,Renovation,Expired,HALIFAX,District 09,0,1,Institutional and Governmental,44.65057765768287,-63.59781442432345
8200,BP-2021-00940,2021-02-10,661000,New Building,New Building,Completed,MINEVILLE,District 02,1,2,Dwelling - Single Detached,44.68812969068178,-63.35552834138008
8201,BP-2021-00958,2021-02-03,425000,New Building,New Building,Completed,BEDFORD,District 16,1,3,Dwelling - Single Detached,44.703296436675956,-63.71741307919691
8202,BP-2021-00972,2021-02-23,337000,New Building,New Building,Completed,LUCASVILLE,District 14,1,1,Dwelling - Single Detached,44.76450917907514,-63.73625409628207
8203,BP-2021-00990,2021-06-11,32000,New Building,New Building,Completed,WEST CHEZZETCOOK,District 02,0,1,Accessory Structure,44.72726792699408,-63.290993748806784
8204,BP-2021-00993,2021-02-26,35000,Renovation,Renovation,Expired (Closed),HALIFAX,District 10,0,2,Dwelling - Multiple Units,44.657929740713186,-63.63223702938955
8205,BP-2021-01020,2021-01-27,465000,New Building,New Building,Completed,BEDFORD,District 16,1,1,Dwelling - Single Detached,44.701708391470255,-63.71485789113144
8206,BP-2021-01049,2021-01-26,30000,New Building,New Building,Completed,MIDDLE SACKVILLE,District 14,0,1,Accessory Structure,44.7929578615028,-63.770082169948225
8207,BP-2021-01057,2021-04-20,600000,New Building,New Building,Completed,,Unidentified,3,2,Dwelling - Townhouse,,
8208,BP-2021-01065,2021-02-18,15000,Renovation,Renovation,Completed,BEDFORD,District 16,0,2,Dwelling - Single Detached,44.71574379651924,-63.681965733659254
8209,BP-2021-01091,2021-03-09,5000,Renovation,Renovation,Completed,HALIFAX,District 08,0,5,Commercial,44.65186335020319,-63.588013275639064
8210,BP-2021-01093,2021-04-15,73147556,New Building,New Building,Completed,HALIFAX,District 07,235,16,Mixed Use - Residential & Other Use(s),44.64265359570287,-63.568647165611964
8211,BP-2021-01093,2021-04-15,73147556,New Building,New Building,Completed,HALIFAX,District 07,235,16,Mixed Use - Residential & Other Use(s),44.64265359570287,-63.568647165611964
8212,BP-2021-01093,2021-04-15,73147556,New Building,New Building,Completed,HALIFAX,District 07,235,16,Mixed Use - Residential & Other Use(s),44.64265359570287,-63.568647165611964
8213,BP-2021-01110,,15176,Renovation,Renovation,Withdrawn,MIDDLE SACKVILLE,District 14,1,3,Dwelling - Single Detached,44.780587964172575,-63.70721044160774
8214,BP-2021-01118,2021-04-13,453800,New Building,New Building,Completed,HALIFAX,District 11,1,3,Dwelling - Single Detached,44.62261828572856,-63.599369776998486
8215,BP-2021-01123,2021-06-17,255000,New Building,New Building,Expired,COW BAY,District 03,1,1,Dwelling - Single Detached,44.6257829519286,-63.44486411401703
8216,BP-2021-01131,2021-07-15,150000,Addition,Addition,Completed,HALIFAX,District 08,0,2,Dwelling - Single Detached,44.65532341475189,-63.61231414589698
8217,BP-2021-01147,2021-05-13,19500,Renovation,Renovation,Amendment Applicant Revisions,COLE HARBOUR,District 04,1,3,Dwelling - Single Detached,44.658351782526786,-63.47784545386275
8218,BP-2021-01149,2021-03-19,415000,New Building,New Building,Completed,HATCHET LAKE,District 13,1,2,Dwelling - Single Detached,44.548997903456296,-63.733549040404995
8219,BP-2021-01184,,53500,New Building,New Building,Applicant Revisions,BEDFORD,District 16,0,1,Accessory Structure,44.70526555402325,-63.70787215525145
8220,BP-2021-01191,2021-02-26,400000,New Building,New Building,Completed,LOWER SACKVILLE,District 15,2,3,Dwelling - Multiple Units,44.759183799768884,-63.6617539336976
8221,BP-2021-01216,2023-01-25,100000,New Building,New Building,Issued,UPPER HAMMONDS PLAINS,District 14,0,1,Commercial,44.755037536790425,-63.84773482406153
8222,BP-2021-01228,2021-04-20,2000,New Building,New Building,Expired,HALIFAX,District 08,0,1,Accessory Structure,44.66479829064404,-63.59557142105968
8223,BP-2021-01237,2021-02-03,150000,New Building,New Building,Completed,LUCASVILLE,District 14,1,3,Dwelling - Single Detached,44.76992671299274,-63.71287675018348
8224,BP-2021-01243,2021-02-03,150000,New Building,New Building,Completed,LUCASVILLE,District 14,1,3,Dwelling - Single Detached,44.77202439524946,-63.71449099974034
8225,BP-2021-01249,2021-02-22,280000,New Building,New Building,Completed,HALIFAX,District 11,2,2,Dwelling - Semi-Detached,44.59919870907939,-63.60123943882363
8226,BP-2021-01259,2021-02-12,175000,New Building,New Building,Completed,HALIFAX,District 11,1,2,Dwelling - Single Detached,44.6082839097803,-63.605078235201184
8227,BP-2021-01274,2021-02-12,175000,New Building,New Building,Expired,HALIFAX,District 11,1,2,Dwelling - Single Detached,44.608490581881185,-63.604809526676604
8228,BP-2021-01284,2021-02-18,175000,New Building,New Building,Expired,HALIFAX,District 11,1,2,Dwelling - Single Detached,44.608698465808025,-63.604572522167665
8229,BP-2021-01295,,10000,Renovation,Renovation,Withdrawn,WHITES LAKE,District 13,0,1,Dwelling - Single Detached,44.51506325819532,-63.770301457619084
8230,BP-2021-01316,2021-09-01,500000,Renovation,Renovation,Completed,HALIFAX,District 11,0,4,Commercial,44.63077748178264,-63.61489733756568
8231,BP-2021-01329,,,Renovation,Renovation,Withdrawn,,Unidentified,0,,Mixed Use - Residential & Other Use(s),,
8232,BP-2021-01354,2021-02-22,3000,Renovation,Renovation,Completed,HALIFAX,District 11,0,2,Dwelling - Single Detached,44.60339988829079,-63.597224355508004
8233,BP-2021-01362,2021-04-19,150000,New Building,New Building,Completed,LUCASVILLE,District 14,1,3,Dwelling - Single Detached,44.76544728885147,-63.71289069442961
8234,BP-2021-01383,2021-02-09,480000,New Building,New Building,Completed,COLE HARBOUR,District 04,1,2,Dwelling - Single Detached,44.647548225607466,-63.46796137887274
8235,BP-2021-01387,,600,Renovation,Renovation,Withdrawn,MIDDLE SACKVILLE,District 14,1,2,Dwelling - Multiple Units,44.787193003067095,-63.702597146467376
8236,BP-2021-01406,2021-03-17,799000,New Building,New Building,Completed,BEDFORD,District 16,0,1,Commercial,44.69648874901626,-63.69115911202996
8237,BP-2021-01408,2021-02-24,565000,New Building,New Building,Completed,HAMMONDS PLAINS,District 14,1,2,Dwelling - Single Detached,44.7181975328908,-63.768408201004625
8238,BP-2021-01411,2021-03-02,280000,New Building,New Building,Completed,BLACK POINT,District 13,1,1,Dwelling - Single Detached,44.64586422648669,-63.98164945519831
8239,BP-2021-01442,2021-02-23,400000,New Building,New Building,Completed,BEDFORD,District 16,1,2,Dwelling - Single Detached,44.70232543069564,-63.71363224939394
8240,BP-2021-01447,2021-02-23,115000,New Building,New Building,Completed,CLAM BAY,District 02,1,2,Dwelling - Single Detached,44.72994577813737,-62.9349880875412
8241,BP-2021-01479,2021-03-09,200000,New Building,New Building,Completed,PROSPECT,District 13,1,1,Dwelling - Single Detached,44.502030863385734,-63.80199441203823
8242,BP-2021-01491,2021-03-05,250000,Addition,Addition,Expired,HALIFAX,District 09,0,2,Dwelling - Single Detached,44.64852429338855,-63.61384095465212
8243,BP-2021-01522,2021-02-18,110000,Addition,Addition,Completed,DARTMOUTH,District 06,0,2,Dwelling - Single Detached,44.685114513111046,-63.5455541219268
8244,BP-2021-01523,2021-06-09,17700711,New Building,New Building,Completed,,District 16,92,12,Dwelling - Multiple Units,44.7087625246395,-63.71113448058785
8245,BP-2021-01528,2021-02-12,200000,Renovation,Renovation,Expired,HALIFAX,District 07,0,3,Dwelling - Single Detached,44.63407303497394,-63.59840624736284
8246,BP-2021-01535,2021-04-13,80000,Addition,Addition,Expired,HALIFAX,District 11,0,2,Dwelling - Single Detached,44.618354895506954,-63.604850289670715
8247,BP-2021-01538,2021-11-03,41421022,New Building,New Building,Completed,HALIFAX,District 08,257,30,Mixed Use - Residential & Other Use(s),44.6563129298986,-63.599659669971565
8248,BP-2021-01541,,400000,New Building,New Building,Withdrawn,HALIFAX,District 11,2,2,Dwelling - Semi-Detached,44.61146291449852,-63.62436525934935
8249,BP-2021-01543,2021-04-13,22000,Renovation,Renovation,Completed,HALIFAX,District 08,0,10,Commercial,44.658343562106154,-63.60322178206833
8250,BP-2021-01567,,10000,Renovation,Renovation,Withdrawn,HALIFAX,District 09,0,2,Commercial,44.645320373145644,-63.59675569411323
8251,BP-2021-01572,2021-02-18,280000,New Building,New Building,Completed,HALIFAX,District 11,2,2,Dwelling - Semi-Detached,44.599340523526216,-63.60112523860712
8252,BP-2021-01590,,9000,Renovation,Renovation,Withdrawn,TIMBERLEA,District 12,1,1,Dwelling - Multiple Units,44.65112598277759,-63.74066141470286
8253,BP-2021-01605,2021-03-30,150000,New Building,New Building,Completed,BROOKSIDE,District 13,1,2,Dwelling - Single Detached,44.536294639834196,-63.7115149224563
8254,BP-2021-01607,2021-04-23,260000,New Building,New Building,Completed,EAST CHEZZETCOOK,District 02,1,1,Dwelling - Single Detached,44.74788678266102,-63.233501020912556
8255,BP-2021-01620,2021-05-04,325000,New Building,New Building,Issued,HERRING COVE,District 11,1,3,Dwelling - Single Detached,44.579040088698356,-63.576703135028275
8256,BP-2021-01623,2021-10-29,29023762,New Building,New Building,Completed,HALIFAX,District 16,133,14,Dwelling - Multiple Units,44.70178597319303,-63.66897708507473
8257,BP-2021-01630,2021-02-23,20000,Renovation,Renovation,Completed,DARTMOUTH,District 05,0,1,Dwelling - Single Detached,44.682005783076676,-63.56943489506768
8258,BP-2021-01646,2022-09-13,30000,Renovation,Renovation,Amendment Application Incomplete,DARTMOUTH,District 05,1,2,Dwelling - Multiple Units,44.67060490980495,-63.586160598725876
8259,BP-2021-01690,2021-02-10,415000,New Building,New Building,Completed,UPPER TANTALLON,District 13,1,2,Dwelling - Single Detached,44.73165240803477,-63.87334489131997
8260,BP-2021-01698,2021-02-22,300000,New Building,New Building,Completed,ENFIELD,District 01,1,2,Dwelling - Single Detached,44.915871277375146,-63.55532701031088
8261,BP-2021-01703,2021-02-10,365000,New Building,New Building,Completed,BEDFORD,District 16,1,2,Dwelling - Single Detached,44.703038810840354,-63.7126154141435
8262,BP-2021-01705,2021-02-19,500000,New Building,New Building,Completed,LOCHABER MINES,District 02,1,2,Dwelling - Single Detached,45.00697773112902,-62.47591511292628
8263,BP-2021-01711,2021-03-18,25000,New Building,New Building,Expired,HALIFAX,District 09,0,1,Accessory Structure,44.65349171236901,-63.6035261765289
8264,BP-2021-01718,2021-02-10,365000,New Building,New Building,Completed,BEDFORD,District 16,1,2,Dwelling - Single Detached,44.702855841631454,-63.712759511303695
8265,BP-2021-01725,2021-10-06,216000,New Building,New Building,Completed,OSTREA LAKE,District 02,1,2,Dwelling - Single Detached,44.75315454215671,-63.11044426068768
8266,BP-2021-01748,2021-05-13,350000,New Building,New Building,Expired,MINEVILLE,District 02,1,2,Dwelling - Single Detached,44.69811487333593,-63.37663934990197
8267,BP-2021-01758,2021-04-01,278500,New Building,New Building,Completed,TANTALLON,District 13,1,2,Dwelling - Single Detached,44.651964741282704,-63.9010590216727
8268,BP-2021-01788,2021-03-25,250000,New Building,New Building,Issued,DARTMOUTH,District 06,1,2,Dwelling - Single Detached,44.71884874771316,-63.546413367191974
8269,BP-2021-01795,2021-08-25,135000,Renovation,Renovation,Expired (Closed),DARTMOUTH,District 03,0,2,Commercial,44.65688450209084,-63.53129847357066
8270,BP-2021-01808,2021-03-16,80000,New Building,New Building,Completed,HUBLEY,District 13,1,1,Dwelling - Single Detached,44.68032591658757,-63.8268543602744
8271,BP-2021-01853,,5000,Renovation,Renovation,Application Incomplete,MIDDLE SACKVILLE,District 14,1,1,Dwelling - Single Detached,44.787098677251414,-63.71299897577498
8272,BP-2021-01861,2021-02-18,365000,New Building,New Building,Completed,BEDFORD,District 16,1,2,Dwelling - Single Detached,44.70266258309078,-63.71287921946242
8273,BP-2021-01866,2021-02-18,10000,New Building,New Building,Expired,WYSES CORNER,District 01,1,1,Agriculture,44.964398864317744,-63.3071640069476
8274,BP-2021-01876,2021-03-05,25000,Renovation,Renovation,Expired,HALIFAX,District 12,0,2,Commercial,44.6572582462176,-63.669672378067695
8275,BP-2021-01884,2021-02-22,400000,New Building,New Building,Completed,BEDFORD,District 16,1,2,Dwelling - Single Detached,44.702665312197134,-63.71453030522305
8276,BP-2021-01892,,,New Building,New Building,Withdrawn,CARROLLS CORNER,District 01,0,,Accessory Structure,45.00548975598311,-63.3849476152226
8277,BP-2021-01898,2021-02-18,365000,New Building,New Building,Completed,BEDFORD,District 16,1,2,Dwelling - Single Detached,44.7024080481096,-63.713231663801515
8278,BP-2021-01923,,10000,Addition,Addition,Applicant Revisions,COW BAY,District 03,0,1,Commercial,44.63506388937741,-63.4256720807505
8279,BP-2021-01929,2023-07-28,245000,New Building,New Building,Completed,MIDDLE SACKVILLE,District 14,1,1,Dwelling - Single Detached,44.78183435402004,-63.70947993453109
8280,BP-2021-01937,2021-02-18,155000,Renovation,Renovation,Completed,LOWER SACKVILLE,District 15,0,2,Commercial,44.77598429896037,-63.6946776541294
8281,BP-2021-01942,2021-04-12,250000,Renovation,Renovation,Completed,HALIFAX,District 12,0,1,Commercial,44.64729898682776,-63.66358384901584
8282,BP-2021-01950,2021-05-05,600000,New Building,New Building,Completed,HALIFAX,District 10,1,2,Dwelling - Single Detached,44.67914467241409,-63.6572421020201
8283,BP-2021-01960,2021-03-09,57000,New Building,New Building,Expired (Closed),BROOKSIDE,District 13,0,1,Accessory Structure,44.552356183963894,-63.70957456777131
8284,BP-2021-01970,2021-02-25,535000,New Building,New Building,Completed,LUCASVILLE,District 14,1,2,Dwelling - Single Detached,44.76777318336599,-63.71588316881249
8285,BP-2021-01975,2024-02-21,5000,New Building,New Building,Amendment Requested,HUBLEY,District 13,0,1,Accessory Structure,44.67919701220156,-63.82691462913276
8286,BP-2021-01978,2021-02-18,850000,New Building,New Building,Completed,BEDFORD,District 16,1,2,Dwelling - Single Detached,44.70743740970865,-63.70144722073831
8287,BP-2021-01984,2021-02-18,425000,New Building,New Building,Completed,BEDFORD,District 16,1,2,Dwelling - Single Detached,44.70243774192139,-63.71603775194592
8288,BP-2021-01998,2022-03-15,75000,New Building,New Building,Expired (Closed),DARTMOUTH,District 06,1,1,Dwelling - Backyard Suite,44.69248419465646,-63.53829791606471
8289,BP-2021-02004,2021-03-01,29000,Renovation,Renovation,Expired (Closed),HALIFAX,District 07,0,1,Dwelling - Single Detached,44.63069820204181,-63.586073575333714
8290,BP-2021-02018,,54000,New Building,New Building,Withdrawn,,District 14,0,2,Accessory Structure,44.700869561435105,-63.81043932974938
8291,BP-2021-02035,2023-03-15,85800,Renovation,Renovation,Completed,HALIFAX,District 09,1,1,Dwelling - Backyard Suite,44.65353844553795,-63.604592245963694
8292,BP-2021-02046,2021-02-25,180000,New Building,New Building,Completed,HERRING COVE,District 11,1,1,Dwelling - Single Detached,44.57349843356895,-63.5726072288716
8293,BP-2021-02053,2021-02-25,26000,New Building,New Building,Completed,,District 01,-1,1,Accessory Structure,44.89776516460348,-63.58716682099386
8294,BP-2021-02072,2021-02-25,465000,New Building,New Building,Completed,BEDFORD,District 16,1,2,Dwelling - Single Detached,44.7024986408755,-63.71621172259223
8295,BP-2021-02084,2021-02-23,275000,New Building,New Building,Completed,UPPER TANTALLON,District 13,1,1,Dwelling - Single Detached,44.696186847689674,-63.88300341293737
8296,BP-2021-02090,2021-05-13,346601,Renovation,Renovation,Expired (Closed),DARTMOUTH,District 06,0,2,Commercial,44.71296702742929,-63.557745209257014
8297,BP-2021-02115,2021-02-22,185500,New Building,New Building,Completed,EAST JEDDORE,District 02,1,2,Dwelling - Single Detached,44.71568748946785,-62.99826268854289
8298,BP-2021-02120,2021-02-22,365000,New Building,New Building,Completed,BEDFORD,District 16,1,2,Dwelling - Single Detached,44.703219049042026,-63.71247335953101
8299,BP-2021-02125,2021-02-22,365000,New Building,New Building,Completed,BEDFORD,District 16,1,2,Dwelling - Single Detached,44.70313003968344,-63.71254439524936
8300,BP-2021-02126,2021-03-05,200000,New Building,New Building,Completed,HALIFAX,District 11,2,2,Dwelling - Semi-Detached,44.591761683093104,-63.59959674500448
8301,BP-2021-02131,2021-02-22,365000,New Building,New Building,Completed,BEDFORD,District 16,1,2,Dwelling - Single Detached,44.70276253526055,-63.71282905601136
8302,BP-2021-02137,2021-02-22,300000,New Building,New Building,Completed,WHITES LAKE,District 13,1,1,Dwelling - Single Detached,44.51436340490744,-63.76834698133165
8303,BP-2021-02146,2021-04-13,2000,Renovation,Renovation,Expired,FALL RIVER,District 01,0,1,Commercial,44.807721597428426,-63.63982296783852
8304,BP-2021-02184,,5000,Renovation,Renovation,Cancelled,HALIFAX,District 07,2,3,Dwelling - Semi-Detached,44.64023710145979,-63.58445845802331
8305,BP-2021-02193,2021-03-02,180000,New Building,New Building,Completed,HERRING COVE,District 11,1,1,Dwelling - Single Detached,44.574318130892955,-63.57222058997465
8306,BP-2021-02197,2021-10-06,3000,Renovation,Renovation,Expired (Closed),HALIFAX,District 09,0,1,Dwelling - Single Detached,44.65116753156566,-63.610948814987765
8307,BP-2021-02209,2021-03-02,180000,New Building,New Building,Completed,HERRING COVE,District 11,1,1,Dwelling - Single Detached,44.57414337310485,-63.572182164262635
8308,BP-2021-02213,2021-03-02,2000,Renovation,Renovation,Expired,DARTMOUTH,District 05,0,1,Dwelling - Single Detached,44.669939961765735,-63.56714128913079
8309,BP-2021-02230,2021-04-19,8521,Renovation,Renovation,Completed,HALIFAX,District 09,0,1,Dwelling - Single Detached,44.65145771780896,-63.60145578554097
8310,BP-2021-02244,2021-02-23,41500,Renovation,Renovation,Expired (Closed),DARTMOUTH,District 06,0,2,Dwelling - Single Detached,44.69604723619062,-63.543981694125925
8311,BP-2021-02276,2021-02-26,685000,New Building,New Building,Completed,BEDFORD,District 16,1,3,Dwelling - Single Detached,44.70266758945193,-63.712175970347595
8312,BP-2021-02290,2021-02-26,275000,Renovation,Renovation,Expired,LOWER SACKVILLE,District 15,0,2,Commercial,44.759973615196174,-63.65077737853715
8313,BP-2021-02300,,329000,Addition,Addition,Withdrawn,HALIFAX,District 09,0,2,Dwelling - Single Detached,44.6491562647678,-63.60110348964089
8314,BP-2021-02314,2021-02-23,300000,New Building,New Building,Completed,BROOKSIDE,District 13,1,1,Dwelling - Single Detached,44.554808558100895,-63.711209223907005
8315,BP-2021-02317,2021-02-25,375000,New Building,New Building,Completed,WELLINGTON,District 01,1,1,Dwelling - Single Detached,44.867365924931306,-63.605038040853444
8316,BP-2021-02340,2021-11-08,15110572,New Building,New Building,Completed,BEDFORD,District 16,66,7,Dwelling - Multiple Units,44.72540082814643,-63.69672822770508
8317,BP-2021-02342,2021-07-15,184500,New Building,New Building,Cancelled,EAST PETPESWICK,District 02,1,2,Dwelling - Single Detached,44.68958441214623,-63.14534922180693
8318,BP-2021-02356,2021-03-05,200000,New Building,New Building,Completed,HALIFAX,District 11,2,3,Dwelling - Semi-Detached,44.592013623011866,-63.59838000149001
8319,BP-2021-02368,2021-05-05,40000,New Building,New Building,Expired,DARTMOUTH,District 05,0,1,Accessory Structure,44.66882228442394,-63.58069491335596
8320,BP-2021-02404,2021-04-23,432710,Renovation,Renovation,Expired,DARTMOUTH,District 05,0,8,Commercial,44.66558333840882,-63.56992187770611
8321,BP-2021-02415,2021-03-22,2671.06,Renovation,Renovation,Completed,DARTMOUTH,District 06,0,2,Dwelling - Semi-Detached,44.68252354626684,-63.50092773583151
8322,BP-2021-02423,2021-06-14,40000,New Building,New Building,Completed,EAST LAWRENCETOWN,District 02,0,1,Accessory Structure,44.65502149728695,-63.34133632211591
8323,BP-2021-02429,,285000,New Building,New Building,Withdrawn,DARTMOUTH,District 06,1,2,Dwelling - Single Detached,44.71181301329144,-63.546957841269794
8324,BP-2021-02441,2021-02-25,400000,New Building,New Building,Completed,UPPER TANTALLON,District 13,1,1,Dwelling - Single Detached,44.70438333573813,-63.889528440861454
8325,BP-2021-02458,2021-06-18,42898911,New Building,New Building,Issued,HALIFAX,District 10,324,13,Mixed Use - Residential & Other Use(s),44.65574635745054,-63.6306700490814
8326,BP-2021-02472,2021-02-24,68000,Renovation,Renovation,Expired (Closed),HALIFAX,District 08,0,3,Dwelling - Townhouse,44.66466995210282,-63.60335777384324
8327,BP-2021-02485,2022-04-19,13000000,New Building,New Building,Completed,HALIFAX,District 07,101,9,Dwelling - Multiple Units,44.63593716166372,-63.58042389868965
8328,BP-2021-02518,2021-02-26,400000,Renovation,Renovation,Completed,WEST PORTERS LAKE,District 02,0,1,Dwelling - Single Detached,44.67307975432253,-63.305476000340555
8329,BP-2021-02521,2021-03-11,516000,Renovation,Renovation,Completed,DARTMOUTH,District 03,0,3,Commercial,44.662214246439916,-63.54466210431502
8330,BP-2021-02530,2021-03-23,28000,New Building,New Building,Completed,DARTMOUTH,District 06,0,1,Accessory Structure,44.69741824632308,-63.5431118093257
8331,BP-2021-02534,,345000,Renovation,Renovation,Applicant Revisions,BEECHVILLE,District 12,0,2,Commercial,44.63958090674638,-63.664490413470695
8332,BP-2021-02549,2021-04-28,10000,New Building,New Building,Expired,,District 01,0,1,Accessory Structure,44.92820922231222,-63.52599218940917
8333,BP-2021-02568,2021-03-24,50000,Renovation,Renovation,Issued,HALIFAX,District 09,1,2,Dwelling - Multiple Units,44.64269581931557,-63.6074079713331
8334,BP-2021-02587,2022-02-01,10000,Renovation,Renovation,Completed,HALIFAX,District 10,1,2,Dwelling - Multiple Units,44.650342928471126,-63.6412963024026
8335,BP-2021-02597,2021-07-20,200000,New Building,New Building,Expired,EASTERN PASSAGE,District 03,4,2,Dwelling - Semi-Detached,44.61461536340332,-63.4673985780271
8336,BP-2021-02613,2021-09-10,8200000,New Building,New Building,Cancelled,DARTMOUTH,District 03,41,6,Dwelling - Multiple Units,44.667197502359,-63.54738304948326
8337,BP-2021-02619,2021-03-09,250000,New Building,New Building,Completed,MIDDLE SACKVILLE,District 14,1,3,Dwelling - Single Detached,44.77972876191184,-63.7345295636102
8338,BP-2021-02624,2021-04-23,440000,New Building,New Building,Completed,HUBLEY,District 13,1,2,Dwelling - Single Detached,44.66342524119616,-63.811298153388854
8339,BP-2021-02635,2022-04-06,36000,Addition,Addition,Expired,DARTMOUTH,District 06,0,1,Dwelling - Single Detached,44.70919236004857,-63.54778303091507
8340,BP-2021-02643,2022-12-19,8000,Addition,Addition,Issued,LOWER SACKVILLE,District 15,0,1,Dwelling - Single Detached,44.76243586651827,-63.66150095829751
8341,BP-2021-02669,2021-05-06,1110000,New Building,New Building,Completed,HALIFAX,District 11,1,2,Dwelling - Single Detached,44.61917458477078,-63.57743784336035
8342,BP-2021-02677,2021-04-13,17000,Renovation,Renovation,Completed,DARTMOUTH,District 03,1,2,Dwelling - Multiple Units,44.64571976619413,-63.53720875652878
8343,BP-2021-02686,2021-03-04,250000,New Building,New Building,Completed,MIDDLE SACKVILLE,District 14,1,3,Dwelling - Single Detached,44.780247780749,-63.734979919262294
8344,BP-2021-02694,2021-03-02,180000,New Building,New Building,Completed,HERRING COVE,District 11,1,1,Dwelling - Single Detached,44.57394929839745,-63.57220505360207
8345,BP-2021-02703,2021-03-09,250000,New Building,New Building,Completed,MIDDLE SACKVILLE,District 14,1,3,Dwelling - Single Detached,44.780938779531986,-63.73591462621565
8346,BP-2021-02713,2021-03-03,19000,Addition,Addition,Completed,BOUTILIERS POINT,District 13,0,1,Dwelling - Single Detached,44.65580399201485,-63.94970559762669
8347,BP-2021-02724,2021-03-19,250000,New Building,New Building,Completed,LAKE LOON,District 04,1,1,Dwelling - Single Detached,44.711837172281314,-63.501775123981176
8348,BP-2021-02733,2021-03-04,375000,New Building,New Building,Completed,BEDFORD,District 16,1,2,Dwelling - Single Detached,44.715069478419764,-63.70481248140717
8349,BP-2021-02757,2021-08-10,4000,Addition,Addition,Completed,DARTMOUTH,District 03,0,1,Dwelling - Semi-Detached,44.645990534880326,-63.541582812676275
8350,BP-2021-02773,2021-03-02,450000,New Building,New Building,Completed,MIDDLE SACKVILLE,District 14,1,2,Dwelling - Single Detached,44.786196704959174,-63.7479662494154
8351,BP-2021-02783,2021-04-13,480000,New Building,New Building,Completed,HUBLEY,District 13,1,2,Dwelling - Single Detached,44.662101054961305,-63.810896896900346
8352,BP-2021-02797,2021-05-06,625000,New Building,New Building,Completed,HALIFAX,District 08,0,1,Institutional and Governmental,44.66441468280884,-63.599085812331296
8353,BP-2021-02807,2021-03-19,50000,Renovation,Renovation,Completed,LOWER SACKVILLE,District 15,1,2,Dwelling - Single Detached,44.78193124247894,-63.68598670386544
8354,BP-2021-02820,2021-03-18,25000,Renovation,Renovation,Expired,HALIFAX,District 09,0,3,Dwelling - Single Detached,44.64141604430349,-63.6006805068805
8355,BP-2021-02831,2022-04-12,12643000,Addition,Addition,Issued,HALIFAX,District 10,78,7,Mixed Use - Residential & Other Use(s),44.658869385179536,-63.63221723713086
8356,BP-2021-02831,2022-04-12,12643000,Addition,Addition,Issued,HALIFAX,District 10,78,7,Mixed Use - Residential & Other Use(s),44.658869385179536,-63.63221723713086
8357,BP-2021-02842,2021-03-04,500,Renovation,Renovation,Completed,DARTMOUTH,District 03,0,2,Dwelling - Single Detached,44.66256732914255,-63.54771555645032
8358,BP-2021-02854,2021-03-04,15000,Renovation,Renovation,Expired (Closed),WINDSOR JUNCTION,District 01,0,2,Dwelling - Single Detached,44.79759890198263,-63.651426021115704
8359,BP-2021-02870,2021-03-05,350000,New Building,New Building,Completed,FALL RIVER,District 01,1,2,Dwelling - Single Detached,44.80883871659403,-63.588158859576716
8360,BP-2021-02874,,112000,New Building,New Building,Applicant Revisions,,District 13,1,1,Dwelling - Seasonal,44.468208822732215,-63.78609727291693
8361,BP-2021-02886,2021-04-14,11275,New Building,New Building,Completed,WEST LOON LAKE,District 01,0,1,Accessory Structure,45.26336362304066,-62.72666012568455
8362,BP-2021-02888,2021-06-02,100000,Renovation,Renovation,Expired,HALIFAX,District 08,0,5,Commercial,44.653491773404276,-63.58571287065244
8363,BP-2021-02892,2021-03-23,120000,Addition,Addition,Issued,HALIFAX,District 10,0,2,Dwelling - Single Detached,44.67153291834199,-63.653133298928964
8364,BP-2021-02909,2021-03-05,350000,New Building,New Building,Completed,FALL RIVER,District 01,1,2,Dwelling - Single Detached,44.80863255050211,-63.58731499246812
8365,BP-2021-02912,2021-03-25,20000,New Building,New Building,Expired,BEDFORD,District 16,0,1,Accessory Structure,44.701273593837215,-63.701108178913906
8366,BP-2021-02932,2021-03-22,626000,New Building,New Building,Expired (Closed),LAKE LOON,District 04,1,1,Dwelling - Single Detached,44.69990241531036,-63.49630917793172
8367,BP-2021-02965,2021-05-11,15500,Renovation,Renovation,Completed,HALIFAX,District 09,1,2,Dwelling - Single Detached,44.64405908688244,-63.63581003289424
8368,BP-2021-02974,2021-05-20,75000,New Building,New Building,Expired,LUCASVILLE,District 14,0,1,Accessory Structure,44.74107205674356,-63.747313344462206
8369,BP-2021-02987,,67700,Renovation,Renovation,Application Incomplete,DARTMOUTH,District 03,1,2,Dwelling - Multiple Units,44.637193128847926,-63.52485062475895
8370,BP-2021-02989,2021-06-30,133500,Addition,Addition,Completed,HALIFAX,District 09,0,2,Dwelling - Single Detached,44.643551816894856,-63.59511218363141
8371,BP-2021-03002,2021-04-01,36500,Addition,Addition,Completed,SPRY BAY,District 02,0,1,Dwelling - Single Detached,44.83728050583353,-62.58143885581162
8372,BP-2021-03012,2021-03-09,375000,New Building,New Building,Completed,TANTALLON,District 13,1,2,Dwelling - Single Detached,44.649433706862744,-63.897452162114725
8373,BP-2021-03031,2021-03-04,26000,New Building,New Building,Completed,BOUTILIERS POINT,District 13,0,1,Accessory Structure,44.67390249678115,-63.929847051625174
8374,BP-2021-03042,2021-11-23,350000,Addition,Addition,Issued,HALIFAX,District 07,4,3,Commercial,44.634764858984894,-63.57924726792327
8375,BP-2021-03064,2021-05-05,1250000,New Building,New Building,Completed,MIDDLE SACKVILLE,District 14,2,2,Dwelling - Multiple Units,44.78814252307977,-63.76313985482951
8376,BP-2021-03073,2021-03-09,225000,New Building,New Building,Completed,MIDDLE SACKVILLE,District 14,1,2,Dwelling - Single Detached,44.78030611746749,-63.73567932336126
8377,BP-2021-03081,2021-04-13,90000,Renovation,Renovation,Completed,BEDFORD,District 16,0,1,Commercial,44.701961706922326,-63.68784848803569
8378,BP-2021-03088,2021-03-10,457000,New Building,New Building,Completed,HUBLEY,District 13,1,1,Dwelling - Single Detached,44.675275329311404,-63.82464261414331
8379,BP-2021-03127,,99000,New Building,New Building,Withdrawn,HALIFAX,District 10,1,1,Dwelling - Single Detached,44.67788932796991,-63.65665339650089
8380,BP-2021-03129,2021-03-11,190000,New Building,New Building,Completed,HALIFAX,District 10,1,1,Dwelling - Single Detached,44.67722288792372,-63.658856206436255
8381,BP-2021-03134,2021-04-13,200000,New Building,New Building,Completed,TIMBERLEA,District 12,1,2,Dwelling - Single Detached,44.64173323014983,-63.72086194928934
8382,BP-2021-03138,2021-03-29,200000,New Building,New Building,Completed,TIMBERLEA,District 12,1,2,Dwelling - Single Detached,44.64188986326862,-63.7200964155749
8383,BP-2021-03142,2021-03-22,500000,New Building,New Building,Completed,MIDDLE SACKVILLE,District 14,1,3,Dwelling - Single Detached,44.78213097839991,-63.74552220447189
8384,BP-2021-03152,2021-03-16,190000,New Building,New Building,Completed,HALIFAX,District 10,1,1,Dwelling - Single Detached,44.67727136361312,-63.65866066745076
8385,BP-2021-03155,2021-03-25,259000,New Building,New Building,Completed,HALIFAX,District 10,1,3,Dwelling - Single Detached,44.677043321039854,-63.65758605292669
8386,BP-2021-03193,2021-03-09,157850,New Building,New Building,Completed,DARTMOUTH,District 06,1,3,Dwelling - Single Detached,44.698548001512556,-63.535871983622066
8387,BP-2021-03202,2021-11-10,13572120,New Building,New Building,Completed,HALIFAX,District 08,93,8,Mixed Use - Residential & Other Use(s),44.65572023618195,-63.598851203524724
8388,BP-2021-03205,2021-08-12,100000,Renovation,Renovation,Completed,DARTMOUTH,District 06,1,3,Dwelling - Multiple Units,44.68878241645526,-63.53160598599083
8389,BP-2021-03222,2021-04-01,600000,New Building,New Building,Completed,WAVERLEY,District 01,1,2,Dwelling - Single Detached,44.78135942956147,-63.59809565916801
8390,BP-2021-03229,2021-03-15,80000,New Building,New Building,Completed,UPPER HAMMONDS PLAINS,District 14,0,2,Accessory Structure,44.745424418925055,-63.832275444090364
8391,BP-2021-03232,,5500,Renovation,Renovation,Withdrawn,LOWER SACKVILLE,District 15,0,1,Dwelling - Single Detached,44.76623840586847,-63.67604375900453
8392,BP-2021-03241,2021-03-09,8000,Renovation,Renovation,Expired (Closed),HALIFAX,District 10,0,2,Dwelling - Single Detached,44.656299079040835,-63.64130188544391
8393,BP-2021-03253,2021-03-08,500000,New Building,New Building,Completed,BEDFORD,District 16,1,2,Dwelling - Single Detached,44.72019039421375,-63.71685045293614
8394,BP-2021-03265,2021-03-09,375000,New Building,New Building,Cancelled,UPPER TANTALLON,District 13,1,3,Dwelling - Single Detached,44.704683643578214,-63.8904308456083
8395,BP-2021-03278,2021-07-28,740000,New Building,New Building,Completed,BEAVER BANK,District 15,0,2,Commercial,44.79186055443707,-63.67642614044571
8396,BP-2021-03282,2024-09-16,65000,New Building,New Building,Issued,MUSQUODOBOIT HARBOUR,District 02,0,1,Commercial,44.80980431888975,-63.19754941143794
8397,BP-2021-03286,2021-04-20,450000,New Building,New Building,Completed,BOUTILIERS POINT,District 13,2,3,Dwelling - Single Detached,44.67261114264423,-63.92980207177928
8398,BP-2021-03290,2021-06-10,20000,Renovation,Renovation,Expired,HALIFAX,District 11,1,2,Dwelling - Multiple Units,44.614794055894144,-63.613292672751946
8399,BP-2021-03293,2021-03-19,325000,New Building,New Building,Completed,BROOKSIDE,District 13,1,2,Dwelling - Single Detached,44.52748858072666,-63.707201352594495
8400,BP-2021-03302,,12000,New Building,New Building,Applicant Revisions,LOWER SACKVILLE,District 15,0,1,Accessory Structure,44.76459571444525,-63.68636203200008
8401,BP-2021-03311,2021-04-01,400000,New Building,New Building,Completed,UPPER SACKVILLE,District 14,1,1,Dwelling - Single Detached,44.83718602736559,-63.78879950064438
8402,BP-2021-03323,2021-08-23,60000,Renovation,Renovation,Completed,HALIFAX,District 07,0,6,Commercial,44.63920375243715,-63.58999906150284
8403,BP-2021-03332,2021-05-20,329000,Renovation,Renovation,Completed,TIMBERLEA,District 12,0,1,Commercial,44.64688142215451,-63.71606752224993
8404,BP-2021-03352,2021-05-20,36000,New Building,New Building,Completed,EASTERN PASSAGE,District 03,0,1,Accessory Structure,44.60707286013504,-63.484680936998316
8405,BP-2021-03360,2021-04-26,182000,Addition,Addition,Completed,LOWER SACKVILLE,District 15,0,1,Commercial,44.75925168888754,-63.66074752661848
8406,BP-2021-03364,2021-04-09,140000,New Building,New Building,Completed,MIDDLE SACKVILLE,District 14,1,2,Dwelling - Single Detached,44.79333186836992,-63.76907428296851
8407,BP-2021-03373,2021-03-09,132600,New Building,New Building,Completed,DARTMOUTH,District 06,1,3,Dwelling - Single Detached,44.69801426319309,-63.535696109450626
8408,BP-2021-03375,2021-03-09,157600,New Building,New Building,Completed,DARTMOUTH,District 06,1,3,Dwelling - Single Detached,44.69787090696651,-63.53493903216453
8409,BP-2021-03383,2021-04-13,40000,Renovation,Renovation,Expired,BEDFORD,District 16,0,1,Dwelling - Single Detached,44.72693972692666,-63.66670549446963
8410,BP-2021-03390,2022-03-07,1400000,New Building,New Building,Expired,BEDFORD,District 16,0,1,Commercial,44.70916159420464,-63.70856103110303
8411,BP-2021-03395,2021-03-16,370000,New Building,New Building,Issued,DARTMOUTH,District 06,1,2,Dwelling - Single Detached,44.720062755019796,-63.54461092165896
8412,BP-2021-03398,2021-10-07,5000000,New Building,New Building,Expired,DARTMOUTH,District 05,42,8,Mixed Use - Residential & Other Use(s),44.667680275667514,-63.56262669495563
8413,BP-2021-03410,2025-05-30,900000,New Building,New Building,Amendment Applicant Revisions,COLE HARBOUR,District 04,5,2,Dwelling - Townhouse,44.67516626643319,-63.49491931330846
8414,BP-2021-03441,2021-04-19,135500,Renovation,Renovation,Issued,FALL RIVER,District 01,0,10,Commercial,44.81372017361039,-63.61583686494681
8415,BP-2021-03464,2021-05-13,180000,New Building,New Building,Completed,BROOKSIDE,District 13,1,2,Dwelling - Single Detached,44.55912384149376,-63.73037362052281
8416,BP-2021-03476,2021-06-29,30000,New Building,New Building,Expired,EAST LAWRENCETOWN,District 02,0,2,Accessory Structure,44.65315554723365,-63.339868175937475
8417,BP-2021-03483,2021-03-15,25742,Renovation,Renovation,Expired,WEST PORTERS LAKE,District 02,0,3,Dwelling - Single Detached,44.67577963646949,-63.3109168712696
8418,BP-2021-03487,2021-06-25,750000,New Building,New Building,Completed,HATCHET LAKE,District 13,2,2,Mixed Use - Residential & Other Use(s),44.57220269237169,-63.71324954841427
8419,BP-2021-03491,2021-03-23,500000,New Building,New Building,Completed,MONTAGUE GOLD MINES,District 01,1,2,Dwelling - Single Detached,44.72464230972395,-63.52412207894702
8420,BP-2021-03500,2021-03-23,50000,Renovation,Renovation,Completed,DARTMOUTH,District 05,0,3,Dwelling - Single Detached,44.671689795372075,-63.56629159403656
8421,BP-2021-03508,2021-03-15,100000,Renovation,Renovation,Cancelled,BEDFORD,District 16,0,3,Dwelling - Single Detached,44.71097992709368,-63.69316670992597
8422,BP-2021-03544,2021-03-25,30000,Renovation,Renovation,Expired,PORTERS LAKE,District 02,1,2,Dwelling - Multiple Units,44.744162762352154,-63.30083525477168
8423,BP-2021-03552,2021-03-18,220000,New Building,New Building,Expired,SMITHS SETTLEMENT,District 02,1,1,Dwelling - Single Detached,44.785038605809596,-63.100434876070175
8424,BP-2021-03559,2021-03-24,215000,Addition,Addition,Expired (Closed),HALIFAX,District 09,0,2,Dwelling - Single Detached,44.648626504195505,-63.606628060148054
8425,BP-2021-03574,2021-05-28,775000,New Building,New Building,Completed,WELLINGTON,District 01,1,1,Dwelling - Single Detached,44.85348251856422,-63.611532098451896
8426,BP-2021-03588,2021-04-14,144467,Renovation,Renovation,Expired,HALIFAX,District 08,0,8,Commercial,44.66774701786223,-63.60026343278929
8427,BP-2021-03602,2022-03-07,30000,Renovation,Renovation,Completed,HALIFAX,District 10,1,1,Dwelling - Multiple Units,44.6586630113699,-63.63493961518117
8428,BP-2021-03608,2021-06-25,206000,Renovation,Renovation,Expired (Closed),HALIFAX,District 12,0,4,Dwelling - Multiple Units,44.66990593911155,-63.676195194243306
8429,BP-2021-03611,,350000,Addition,Addition,Withdrawn,HALIFAX,District 08,2,3,Dwelling - Multiple Units,44.65040045533907,-63.58218758685868
8430,BP-2021-03620,,6000,Renovation,Renovation,Withdrawn,DARTMOUTH,District 05,1,3,Dwelling - Single Detached,44.67037751173363,-63.5559715929717
8431,BP-2021-03628,2021-07-30,10000,Addition,Addition,Expired,HALIFAX,District 07,0,2,Dwelling - Single Detached,44.63802555361493,-63.598368162347874
8432,BP-2021-03646,,341197,Addition,Addition,Withdrawn,BEDFORD,District 16,0,1,Commercial,44.74045206436728,-63.654358883569074
8433,BP-2021-03661,2021-04-13,200000,New Building,New Building,Completed,TIMBERLEA,District 12,1,2,Dwelling - Single Detached,44.64169303887522,-63.72098489917903
8434,BP-2021-03666,2021-04-13,200000,New Building,New Building,Completed,TIMBERLEA,District 12,1,2,Dwelling - Single Detached,44.641597118907086,-63.721223570189466
8435,BP-2021-03684,2021-03-18,271000,Renovation,Renovation,Completed,DARTMOUTH,District 06,0,1,Commercial,44.70546760081581,-63.561180281035746
8436,BP-2021-03695,2021-06-30,41500,Renovation,Renovation,Completed,DARTMOUTH,District 05,0,12,Dwelling - Multiple Units,44.666918282205884,-63.57139625207966
8437,BP-2021-03722,,48800,Renovation,Renovation,Withdrawn,HALIFAX,District 10,0,1,Dwelling - Multiple Units,44.65796160750631,-63.651341548019644
8438,BP-2021-03733,2021-03-22,185000,New Building,New Building,Completed,HALIFAX,District 11,1,3,Dwelling - Single Detached,44.60986365627369,-63.60403946389248
8439,BP-2021-03734,2021-04-13,200000,New Building,New Building,Completed,TIMBERLEA,District 12,1,2,Dwelling - Single Detached,44.641007435198254,-63.722002252690906
8440,BP-2021-03756,2021-04-07,15000,New Building,New Building,Completed,FLETCHERS LAKE,District 01,0,1,Accessory Structure,44.84923262301373,-63.60030484122042
8441,BP-2021-03770,2021-06-24,12400,Addition,Addition,Expired,BAYSIDE,District 13,0,1,Dwelling - Single Detached,44.53053931032882,-63.80288136916664
8442,BP-2021-03776,2021-03-24,50000,Renovation,Renovation,Completed,HALIFAX,Unidentified,0,1,Commercial,44.663770455705425,-63.65858799042755
8443,BP-2021-03784,2021-04-26,8000,Renovation,Renovation,Completed,DARTMOUTH,District 03,0,1,Industrial,44.65756964004378,-63.547332089067744
8444,BP-2021-03795,2021-04-13,250000,New Building,New Building,Expired,WATT SECTION,District 02,1,1,Dwelling - Single Detached,44.91291621319714,-62.507754206148135
8445,BP-2021-03801,2021-03-16,530000,New Building,New Building,Completed,BEDFORD,District 16,1,2,Dwelling - Single Detached,44.70266100902814,-63.71535345897582
8446,BP-2021-03806,2021-05-28,48800,Renovation,Renovation,Completed,MUSQUODOBOIT HARBOUR,District 02,0,2,Dwelling - Multiple Units,44.78638481289316,-63.14713886277952
8447,BP-2021-03811,,5200,Renovation,Renovation,Withdrawn,BOUTILIERS POINT,District 13,1,2,Dwelling - Multiple Units,44.67412564576968,-63.929416999899445
8448,BP-2021-03821,2021-03-22,530000,New Building,New Building,Completed,BEDFORD,District 16,1,2,Dwelling - Single Detached,44.70263123235255,-63.71518275677735
8449,BP-2021-03822,2021-04-06,47900,Renovation,Renovation,Completed,COLE HARBOUR,District 04,0,3,Dwelling - Multiple Units,44.676047047137956,-63.49373091519975
8450,BP-2021-03829,2021-06-25,414000,New Building,New Building,Completed,,District 13,1,2,Dwelling - Single Detached,44.66267504731725,-63.96793568019195
8451,BP-2021-03837,2021-03-22,11500,New Building,New Building,Expired,LAKE LOON,District 04,0,1,Accessory Structure,44.69990241531036,-63.49630917793172
8452,BP-2021-03873,2021-03-25,37000,New Building,New Building,Completed,LUCASVILLE,District 14,1,2,Dwelling - Backyard Suite,44.76450917907514,-63.73625409628207
8453,BP-2021-03874,2021-04-14,53000,Renovation,Renovation,Completed,DARTMOUTH,District 06,0,2,Commercial,44.7081814629039,-63.5786327280008
8454,BP-2021-03887,2021-03-23,800000,New Building,New Building,Completed,FALL RIVER,District 01,1,2,Dwelling - Single Detached,44.819666127486634,-63.64640661199855
8455,BP-2021-03891,2021-04-15,47900,Renovation,Renovation,Completed,COLE HARBOUR,District 04,0,2,Dwelling - Multiple Units,44.67663025471299,-63.49506163663782
8456,BP-2021-03899,2021-04-02,41500,Renovation,Renovation,Completed,HALIFAX,District 08,0,9,Dwelling - Multiple Units,44.65448803995099,-63.586365820303605
8457,BP-2021-03904,2021-04-09,40700,Renovation,Renovation,Completed,LOWER SACKVILLE,District 15,0,1,Dwelling - Multiple Units,44.771146613878706,-63.67671010721121
8458,BP-2021-03907,2021-04-08,260000,New Building,New Building,Completed,TIMBERLEA,District 12,1,2,Dwelling - Single Detached,44.64150213896793,-63.71993800191977
8459,BP-2021-03911,2021-04-09,44200,Renovation,Renovation,Expired,HALIFAX,District 08,0,15,Dwelling - Multiple Units,44.651856281977565,-63.58544010535536
8460,BP-2021-03914,2021-04-09,8000,New Building,New Building,Expired,LAWRENCETOWN,District 02,0,1,Accessory Structure,44.68900883081499,-63.42624827752515
8461,BP-2021-03917,2021-06-09,358000,New Building,New Building,Completed,TIMBERLEA,District 12,1,2,Dwelling - Single Detached,44.64082469181864,-63.72148850466619
8462,BP-2021-03923,2021-06-09,260000,New Building,New Building,Completed,TIMBERLEA,District 12,1,2,Dwelling - Single Detached,44.64073219524434,-63.72156568502445
8463,BP-2021-03928,2021-06-09,350000,New Building,New Building,Completed,TIMBERLEA,District 12,1,2,Dwelling - Single Detached,44.64063394881807,-63.72162268619899
8464,BP-2021-03953,2021-04-01,50000,New Building,New Building,Completed,KETCH HARBOUR,District 11,0,1,Accessory Structure,44.488002462983005,-63.55146100357342
8465,BP-2021-03997,2021-03-29,900000,New Building,New Building,Completed,BEDFORD,District 16,1,3,Dwelling - Single Detached,44.70079084627823,-63.713405054220225
8466,BP-2021-04003,2021-04-09,48380,Addition,Addition,Expired (Closed),HALIFAX,District 09,0,2,Dwelling - Single Detached,44.646928457623936,-63.61057485594369
8467,BP-2021-04019,2021-03-24,5000,Renovation,Renovation,Expired,DARTMOUTH,District 03,0,2,Dwelling - Single Detached,44.66729976929,-63.55154004725325
8468,BP-2021-04049,2021-03-23,11000,New Building,New Building,Completed,OSTREA LAKE,District 02,0,1,Accessory Structure,44.7808905297383,-63.103226397977785
8469,BP-2021-04070,,2000,Renovation,Renovation,Applicant Revisions,HALIFAX,District 07,1,2,Dwelling - Multiple Units,44.6318463698449,-63.57276491647454
8470,BP-2021-04083,,650000,New Building,New Building,Withdrawn,PORTUGUESE COVE,District 11,1,2,Dwelling - Single Detached,44.527697345986745,-63.53620398519656
8471,BP-2021-04093,2021-04-19,5000,Addition,Addition,Completed,GLEN HAVEN,District 13,0,1,Dwelling - Single Detached,44.648699950097665,-63.90840160622807
8472,BP-2021-04099,2021-06-22,62000,Renovation,Renovation,Issued,HALIFAX,District 10,1,1,Dwelling - Multiple Units,44.6518855303649,-63.63973869385712
8473,BP-2021-04110,2021-05-14,2520626,Renovation,Renovation,Expired (Closed),HALIFAX,District 07,0,7,Institutional and Governmental,44.641911063203345,-63.571777374050725
8474,BP-2021-04119,2021-03-23,400000,New Building,New Building,Completed,BEDFORD,District 16,1,2,Dwelling - Single Detached,44.70236903305576,-63.715876930000874
8475,BP-2021-04132,,40000,Addition,Addition,Withdrawn,HALIFAX,District 08,0,3,Dwelling - Semi-Detached,44.65245049389049,-63.591559552502275
8476,BP-2021-04134,2021-12-07,6000000,New Building,New Building,Completed,HALIFAX,District 16,39,7,Dwelling - Multiple Units,44.69676391778697,-63.661297226825404
8477,BP-2021-04143,2021-05-13,277000,New Building,New Building,Completed,BEAVER BANK,District 15,1,3,Dwelling - Single Detached,44.835012104362036,-63.68665849405058
8478,BP-2021-04152,2021-03-22,157600,New Building,New Building,Completed,DARTMOUTH,District 06,1,3,Dwelling - Single Detached,44.699186703438684,-63.53604099372051
8479,BP-2021-04181,2021-03-24,43000,Renovation,Renovation,Expired,BEDFORD,District 16,0,2,Dwelling - Single Detached,44.730229886124334,-63.65455966701455
8480,BP-2021-04224,2021-05-07,650000,New Building,New Building,Completed,PORTUGUESE COVE,District 11,1,2,Dwelling - Single Detached,44.527697345986745,-63.53620398519656
8481,BP-2021-04224,2021-05-07,650000,New Building,New Building,Completed,PORTUGUESE COVE,District 11,1,2,Dwelling - Single Detached,44.527697345986745,-63.53620398519656
8482,BP-2021-04227,2021-05-04,250000,New Building,New Building,Completed,HALIFAX,District 11,2,3,Dwelling - Semi-Detached,44.601004119994016,-63.601113426841636
8483,BP-2021-04235,2021-04-09,75000,Addition,Addition,Cancelled,HALIFAX,District 09,0,2,Dwelling - Single Detached,44.65087547354595,-63.626407826721426
8484,BP-2021-04250,2021-11-19,1500,Renovation,Renovation,Completed,HALIFAX,District 11,1,2,Dwelling - Multiple Units,44.63351413141589,-63.62338994510421
8485,BP-2021-04254,2021-03-24,233600,Addition,Addition,Completed,FALL RIVER,District 01,0,2,Dwelling - Single Detached,44.83432885810676,-63.61519216411209
8486,BP-2021-04260,2021-08-04,448000,New Building,New Building,Expired,WHITES LAKE,District 13,1,2,Dwelling - Seasonal,44.51076012394754,-63.7727593189824
8487,BP-2021-04273,2021-03-23,85000,Renovation,Renovation,Expired,DARTMOUTH,District 06,0,2,Dwelling - Single Detached,44.698902904641145,-63.53742739334395
8488,BP-2021-04281,2021-03-25,40000,New Building,New Building,Issued,BEAVER BANK,District 15,0,1,Accessory Structure,44.82499395955166,-63.678403383529236
8489,BP-2021-04283,2021-04-19,55000,Renovation,Renovation,Completed,HALIFAX,District 07,0,2,Dwelling - Single Detached,44.62988505674794,-63.58939590311028
8490,BP-2021-04288,2021-03-25,200000,New Building,New Building,Completed,TIMBERLEA,District 12,1,3,Dwelling - Single Detached,44.640857872570926,-63.72346375115402
8491,BP-2021-04306,2021-03-25,160000,New Building,New Building,Completed,TIMBERLEA,District 12,1,3,Dwelling - Single Detached,44.640440992374366,-63.72288803169984
8492,BP-2021-04313,2021-08-06,117602,Addition,Addition,Expired (Closed),HALIFAX,District 07,0,2,Dwelling - Single Detached,44.6335293980511,-63.58078089298922
8493,BP-2021-04314,2021-03-23,695000,New Building,New Building,Completed,BEDFORD,District 16,1,2,Dwelling - Single Detached,44.70303595393174,-63.71633528285513
8494,BP-2021-04322,2021-03-24,21000,Renovation,Renovation,Expired,WINDSOR JUNCTION,District 01,0,1,Dwelling - Single Detached,44.79069573238669,-63.654927103748776
8495,BP-2021-04342,2021-05-19,11000,Addition,Addition,Completed,EAST PETPESWICK,District 02,0,1,Dwelling - Single Detached,44.762018615799036,-63.151552078891754
8496,BP-2021-04350,2021-04-09,15000,New Building,New Building,Expired,LAWRENCETOWN,District 02,0,1,Accessory Structure,44.68600387735384,-63.39978942803808
8497,BP-2021-04352,2021-04-13,30000,New Building,New Building,Expired,DEVON,District 01,0,2,Accessory Structure,44.905095084471064,-63.43002799188487
8498,BP-2021-04355,2021-05-21,50000,Renovation,Renovation,Completed,HALIFAX,District 12,1,1,Dwelling - Multiple Units,44.678434843244204,-63.67392019399044
8499,BP-2021-04383,2021-04-12,350000,New Building,New Building,Completed,BEAVER BANK,District 15,1,2,Dwelling - Single Detached,44.83560780233167,-63.66211258107624
8500,BP-2021-04385,2021-05-06,250000,New Building,New Building,Completed,HALIFAX,District 11,2,3,Dwelling - Semi-Detached,44.60060904829511,-63.6015963993392
8501,BP-2021-04387,2021-04-13,100000,Renovation,Renovation,Expired,BAYSIDE,District 13,0,2,Dwelling - Multiple Units,44.536186688056,-63.792677148448405
8502,BP-2021-04394,2021-06-09,250000,New Building,New Building,Completed,HALIFAX,District 11,2,3,Dwelling - Semi-Detached,44.60080975766714,-63.601679039334705
8503,BP-2021-04395,2021-04-13,160000,New Building,New Building,Completed,TIMBERLEA,District 12,1,3,Dwelling - Single Detached,44.64010790362396,-63.723373787967624
8504,BP-2021-04403,2021-05-20,348700,New Building,New Building,Expired,LOWER SACKVILLE,District 15,0,1,Accessory Structure,44.754874330621305,-63.657728520865646
8505,BP-2021-04408,2021-03-25,160000,New Building,New Building,Completed,TIMBERLEA,District 12,1,3,Dwelling - Single Detached,44.6400126458256,-63.723419379318
8506,BP-2021-04414,2021-04-19,26000,Renovation,Renovation,Completed,BEDFORD,District 16,0,1,Commercial,44.70089198846454,-63.68865804527692
8507,BP-2021-04421,2021-04-15,200000,New Building,New Building,Completed,HALIFAX,District 11,2,2,Dwelling - Semi-Detached,44.59148474569869,-63.599838078367796
8508,BP-2021-04430,2021-04-13,130000,New Building,New Building,Completed,GAETZ BROOK,District 02,2,1,Dwelling - Semi-Detached,44.764233119089184,-63.214475791300615
8509,BP-2021-04434,2021-05-26,2250,Renovation,Renovation,Expired,WEST PETPESWICK,District 02,0,1,Mixed Use - Residential & Other Use(s),44.73507963428737,-63.171545542160665
8510,BP-2021-04448,2021-05-14,25000,Renovation,Renovation,Completed,DARTMOUTH,District 06,0,2,Commercial,44.70298997813389,-63.593308936518106
8511,BP-2021-04471,2021-03-30,350000,New Building,New Building,Completed,MIDDLE SACKVILLE,District 14,1,1,Dwelling - Single Detached,44.78684198892813,-63.73821999483175
8512,BP-2021-04474,2021-03-31,300000,New Building,New Building,Completed,MIDDLE SACKVILLE,District 14,1,1,Dwelling - Single Detached,44.7886822703721,-63.744082210325644
8513,BP-2021-04478,2021-03-24,14297,Renovation,Renovation,Completed,HEAD OF ST MARGARETS BAY,District 13,0,2,Dwelling - Single Detached,44.68311500497514,-63.90125060647547
8514,BP-2021-04481,2021-10-26,350000,New Building,New Building,Completed,NORTH PRESTON,District 04,1,2,Dwelling - Single Detached,44.73818338399675,-63.465370867164005
8515,BP-2021-04490,2021-07-27,176000,Renovation,Renovation,Completed,HALIFAX,District 09,0,2,Dwelling - Single Detached,44.65094240627266,-63.60769945578057
8516,BP-2021-04494,,400000,New Building,New Building,Cancelled,,District 03,2,2,Dwelling - Semi-Detached,,
8517,BP-2021-04500,,600000,New Building,New Building,Withdrawn,HALIFAX,District 09,4,2,Dwelling - Multiple Units,44.65290832374383,-63.613298860528516
8518,BP-2021-04519,2021-06-24,72000,Addition,Addition,Completed,DARTMOUTH,District 03,0,2,Dwelling - Single Detached,44.64630805677228,-63.54252686793432
8519,BP-2021-04555,2021-03-24,45000,New Building,New Building,Completed,BEDFORD,District 16,1,3,Dwelling - Single Detached,44.70178830838876,-63.71422321401816
8520,BP-2021-04577,2021-04-12,500000,New Building,New Building,Completed,CLAM BAY,District 02,1,1,Dwelling - Single Detached,44.73060218547735,-62.925555644457305
8521,BP-2021-04592,2021-06-01,250000,New Building,New Building,Completed,DARTMOUTH,District 06,1,2,Dwelling - Single Detached,44.72822217904915,-63.54440998935964
8522,BP-2021-04594,2021-07-22,1200000,New Building,New Building,Completed,HALIFAX,District 11,4,2,Dwelling - Townhouse,44.623702767969526,-63.62208934910706
8523,BP-2021-04597,2021-06-30,250000,New Building,New Building,Completed,TIMBERLEA,District 12,1,2,Dwelling - Single Detached,44.6409205817359,-63.72205507744995
8524,BP-2021-04601,2023-06-28,400000,New Building,New Building,Completed,HALIFAX,District 11,3,2,Dwelling - Semi-Detached,44.58576398802583,-63.58829460601419
8525,BP-2021-04625,2021-04-13,15000,Addition,Addition,Completed,LOWER SACKVILLE,District 15,0,1,Dwelling - Single Detached,44.75992218506808,-63.662958399703896
8526,BP-2021-04650,2021-09-22,511000,New Building,New Building,Completed,WILLIAMSWOOD,District 11,1,2,Dwelling - Single Detached,44.53887100540645,-63.65436826138137
8527,BP-2021-04654,,43000,New Building,New Building,Applicant Revisions,HAMMONDS PLAINS,District 14,0,2,Accessory Structure,44.73961445695193,-63.72704728935931
8528,BP-2021-04656,,,Renovation,Renovation,Applicant Revisions,HALIFAX,District 09,1,2,Dwelling - Multiple Units,44.6519755419694,-63.61185433173488
8529,BP-2021-04668,,,Renovation,Renovation,Applicant Revisions,LAKE ECHO,District 02,1,2,Dwelling - Multiple Units,44.734606937556656,-63.40580130722797
8530,BP-2021-04672,2021-04-19,470000,New Building,New Building,Completed,WELLINGTON,District 01,1,2,Dwelling - Single Detached,44.86288646104221,-63.596076112438794
8531,BP-2021-04676,2021-05-06,40000,Renovation,Renovation,Expired,HALIFAX,District 08,0,3,Dwelling - Townhouse,44.665161662511345,-63.604200148663544
8532,BP-2021-04684,2021-05-10,480000,New Building,New Building,Completed,BEAVER BANK,District 15,1,2,Dwelling - Single Detached,44.816964519400074,-63.69957299373933
8533,BP-2021-04690,2021-03-30,20000,New Building,New Building,Completed,MIDDLE SACKVILLE,District 14,0,1,Accessory Structure,44.785408580039814,-63.767849126831265
8534,BP-2021-04692,2021-04-13,160000,New Building,New Building,Completed,TIMBERLEA,District 12,1,3,Dwelling - Single Detached,44.63969095296316,-63.72322444859055
8535,BP-2021-04697,2021-04-06,160000,New Building,New Building,Completed,TIMBERLEA,District 12,1,3,Dwelling - Single Detached,44.63966098863612,-63.723008603001915
8536,BP-2021-04704,2021-03-24,200000,New Building,New Building,Completed,PORTERS LAKE,District 02,1,2,Dwelling - Single Detached,44.754680974047645,-63.29132114778402
8537,BP-2021-04705,2021-07-06,172500,Addition,Addition,Expired (Closed),HALIFAX,District 09,0,1,Dwelling - Single Detached,44.645278236415884,-63.594465100977516
8538,BP-2021-04707,2021-06-25,160000,New Building,New Building,Completed,TIMBERLEA,District 12,1,3,Dwelling - Single Detached,44.64095805275451,-63.72342232144502
8539,BP-2021-04709,,17000,New Building,New Building,Cancelled,WAVERLEY,District 01,0,1,Accessory Structure,44.758323808284224,-63.573555876236185
8540,BP-2021-04713,2021-06-02,540500,New Building,New Building,Completed,DARTMOUTH,District 06,1,1,Dwelling - Single Detached,44.69531305954721,-63.54886899475381
8541,BP-2021-04721,2021-05-13,287000,New Building,New Building,Completed,MIDDLE SACKVILLE,District 14,1,2,Dwelling - Single Detached,44.82281104379796,-63.710796572429395
8542,BP-2021-04755,,25000,New Building,New Building,Applicant Revisions,PORTERS LAKE,District 02,0,1,Accessory Structure,44.78819037514779,-63.36388574385423
8543,BP-2021-04771,2021-06-14,48000,Renovation,Renovation,Completed,DARTMOUTH,District 05,1,2,Dwelling - Multiple Units,44.679008250899784,-63.566286166761756
8544,BP-2021-04786,2021-03-31,32000,New Building,New Building,Completed,MIDDLE SACKVILLE,District 14,0,1,Accessory Structure,44.787937759272495,-63.75148631937989
8545,BP-2021-04795,,8000,New Building,New Building,Applicant Revisions,WATT SECTION,District 02,0,1,Accessory Structure,44.91291621319714,-62.507754206148135
8546,BP-2021-04804,,500000,New Building,New Building,Application Incomplete,HALIFAX,District 16,1,2,Dwelling - Single Detached,44.695323754247134,-63.678938099899284
8547,BP-2021-04815,,414000,New Building,New Building,Application Incomplete,,District 04,1,2,Dwelling - Single Detached,44.741104397083454,-63.46253857467675
8548,BP-2021-04827,2021-05-13,11000,Renovation,Renovation,Expired (Closed),QUEENSLAND,District 13,0,2,Dwelling - Seasonal,44.633063156531264,-64.03164114577622
8549,BP-2021-04846,2021-05-20,150000,Renovation,Renovation,Expired,TIMBERLEA,District 12,0,1,Commercial,44.64702786151743,-63.71649800456618
8550,BP-2021-04849,2021-04-14,500000,New Building,New Building,Completed,TIMBERLEA,District 12,1,2,Dwelling - Single Detached,44.641178531716506,-63.72246012363075
8551,BP-2021-04850,2021-04-19,500000,New Building,New Building,Completed,TIMBERLEA,District 12,1,2,Dwelling - Single Detached,44.64129169867872,-63.72082285924184
8552,BP-2021-04859,2021-07-21,900000,New Building,New Building,Completed,HALIFAX,District 11,3,2,Dwelling - Townhouse,44.6246248055933,-63.62312280960816
8553,BP-2021-04863,2021-04-06,24000,New Building,New Building,Completed,BROOKSIDE,District 13,0,1,Accessory Structure,44.55687330325308,-63.72874517648078
8554,BP-2021-04869,,,Renovation,Renovation,Withdrawn,HALIFAX,District 10,1,3,Dwelling - Single Detached,44.678847589666326,-63.6551005998946
8555,BP-2021-04871,2021-04-19,725000,New Building,New Building,Completed,BEDFORD,District 16,1,3,Dwelling - Single Detached,44.70292478484659,-63.71604057731
8556,BP-2021-04891,2021-04-26,400000,New Building,New Building,Completed,BEDFORD,District 16,1,2,Dwelling - Single Detached,44.702040121980524,-63.7149602877202
8557,BP-2021-04896,2021-04-19,32000,New Building,New Building,Completed,HAMMONDS PLAINS,District 14,0,1,Accessory Structure,44.7567683717817,-63.80230960093047
8558,BP-2021-04911,,1010000,Renovation,Renovation,Withdrawn,HALIFAX,District 07,0,2,Dwelling - Single Detached,44.62726486885298,-63.58365976786047
8559,BP-2021-04921,2021-05-03,350000,New Building,New Building,Completed,FALL RIVER,District 01,1,3,Dwelling - Single Detached,44.809614092065296,-63.58710611812643
8560,BP-2021-04941,2021-06-30,175000,New Building,New Building,Expired,HALIFAX,District 09,1,3,Dwelling - Single Detached,44.642785405124066,-63.61195476241721
8561,BP-2021-04947,,120000,New Building,New Building,Applicant Revisions,WEST CHEZZETCOOK,District 02,0,1,Commercial,44.72659288333312,-63.2731342221508
8562,BP-2021-04952,2021-05-03,210000,New Building,New Building,Amendment Application Incomplete,HALIFAX,District 11,1,2,Dwelling - Single Detached,44.60690983607856,-63.59993923827901
8563,BP-2021-04953,2021-04-01,160000,New Building,New Building,Completed,TIMBERLEA,District 12,1,3,Dwelling - Single Detached,44.63991910018579,-63.72345351712993
8564,BP-2021-04969,2022-05-26,100000,Addition,Addition,Issued,HALIFAX,District 08,0,2,Dwelling - Single Detached,44.66816696919312,-63.608257566400994
8565,BP-2021-04971,2021-04-13,180000,New Building,New Building,Completed,TIMBERLEA,District 12,1,3,Dwelling - Single Detached,44.64066127459972,-63.72355979449979
8566,BP-2021-04987,2021-04-09,35000,New Building,New Building,Completed,BEDFORD,District 16,1,1,Dwelling - Single Detached,44.730467347424536,-63.68034006094574
8567,BP-2021-05001,2021-06-07,15833000,New Building,New Building,Completed,HALIFAX,District 08,0,3,Commercial,44.66508411584403,-63.62200025834113
8568,BP-2021-05006,,10000,Renovation,Renovation,Withdrawn,BEDFORD,District 16,0,2,Commercial,44.70706104901189,-63.70901383719901
8569,BP-2021-05013,,10000,Renovation,Renovation,In Review,HALIFAX,District 09,0,3,Commercial,44.645320373145644,-63.59675569411323
8570,BP-2021-05030,2021-04-20,37000,Renovation,Renovation,Cancelled,UPPER TANTALLON,District 13,0,2,Dwelling - Single Detached,44.71349632959337,-63.87572190235948
8571,BP-2021-05035,2021-06-30,10000,Renovation,Renovation,Expired (Closed),DARTMOUTH,District 06,0,4,Commercial,44.68108639595668,-63.53880896891228
8572,BP-2021-05051,2021-04-30,400000,New Building,New Building,Completed,CLAM BAY,District 02,1,2,Dwelling - Single Detached,44.727718918116125,-62.941683627578705
8573,BP-2021-05062,2021-04-19,795000,New Building,New Building,Completed,BEDFORD,District 16,1,3,Dwelling - Single Detached,44.70299100947748,-63.711920579585254
8574,BP-2021-05069,2021-06-04,200000,New Building,New Building,Completed,KETCH HARBOUR,District 11,1,2,Dwelling - Single Detached,44.487711879297095,-63.55863012861763
8575,BP-2021-05083,2021-05-12,22000,Addition,Addition,Completed,WAVERLEY,District 01,0,2,Dwelling - Single Detached,44.78001865200765,-63.597820176272926
8576,BP-2021-05095,2021-10-07,150000,Addition,Addition,Expired,DARTMOUTH,District 05,1,2,Dwelling - Multiple Units,44.67655014250787,-63.55144542708826
8577,BP-2021-05103,2021-09-20,280000,New Building,New Building,Issued,PORTERS LAKE,District 02,1,2,Dwelling - Single Detached,44.70822545637335,-63.30352535004583
8578,BP-2021-05138,2021-08-05,320000,New Building,New Building,Completed,OAKFIELD,District 01,1,2,Dwelling - Single Detached,44.919428674164145,-63.565546408931034
8579,BP-2021-05186,2021-05-07,20000,New Building,New Building,Expired,STILLWATER LAKE,District 13,0,1,Accessory Structure,44.696053440400895,-63.834607371698645
8580,BP-2021-05237,2021-05-06,300000,New Building,New Building,Completed,UPPER SACKVILLE,District 14,1,1,Dwelling - Single Detached,44.80701852598288,-63.75715954824352
8581,BP-2021-05253,2021-10-08,60000,Renovation,Renovation,Completed,DARTMOUTH,District 05,0,2,Commercial,44.66650728688323,-63.566242190974705
8582,BP-2021-05264,2023-03-29,1500,Renovation,Renovation,Completed,LOWER SACKVILLE,District 15,1,2,Dwelling - Single Detached,44.7825024599742,-63.675509753879446
8583,BP-2021-05275,2021-04-07,22000,New Building,New Building,Completed,HAMMONDS PLAINS,District 14,0,1,Accessory Structure,44.7387245260728,-63.732868767273786
8584,BP-2021-05326,2021-07-16,347500,New Building,New Building,Completed,FALL RIVER,District 01,1,1,Dwelling - Single Detached,44.79460542109615,-63.61624819943603
8585,BP-2021-05339,2021-06-30,252500,New Building,New Building,Completed,EAST PETPESWICK,District 02,1,1,Dwelling - Single Detached,44.730055991443805,-63.156435992275746
8586,BP-2021-05352,2021-10-20,5000,Renovation,Renovation,Completed,HALIFAX,District 11,1,3,Dwelling - Single Detached,44.63341839006716,-63.61499065031053
8587,BP-2021-05357,2021-05-21,400000,New Building,New Building,Completed,TIMBERLEA,District 12,1,2,Dwelling - Single Detached,44.64106599710132,-63.72396727821811
8588,BP-2021-05369,2021-05-05,173000,Addition,Addition,Expired,WAVERLEY,District 01,0,2,Dwelling - Single Detached,44.77480523307715,-63.60490254875528
8589,BP-2021-05377,2021-06-11,32000,Addition,Addition,Expired,DARTMOUTH,District 06,0,1,Dwelling - Single Detached,44.704370514278324,-63.54590894160165
8590,BP-2021-05401,2024-01-16,266000,Addition,Addition,Completed,DARTMOUTH,District 06,0,2,Dwelling - Single Detached,44.67264935542301,-63.54755187266801
8591,BP-2021-05410,2021-04-26,400000,New Building,New Building,Completed,BEDFORD,District 16,1,3,Dwelling - Single Detached,44.71419159924603,-63.70436525628462
8592,BP-2021-05435,2021-10-04,18000,New Building,New Building,Expired,HALIFAX,District 08,0,1,Accessory Structure,44.672140403756245,-63.60504612191928
8593,BP-2021-05443,2021-05-06,385190,New Building,New Building,Completed,GRAND LAKE,District 01,1,2,Dwelling - Single Detached,44.88402378605718,-63.588658210074875
8594,BP-2021-05456,2021-04-19,280000,New Building,New Building,Completed,KETCH HARBOUR,District 11,1,1,Dwelling - Single Detached,44.48206023278663,-63.567088324619164
8595,BP-2021-05461,2021-05-05,50000,Addition,Addition,Completed,DARTMOUTH,District 06,0,2,Dwelling - Single Detached,44.69183340777946,-63.54087415148674
8596,BP-2021-05466,2021-10-25,46000,Renovation,Renovation,Completed,HALIFAX,District 08,0,1,Accessory Structure,44.66183435258721,-63.606377397274485
8597,BP-2021-05468,2021-05-05,102000,Renovation,Renovation,Completed,HERRING COVE,District 11,0,2,Dwelling - Single Detached,44.570892999719085,-63.55503780663992
8598,BP-2021-05470,2021-06-15,475000,Addition,Addition,Issued,BEDFORD,District 16,0,2,Dwelling - Single Detached,44.72014479785042,-63.654310101596714
8599,BP-2021-05488,,10000000,New Building,New Building,Applicant Revisions,LOWER SACKVILLE,District 15,83,6,Dwelling - Multiple Units,44.75626523949546,-63.66696091236095
8600,BP-2021-05508,2021-05-11,23741,Renovation,Renovation,Completed,HALIFAX,District 12,0,1,Commercial,44.65328546997157,-63.67622237918548
8601,BP-2021-05542,2021-05-26,125000,New Building,New Building,Expired,LAKE CHARLOTTE,District 02,1,1,Dwelling - Single Detached,44.74179835698001,-62.935924405361696
8602,BP-2021-05556,2021-06-29,14000,Renovation,Renovation,Expired,MOSER RIVER,District 02,0,2,Dwelling - Single Detached,44.976944212257536,-62.255904839981994
8603,BP-2021-05568,2021-09-14,1326650,New Building,New Building,Completed,BEDFORD,District 16,0,2,Commercial,44.708166275810235,-63.71056815854703
8604,BP-2021-05575,2021-04-19,750000,New Building,New Building,Completed,BEDFORD,District 16,1,2,Dwelling - Single Detached,44.7008042366932,-63.712219367908524
8605,BP-2021-05582,2021-09-14,5800000,New Building,New Building,Completed,LOWER SACKVILLE,District 15,33,4,Mixed Use - Residential & Other Use(s),44.759781890546165,-63.66030240503815
8606,BP-2021-05582,2021-09-14,5800000,New Building,New Building,Completed,LOWER SACKVILLE,District 15,33,4,Mixed Use - Residential & Other Use(s),44.759781890546165,-63.66030240503815
8607,BP-2021-05590,2021-06-29,300000,New Building,New Building,Completed,HALIFAX,District 11,4,2,Dwelling - Semi-Detached,44.59840344687359,-63.60394561042918
8608,BP-2021-05596,2021-04-23,500000,New Building,New Building,Completed,TIMBERLEA,District 12,1,3,Dwelling - Single Detached,44.641235593307336,-63.720938447722126
8609,BP-2021-05597,2021-06-22,495900,New Building,New Building,Completed,UPPER TANTALLON,District 13,1,2,Dwelling - Single Detached,44.702818482189514,-63.882870958129715
8610,BP-2021-05612,2021-06-04,495900,New Building,New Building,Completed,UPPER TANTALLON,District 13,1,1,Dwelling - Single Detached,44.702509410162506,-63.882292625399536
8611,BP-2021-05627,2021-04-28,400000,New Building,New Building,Completed,BEDFORD,District 16,1,2,Dwelling - Single Detached,44.70188099591802,-63.714912785735905
8612,BP-2021-05634,2021-05-11,37500,Renovation,Renovation,Expired (Closed),HALIFAX,District 07,0,2,Dwelling - Single Detached,44.633864851377574,-63.584669040328556
8613,BP-2021-05645,2023-07-26,345260,New Building,New Building,Issued,BOUTILIERS POINT,District 13,1,1,Dwelling - Single Detached,44.66546247752193,-63.93827033650894
8614,BP-2021-05668,2021-04-30,300000,New Building,New Building,Completed,HUBLEY,District 13,1,2,Dwelling - Single Detached,44.66285028797305,-63.792073439408696
8615,BP-2021-05680,2021-06-04,359650,Renovation,Renovation,Completed,HALIFAX,District 09,0,1,Commercial,44.6481141818208,-63.62227380748051
8616,BP-2021-05700,2021-05-20,550,New Building,New Building,Completed,HUBLEY,District 13,1,2,Dwelling - Single Detached,44.66258801798058,-63.81118062119739
8617,BP-2021-05704,,135000,New Building,New Building,Cancelled,INDIAN HARBOUR,District 13,2,2,Dwelling - Semi-Detached,44.53258315208163,-63.94034709879453
8618,BP-2021-05706,2021-06-14,591000,New Building,New Building,Completed,FERGUSONS COVE,District 11,1,1,Dwelling - Single Detached,44.59118918696517,-63.566130134582565
8619,BP-2021-05714,2021-05-18,18000,New Building,New Building,Expired,UPPER TANTALLON,District 13,0,1,Accessory Structure,44.72459366503372,-63.8790778254189
8620,BP-2021-05718,2021-06-14,30000,Addition,Addition,Expired,BEDFORD,District 16,0,1,Dwelling - Single Detached,44.73604431572474,-63.65355068895975
8621,BP-2021-05734,2021-06-04,150000,New Building,New Building,Completed,DARTMOUTH,District 06,0,1,Accessory Structure,44.69555907953246,-63.58726407993498
8622,BP-2021-05739,2021-06-03,373607,Renovation,Renovation,Expired (Closed),HALIFAX,District 09,0,6,Commercial,44.64792555836938,-63.5941881502007
8623,BP-2021-05748,,34000,Renovation,Renovation,Withdrawn,DARTMOUTH,District 06,0,1,Dwelling - Single Detached,44.68067329329035,-63.51139547914753
8624,BP-2021-05759,2021-05-26,30000,New Building,New Building,Expired (Closed),HALIFAX,District 09,0,1,Accessory Structure,44.639229653396924,-63.609603378166064
8625,BP-2021-05770,2021-04-19,18000,New Building,New Building,Completed,SAMBRO HEAD,District 11,0,1,Accessory Structure,44.482938518731714,-63.57958219990765
8626,BP-2021-05773,2021-06-01,219040,Renovation,Renovation,Completed,DARTMOUTH,District 06,0,1,Commercial,44.69979765724774,-63.593978236001384
8627,BP-2021-05791,2021-09-14,1326650,New Building,New Building,Expired,BEDFORD,District 16,0,2,Commercial,44.70917405303273,-63.71002419717636
8628,BP-2021-05813,2021-06-14,275000,New Building,New Building,Completed,LOWER SACKVILLE,District 15,1,1,Dwelling - Single Detached,44.772011866316035,-63.63718039611281
8629,BP-2021-05849,2021-04-14,11000,New Building,New Building,Completed,HAMMONDS PLAINS,District 14,0,1,Accessory Structure,44.69902456142332,-63.75705453581066
8630,BP-2021-05870,2022-09-15,26000,Renovation,Renovation,Completed,HALIFAX,District 08,1,2,Dwelling - Multiple Units,44.6704742896802,-63.60708082668109
8631,BP-2021-05883,2021-05-20,290800,New Building,New Building,Completed,SALMON RIVER BRIDGE,District 02,1,1,Dwelling - Single Detached,44.78001850269438,-63.023930788465464
8632,BP-2021-05895,2021-07-23,35000,New Building,New Building,Expired,SEABRIGHT,District 13,0,1,Accessory Structure,44.61777297737523,-63.928089766993594
8633,BP-2021-05921,2021-05-05,220000,New Building,New Building,Completed,BEAVER BANK,District 15,1,2,Dwelling - Single Detached,44.83478583909766,-63.65652576063134
8634,BP-2021-05924,2021-04-23,500000,New Building,New Building,Completed,TIMBERLEA,District 12,1,3,Dwelling - Single Detached,44.640910843558665,-63.72139219296982
8635,BP-2021-05935,2021-06-03,155000,Renovation,Renovation,Completed,DARTMOUTH,District 06,0,1,Commercial,44.70703922287045,-63.5847602872352
8636,BP-2021-05970,2021-04-30,350000,New Building,New Building,Completed,BEAVER BANK,District 15,1,1,Dwelling - Single Detached,44.81528861387962,-63.697786097123355
8637,BP-2021-05973,2021-06-14,176500,New Building,New Building,Completed,LUCASVILLE,District 14,1,2,Dwelling - Single Detached,44.74113877006348,-63.74880797098364
8638,BP-2021-05987,2021-09-08,1750000,New Building,New Building,Completed,HALIFAX,District 08,0,2,Commercial,44.66301472624699,-63.61623202053688
8639,BP-2021-05989,2021-06-14,15000,Renovation,Renovation,Expired (Closed),HALIFAX,District 09,0,2,Dwelling - Single Detached,44.64437164823031,-63.63593872810382
8640,BP-2021-06003,,75000,Renovation,Renovation,Withdrawn,DARTMOUTH,District 03,0,2,Commercial,44.669268796222816,-63.50724722977211
8641,BP-2021-06009,2022-08-24,340000,Renovation,Renovation,Completed,WESTPHAL,District 04,0,3,Commercial,44.70182745901364,-63.47131238385773
8642,BP-2021-06009,2022-08-24,340000,Renovation,Renovation,Completed,WESTPHAL,District 04,0,3,Commercial,44.70182745901364,-63.47131238385773
8643,BP-2021-06015,2021-07-16,400000,Addition,Addition,Expired (Closed),HALIFAX,District 10,0,2,Dwelling - Single Detached,44.648896856238814,-63.6393990973853
8644,BP-2021-06020,2021-08-12,11630714,New Building,New Building,Completed,HALIFAX,District 08,58,9,Mixed Use - Residential & Other Use(s),44.657346473829456,-63.6059633887643
8645,BP-2021-06023,2021-06-04,500000,Renovation,Renovation,Completed,DARTMOUTH,District 06,0,1,Commercial,44.720360975822715,-63.5818322544255
8646,BP-2021-06037,2021-05-19,89000,Addition,Addition,Completed,GLEN HAVEN,District 13,0,1,Dwelling - Single Detached,44.65221123774491,-63.92664109721772
8647,BP-2021-06043,2021-05-04,300000,New Building,New Building,Expired,HALIFAX,District 11,2,3,Dwelling - Semi-Detached,44.59709423062361,-63.60220145356159
8648,BP-2021-06051,2021-05-28,300000,New Building,New Building,Expired,HALIFAX,District 11,2,3,Dwelling - Semi-Detached,44.59698714629282,-63.60202292578978
8649,BP-2021-06055,2021-04-28,795000,New Building,New Building,Completed,BEDFORD,District 16,1,3,Dwelling - Single Detached,44.702836930186336,-63.71737138461979
8650,BP-2021-06065,2021-04-30,65000,Renovation,Renovation,Completed,DARTMOUTH,District 05,0,2,Dwelling - Single Detached,44.680128640643986,-63.564827987701186
8651,BP-2021-06067,,40000,Renovation,Renovation,Applicant Revisions,HALIFAX,District 08,0,2,Mixed Use - Residential & Other Use(s),44.660502396383805,-63.6019257948018
8652,BP-2021-06080,,1000000,New Building,New Building,Withdrawn,PORTUGUESE COVE,District 11,1,2,Dwelling - Single Detached,44.51776881853306,-63.537129007183374
8653,BP-2021-06087,2021-09-15,1306262,Renovation,Renovation,Completed,OYSTER POND,District 02,15,1,Dwelling - Multiple Units,44.777270114198515,-63.00580025741672
8654,BP-2021-06107,2021-04-28,10000,New Building,New Building,Expired,MIDDLE SACKVILLE,District 14,0,1,Accessory Structure,44.79077463856032,-63.71008016565047
8655,BP-2021-06110,2021-05-04,300000,New Building,New Building,Expired,HALIFAX,District 11,2,3,Dwelling - Semi-Detached,44.59688111834074,-63.601851502945834
8656,BP-2021-06115,,30000,New Building,New Building,Withdrawn,EAST LAWRENCETOWN,District 02,0,1,Accessory Structure,44.65698000685039,-63.342327505372765
8657,BP-2021-06118,2021-05-04,300000,New Building,New Building,Expired,HALIFAX,District 11,2,3,Dwelling - Semi-Detached,44.59676754638335,-63.601678583409644
8658,BP-2021-06127,2021-04-28,30000,New Building,New Building,Completed,EAST LAWRENCETOWN,District 02,0,1,Accessory Structure,44.65698000685039,-63.342327505372765
8659,BP-2021-06148,2021-04-26,200000,New Building,New Building,Completed,MIDDLE SACKVILLE,District 14,1,2,Dwelling - Single Detached,44.79434652037927,-63.74666857330814
8660,BP-2021-06150,2021-04-27,200000,New Building,New Building,Completed,MIDDLE SACKVILLE,District 14,1,2,Dwelling - Single Detached,44.79374411469609,-63.74549234211731
8661,BP-2021-06155,2021-10-07,2100000,New Building,New Building,Completed,HALIFAX,District 10,14,3,Dwelling - Multiple Units,44.66229149862515,-63.63278112078907
8662,BP-2021-06168,2021-05-10,18000,Renovation,Renovation,Completed,DARTMOUTH,District 06,0,1,Dwelling - Single Detached,44.67717053022198,-63.50614181441102
8663,BP-2021-06183,2023-07-12,120000,New Building,New Building,Issued,HALIFAX,District 11,0,1,Accessory Structure,44.60885812553314,-63.564967016134126
8664,BP-2021-06183,2023-07-12,120000,New Building,New Building,Issued,HALIFAX,District 11,0,1,Accessory Structure,44.60885812553314,-63.564967016134126
8665,BP-2021-06204,,22000,New Building,New Building,Withdrawn,MIDDLE MUSQUODOBOIT,District 01,0,1,Accessory Structure,45.03260640969392,-63.15858378359278
8666,BP-2021-06216,2021-05-03,100000,Addition,Addition,Completed,LAKE ECHO,District 02,0,2,Dwelling - Single Detached,44.731262597936635,-63.38137066667796
8667,BP-2021-06226,2021-09-21,40000,Addition,Addition,Expired,MEAGHERS GRANT,District 01,0,2,Dwelling - Single Detached,44.963189830168695,-63.219507788589915
8668,BP-2021-06233,,20000,New Building,New Building,Withdrawn,TIMBERLEA,District 12,0,1,Accessory Structure,44.647782829321606,-63.714895576575316
8669,BP-2021-06248,2021-05-20,84000,New Building,New Building,Completed,HUBLEY,District 13,1,1,Dwelling - Single Detached,44.68063540754399,-63.82473842545244
8670,BP-2021-06254,2021-10-06,260000,Renovation,Renovation,Completed,BEDFORD,District 16,0,2,Commercial,44.70741017296444,-63.71006185491863
8671,BP-2021-06260,2021-11-01,14743928,New Building,New Building,Expired,BEDFORD,District 16,72,6,Dwelling - Multiple Units,44.7153011111168,-63.703030591207195
8672,BP-2021-06262,2021-08-20,26000,Renovation,Renovation,Expired (Closed),HALIFAX,District 07,0,2,Institutional and Governmental,44.643852702984105,-63.58423296410026
8673,BP-2021-06269,2021-06-25,84000,New Building,New Building,Expired,HUBLEY,District 13,1,1,Dwelling - Single Detached,44.680457492802574,-63.82495458590313
8674,BP-2021-06277,2021-06-15,600000,New Building,New Building,Completed,LAKESIDE,District 12,4,2,Dwelling - Multiple Units,44.63356979723719,-63.702436063694
8675,BP-2021-06279,2021-05-10,64000,New Building,New Building,Completed,HUBLEY,District 13,1,1,Dwelling - Single Detached,44.68006538992226,-63.827557110010176
8676,BP-2021-06287,2021-06-21,480000,New Building,New Building,Expired,BEDFORD,District 16,4,1,Dwelling - Townhouse,44.7065834852873,-63.71545175633498
8677,BP-2021-06314,2021-04-30,295000,New Building,New Building,Expired,HALIFAX,District 09,1,2,Dwelling - Single Detached,44.64153731294866,-63.633681873911264
8678,BP-2021-06326,2021-07-12,7000,New Building,New Building,Completed,HALIFAX,District 16,0,1,Accessory Structure,44.695962778482894,-63.67405590625761
8679,BP-2021-06345,2021-05-14,50000,New Building,New Building,Completed,LAWRENCETOWN,District 02,0,1,Accessory Structure,44.68283629194493,-63.405631968893516
8680,BP-2021-06351,2021-05-21,30000,New Building,New Building,Completed,MIDDLE SACKVILLE,District 14,0,1,Accessory Structure,44.78779384715224,-63.72172329261903
8681,BP-2021-06356,2021-08-13,217000,New Building,New Building,Completed,HATCHET LAKE,District 13,1,1,Dwelling - Single Detached,44.56449875492178,-63.7129930428217
8682,BP-2021-06358,2021-05-07,430000,New Building,New Building,Completed,TIMBERLEA,District 12,1,2,Dwelling - Single Detached,44.64110525360467,-63.72115228675453
8683,BP-2021-06375,2021-06-22,120000,New Building,New Building,Completed,EAST PRESTON,District 04,1,1,Dwelling - Single Detached,44.720030565339016,-63.41602992288058
8684,BP-2021-06388,2021-05-05,37700,New Building,New Building,Completed,MIDDLE SACKVILLE,District 14,0,1,Accessory Structure,44.78936779831807,-63.75733810481435
8685,BP-2021-06402,2021-06-11,25000,New Building,New Building,Completed,HAMMONDS PLAINS,District 14,0,2,Accessory Structure,44.70228765087524,-63.76340435537984
8686,BP-2021-06434,2021-05-10,25000,New Building,New Building,Completed,UPPER TANTALLON,District 13,0,1,Accessory Structure,44.69369345288513,-63.872126966032425
8687,BP-2021-06457,2021-07-28,33000,New Building,New Building,Completed,HALIFAX,District 12,0,1,Accessory Structure,44.67605338076996,-63.66661178171028
8688,BP-2021-06466,2021-05-20,22000,New Building,New Building,Completed,TANTALLON,District 13,0,1,Accessory Structure,44.666418094273475,-63.89810305462184
8689,BP-2021-06469,,25000,Addition,Addition,Withdrawn,WINDSOR JUNCTION,District 01,0,2,Accessory Structure,44.800007511956345,-63.640748712946284
8690,BP-2021-06480,2021-06-01,675000,New Building,New Building,Expired,FALL RIVER,District 01,1,1,Dwelling - Single Detached,44.823237316549445,-63.632762474312074
8691,BP-2021-06491,2021-05-10,300000,New Building,New Building,Completed,BEDFORD,District 13,2,2,Dwelling - Semi-Detached,44.70696348113405,-63.71308646096541
8692,BP-2021-06492,2021-08-20,30000,Renovation,Renovation,Expired,BEDFORD,District 16,0,5,Commercial,44.72433059485673,-63.70370666326486
8693,BP-2021-06499,2021-05-27,700000,New Building,New Building,Completed,PORTERS LAKE,District 02,1,2,Dwelling - Single Detached,44.751236918635016,-63.33460563818105
8694,BP-2021-06508,2021-05-11,180000,New Building,New Building,Completed,PORTERS LAKE,District 02,1,1,Dwelling - Single Detached,44.75564963371796,-63.30760894645355
8695,BP-2021-06523,2021-05-19,20000,Renovation,Renovation,Completed,LOWER SACKVILLE,District 15,0,1,Dwelling - Single Detached,44.78500187065968,-63.688584049190986
8696,BP-2021-06561,2021-09-01,76500,Addition,Addition,Cancelled,MIDDLE SACKVILLE,District 14,0,2,Dwelling - Single Detached,44.80991466103758,-63.73490891558951
8697,BP-2021-06569,2021-07-12,300000,New Building,New Building,Completed,HALIFAX,District 11,4,2,Dwelling - Semi-Detached,44.59829686753293,-63.6037621576566
8698,BP-2021-06574,2021-06-04,750000,New Building,New Building,Completed,HALIFAX,District 11,1,3,Dwelling - Single Detached,44.62547091780793,-63.59265435525588
8699,BP-2021-06591,2022-01-17,17000000,New Building,New Building,Completed,BEDFORD,District 16,72,10,Dwelling - Multiple Units,44.69571681341197,-63.69032888644487
8700,BP-2021-06598,2021-05-19,46000,New Building,New Building,Completed,FALL RIVER,District 01,0,2,Accessory Structure,44.83524209076031,-63.593400576698414
8701,BP-2021-06612,2022-04-11,300000,New Building,New Building,Completed,HALIFAX,District 08,2,2,Dwelling - Multiple Units,44.6678871075521,-63.61001285816866
8702,BP-2021-06614,2021-05-10,30000,New Building,New Building,Issued,BEAVER BANK,District 15,0,2,Accessory Structure,44.83338540463044,-63.657039169501
8703,BP-2021-06628,2021-05-10,489000,New Building,New Building,Completed,EAST CHEZZETCOOK,District 02,1,3,Dwelling - Single Detached,44.72391316569398,-63.23090697309801
8704,BP-2021-06643,2021-10-06,75000,Addition,Addition,Issued,HALIFAX,District 09,0,1,Accessory Structure,44.639425460816604,-63.60828440458392
8705,BP-2021-06658,2021-05-06,75000,Renovation,Renovation,Expired,HALIFAX,District 08,0,2,Dwelling - Townhouse,44.66666935856519,-63.60686810053401
8706,BP-2021-06669,,1200,Renovation,Renovation,Withdrawn,HALIFAX,District 16,0,2,Commercial,44.69724470080895,-63.66149177862704
8707,BP-2021-06684,2021-08-31,1500000,New Building,New Building,Completed,EASTERN PASSAGE,District 03,12,2,Dwelling - Multiple Units,44.611517255616484,-63.48786939793421
8708,BP-2021-06691,2021-05-05,450000,New Building,New Building,Completed,MIDDLE SACKVILLE,District 14,1,1,Dwelling - Single Detached,44.78688410615827,-63.742277072738965
8709,BP-2021-06704,2021-06-08,262000,New Building,New Building,Expired (Closed),OSTREA LAKE,District 02,1,1,Dwelling - Single Detached,44.71826890587697,-63.07194624362141
8710,BP-2021-06717,,30000,New Building,New Building,Application Incomplete,EASTERN PASSAGE,District 03,0,1,Accessory Structure,44.61306753627261,-63.482738109825746
8711,BP-2021-06730,2021-05-25,5000,Renovation,Renovation,Expired,DARTMOUTH,District 05,0,1,Dwelling - Single Detached,44.68101821147481,-63.574387939709965
8712,BP-2021-06756,2021-10-15,80000,Renovation,Renovation,Completed,HALIFAX,District 08,0,11,Commercial,44.6577157246738,-63.604653789945985
8713,BP-2021-06770,2021-05-28,34810,Addition,Addition,Completed,HALIFAX,District 09,0,2,Dwelling - Single Detached,44.63898287145107,-63.618400480283064
8714,BP-2021-06785,2021-05-28,91000,New Building,New Building,Completed,LAKE ECHO,District 02,0,2,Accessory Structure,44.726543491769,-63.39517572200513
8715,BP-2021-06793,2021-07-15,440000,New Building,New Building,Expired,EASTERN PASSAGE,District 03,4,2,Dwelling - Semi-Detached,44.615324191554485,-63.46709315785258
8716,BP-2021-06793,2021-07-15,440000,New Building,New Building,Expired,EASTERN PASSAGE,District 03,4,2,Dwelling - Semi-Detached,44.615324191554485,-63.46709315785258
8717,BP-2021-06794,2021-05-20,170000,New Building,New Building,Completed,TIMBERLEA,District 12,1,3,Dwelling - Single Detached,44.6405392104172,-63.72299752041593
8718,BP-2021-06798,2025-10-06,170000,New Building,New Building,Completed,TIMBERLEA,District 12,1,3,Dwelling - Single Detached,44.64060803811395,-63.72314013699848
8719,BP-2021-06811,2021-05-20,170000,New Building,New Building,Completed,TIMBERLEA,District 12,1,3,Dwelling - Single Detached,44.64064047422123,-63.723285285349206
8720,BP-2021-06818,2021-05-06,180000,New Building,New Building,Completed,TIMBERLEA,District 12,1,3,Dwelling - Single Detached,44.64104846111365,-63.72333565435425
8721,BP-2021-06823,2021-08-17,77500,Renovation,Renovation,Completed,HALIFAX,District 07,0,1,Commercial,44.64520393294238,-63.57402601081497
8722,BP-2021-06838,2023-02-02,450000,New Building,New Building,Issued,HALIFAX,District 11,2,2,Dwelling - Semi-Detached,44.63265482858234,-63.62995967900027
8723,BP-2021-06850,2022-03-09,100000,Addition,Addition,Expired,HALIFAX,District 08,0,3,Dwelling - Single Detached,44.67018890297679,-63.604195857263235
8724,BP-2021-06858,2022-08-31,18131832,New Building,New Building,Amendment Review,HALIFAX,District 10,105,19,Dwelling - Multiple Units,44.676918748782725,-63.66242453294761
8725,BP-2021-06859,2021-08-13,6000,Renovation,Renovation,Completed,HALIFAX,District 08,0,1,Accessory Structure,44.657465684197994,-63.596171896859246
8726,BP-2021-06864,,15000,New Building,New Building,Withdrawn,DARTMOUTH,District 05,0,1,Accessory Structure,44.66440814349242,-63.570051670461794
8727,BP-2021-06883,2021-05-18,580000,New Building,New Building,Completed,HATCHET LAKE,District 13,1,2,Dwelling - Single Detached,44.568013753757654,-63.71883329070367
8728,BP-2021-06886,2021-06-09,385000,New Building,New Building,Completed,UPPER TANTALLON,District 13,1,2,Dwelling - Single Detached,44.70342504154541,-63.884187577546506
8729,BP-2021-06896,2021-05-06,450000,New Building,New Building,Completed,BEDFORD,District 16,1,2,Dwelling - Single Detached,44.72035842736678,-63.71562704260481
8730,BP-2021-06905,2022-06-06,100000,Addition,Addition,Cancelled,HALIFAX,District 09,0,2,Dwelling - Single Detached,44.65422458031883,-63.60735411280389
8731,BP-2021-06933,,35000,New Building,New Building,Withdrawn,HAMMONDS PLAINS,District 14,0,1,Accessory Structure,44.70228765087524,-63.76340435537984
8732,BP-2021-06940,2021-05-10,650000,New Building,New Building,Completed,BEDFORD,District 16,1,2,Dwelling - Single Detached,44.70447282076651,-63.711106854943736
8733,BP-2021-06942,2021-06-03,10000,Renovation,Renovation,Completed,HALIFAX,District 10,0,2,Commercial,44.65824892754742,-63.632196961031255
8734,BP-2021-06949,2022-01-20,900000,Addition,Addition,Completed,HALIFAX,District 08,0,2,Commercial,44.65944026756036,-63.600407070886085
8735,BP-2021-06966,2021-05-07,450000,New Building,New Building,Completed,BEDFORD,District 16,1,3,Dwelling - Single Detached,44.72021623268574,-63.71573737349651
8736,BP-2021-06992,2021-09-28,40,Renovation,Renovation,Expired,HALIFAX,District 09,1,2,Dwelling - Multiple Units,44.64155814585319,-63.59639159585877
8737,BP-2021-07000,2021-05-27,22000,New Building,New Building,Completed,DARTMOUTH,District 06,0,1,Accessory Structure,44.69309926579474,-63.53497473902726
8738,BP-2021-07002,2021-06-21,440000,New Building,New Building,Expired,EASTERN PASSAGE,District 03,4,2,Dwelling - Semi-Detached,44.61520419083185,-63.46683688056002
8739,BP-2021-07008,2021-07-23,15000,Renovation,Renovation,Completed,HALIFAX,District 09,1,1,Dwelling - Multiple Units,44.65411639665464,-63.60739933214103
8740,BP-2021-07015,2021-05-20,160000,New Building,New Building,Completed,TIMBERLEA,District 12,1,3,Dwelling - Single Detached,44.63972903465056,-63.72282005568011
8741,BP-2021-07016,2021-05-10,400000,New Building,New Building,Completed,BROOKSIDE,District 13,1,1,Dwelling - Single Detached,44.52642102205547,-63.705198237001625
8742,BP-2021-07020,2021-05-20,280000,New Building,New Building,Completed,OSTREA LAKE,District 02,1,1,Dwelling - Single Detached,44.76773745178108,-63.09831141368685
8743,BP-2021-07028,2021-05-20,160000,New Building,New Building,Completed,TIMBERLEA,District 12,1,3,Dwelling - Single Detached,44.64004271263095,-63.722725685252904
8744,BP-2021-07038,2021-05-25,160000,New Building,New Building,Completed,TIMBERLEA,District 12,1,3,Dwelling - Single Detached,44.6401311662138,-63.72281535776257
8745,BP-2021-07041,2021-05-21,160000,New Building,New Building,Completed,TIMBERLEA,District 12,1,3,Dwelling - Single Detached,44.64022325722826,-63.722824719403114
8746,BP-2021-07048,2021-05-28,43800,Addition,Addition,Expired,DARTMOUTH,District 05,0,2,Dwelling - Single Detached,44.67113550128892,-63.557842713271526
8747,BP-2021-07056,2021-06-10,10000,New Building,New Building,Completed,EAST SHIP HARBOUR,District 02,0,1,Accessory Structure,44.778174113426275,-62.79142100970747
8748,BP-2021-07062,2021-05-21,24000,New Building,New Building,Completed,WINDSOR JUNCTION,District 01,1,2,Dwelling - Single Detached,44.803377878004056,-63.64109366872637
8749,BP-2021-07076,,25000,New Building,New Building,Cancelled,STILLWATER LAKE,District 13,0,1,Accessory Structure,44.70918808143791,-63.84555927075673
8750,BP-2021-07093,2021-05-20,210000,New Building,New Building,Completed,WHITES LAKE,District 13,1,1,Dwelling - Single Detached,44.521907030612816,-63.75431201268923
8751,BP-2021-07098,2021-05-10,425000,New Building,New Building,Completed,MIDDLE SACKVILLE,District 14,1,2,Dwelling - Single Detached,44.78179383531944,-63.742299754256024
8752,BP-2021-07120,2021-04-30,450000,New Building,New Building,Completed,BEDFORD,District 16,1,3,Dwelling - Single Detached,44.71980309381509,-63.71605832048115
8753,BP-2021-07124,2021-07-12,531948,Renovation,Renovation,Expired,HALIFAX,District 08,0,3,Commercial,44.65190753286794,-63.57871415622769
8754,BP-2021-07133,2021-06-25,180000,New Building,New Building,Completed,LUCASVILLE,District 14,1,3,Dwelling - Single Detached,44.766742827173346,-63.709661650218756
8755,BP-2021-07148,2021-05-28,250000,New Building,New Building,Completed,THREE FATHOM HARBOUR,District 02,1,2,Dwelling - Single Detached,44.647332850321526,-63.305069040729585
8756,BP-2021-07161,2021-12-13,20000,Renovation,Renovation,Completed,HALIFAX,District 10,2,2,Dwelling - Multiple Units,44.65108139713849,-63.642787279726974
8757,BP-2021-07170,2021-06-07,150000,Renovation,Renovation,Completed,HALIFAX,District 12,0,1,Commercial,44.64729898682776,-63.66358384901584
8758,BP-2021-07204,2021-05-27,40000,Renovation,Renovation,Completed,HALIFAX,District 08,0,1,Accessory Structure,44.65205002107687,-63.590091929260346
8759,BP-2021-07208,2021-05-07,180000,New Building,New Building,Completed,LUCASVILLE,District 14,1,2,Dwelling - Single Detached,44.767181217715944,-63.70968595333309
8760,BP-2021-07211,2021-05-10,180000,New Building,New Building,Completed,LUCASVILLE,District 14,1,3,Dwelling - Single Detached,44.76781314622095,-63.709275765768055
8761,BP-2021-07214,2021-05-11,375000,New Building,New Building,Completed,BROOKSIDE,District 13,1,1,Dwelling - Single Detached,44.52588156479897,-63.701329516910064
8762,BP-2021-07223,2021-05-26,300000,New Building,New Building,Completed,TIMBERLEA,District 12,1,3,Dwelling - Single Detached,44.64459687909865,-63.71946128372637
8763,BP-2021-07233,2021-06-14,422021,New Building,New Building,Completed,MIDDLE PORTERS LAKE,District 02,1,2,Dwelling - Single Detached,44.69515943871166,-63.29431974833275
8764,BP-2021-07264,2021-05-18,400000,New Building,New Building,Completed,TANTALLON,District 13,1,2,Dwelling - Single Detached,44.66613987412665,-63.89780341846048
8765,BP-2021-07272,2021-05-26,100000,Addition,Addition,Completed,LAKE LOON,District 04,0,1,Dwelling - Single Detached,44.702394291153986,-63.49811975518299
8766,BP-2021-07276,2021-05-10,29300,New Building,New Building,Completed,HAMMONDS PLAINS,District 14,0,1,Accessory Structure,44.70074435622302,-63.816315295561765
8767,BP-2021-07282,2021-06-14,35000,Renovation,Renovation,Completed,HALIFAX,District 09,0,2,Dwelling - Multiple Units,44.64623620272944,-63.60571170014717
8768,BP-2021-07293,2021-05-10,180000,New Building,New Building,Completed,LUCASVILLE,District 14,1,3,Dwelling - Single Detached,44.769429865250544,-63.70707263092805
8769,BP-2021-07296,2021-05-18,375000,New Building,New Building,Completed,BROOKSIDE,District 13,1,1,Dwelling - Single Detached,44.52601046570156,-63.70404024188272
8770,BP-2021-07304,,5120,New Building,New Building,Cancelled,WAVERLEY,District 01,0,1,Accessory Structure,44.74349491900949,-63.534218645734384
8771,BP-2021-07312,2021-08-25,37500,Renovation,Renovation,Completed,HALIFAX,District 09,1,1,Dwelling - Multiple Units,44.65235251210155,-63.629891467730374
8772,BP-2021-07327,2021-05-21,25000,New Building,New Building,Completed,WILLIAMSWOOD,District 11,0,1,Accessory Structure,44.526420179932465,-63.64413803408844
8773,BP-2021-07352,2021-06-11,215600,Addition,Addition,Issued,STILLWATER LAKE,District 13,0,2,Dwelling - Single Detached,44.68515710093692,-63.82058600294691
8774,BP-2021-07358,2021-06-01,2500,New Building,New Building,Expired (Closed),WELLINGTON,District 01,0,1,Accessory Structure,44.859230314882154,-63.615675562635744
8775,BP-2021-07378,2021-06-22,400000,New Building,New Building,Completed,BEDFORD,District 16,2,2,Dwelling - Single Detached,44.727330911323875,-63.645565864795046
8776,BP-2021-07385,,99000,Addition,Addition,Withdrawn,WESTPHAL,District 04,1,1,Dwelling - Multiple Units,44.71627059054514,-63.466477676355446
8777,BP-2021-07391,,4800,New Building,New Building,Application Incomplete,,District 06,0,1,Accessory Structure,,
8778,BP-2021-07396,2021-05-18,350000,New Building,New Building,Completed,UPPER TANTALLON,District 13,1,1,Dwelling - Single Detached,44.70552494568589,-63.88823767868403
8779,BP-2021-07398,2021-06-09,600000,New Building,New Building,Completed,BEAVER BANK,District 15,1,2,Dwelling - Single Detached,44.812739245418776,-63.666482730381844
8780,BP-2021-07401,2021-05-26,25000,New Building,New Building,Completed,HEAD OF ST MARGARETS BAY,District 13,0,1,Accessory Structure,44.68512165929067,-63.910194349142934
8781,BP-2021-07407,2021-05-26,36500,New Building,New Building,Completed,SEABRIGHT,District 13,0,1,Accessory Structure,44.62079834748636,-63.9322401246452
8782,BP-2021-07416,2021-07-21,600000,New Building,New Building,Completed,HALIFAX,District 10,6,2,Dwelling - Townhouse,44.67706274964578,-63.66120799059346
8783,BP-2021-07424,,35000,Renovation,Renovation,Withdrawn,MIDDLE SACKVILLE,District 14,0,1,Mixed Use - Residential & Other Use(s),44.80380006029078,-63.747450049049355
8784,BP-2021-07437,2021-06-23,250000,New Building,New Building,Completed,HERRING COVE,District 11,1,2,Dwelling - Single Detached,44.56629561951667,-63.56130392159359
8785,BP-2021-07448,2021-05-19,2500,Renovation,Renovation,Completed,HALIFAX,District 10,0,2,Dwelling - Single Detached,44.65397763143827,-63.64160475161278
8786,BP-2021-07464,2021-06-25,500000,New Building,New Building,Completed,TIMBERLEA,District 12,1,2,Dwelling - Single Detached,44.640723244082466,-63.72262362154714
8787,BP-2021-07502,2021-05-07,25000,New Building,New Building,Completed,BOUTILIERS POINT,District 13,0,2,Accessory Structure,44.66545171046581,-63.93039247997229
8788,BP-2021-07530,2021-05-18,175000,New Building,New Building,Completed,PORTERS LAKE,District 02,1,2,Dwelling - Single Detached,44.75557518148144,-63.287551307333686
8789,BP-2021-07553,2021-05-26,157400,New Building,New Building,Completed,DUTCH SETTLEMENT,District 01,1,2,Dwelling - Single Detached,44.988471254093454,-63.456867553725715
8790,BP-2021-07558,2021-10-13,382580.78,New Building,New Building,Completed,THREE FATHOM HARBOUR,District 02,1,1,Dwelling - Single Detached,44.64761365264821,-63.30436820109551
8791,BP-2021-07560,2021-09-14,440703.54,New Building,New Building,Completed,GAETZ BROOK,District 02,1,1,Dwelling - Single Detached,44.78537893357992,-63.19443279064944
8792,BP-2021-07600,2021-05-26,36200,New Building,New Building,Expired (Closed),HUBLEY,District 13,0,1,Accessory Structure,44.656754974902796,-63.78646644978516
8793,BP-2021-07602,2022-07-13,35000,New Building,New Building,Withdrawn,EAST CHEZZETCOOK,District 02,0,1,Accessory Structure,44.746914555238256,-63.22898936883067
8794,BP-2021-07628,2021-05-28,293000,New Building,New Building,Completed,DEVON,District 01,1,1,Dwelling - Single Detached,44.9057529847258,-63.42645120834852
8795,BP-2021-07633,2021-05-14,32000,New Building,New Building,Expired,TANTALLON,District 13,0,2,Accessory Structure,44.65719179389207,-63.895591486736414
8796,BP-2021-07636,2021-12-09,4150000,New Building,New Building,Completed,BEDFORD,District 16,0,2,Commercial,44.716515972343345,-63.70681589808718
8797,BP-2021-07639,2021-05-20,58000,New Building,New Building,Completed,SHEET HARBOUR,District 02,0,1,Accessory Structure,44.92809528053768,-62.55407403133067
8798,BP-2021-07653,2021-05-26,35000,New Building,New Building,Expired,COLE HARBOUR,District 04,0,1,Accessory Structure,44.664458732367734,-63.47721054010716
8799,BP-2021-07682,2021-05-21,320000,New Building,New Building,Expired,HALIFAX,District 11,2,2,Dwelling - Semi-Detached,44.597211907018725,-63.60235724917218
8800,BP-2021-07689,2021-05-25,200000,New Building,New Building,Completed,TIMBERLEA,District 12,1,3,Dwelling - Single Detached,44.64144403921922,-63.723479489394286
8801,BP-2021-07707,2021-06-02,50000,New Building,New Building,Expired,BEECH HILL,District 02,0,1,Accessory Structure,44.77044520459359,-62.92731860255173
8802,BP-2021-07726,2021-06-18,658000,New Building,New Building,Completed,MONTAGUE GOLD MINES,District 01,1,2,Dwelling - Single Detached,44.72551155045812,-63.52264845300344
8803,BP-2021-07742,2021-06-17,64000,Renovation,Renovation,Expired,FALL RIVER,District 01,0,2,Dwelling - Single Detached,44.810291330127626,-63.62526943571718
8804,BP-2021-07755,2021-08-06,1000000,New Building,New Building,Completed,BEDFORD,District 16,0,1,Commercial,44.69678114674799,-63.6899058272323
8805,BP-2021-07764,2021-06-03,15500,Renovation,Renovation,Completed,HALIFAX,District 09,0,2,Commercial,44.649368575944415,-63.61874247106554
8806,BP-2021-07772,2021-06-14,173100,Renovation,Renovation,Completed,DARTMOUTH,District 03,0,2,Commercial,44.67049142023758,-63.5086400649263
8807,BP-2021-07782,2021-05-20,300000,New Building,New Building,Completed,HACKETTS COVE,District 13,1,1,Dwelling - Single Detached,44.554884185965854,-63.93691483078676
8808,BP-2021-07785,2021-08-10,235000,Renovation,Renovation,Completed,HALIFAX,District 07,0,5,Commercial,44.644701522069,-63.57934135404518
8809,BP-2021-07793,2021-05-18,375000,New Building,New Building,Completed,MIDDLE SACKVILLE,District 14,1,1,Dwelling - Single Detached,44.78930906378819,-63.759184453970185
8810,BP-2021-07840,2021-05-26,21000,New Building,New Building,Completed,PORTERS LAKE,District 02,0,1,Accessory Structure,44.752176878472106,-63.29150372584617
8811,BP-2021-07875,2021-06-09,8000,Renovation,Renovation,Expired (Closed),HALIFAX,District 08,0,4,Dwelling - Single Detached,44.657382594153134,-63.587742687009225
8812,BP-2021-07882,2021-06-09,240000,New Building,New Building,Amendment Application Incomplete,HALIFAX,District 11,1,2,Dwelling - Single Detached,44.60656017594436,-63.600972887417946
8813,BP-2021-07899,2021-05-21,375000,New Building,New Building,Completed,ENFIELD,District 01,1,1,Dwelling - Single Detached,44.94308853376551,-63.52040694601453
8814,BP-2021-07906,2021-06-09,240000,New Building,New Building,Completed,HALIFAX,District 11,1,2,Dwelling - Single Detached,44.60672414705528,-63.60076626881397
8815,BP-2021-07908,2021-10-04,545900,Addition,Addition,Completed,DARTMOUTH,District 06,0,1,Commercial,44.710581604227386,-63.570257189216946
8816,BP-2021-07917,2021-05-20,375000,New Building,New Building,Completed,ENFIELD,District 01,1,1,Dwelling - Single Detached,44.94405817275013,-63.521591240389256
8817,BP-2021-07940,2021-05-21,300000,New Building,New Building,Completed,TIMBERLEA,District 12,1,2,Dwelling - Single Detached,44.63932135867938,-63.7158261680046
8818,BP-2021-07949,2021-07-16,36000,Renovation,Renovation,Completed,LOWER SACKVILLE,District 15,1,1,Dwelling - Multiple Units,44.76893044887698,-63.67521273900966
8819,BP-2021-07955,,260000,New Building,New Building,Application Incomplete,,District 02,1,1,Dwelling - Seasonal,44.753240002804134,-63.391977251768175
8820,BP-2021-07968,2021-06-25,50000,Addition,Addition,Expired (Closed),HALIFAX,District 11,0,1,Dwelling - Single Detached,44.61832339574228,-63.61072773512723
8821,BP-2021-07980,2021-06-25,360000,New Building,New Building,Completed,TANTALLON,District 13,1,1,Dwelling - Single Detached,44.66583313153123,-63.89191835001284
8822,BP-2021-07992,,43000,New Building,New Building,Withdrawn,,Unidentified,0,1,Dwelling - Single Detached,,
8823,BP-2021-07998,2021-07-15,150000,Renovation,Renovation,Expired,WHITES LAKE,District 13,0,3,Dwelling - Single Detached,44.54636534182804,-63.73716259915816
8824,BP-2021-08019,,160000,New Building,New Building,Application Incomplete,TANGIER,District 02,0,1,Accessory Structure,44.80874174474042,-62.68778460371261
8825,BP-2021-08024,2021-05-21,165000,Renovation,Renovation,Expired,UPPER TANTALLON,District 13,0,1,Dwelling - Single Detached,44.68521792986914,-63.85480413898083
8826,BP-2021-08040,2021-06-11,38000,New Building,New Building,Expired,LOWER SACKVILLE,Unidentified,0,1,Accessory Structure,44.767603927800415,-63.64465918169234
8827,BP-2021-08043,2021-10-04,235000,New Building,New Building,Completed,WINDSOR JUNCTION,District 01,1,2,Dwelling - Single Detached,44.78667244187053,-63.65561650937792
8828,BP-2021-08054,2021-12-06,23700000,New Building,New Building,Completed,HALIFAX,District 07,0,4,Institutional and Governmental,44.63007075368127,-63.58078142394981
8829,BP-2021-08065,2021-05-25,375000,New Building,New Building,Completed,UPPER TANTALLON,District 13,1,1,Dwelling - Single Detached,44.73098545387263,-63.87731045290984
8830,BP-2021-08069,2021-06-04,37000,Renovation,Renovation,Completed,LOWER SACKVILLE,District 15,0,2,Commercial,44.757224052232296,-63.66037525969643
8831,BP-2021-08078,2021-05-26,450000,New Building,New Building,Completed,HAMMONDS PLAINS,District 14,1,1,Dwelling - Single Detached,44.75814059141372,-63.78038168467803
8832,BP-2021-08098,2021-07-15,22000,Renovation,Renovation,Completed,DARTMOUTH,District 05,0,2,Dwelling - Multiple Units,44.67311408463376,-63.56856176665749
8833,BP-2021-08117,2021-09-28,70000,Renovation,Renovation,Completed,HALIFAX,District 08,1,2,Dwelling - Multiple Units,44.65711005534984,-63.592705371945804
8834,BP-2021-08121,2021-05-19,100000,Renovation,Renovation,Completed,HEAD OF ST MARGARETS BAY,District 13,0,1,Dwelling - Single Detached,44.69018968766988,-63.908668065604694
8835,BP-2021-08125,2021-07-29,590000,New Building,New Building,Completed,WHITES LAKE,District 13,1,2,Dwelling - Single Detached,44.51357208389552,-63.745034898482636
8836,BP-2021-08141,2021-05-26,20000,New Building,New Building,Completed,HERRING COVE,District 11,0,1,Accessory Structure,44.57463751673181,-63.57232482231977
8837,BP-2021-08170,2021-07-12,800000,Renovation,Renovation,Completed,HALIFAX,District 12,0,1,Commercial,44.6537661489607,-63.674365921557886
8838,BP-2021-08207,2021-06-15,350000,New Building,New Building,Completed,BOUTILIERS POINT,District 13,1,2,Dwelling - Single Detached,44.67346437889983,-63.93418709359568
8839,BP-2021-08222,2021-07-30,318500,Renovation,Renovation,Issued,SHEET HARBOUR,District 02,0,2,Institutional and Governmental,44.9194450465942,-62.523042524086414
8840,BP-2021-08238,2021-06-25,200000,New Building,New Building,Completed,HERRING COVE,District 11,1,1,Dwelling - Single Detached,44.57539385640863,-63.572153385768054
8841,BP-2021-08245,,30000,New Building,New Building,Withdrawn,DARTMOUTH,District 06,0,1,Accessory Structure,44.70380560729793,-63.54503479606216
8842,BP-2021-08251,2021-06-03,43000,Addition,Addition,Completed,FALL RIVER,District 01,0,2,Dwelling - Single Detached,44.818571604190176,-63.60733188513098
8843,BP-2021-08259,2021-05-26,31000,New Building,New Building,Completed,OAKFIELD,District 01,0,1,Accessory Structure,44.922890820463145,-63.56203713262444
8844,BP-2021-08292,2021-10-04,85500,Renovation,Renovation,Completed,HALIFAX,District 09,0,3,Commercial,44.64599057160364,-63.59324845408033
8845,BP-2021-08298,2021-06-25,6975,Renovation,Renovation,Completed,DARTMOUTH,District 03,0,2,Dwelling - Single Detached,44.66746021185458,-63.53897803074918
8846,BP-2021-08305,2021-06-10,300000,New Building,New Building,Completed,HARTLIN SETTLEMENT,District 02,1,2,Dwelling - Single Detached,44.763158204566544,-63.00691193760279
8847,BP-2021-08319,2025-09-19,73750,Renovation,Renovation,Issued,HALIFAX,District 07,0,8,Commercial,44.647785535108305,-63.57269645629077
8848,BP-2021-08331,,50000,Addition,Addition,Applicant Revisions,BAYSIDE,District 13,0,1,Dwelling - Single Detached,44.53691929783036,-63.79169973847357
8849,BP-2021-08341,2021-05-26,310000,New Building,New Building,Completed,ENFIELD,District 01,1,2,Dwelling - Single Detached,44.911574577161225,-63.55401576928609
8850,BP-2021-08355,2021-05-26,400000,New Building,New Building,Completed,BEDFORD,District 16,1,3,Dwelling - Single Detached,44.71963893020391,-63.71617424233912
8851,BP-2021-08407,2022-02-10,560000,New Building,New Building,Completed,LOWER SACKVILLE,District 15,1,1,Dwelling - Single Detached,44.768352305852865,-63.64736560015631
8852,BP-2021-08413,,40000,Renovation,Renovation,Withdrawn,HALIFAX,District 09,-1,1,Dwelling - Backyard Suite,44.65238414218333,-63.62987380366329
8853,BP-2021-08428,2021-05-21,250000,New Building,New Building,Completed,MIDDLE SACKVILLE,District 14,1,2,Dwelling - Single Detached,44.79566552529075,-63.749948219712905
8854,BP-2021-08430,2021-05-26,36500,New Building,New Building,Completed,SEABRIGHT,District 13,0,1,Accessory Structure,44.62079834748636,-63.9322401246452
8855,BP-2021-08434,2021-05-21,250000,New Building,New Building,Completed,MIDDLE SACKVILLE,District 14,1,2,Dwelling - Single Detached,44.796549609610025,-63.75060659810448
8856,BP-2021-08437,2021-06-02,240000,New Building,New Building,Completed,HEAD OF CHEZZETCOOK,District 02,1,1,Dwelling - Single Detached,44.75808624603331,-63.228466091034385
8857,BP-2021-08453,2021-07-15,211000,Addition,Addition,Expired,HALIFAX,District 09,0,2,Dwelling - Single Detached,44.641843187779976,-63.60315470758991
8858,BP-2021-08465,2021-07-28,305000,New Building,New Building,Completed,MONTAGUE GOLD MINES,District 01,1,2,Dwelling - Single Detached,44.72524283181013,-63.52268599837635
8859,BP-2021-08471,2021-06-25,445000,New Building,New Building,Completed,HUBLEY,District 13,1,1,Dwelling - Single Detached,44.6609827915318,-63.822969559306195
8860,BP-2021-08475,2021-06-04,28000,New Building,New Building,Expired,HAMMONDS PLAINS,District 14,0,1,Accessory Structure,44.73651419698729,-63.803798409029504
8861,BP-2021-08482,2021-05-21,275000,New Building,New Building,Completed,MIDDLE SACKVILLE,District 14,1,3,Dwelling - Single Detached,44.7968237294796,-63.7512958089658
8862,BP-2021-08493,2021-05-27,355000,New Building,New Building,Completed,WESTPHAL,District 04,1,1,Dwelling - Single Detached,44.702755966726755,-63.44982041470233
8863,BP-2021-08501,2021-07-30,7500,Addition,Addition,Completed,HALIFAX,District 10,0,1,Dwelling - Single Detached,44.6622084448689,-63.64793724990047
8864,BP-2021-08515,2021-06-28,250000,New Building,New Building,Cancelled,,District 02,1,1,Dwelling - Single Detached,44.783100299204506,-62.997195966300644
8865,BP-2021-08527,2023-06-15,60000,New Building,New Building,Completed,WELLINGTON,District 01,0,2,Accessory Structure,44.86392835838464,-63.6037588208688
8866,BP-2021-08533,2021-10-01,400000,New Building,New Building,Expired,DARTMOUTH,District 06,1,2,Dwelling - Single Detached,44.70487707061285,-63.551162542473016
8867,BP-2021-08538,2021-06-25,150000,Renovation,Renovation,Completed,HALIFAX,District 07,0,16,Dwelling - Multiple Units,44.641981880085865,-63.57829272056136
8868,BP-2021-08539,2021-06-09,130000,New Building,New Building,Completed,WINDSOR JUNCTION,District 01,1,1,Dwelling - Single Detached,44.78455928988337,-63.633153509304734
8869,BP-2021-08548,,292000,New Building,New Building,Withdrawn,PROSPECT BAY,District 13,1,2,Dwelling - Single Detached,44.51026595688005,-63.77998372084712
8870,BP-2021-08552,2021-09-10,110000,New Building,New Building,Completed,DARTMOUTH,District 03,1,1,Dwelling - Backyard Suite,44.66178314955376,-63.552025308219434
8871,BP-2021-08580,2021-06-14,20000,New Building,New Building,Expired (Closed),HALIFAX,District 07,0,1,Accessory Structure,44.63882556565227,-63.58713730573861
8872,BP-2021-08590,2021-06-02,525003,New Building,New Building,Completed,LAKE ECHO,District 02,1,1,Dwelling - Single Detached,44.722770115454296,-63.38156579315335
8873,BP-2021-08607,2021-09-29,8000,Renovation,Renovation,Expired,LOWER SACKVILLE,District 15,0,1,Commercial,44.77840904376099,-63.6710202412872
8874,BP-2021-08632,2021-06-25,50000,New Building,New Building,Completed,WELLINGTON,District 01,0,2,Accessory Structure,44.85348251856422,-63.611532098451896
8875,BP-2021-08640,2021-06-22,745000,New Building,New Building,Completed,BEDFORD,District 16,1,2,Dwelling - Single Detached,44.72828154927651,-63.66055318416515
8876,BP-2021-08642,2021-08-04,1200000,New Building,New Building,Completed,DARTMOUTH,District 06,0,2,Commercial,44.72012447819395,-63.56013611623582
8877,BP-2021-08651,2021-07-15,330400,Addition,Addition,Expired,DARTMOUTH,District 05,0,3,Dwelling - Single Detached,44.67294074800024,-63.567170832166276
8878,BP-2021-08673,2023-09-12,35000,New Building,New Building,Completed,HALIFAX,District 11,0,1,Accessory Structure,44.62952207862933,-63.626608330173646
8879,BP-2021-08689,2021-11-19,6982409,New Building,New Building,Completed,HALIFAX,District 08,44,5,Dwelling - Multiple Units,44.65521519633795,-63.59076787756724
8880,BP-2021-08697,2021-07-16,99000,New Building,New Building,Issued,MUSQUODOBOIT HARBOUR,District 02,1,1,Dwelling - Seasonal,44.80795844034589,-63.196172032694285
8881,BP-2021-08740,2021-05-27,400000,New Building,New Building,Completed,BEAVER BANK,District 15,1,2,Dwelling - Single Detached,44.81202226434204,-63.66469918822439
8882,BP-2021-08744,2021-06-04,564000,New Building,New Building,Completed,COLE HARBOUR,District 04,1,2,Dwelling - Single Detached,44.64709691313961,-63.462896999055054
8883,BP-2021-08762,,800,Addition,Addition,Applicant Revisions,LAKE ECHO,District 02,0,2,Accessory Structure,44.72355422349534,-63.38223074229651
8884,BP-2021-08785,2021-12-21,600000,New Building,New Building,Expired,HALIFAX,District 07,1,2,Dwelling - Single Detached,44.63192159753945,-63.58875486349299
8885,BP-2021-08807,2021-12-01,346000,New Building,New Building,Completed,TIMBERLEA,District 12,1,1,Dwelling - Single Detached,44.668606044168186,-63.769969954855256
8886,BP-2021-08853,,40000,New Building,New Building,Application Incomplete,WAVERLEY,District 01,0,2,Accessory Structure,44.78295067668257,-63.60077868810055
8887,BP-2021-08861,2021-08-11,135000,Addition,Addition,Expired (Closed),BEDFORD,District 16,0,2,Dwelling - Single Detached,44.726477839792075,-63.658204651754005
8888,BP-2021-08873,2021-05-28,32000,New Building,New Building,Expired,TIMBERLEA,District 12,0,1,Accessory Structure,44.65167970606982,-63.72079781460406
8889,BP-2021-08876,2023-06-12,50000,New Building,New Building,Completed,BEAVER BANK,District 15,0,1,Accessory Structure,44.876158412322845,-63.69870822528345
8890,BP-2021-08905,2021-05-27,250000,New Building,New Building,Completed,EAST PETPESWICK,District 02,1,1,Dwelling - Single Detached,44.69543595433799,-63.148152709319085
8891,BP-2021-08911,2021-09-02,600000,New Building,New Building,Completed,COW BAY,District 03,1,2,Dwelling - Single Detached,44.62273869155571,-63.446761668723454
8892,BP-2021-08921,2021-05-26,25500,New Building,New Building,Completed,WHITES LAKE,District 13,0,1,Accessory Structure,44.5221774459966,-63.75983668418839
8893,BP-2021-08925,2021-06-09,35000,New Building,New Building,Completed,MIDDLE SACKVILLE,District 14,0,1,Accessory Structure,44.792794905531004,-63.77170940010093
8894,BP-2021-08939,2021-08-19,10000,New Building,New Building,Expired (Closed),HARRIETSFIELD,District 11,0,1,Accessory Structure,44.561624736521004,-63.62243019690198
8895,BP-2021-08945,,298802,New Building,New Building,Withdrawn,LAWRENCETOWN,District 02,1,1,Dwelling - Single Detached,44.648425156062444,-63.408283189984445
8896,BP-2021-08957,2021-11-10,250000,Addition,Addition,Completed,WEST PORTERS LAKE,District 02,1,2,Dwelling - Multiple Units,44.675411819560374,-63.310622415240964
8897,BP-2021-08963,,10150,New Building,New Building,Application Incomplete,WAVERLEY,District 01,0,1,Accessory Structure,44.74349491900949,-63.534218645734384
8898,BP-2021-08980,2021-07-08,1100000,Renovation,Renovation,Completed,DARTMOUTH,District 06,0,1,Commercial,44.72295043364461,-63.577341275332664
8899,BP-2021-09003,2022-01-26,150000,Renovation,Renovation,Completed,HALIFAX,District 10,1,1,Dwelling - Backyard Suite,44.653529329649096,-63.637509991689946
8900,BP-2021-09006,2021-06-22,15000,New Building,New Building,Expired (Closed),WEST PORTERS LAKE,District 02,0,1,Accessory Structure,44.673240736964004,-63.29921462179617
8901,BP-2021-09033,2021-07-06,2000,Renovation,Renovation,Completed,HALIFAX,District 09,0,2,Dwelling - Single Detached,44.65082186213191,-63.61070698217617
8902,BP-2021-09042,,10000,Addition,Addition,Cancelled,HALIFAX,District 08,0,1,Dwelling - Single Detached,44.667450366230156,-63.6145916130563
8903,BP-2021-09051,,20000,New Building,New Building,Applicant Revisions,MIDDLE SACKVILLE,District 14,0,1,Accessory Structure,44.81366607201482,-63.74538480700364
8904,BP-2021-09062,2021-12-15,45000,Renovation,Renovation,Completed,HALIFAX,District 10,1,1,Dwelling - Multiple Units,44.68370073357992,-63.6622375288659
8905,BP-2021-09084,2021-10-18,1470199,New Building,New Building,Completed,HALIFAX,District 11,0,2,Commercial,44.59810573138516,-63.62931198275396
8906,BP-2021-09108,2022-04-29,38300000,New Building,New Building,Issued,HALIFAX,District 08,226,26,Mixed Use - Residential & Other Use(s),44.647294209007,-63.591483163516465
8907,BP-2021-09108,2022-04-29,38300000,New Building,New Building,Issued,HALIFAX,District 08,226,26,Mixed Use - Residential & Other Use(s),44.647294209007,-63.591483163516465
8908,BP-2021-09113,2021-06-15,17000,New Building,New Building,Completed,TIMBERLEA,District 12,0,1,Accessory Structure,44.664857887794575,-63.75472377089516
8909,BP-2021-09129,2021-08-06,74300,Renovation,Renovation,Completed,HALIFAX,District 09,1,1,Dwelling - Backyard Suite,44.64589510911927,-63.6097307598947
8910,BP-2021-09162,2021-06-29,78000,Renovation,Renovation,Expired,BEDFORD,District 16,0,2,Commercial,44.701700468184704,-63.70142603387846
8911,BP-2021-09176,2021-06-23,285000,New Building,New Building,Completed,PROSPECT BAY,District 13,1,2,Dwelling - Single Detached,44.51026595688005,-63.77998372084712
8912,BP-2021-09179,2021-06-11,20000,New Building,New Building,Completed,FLETCHERS LAKE,District 01,0,1,Accessory Structure,44.85626869134543,-63.600116786399916
8913,BP-2021-09182,2021-06-30,180000,New Building,New Building,Completed,LUCASVILLE,District 14,1,3,Dwelling - Single Detached,44.764018787290844,-63.71168590283672
8914,BP-2021-09193,2022-01-27,46400000,New Building,New Building,Completed,BEDFORD,District 16,290,15,Dwelling - Multiple Units,44.712017637840084,-63.71444961299417
8915,BP-2021-09195,2021-08-31,287887,Renovation,Renovation,Expired (Closed),EASTERN PASSAGE,District 03,0,1,Commercial,44.61203371947475,-63.490491901383756
8916,BP-2021-09199,2021-06-17,150000,New Building,New Building,Expired (Closed),HAMMONDS PLAINS,District 14,1,2,Dwelling - Single Detached,44.73419053566427,-63.804148618846
8917,BP-2021-09207,2021-06-30,166000,Renovation,Renovation,Expired (Closed),HALIFAX,District 07,0,7,Commercial,44.64340647269803,-63.57650149878513
8918,BP-2021-09225,2021-10-04,2900000,Addition,Addition,Completed,HALIFAX,District 07,4,4,Dwelling - Multiple Units,44.636485912682296,-63.57888700960913
8919,BP-2021-09227,2022-09-13,300000,Renovation,Renovation,Completed,HALIFAX,District 07,0,13,Mixed Use - Residential & Other Use(s),44.63526389119834,-63.57679191563519
8920,BP-2021-09238,2021-08-13,17500,New Building,New Building,Completed,HALIFAX,District 09,0,1,Accessory Structure,44.64249469420455,-63.607857980752506
8921,BP-2021-09254,2021-06-30,11100,Addition,Addition,Expired,SEABRIGHT,District 13,0,1,Dwelling - Single Detached,44.618185248658975,-63.928283555633534
8922,BP-2021-09264,2021-08-25,90000,Renovation,Renovation,Completed,HALIFAX,District 09,0,3,Dwelling - Single Detached,44.64045434421156,-63.6037080320781
8923,BP-2021-09281,2021-07-22,14000,New Building,New Building,Expired (Closed),SMITHS SETTLEMENT,District 02,0,1,Accessory Structure,44.78579946449766,-63.10555955943923
8924,BP-2021-09286,2021-09-17,18000,Renovation,Renovation,Expired,HALIFAX,District 09,0,1,Accessory Structure,44.64410360439819,-63.617091331388735
8925,BP-2021-09315,2021-08-19,30000,New Building,New Building,Completed,MIDDLE SACKVILLE,District 14,0,1,Accessory Structure,44.80843728795894,-63.73308143593937
8926,BP-2021-09319,2021-11-04,1200000,New Building,New Building,Completed,BEDFORD,District 16,6,1,Dwelling - Townhouse,44.74313498831052,-63.65448291626785
8927,BP-2021-09322,2021-07-15,180000,New Building,New Building,Completed,LUCASVILLE,District 14,1,3,Dwelling - Single Detached,44.76644932381964,-63.71065946455431
8928,BP-2021-09327,,150000,Addition,Addition,Withdrawn,GOFFS,District 01,0,2,Dwelling - Single Detached,44.88833574528728,-63.46765470399509
8929,BP-2021-09332,2022-04-28,459000,New Building,New Building,Completed,WESTPHAL,District 04,2,1,Dwelling - Multiple Units,44.70642516009043,-63.469930004511944
8930,BP-2021-09355,2021-08-25,50000,Renovation,Renovation,Completed,HALIFAX,District 07,0,1,Commercial,44.64340647269803,-63.57650149878513
8931,BP-2021-09357,2021-07-05,338000,New Building,New Building,Completed,HAMMONDS PLAINS,District 14,1,2,Dwelling - Single Detached,44.76037623413209,-63.77373281776401
8932,BP-2021-09368,2021-10-05,7612770,New Building,New Building,Completed,BEDFORD,District 16,40,4,Dwelling - Multiple Units,44.716262802832865,-63.71217515399933
8933,BP-2021-09375,,500000,New Building,New Building,Withdrawn,HUBLEY,District 13,1,2,Dwelling - Single Detached,44.66594982762637,-63.80898166961189
8934,BP-2021-09383,2021-07-22,1200000,New Building,New Building,Completed,HALIFAX,District 11,4,2,Dwelling - Townhouse,44.62348547132216,-63.62213490705614
8935,BP-2021-09384,2021-06-14,5000,Renovation,Renovation,Completed,HALIFAX,District 09,0,1,Dwelling - Single Detached,44.646819353504505,-63.62795505549216
8936,BP-2021-09400,2021-08-25,403900,Renovation,Renovation,Completed,HALIFAX,District 07,0,2,Institutional and Governmental,44.63409352510462,-63.59132169778253
8937,BP-2021-09413,2021-06-04,18899,Renovation,Renovation,Expired,HALIFAX,District 10,0,2,Dwelling - Single Detached,44.653294375411015,-63.63680479921307
8938,BP-2021-09438,2021-06-23,105000,Renovation,Renovation,Expired (Closed),HALIFAX,District 07,0,2,Dwelling - Multiple Units,44.6407788143255,-63.57553725825345
8939,BP-2021-09442,2021-08-13,20000,New Building,New Building,Expired,DARTMOUTH,District 06,0,1,Accessory Structure,44.68640409243579,-63.52371294884361
8940,BP-2021-09450,,30000,Renovation,Renovation,Withdrawn,HALIFAX,District 09,0,1,Dwelling - Single Detached,44.642279932658546,-63.614258723649336
8941,BP-2021-09453,2024-07-16,23800000,New Building,New Building,Amendment Applicant Revisions,HALIFAX,District 08,142,9,Dwelling - Multiple Units,44.661072867114896,-63.61596741731837
8942,BP-2021-09453,2024-07-16,23800000,New Building,New Building,Amendment Applicant Revisions,HALIFAX,District 08,142,9,Dwelling - Multiple Units,44.661072867114896,-63.61596741731837
8943,BP-2021-09457,2021-07-21,900000,New Building,New Building,Completed,HALIFAX,District 11,3,2,Dwelling - Townhouse,44.624516768195676,-63.62294933718777
8944,BP-2021-09460,2021-06-25,60000,Renovation,Renovation,Completed,HALIFAX,District 11,1,2,Dwelling - Multiple Units,44.6160786755619,-63.619798707417765
8945,BP-2021-09461,2021-07-16,40000,Renovation,Renovation,Completed,DARTMOUTH,District 03,1,2,Dwelling - Multiple Units,44.63802988086067,-63.52332513181428
8946,BP-2021-09473,2021-09-10,245000,Renovation,Renovation,Issued,LOWER EAST CHEZZETCOOK,District 02,0,1,Dwelling - Seasonal,44.683867128559044,-63.206156065601014
8947,BP-2021-09510,,3,New Building,New Building,Application Incomplete,WINDSOR JUNCTION,District 01,1,1,Dwelling - Single Detached,44.78392278522144,-63.646846724609645
8948,BP-2021-09525,2021-06-17,396000,New Building,New Building,Completed,WELLINGTON,District 01,1,2,Dwelling - Single Detached,44.89771497019904,-63.625472613794464
8949,BP-2021-09545,2021-06-07,34830,Renovation,Renovation,Expired (Closed),BEDFORD,District 16,0,1,Dwelling - Single Detached,44.71217283635138,-63.68374495925283
8950,BP-2021-09558,2021-08-11,42220,Renovation,Renovation,Completed,FALL RIVER,District 01,1,2,Dwelling - Multiple Units,44.82003554809407,-63.63564288381815
8951,BP-2021-09602,2021-10-01,2250000,New Building,New Building,Completed,BEDFORD,District 16,1,3,Dwelling - Single Detached,44.71699399553582,-63.65881312425875
8952,BP-2021-09611,2021-08-20,30000,Addition,Addition,Expired,POPES HARBOUR,District 02,0,1,Dwelling - Single Detached,44.81102419437445,-62.638146615851824
8953,BP-2021-09638,2021-06-17,340000,New Building,New Building,Completed,FALL RIVER,District 01,1,1,Dwelling - Single Detached,44.81442961214769,-63.62960859851052
8954,BP-2021-09659,2021-06-17,300000,New Building,New Building,Completed,EASTERN PASSAGE,District 03,1,2,Dwelling - Single Detached,44.616550722982666,-63.47721910314918
8955,BP-2021-09669,,160000,Renovation,Renovation,Withdrawn,WESTPHAL,District 04,2,2,Dwelling - Multiple Units,44.68947388171674,-63.48309731493384
8956,BP-2021-09678,2021-11-25,217000,Renovation,Renovation,Completed,BEDFORD,District 16,0,2,Commercial,44.715860589510946,-63.67880357035525
8957,BP-2021-09707,2021-09-22,165000,New Building,New Building,Completed,HALIFAX,District 11,3,3,Dwelling - Multiple Units,44.602757671317555,-63.61348458564679
8958,BP-2021-09707,2021-09-22,165000,New Building,New Building,Completed,HALIFAX,District 11,3,3,Dwelling - Multiple Units,44.602757671317555,-63.61348458564679
8959,BP-2021-09719,2021-07-06,7000,New Building,New Building,Expired,HALIFAX,District 08,0,1,Accessory Structure,44.67119653627689,-63.60827200783028
8960,BP-2021-09721,,23285275,New Building,New Building,Applicant Revisions,,District 06,183,9,Dwelling - Multiple Units,44.68523223640292,-63.53060941679239
8961,BP-2021-09731,2021-06-25,101000,Addition,Addition,Completed,DARTMOUTH,District 05,0,2,Dwelling - Single Detached,44.677103662705385,-63.56491824620143
8962,BP-2021-09741,2021-10-06,3400000,New Building,New Building,Completed,HALIFAX,District 07,12,3,Mixed Use - Residential & Other Use(s),44.640037685337596,-63.58430727158137
8963,BP-2021-09759,2021-07-15,40500,New Building,New Building,Expired,EASTERN PASSAGE,District 03,0,1,Accessory Structure,44.61542912528491,-63.48506062279519
8964,BP-2021-09774,,19950000,New Building,New Building,Withdrawn,HALIFAX,District 08,0,11,Commercial,44.65938322100367,-63.596387624036076
8965,BP-2021-09782,2021-07-29,350000,New Building,New Building,Issued,DARTMOUTH,District 05,2,3,Dwelling - Multiple Units,44.682253378429685,-63.5929565380814
8966,BP-2021-09798,2021-06-25,500000,New Building,New Building,Completed,FALL RIVER,District 01,1,2,Dwelling - Single Detached,44.82850720745754,-63.591601475085234
8967,BP-2021-09799,2021-10-25,20000000,New Building,New Building,Completed,HALIFAX,District 08,72,11,Dwelling - Multiple Units,44.65938322100367,-63.596387624036076
8968,BP-2021-09810,,25000,New Building,New Building,Withdrawn,BEAVER BANK,District 15,0,2,Accessory Structure,44.84278728401738,-63.67101968104272
8969,BP-2021-09824,2021-06-14,560000,New Building,New Building,Completed,LAKE LOON,District 04,1,1,Dwelling - Single Detached,44.71093107371314,-63.49960291198231
8970,BP-2021-09834,2022-02-10,16000000,New Building,New Building,Completed,HALIFAX,District 12,91,12,Dwelling - Multiple Units,44.64979378816347,-63.66316727493275
8971,BP-2021-09842,2021-06-22,525000,New Building,New Building,Completed,BEDFORD,District 16,1,2,Dwelling - Single Detached,44.70296505336705,-63.7179059311488
8972,BP-2021-09843,2021-11-19,700000,New Building,New Building,Completed,BEDFORD,District 16,1,2,Dwelling - Single Detached,44.7173962029699,-63.655586631629035
8973,BP-2021-09877,2021-06-23,308071,New Building,New Building,Completed,SEAFORTH,District 02,1,1,Dwelling - Single Detached,44.67333680816719,-63.257767925707114
8974,BP-2021-09925,2022-09-28,260000,Addition,Addition,Issued,LOWER SACKVILLE,District 15,0,1,Dwelling - Single Detached,44.76845027123096,-63.66456586936484
8975,BP-2021-09939,2022-03-11,8650000,New Building,New Building,Completed,BEDFORD,District 16,40,4,Dwelling - Multiple Units,44.71675906386879,-63.713015433537166
8976,BP-2021-09944,2021-07-08,525000,New Building,New Building,Completed,BEDFORD,District 16,1,2,Dwelling - Single Detached,44.70301697975222,-63.718088090947376
8977,BP-2021-09973,2021-11-04,800000,New Building,New Building,Completed,BEDFORD,District 16,4,2,Dwelling - Townhouse,44.74286132293746,-63.65466279437696
8978,BP-2021-09975,2021-08-27,390000,New Building,New Building,Completed,SHAD BAY,District 13,1,2,Dwelling - Single Detached,44.52097680121309,-63.79001757435584
8979,BP-2021-09981,,500000,New Building,New Building,Applicant Revisions,HALIFAX,District 11,2,4,Dwelling - Semi-Detached,44.63530964748367,-63.62380053849569
8980,BP-2021-09989,2021-11-04,600000,New Building,New Building,Completed,BEDFORD,District 16,3,1,Dwelling - Townhouse,44.74299922320313,-63.65530448169265
8981,BP-2021-09992,2021-06-23,20000,New Building,New Building,Expired (Closed),MIDDLE SACKVILLE,District 14,0,1,Accessory Structure,44.79698612911819,-63.72665856481609
8982,BP-2021-09995,2021-09-01,400000,New Building,New Building,Completed,BEDFORD,District 16,2,1,Dwelling - Semi-Detached,44.74318795683984,-63.655310906067015
8983,BP-2021-10004,,5300000,New Building,New Building,Applicant Revisions,HALIFAX,District 11,29,5,Dwelling - Multiple Units,44.60513026945872,-63.612654924957546
8984,BP-2021-10005,2022-02-14,600000,New Building,New Building,Completed,BEDFORD,District 16,3,1,Dwelling - Townhouse,44.743369147602934,-63.65529563457979
8985,BP-2021-10031,,10000,Renovation,Renovation,Withdrawn,TIMBERLEA,District 12,0,2,Dwelling - Single Detached,44.643166231807335,-63.71493526309051
8986,BP-2021-10052,,99000,New Building,New Building,Application Incomplete,HALIFAX,District 08,0,1,Dwelling - Single Detached,44.661841923310256,-63.6024102172773
8987,BP-2021-10059,2022-10-18,1200000,New Building,New Building,Completed,BEDFORD,District 16,6,2,Dwelling - Townhouse,44.74350592039277,-63.65486322089595
8988,BP-2021-10091,,13838000,New Building,New Building,Withdrawn,DARTMOUTH,District 03,60,6,Mixed Use - Residential & Other Use(s),44.66730899734973,-63.549911756867814
8989,BP-2021-10091,,13838000,New Building,New Building,Withdrawn,DARTMOUTH,District 03,60,6,Mixed Use - Residential & Other Use(s),44.66730899734973,-63.549911756867814
8990,BP-2021-10120,,20000,New Building,New Building,Withdrawn,BROOKSIDE,District 13,0,1,Accessory Structure,44.54626069957963,-63.70968667403129
8991,BP-2021-10139,2021-07-23,225000,New Building,New Building,Completed,PORTERS LAKE,District 02,2,1,Dwelling - Semi-Detached,44.748657844928495,-63.292229390786446
8992,BP-2021-10197,2021-07-30,120000,Addition,Addition,Expired (Closed),HALIFAX,District 09,0,1,Dwelling - Single Detached,44.644524931242316,-63.61385519802249
8993,BP-2021-10219,2021-06-17,76859.57,Renovation,Renovation,Expired,DARTMOUTH,District 03,0,2,Dwelling - Single Detached,44.65773919706449,-63.54861416448726
8994,BP-2021-10229,2021-07-12,25000,New Building,New Building,Expired (Closed),BEAVER BANK,District 15,0,1,Accessory Structure,44.84278728401738,-63.67101968104272
8995,BP-2021-10242,2021-06-21,600000,New Building,New Building,Expired,BEDFORD,District 16,4,1,Dwelling - Multiple Units,44.70622616127471,-63.71522545611113
8996,BP-2021-10242,2021-06-21,600000,New Building,New Building,Expired,BEDFORD,District 16,4,1,Dwelling - Multiple Units,44.70622616127471,-63.71522545611113
8997,BP-2021-10268,2021-08-23,600000,New Building,New Building,Expired,BEDFORD,District 16,4,1,Dwelling - Multiple Units,44.70592395399214,-63.71456727723317
8998,BP-2021-10273,2021-06-29,300000,New Building,New Building,Completed,TIMBERLEA,District 12,1,2,Dwelling - Single Detached,44.640928934662504,-63.72297507286811
8999,BP-2021-10281,2021-07-30,600000,New Building,New Building,Expired,BEDFORD,District 16,4,1,Dwelling - Multiple Units,44.70630850627759,-63.71474818942266
9000,BP-2021-10284,2021-07-15,300000,New Building,New Building,Issued,DARTMOUTH,District 03,2,2,Dwelling - Multiple Units,44.63658385190093,-63.52553819926943
9001,BP-2021-10291,2021-10-07,600000,New Building,New Building,Expired,BEDFORD,District 16,4,1,Dwelling - Townhouse,44.70666555294793,-63.71495102668806
9002,BPCOM-2021-10383,2021-07-15,92500,Renovation,Renovation,Expired,DARTMOUTH,District 06,0,1,Commercial,44.71581419888206,-63.58099426132226
9003,BPCOM-2021-10385,2021-07-16,550000,New Building,New Building,Completed,TANTALLON,District 13,0,1,Accessory Structure,44.65777360690709,-63.91278923493075
9004,BPCOM-2021-10493,2021-11-02,19000,Renovation,Renovation,Expired (Closed),DARTMOUTH,District 06,0,4,Commercial,44.68108639595668,-63.53880896891228
9005,BPCOM-2021-10635,2021-08-13,1500000,Renovation,Renovation,Completed,GOFFS,District 01,0,2,Commercial,44.87043823268348,-63.53460247804879
9006,BPCOM-2021-10637,2021-08-25,410000,Renovation,Renovation,Completed,HALIFAX,District 07,0,1,Commercial,44.64876025766245,-63.57178250895293
9007,BPCOM-2021-10826,2021-08-05,74000,Renovation,Renovation,Completed,HALIFAX,District 12,0,2,Commercial,44.670989768067166,-63.67652045781337
9008,BPCOM-2021-10836,2021-08-20,980000,Renovation,Renovation,Completed,HALIFAX,District 07,0,16,Commercial,44.64384331054259,-63.58029407392168
9009,BPCOM-2021-10959,2021-09-09,250000,Renovation,Renovation,Completed,DARTMOUTH,District 05,0,5,Commercial,44.66589264267182,-63.570329317175656
9010,BPCOM-2021-11016,2021-07-15,530000,Renovation,Renovation,Expired,HALIFAX,District 08,0,4,Commercial,44.6577157246738,-63.604653789945985
9011,BPCOM-2021-11073,2021-07-28,305791,Renovation,Renovation,Expired (Closed),PORTERS LAKE,District 02,0,1,Commercial,44.743004002130725,-63.281485184917855
9012,BPCOM-2021-11118,2022-04-22,60000,Renovation,Renovation,Completed,BEDFORD,District 16,0,3,Mixed Use - Residential & Other Use(s),44.71991199179288,-63.67203978558194
9013,BPCOM-2021-11171,2021-08-25,50000,Renovation,Renovation,Expired (Closed),BEDFORD,District 16,0,3,Commercial,44.73246649086948,-63.660934540212175
9014,BPCOM-2021-11234,,1200000,New Building,New Building,Withdrawn,,Unidentified,0,1,Commercial,,
9015,BPCOM-2021-11283,,56000,Renovation,Renovation,Withdrawn,HALIFAX,District 07,0,1,Commercial,44.64656421076864,-63.57047566588603
9016,BPCOM-2021-11342,2021-10-14,2000,Renovation,Renovation,Completed,HALIFAX,District 09,0,2,Mixed Use - Residential & Other Use(s),44.64177967933298,-63.609704961634336
9017,BPCOM-2021-11355,2021-11-09,1698127,Addition,Addition,Completed,TIMBERLEA,District 12,0,1,Commercial,44.63660338207947,-63.71684919632002
9018,BPCOM-2021-11383,2021-11-03,48000,Renovation,Renovation,Completed,BEDFORD,District 16,0,2,Commercial,44.70741017296444,-63.71006185491863
9019,BPCOM-2021-11456,2021-12-16,1000000,New Building,New Building,Cancelled,HALIFAX,District 08,0,3,Commercial,44.65982262509969,-63.59753318820529
9020,BPCOM-2021-11532,2021-08-23,100000,Renovation,Renovation,Expired (Closed),BEDFORD,District 16,0,1,Commercial,44.701961706922326,-63.68784848803569
9021,BPCOM-2021-11600,2021-08-17,220000,Renovation,Renovation,Completed,BEDFORD,District 16,0,2,Commercial,44.70741017296444,-63.71006185491863
9022,BPCOM-2021-11679,2022-06-17,550000,Renovation,Renovation,Completed,HALIFAX,District 07,0,6,Mixed Use - Residential & Other Use(s),44.643956942232094,-63.569367605402114
9023,BPCOM-2021-11764,2021-11-25,271500,New Building,New Building,Expired,HERRING COVE,District 11,0,1,Commercial,44.58441676533118,-63.588698924595086
9024,BPCOM-2021-11767,2021-10-05,422629,Renovation,Renovation,Expired (Closed),HALIFAX,District 07,0,3,Commercial,44.63849931708837,-63.59114200549173
9025,BPCOM-2021-11880,2021-09-08,160000,Renovation,Renovation,Expired (Closed),DARTMOUTH,District 03,0,1,Commercial,44.67055047144088,-63.5317921906144
9026,BPCOM-2021-11966,2021-10-19,711000,New Building,New Building,Completed,BEDFORD,District 16,0,1,Commercial,44.69571681341197,-63.69032888644487
9027,BPCOM-2021-11992,,12000,Renovation,Renovation,Applicant Revisions,HALIFAX,District 08,0,2,Commercial,44.65663947911413,-63.59548366242036
9028,BPCOM-2021-11992,,12000,Renovation,Renovation,Applicant Revisions,HALIFAX,District 08,0,2,Commercial,44.65663947911413,-63.59548366242036
9029,BPCOM-2021-12108,,55000,Renovation,Renovation,Withdrawn,MIDDLE SACKVILLE,District 14,0,1,Mixed Use - Residential & Other Use(s),44.80007621453483,-63.73699853251387
9030,BPCOM-2021-12241,2021-09-01,185000,Renovation,Renovation,Completed,DARTMOUTH,District 06,0,2,Commercial,44.70338507450025,-63.56244115328024
9031,BPCOM-2021-12326,2021-10-28,41000,Renovation,Renovation,Completed,BEDFORD,District 16,0,2,Commercial,44.70741017296444,-63.71006185491863
9032,BPCOM-2021-12365,2023-10-16,42000,Renovation,Renovation,Expired,BEECHVILLE,District 12,0,2,Commercial,44.63911892533393,-63.66766224430858
9033,BPCOM-2021-12368,2023-08-25,90000,Renovation,Renovation,Completed,BEDFORD,District 16,0,2,Commercial,44.72219211599113,-63.68789495377324
9034,BPCOM-2021-12474,2021-10-19,133333,New Building,New Building,Completed,PORTERS LAKE,District 02,1,1,Mixed Use - Residential & Other Use(s),44.796859135201515,-63.380763058084234
9035,BPCOM-2021-12492,,43000,Renovation,Renovation,Withdrawn,BEDFORD,District 16,0,1,Commercial,44.70828592460972,-63.66570184412501
9036,BPCOM-2021-12525,2021-09-20,1196740,Renovation,Renovation,Expired,HALIFAX,District 07,0,3,Institutional and Governmental,44.63967064614977,-63.58410130608267
9037,BPCOM-2021-12540,2021-10-18,1203000,New Building,New Building,Completed,BEECHVILLE,Unidentified,0,1,Commercial,44.640748459209114,-63.67774400626767
9038,BPCOM-2021-12540,2021-10-18,1203000,New Building,New Building,Completed,BEECHVILLE,District 12,0,1,Commercial,44.640748459209114,-63.67774400626767
9039,BPCOM-2021-12637,2021-09-17,45000,Addition,Addition,Expired,BEAVER BANK,District 15,0,1,Accessory Structure,44.888240680782786,-63.70481672923477
9040,BPCOM-2021-12766,2021-10-19,133333,New Building,New Building,Completed,PORTERS LAKE,District 02,1,1,Mixed Use - Residential & Other Use(s),44.796859135201515,-63.380763058084234
9041,BPCOM-2021-12997,2021-09-14,125000,Renovation,Renovation,Completed,HALIFAX,District 07,0,21,Commercial,44.64440616602548,-63.57214898917251
9042,BPCOM-2021-13055,2021-11-01,546750,New Building,New Building,Expired,DARTMOUTH,District 06,0,2,Industrial,44.69372720870659,-63.59531822294669
9043,BPCOM-2021-13160,2021-11-16,4005780,Renovation,Renovation,Completed,GOFFS,District 01,0,2,Aquaculture,44.86955365400254,-63.535307038447826
9044,BPCOM-2021-13216,2021-09-14,400000,Renovation,Renovation,Expired,DARTMOUTH,District 06,0,1,Commercial,44.704167539971984,-63.563154371189746
9045,BPCOM-2021-13283,2021-11-22,227000,Renovation,Renovation,Expired (Closed),DARTMOUTH,District 06,0,2,Commercial,44.70818467644483,-63.60622156061663
9046,BPCOM-2021-13395,2022-03-21,600000,Addition,Addition,Expired,EASTERN PASSAGE,District 03,0,1,Commercial,44.61738488154471,-63.50158643879551
9047,BPCOM-2021-13445,2021-08-27,175000,Renovation,Renovation,Expired,HALIFAX,District 08,0,2,Commercial,44.662179929808275,-63.6195911412936
9048,BPCOM-2021-13506,2021-09-21,55000,Renovation,Renovation,Completed,DARTMOUTH,District 06,0,2,Commercial,44.700368602940294,-63.588481539907626
9049,BPCOM-2021-13563,2021-09-01,450000,New Building,New Building,Completed,LAKESIDE,District 12,0,1,Commercial,44.63351923222143,-63.7031525603953
9050,BPCOM-2021-13593,2021-11-02,30000,Addition,Addition,Completed,HALIFAX,District 11,0,2,Commercial,44.60034285494513,-63.607524088316794
9051,BPCOM-2021-13598,2021-11-23,6160000,New Building,New Building,Completed,DARTMOUTH,District 06,0,2,Commercial,44.7240989125984,-63.562460180415485
9052,BPCOM-2021-13716,,35000,Renovation,Renovation,Applicant Revisions,HALIFAX,District 07,0,1,Commercial,44.644267695363055,-63.57006229799719
9053,BPCOM-2021-13793,2021-11-16,40000,Renovation,Renovation,Completed,DARTMOUTH,District 03,0,2,Commercial,44.65667493271273,-63.52956318196309
9054,BPCOM-2021-13807,,5000,New Building,New Building,Applicant Revisions,,District 05,0,1,Accessory Structure,44.67481659487176,-63.56022587911104
9055,BPCOM-2021-13896,2021-10-18,77000,Renovation,Renovation,Completed,DARTMOUTH,District 06,0,2,Commercial,44.710281622589385,-63.599754345498525
9056,BPCOM-2021-13958,2021-11-29,10260000,New Building,New Building,Issued,DARTMOUTH,District 03,67,8,Dwelling - Multiple Units,44.65764171152509,-63.550148417137194
9057,BPCOM-2021-14058,2021-10-19,1500000,Renovation,Renovation,Completed,DARTMOUTH,District 03,0,2,Commercial,44.65535003798204,-63.543042387178346
9058,BPCOM-2021-14171,,43000,Renovation,Renovation,Withdrawn,BEDFORD,District 16,0,1,Commercial,44.70828592460972,-63.66570184412501
9059,BPCOM-2021-14379,2021-10-14,20000,Renovation,Renovation,Expired (Closed),HALIFAX,District 08,0,1,Institutional and Governmental,44.65130437434177,-63.5963885715503
9060,BPCOM-2021-14435,2021-12-21,26866800,New Building,New Building,Completed,HALIFAX,District 07,216,9,Mixed Use - Residential & Other Use(s),44.6427052697066,-63.57600284106183
9061,BPCOM-2021-14435,2021-12-21,26866800,New Building,New Building,Completed,HALIFAX,District 07,216,9,Mixed Use - Residential & Other Use(s),44.6427052697066,-63.57600284106183
9062,BPCOM-2021-14580,2021-11-18,80000,New Building,New Building,Expired,UPPER MUSQUODOBOIT,District 01,0,1,Industrial,45.13925001734627,-62.94619562854918
9063,BPCOM-2021-14585,2022-02-08,5000000,New Building,New Building,Completed,DARTMOUTH,District 06,0,2,Commercial,44.69549730162727,-63.54820763595794
9064,BPCOM-2021-14640,,2350000,New Building,New Building,Withdrawn,HALIFAX,District 08,14,5,Dwelling - Multiple Units,44.65311303336234,-63.5897874531267
9065,BPCOM-2021-14734,2021-10-21,118000,Renovation,Renovation,Completed,BEDFORD,District 16,0,2,Commercial,44.73312015086539,-63.65425873877637
9066,BPCOM-2021-14784,2021-11-22,65000,Renovation,Renovation,Expired (Closed),HALIFAX,District 12,0,1,Commercial,44.649320394982325,-63.67720063251109
9067,BPCOM-2021-14795,2023-08-03,9331109,New Building,New Building,Issued,HALIFAX,District 08,105,10,Commercial,44.66003167963594,-63.5967625375812
9068,BPCOM-2021-14795,2023-08-03,9331109,New Building,New Building,Issued,HALIFAX,District 08,105,10,Commercial,44.66003167963594,-63.5967625375812
9069,BPCOM-2021-14918,,5000000,New Building,New Building,Withdrawn,,District 14,24,5,Dwelling - Multiple Units,44.74846764240471,-63.81826372553864
9070,BPCOM-2021-14983,2024-05-15,45000,Addition,Addition,Issued,EAST SHIP HARBOUR,District 02,0,1,Commercial,44.7774530865545,-62.796656809832015
9071,BPCOM-2021-15013,2023-10-30,103500,Renovation,Renovation,Completed,HALIFAX,District 09,0,2,Commercial,44.65478212465649,-63.60425398606244
9072,BPCOM-2021-15027,,5000000,New Building,New Building,Cancelled,,District 14,24,5,Dwelling - Multiple Units,44.74725186876469,-63.81983077475662
9073,BPCOM-2021-15077,2021-11-24,180000,Renovation,Renovation,Completed,HALIFAX,District 07,0,16,Commercial,44.64360466290724,-63.58017957376084
9074,BPCOM-2021-15145,2021-12-02,1030000,Renovation,Renovation,Completed,HALIFAX,District 12,0,2,Commercial,44.648129248549736,-63.66922524779485
9075,BPCOM-2021-15235,2022-05-06,150000,Addition,Addition,Cancelled,HALIFAX,District 08,0,3,Mixed Use - Residential & Other Use(s),44.65361755315686,-63.590812237354456
9076,BPCOM-2021-15310,2021-10-13,129000,Renovation,Renovation,Completed,HALIFAX,District 07,0,3,Commercial,44.64338577934373,-63.56896577062749
9077,BPCOM-2021-15327,2022-04-04,22000000,New Building,New Building,Completed,HALIFAX,District 10,110,7,Dwelling - Multiple Units,44.66111332967343,-63.628134834508145
9078,BPCOM-2021-15352,2021-11-19,5000000,Addition,Addition,Completed,DARTMOUTH,District 06,0,2,Industrial,44.7106281631561,-63.605540308145315
9079,BPCOM-2021-15362,2021-11-26,52700,Renovation,Renovation,Expired,MIDDLE SACKVILLE,District 14,0,1,Institutional and Governmental,44.77630161593866,-63.703991524313054
9080,BPCOM-2021-15636,2021-11-10,8000,Renovation,Renovation,Expired (Closed),HALIFAX,District 07,0,8,Commercial,44.643689620355346,-63.578129516602225
9081,BPCOM-2021-15760,2021-11-22,288000,Renovation,Renovation,Completed,DARTMOUTH,District 06,0,1,Commercial,44.672622688849955,-63.53846135562704
9082,BPCOM-2021-15779,2021-10-28,170000,Renovation,Renovation,Completed,HEAD OF ST MARGARETS BAY,District 13,0,1,Accessory Structure,44.69119284891113,-63.89214772037899
9083,BPCOM-2021-15873,2022-02-17,4400000,New Building,New Building,Completed,DARTMOUTH,District 06,0,2,Commercial,44.71386901746924,-63.56304310539542
9084,BPCOM-2021-15961,,50000,New Building,New Building,Withdrawn,DARTMOUTH,District 05,0,1,Accessory Structure,44.68273548605877,-63.59608692339458
9085,BPCOM-2021-16000,,1545300,Renovation,Renovation,Withdrawn,HALIFAX,District 08,0,3,Dwelling - Multiple Units,44.65614270115697,-63.588116434076284
9086,BPCOM-2021-16011,2022-01-10,1300000,Addition,Addition,Completed,WAVERLEY,District 01,0,3,Commercial,44.78886454682316,-63.60660189485699
9087,BPCOM-2021-16051,2021-11-08,113660,Renovation,Renovation,Completed,HALIFAX,District 07,0,12,Commercial,44.64111736630636,-63.58674085352936
9088,BPCOM-2021-16090,2021-12-15,2695240,Renovation,Renovation,Cancelled,HALIFAX,District 07,0,4,Commercial,44.6492531406325,-63.577105218272834
9089,BPCOM-2021-16090,2021-12-15,2695240,Renovation,Renovation,Cancelled,HALIFAX,District 07,0,4,Commercial,44.6492531406325,-63.577105218272834
9090,BPCOM-2021-16165,2021-12-13,135000,Renovation,Renovation,Completed,DARTMOUTH,District 03,0,1,Commercial,44.67058422584287,-63.525608149775046
9091,BPCOM-2021-16215,2021-11-22,80000,Renovation,Renovation,Expired,DARTMOUTH,District 06,0,1,Commercial,44.70703922287045,-63.5847602872352
9092,BPCOM-2021-16310,2021-11-24,1226000,Renovation,Renovation,Expired,DARTMOUTH,District 05,0,3,Commercial,44.665018321337655,-63.56975704658656
9093,BPCOM-2021-16442,2021-12-01,60000,Renovation,Renovation,Completed,HALIFAX,District 08,-35,5,Mixed Use - Residential & Other Use(s),44.653633875171934,-63.585924351558226
9094,BPCOM-2021-16452,2021-12-08,18010000,New Building,New Building,Completed,HALIFAX,District 08,71,9,Mixed Use - Residential & Other Use(s),44.66043147954815,-63.59612195696095
9095,BPCOM-2021-16452,2021-12-08,18010000,New Building,New Building,Completed,HALIFAX,District 08,71,9,Mixed Use - Residential & Other Use(s),44.66043147954815,-63.59612195696095
9096,BPCOM-2021-16563,,44000,Renovation,Renovation,Applicant Revisions,HAMMONDS PLAINS,District 14,0,2,Mixed Use - Residential & Other Use(s),44.733492847013096,-63.76947298378318
9097,BPCOM-2021-16600,,66900,Renovation,Renovation,Applicant Revisions,HALIFAX,District 10,0,12,Mixed Use - Residential & Other Use(s),44.66267186400073,-63.63617886277147
9098,BPCOM-2021-16695,2021-11-30,60000,Renovation,Renovation,Expired,HALIFAX,District 08,0,2,Industrial,44.660457165368925,-63.59913667774743
9099,BPCOM-2021-16763,2021-11-25,50000,Renovation,Renovation,Completed,DARTMOUTH,District 06,0,2,Commercial,44.68844875086864,-63.59998355816905
9100,BPCOM-2021-16990,2021-12-01,98000,Renovation,Renovation,Cancelled,HALIFAX,District 09,0,1,Dwelling - Townhouse,44.65003397795571,-63.621823763359004
9101,BPCOM-2021-17061,2022-06-29,61600000,New Building,New Building,Expired,HALIFAX,District 10,292,17,Mixed Use - Residential & Other Use(s),44.65591424679355,-63.65171626982323
9102,BPCOM-2021-17062,2022-06-29,26400000,New Building,New Building,Expired,HALIFAX,District 10,238,17,Mixed Use - Residential & Other Use(s),44.65665592658424,-63.65137451538068
9103,BPCOM-2021-17134,2025-05-28,350000,Renovation,Renovation,Completed,HALIFAX,District 08,-1,2,Commercial,44.651165631403956,-63.58303656406624
9104,BPCOM-2021-17303,2021-12-14,567000,Renovation,Renovation,Expired (Closed),HALIFAX,District 07,0,3,Commercial,44.648284861294265,-63.57678713274112
9105,BPCOM-2021-17361,2021-11-25,73000,Renovation,Renovation,Expired (Closed),HALIFAX,District 08,0,2,Commercial,44.65663947911413,-63.59548366242036
9106,BPCOM-2021-17361,2021-11-25,73000,Renovation,Renovation,Expired (Closed),HALIFAX,District 08,0,2,Commercial,44.65663947911413,-63.59548366242036
9107,BPCOM-2021-17440,2021-12-02,750000,Renovation,Renovation,Completed,HALIFAX,District 07,0,10,Commercial,44.64876025766245,-63.57178250895293
9108,BPCOM-2021-17502,2021-11-08,13000,Renovation,Renovation,Completed,HATCHET LAKE,District 13,0,2,Commercial,44.57220269237169,-63.71324954841427
9109,BPCOM-2021-17630,2022-10-28,2100000,New Building,New Building,Completed,TIMBERLEA,District 12,0,3,Commercial,44.64623264206287,-63.712551082074576
9110,BPCOM-2021-17630,2022-10-28,2100000,New Building,New Building,Completed,TIMBERLEA,District 12,0,3,Commercial,44.64623264206287,-63.712551082074576
9111,BPCOM-2021-17675,2022-08-19,300000,Renovation,Renovation,Completed,DARTMOUTH,District 06,0,3,Commercial,44.7087984282211,-63.576357497355446
9112,BPCOM-2021-17808,2021-12-10,1200000,Renovation,Renovation,Expired,BEDFORD,District 16,0,7,Commercial,44.72359477197514,-63.69310111651545
9113,BPCOM-2021-17907,2021-11-29,268300,Renovation,Renovation,Completed,HALIFAX,District 07,0,1,Institutional and Governmental,44.64236101077217,-63.57330589147405
9114,BPCOM-2021-18013,2021-12-14,2199000,Renovation,Renovation,Completed,,District 05,0,1,Institutional and Governmental,44.68364810409381,-63.58832190218135
9115,BPCOM-2021-18088,2021-12-14,55000,Renovation,Renovation,Expired,HALIFAX,District 09,0,2,Commercial,44.649222867468666,-63.60314308489951
9116,BPCOM-2021-18148,2021-12-03,90500,Renovation,Renovation,Completed,DARTMOUTH,District 06,0,1,Commercial,44.69949206599001,-63.58724856417084
9117,BPCOM-2021-18240,2022-01-13,15000,Renovation,Renovation,Completed,BEDFORD,District 16,0,1,Commercial,44.70828592460972,-63.66570184412501
9118,BPCOM-2021-18271,2022-03-15,13347566,New Building,New Building,Completed,BEDFORD,Unidentified,75,4,Dwelling - Multiple Units,44.72174360790854,-63.70790907968481
9119,BPCOM-2021-18271,2022-03-15,13347566,New Building,New Building,Completed,BEDFORD,District 16,75,4,Dwelling - Multiple Units,44.72174360790854,-63.70790907968481
9120,BPCOM-2021-18368,,64000,Addition,Addition,Applicant Revisions,BEDFORD,District 16,0,2,Commercial,44.72093206494097,-63.67144620668263
9121,BPCOM-2021-18428,2022-02-14,3000000,New Building,New Building,Completed,DARTMOUTH,District 06,0,2,Commercial,44.69133665145682,-63.59256576384083
9122,BPCOM-2021-18475,2022-10-05,21464000,New Building,New Building,Amendment Review,DARTMOUTH,District 05,117,9,Mixed Use - Residential & Other Use(s),44.67153041391625,-63.5813558280057
9123,BPCOM-2021-18475,2022-10-05,21464000,New Building,New Building,Amendment Review,DARTMOUTH,District 05,117,9,Mixed Use - Residential & Other Use(s),44.67153041391625,-63.5813558280057
9124,BPCOM-2021-18654,2021-11-15,14100,Renovation,Renovation,Completed,HALIFAX,District 07,0,21,Commercial,44.640647119359386,-63.57828358899169
9125,BPCOM-2021-18733,,5000,Renovation,Renovation,Applicant Revisions,LOWER SACKVILLE,District 15,0,3,Commercial,44.7593264801536,-63.67073906419949
9126,BPCOM-2021-18774,2021-12-20,211849,Renovation,Renovation,Expired,DARTMOUTH,District 06,0,2,Commercial,44.71001832852527,-63.587681300478046
9127,BPCOM-2021-18793,2021-12-20,300000,Renovation,Renovation,Expired,UPPER TANTALLON,District 13,0,1,Commercial,44.702756063037604,-63.85918244980485
9128,BPCOM-2021-18904,2021-12-20,1800000,Renovation,Renovation,Expired (Closed),HALIFAX,District 08,0,17,Dwelling - Multiple Units,44.65268335095769,-63.58005852495587
9129,BPCOM-2021-18999,2022-05-12,11000000,New Building,New Building,Completed,HALIFAX,District 08,27,6,Dwelling - Multiple Units,44.651767752846744,-63.581912519687535
9130,BPCOM-2021-19011,2022-05-12,11000000,New Building,New Building,Completed,HALIFAX,District 08,30,6,Dwelling - Multiple Units,44.65205905313599,-63.582288913229974
9131,BPCOM-2021-19030,,66000,Renovation,Renovation,Withdrawn,BEDFORD,District 16,0,1,Commercial,44.70828592460972,-63.66570184412501
9132,BPCOM-2021-19110,2021-12-06,580000,Renovation,Renovation,Expired,DARTMOUTH,District 06,0,2,Commercial,44.69209565480768,-63.59954991470839
9133,BPCOM-2021-19131,2021-12-15,64760,Renovation,Renovation,Completed,UPPER TANTALLON,District 13,0,2,Commercial,44.68833786707614,-63.88118181832366
9134,BPCOM-2021-19162,2022-03-29,25000,Renovation,Renovation,Completed,BEDFORD,District 16,0,1,Commercial,44.70828592460972,-63.66570184412501
9135,BPCOM-2021-19257,2022-01-06,141050,Renovation,Renovation,Expired,HALIFAX,District 07,0,6,Commercial,44.64188101318864,-63.57852400902222
9136,BPCOM-2021-19311,2022-04-19,330000,New Building,New Building,Completed,UPPER SACKVILLE,District 14,0,1,Commercial,44.81465695929018,-63.767151725973484
9137,BPCOM-2021-19328,2022-02-10,20000,Renovation,Renovation,Completed,HALIFAX,District 09,0,1,Commercial,44.653875970594385,-63.60272090086538
9138,BPCOM-2021-19364,,25000,Renovation,Renovation,Withdrawn,BEDFORD,District 16,0,1,Commercial,44.70828592460972,-63.66570184412501
9139,BPCOM-2021-19433,2022-02-22,238000,Renovation,Renovation,Completed,BEDFORD,District 16,0,1,Commercial,44.75289281442478,-63.64343709455144
9140,BPCOM-2021-19490,2022-01-14,10000,Renovation,Renovation,Completed,HALIFAX,District 08,0,1,Commercial,44.659605516645165,-63.60345094261078
9141,BPCOM-2021-19569,2022-07-12,1450000,Renovation,Renovation,Issued,HALIFAX,District 07,0,5,Commercial,44.646444762993674,-63.57349693790917
9142,BPCOM-2021-19572,2022-01-25,42000,Renovation,Renovation,Completed,HALIFAX,District 09,0,2,Mixed Use - Residential & Other Use(s),44.64532287714531,-63.598061030289685
9143,BPCOM-2021-19630,2021-12-23,40000,Renovation,Renovation,Expired (Closed),HALIFAX,District 08,0,2,Commercial,44.662179929808275,-63.6195911412936
9144,BPCOM-2021-19679,2021-12-23,15000,Renovation,Renovation,Completed,HEAD OF CHEZZETCOOK,District 02,0,1,Institutional and Governmental,44.74944224906209,-63.23564938897775
9145,BPCOM-2021-19709,2022-01-14,400000,Renovation,Renovation,Completed,DARTMOUTH,District 05,0,8,Commercial,44.66558333840882,-63.56992187770611
9146,BPCOM-2021-19719,2022-02-17,285000,Addition,Addition,Completed,HATCHET LAKE,District 13,0,1,Commercial,44.56072938619353,-63.73162099113431
9147,BPCOM-2021-19795,2022-03-16,1100000,Renovation,Renovation,Completed,HALIFAX,District 07,0,7,Mixed Use - Residential & Other Use(s),44.648174386147936,-63.57125082515577
9148,BPCOM-2021-19856,,25000,Renovation,Renovation,Withdrawn,BEDFORD,District 16,0,1,Commercial,44.70828592460972,-63.66570184412501
9149,BPCOM-2021-19859,,25000,Renovation,Renovation,Withdrawn,BEDFORD,District 16,0,1,Commercial,44.70828592460972,-63.66570184412501
9150,BPCOM-2021-19887,2022-01-26,171435,Renovation,Renovation,Expired (Closed),HALIFAX,District 07,0,4,Institutional and Governmental,44.649780260863295,-63.574517973483744
9151,BPCOM-2021-19913,2022-06-13,50000,Renovation,Renovation,Completed,DARTMOUTH,District 03,0,2,Commercial,44.65688450209084,-63.53129847357066
9152,BPCOM-2021-19980,2022-01-14,48000,Renovation,Renovation,Expired (Closed),HALIFAX,District 11,0,4,Mixed Use - Residential & Other Use(s),44.63288472846571,-63.60822440631289
9153,BPCOM-2021-19992,2022-01-14,32108.75,Renovation,Renovation,Expired,UPPER TANTALLON,District 13,0,1,Commercial,44.68805975288435,-63.88005082995604
9154,BPCOM-2021-20028,2022-08-23,640000,Renovation,Renovation,Expired,HALIFAX,District 07,12,4,Mixed Use - Residential & Other Use(s),44.644914029703735,-63.57240436902835
9155,BPCOM-2021-20078,2022-01-17,250000,Renovation,Renovation,Expired,LOWER SACKVILLE,District 15,0,1,Commercial,44.76669307553851,-63.682018430984265
9156,BPCOM-2021-20111,2022-01-21,20000,Renovation,Renovation,Expired,HALIFAX,District 07,0,3,Commercial,44.644366382772624,-63.57096397831999
9157,BPCOM-2021-20154,2021-12-22,2300,New Building,New Building,Completed,HALIFAX,District 12,0,1,Accessory Structure,44.66640856967803,-63.65982969276306
9158,BPCOM-2021-20218,2022-03-16,650000,Addition,Addition,Completed,EASTERN PASSAGE,District 03,0,2,Commercial,44.61231765941274,-63.49285913491335
9159,BPCOM-2021-20237,2022-02-23,3200000,Renovation,Renovation,Completed,HALIFAX,District 07,0,4,Institutional and Governmental,44.63784709198573,-63.59514537400519
9160,BPCOM-2021-20283,2021-12-24,11500,New Building,New Building,Completed,HALIFAX,District 08,0,1,Accessory Structure,44.666378064729194,-63.61314383443428
9161,BPCOM-2021-20320,2021-12-29,11500,New Building,New Building,Completed,DARTMOUTH,District 06,0,1,Accessory Structure,44.685811905892514,-63.52875624776357
9162,BPCOM-2021-20331,2022-07-21,11500000,New Building,New Building,Completed,DARTMOUTH,District 06,64,5,Dwelling - Multiple Units,44.690745692354646,-63.53191239954584
9163,BPCOM-2021-20350,2022-01-18,400000,Renovation,Renovation,Completed,BEDFORD,District 16,0,2,Commercial,44.69583150641794,-63.69003468971675
9164,BPCOM-2021-20370,2022-03-11,120000,Renovation,Renovation,Expired (Closed),DARTMOUTH,District 06,0,1,Commercial,44.712444233864325,-63.59957159698863
9165,BPCOM-2022-00067,2022-03-25,,New Building,New Building,Expired,LOWER SACKVILLE,District 15,0,1,Accessory Structure,44.752917668409964,-63.66548690052424
9166,BPCOM-2022-00084,2022-02-11,550000,Renovation,Renovation,Completed,BEECHVILLE,District 12,0,3,Commercial,44.64014791977936,-63.67710837588923
9167,BPCOM-2022-00179,2022-04-12,40000,Renovation,Renovation,Completed,BEDFORD,District 16,0,1,Commercial,44.70828592460972,-63.66570184412501
9168,BPCOM-2022-00186,2022-05-17,1000000,Renovation,Renovation,Completed,DARTMOUTH,District 05,0,3,Mixed Use - Residential & Other Use(s),44.6881566607275,-63.587454093676584
9169,BPCOM-2022-00325,2022-02-16,125000,New Building,New Building,Expired,LUCASVILLE,District 14,0,1,Accessory Structure,44.74107205674356,-63.747313344462206
9170,BPCOM-2022-00408,2022-03-16,72000,Addition,Addition,Completed,GLEN HAVEN,District 13,0,1,Commercial,44.64362572484825,-63.90978895157781
9171,BPCOM-2022-00474,2022-02-10,38000,Renovation,Renovation,Expired (Closed),HALIFAX,District 08,0,10,Commercial,44.658343562106154,-63.60322178206833
9172,BPCOM-2022-00601,2022-03-10,150000,Renovation,Renovation,Expired,HALIFAX,District 07,0,12,Mixed Use - Residential & Other Use(s),44.6500745680104,-63.57808127207631
9173,BPCOM-2022-00659,2022-03-17,594500,Renovation,Renovation,Completed,HALIFAX,District 09,0,5,Commercial,44.64456804856731,-63.61829827347219
9174,BPCOM-2022-00672,2022-05-20,5154793,Addition,Addition,Completed,DARTMOUTH,District 06,0,1,Commercial,44.712613455157445,-63.577478165214224
9175,BPCOM-2022-00687,2022-05-17,300000,Renovation,Renovation,Completed,DARTMOUTH,District 05,0,3,Mixed Use - Residential & Other Use(s),44.68794156437009,-63.58677872852982
9176,BPCOM-2022-00688,2022-05-26,100000,Renovation,Renovation,Completed,DARTMOUTH,District 05,0,3,Mixed Use - Residential & Other Use(s),44.68848824805938,-63.58694171663195
9177,BPCOM-2022-00700,2022-02-02,100000,Renovation,Renovation,Completed,BEDFORD,District 16,0,1,Commercial,44.73635846691734,-63.65696658156799
9178,BPCOM-2022-00775,2022-06-20,65000,Renovation,Renovation,Expired,HALIFAX,District 09,0,2,Mixed Use - Residential & Other Use(s),44.64551889596758,-63.596102722819275
9179,BPCOM-2022-00857,2022-03-29,130000,Renovation,Renovation,Completed,DARTMOUTH,District 06,0,1,Commercial,44.698054425299425,-63.581808331756406
9180,BPCOM-2022-00934,2022-04-12,41871.88,Renovation,Renovation,Completed,HALIFAX,District 07,0,3,Commercial,44.63428142071426,-63.57555650238226
9181,BPCOM-2022-01016,2022-03-10,300000,Renovation,Renovation,Completed,HALIFAX,District 09,0,1,Commercial,44.649368575944415,-63.61874247106554
9182,BPCOM-2022-01097,2022-03-02,200000,Renovation,Renovation,Completed,HALIFAX,District 07,0,5,Commercial,44.643593198118985,-63.57600881092644
9183,BPCOM-2022-01166,2022-09-21,22897244,New Building,New Building,Completed,HALIFAX,District 07,138,9,Mixed Use - Residential & Other Use(s),44.64803854851487,-63.57395054991615
9184,BPCOM-2022-01166,2022-09-21,22897244,New Building,New Building,Completed,HALIFAX,District 07,138,9,Mixed Use - Residential & Other Use(s),44.64803854851487,-63.57395054991615
9185,BPCOM-2022-01206,2022-05-12,17389000,New Building,New Building,Completed,HALIFAX,District 07,0,1,Institutional and Governmental,44.648083358993475,-63.5882288422066
9186,BPCOM-2022-01231,2022-05-12,10000000,New Building,New Building,Completed,HAMMONDS PLAINS,District 14,71,4,Dwelling - Multiple Units,44.725934175814565,-63.748752104185165
9187,BPCOM-2022-01290,2022-11-03,24856296,New Building,New Building,Completed,HALIFAX,District 08,183,13,Mixed Use - Residential & Other Use(s),44.65642344503479,-63.59858359239721
9188,BPCOM-2022-01352,2022-08-11,50000,Renovation,Renovation,Expired,DARTMOUTH,District 05,0,2,Mixed Use - Residential & Other Use(s),44.668099980581886,-63.56544806341056
9189,BPCOM-2022-01456,2022-04-12,1500000,Renovation,Renovation,Completed,DARTMOUTH,District 05,0,2,Institutional and Governmental,44.674401149860756,-63.55486263499155
9190,BPCOM-2022-01464,2022-04-01,140000,Renovation,Renovation,Expired,DARTMOUTH,District 06,0,2,Commercial,44.69004051956738,-63.59885462080005
9191,BPCOM-2022-01591,2022-03-03,207000,New Building,New Building,Completed,DARTMOUTH,District 06,0,1,Accessory Structure,44.703300380554104,-63.5919374590182
9192,BPCOM-2022-01624,2022-06-02,3387880,New Building,New Building,Completed,DARTMOUTH,District 06,0,1,Industrial,44.71781135582614,-63.56223576640729
9193,BPCOM-2022-01638,2022-06-15,9269750,New Building,New Building,Completed,DARTMOUTH,District 06,44,6,Dwelling - Multiple Units,44.6980683913267,-63.5471163493985
9194,BPCOM-2022-01638,2022-06-15,9269750,New Building,New Building,Completed,DARTMOUTH,District 06,44,6,Dwelling - Multiple Units,44.6980683913267,-63.5471163493985
9195,BPCOM-2022-01638,2022-06-15,9269750,New Building,New Building,Completed,DARTMOUTH,District 06,44,6,Dwelling - Multiple Units,44.6980683913267,-63.5471163493985
9196,BPCOM-2022-01717,2022-07-15,700000,Renovation,Renovation,Expired,HALIFAX,District 11,0,2,Institutional and Governmental,44.60795683811838,-63.608344794057004
9197,BPCOM-2022-01923,2022-04-29,110000,Renovation,Renovation,Completed,DARTMOUTH,District 05,0,1,Commercial,44.665648074109505,-63.566383376108405
9198,BPCOM-2022-01929,2022-04-12,121515,Renovation,Renovation,Expired (Closed),HALIFAX,District 07,0,7,Commercial,44.64340647269803,-63.57650149878513
9199,BPCOM-2022-01958,2022-04-06,13650271,New Building,New Building,Completed,BEECHVILLE,District 13,0,2,Commercial,44.62998531590771,-63.66744433693332
9200,BPCOM-2022-02031,2022-10-11,10000,Renovation,Renovation,Completed,DARTMOUTH,District 06,0,1,Commercial,44.67349708709713,-63.532870923959926
9201,BPCOM-2022-02085,2022-09-22,9400000,New Building,New Building,Issued,HALIFAX,District 07,47,8,Mixed Use - Residential & Other Use(s),44.63867305879671,-63.57002926751025
9202,BPCOM-2022-02085,2022-09-22,9400000,New Building,New Building,Issued,HALIFAX,District 07,47,8,Mixed Use - Residential & Other Use(s),44.63867305879671,-63.57002926751025
9203,BPCOM-2022-02112,,685000,Renovation,Renovation,Withdrawn,BEDFORD,District 16,0,2,Commercial,44.70828592460972,-63.66570184412501
9204,BPCOM-2022-02190,2022-03-17,350000,Renovation,Renovation,Completed,HALIFAX,District 07,0,22,Commercial,44.64930696488166,-63.573363723911974
9205,BPCOM-2022-02210,2022-04-12,550000,Renovation,Renovation,Completed,DARTMOUTH,District 06,0,1,Commercial,44.71090639789018,-63.59026818126455
9206,BPCOM-2022-02265,2022-03-23,1280000,Renovation,Renovation,Completed,HALIFAX,District 07,0,64,Commercial,44.648977647796926,-63.57476083134049
9207,BPCOM-2022-02320,2022-08-23,4100000,Renovation,Renovation,Expired,HALIFAX,District 07,0,22,Institutional and Governmental,44.63040598719265,-63.58017282350806
9208,BPCOM-2022-02370,2022-03-31,549598,Renovation,Renovation,Expired (Closed),HALIFAX,District 11,0,1,Commercial,44.617370617237654,-63.61633311532287
9209,BPCOM-2022-02387,2022-04-05,224000,Renovation,Renovation,Completed,HALIFAX,District 07,0,1,Institutional and Governmental,44.64272939183785,-63.57518609044027
9210,BPCOM-2022-02397,2022-04-01,400000,Renovation,Renovation,Expired,HALIFAX,District 08,0,14,Commercial,44.65135159258295,-63.59144431952861
9211,BPCOM-2022-02513,2022-04-12,1500000,Addition,Addition,Completed,HALIFAX,District 08,0,3,Commercial,44.66061365629157,-63.60152379517949
9212,BPCOM-2022-02523,2022-09-15,35011543,New Building,New Building,Issued,UPPER HAMMONDS PLAINS,District 14,160,3,Mixed Use - Residential & Other Use(s),44.74684441598306,-63.81190658683271
9213,BPCOM-2022-02555,2022-03-17,82000,Renovation,Renovation,Completed,HALIFAX,District 09,0,1,Mixed Use - Residential & Other Use(s),44.6459026675434,-63.59006389521662
9214,BPCOM-2022-02559,2022-03-31,125000,Renovation,Renovation,Completed,HALIFAX,District 07,0,10,Commercial,44.64876025766245,-63.57178250895293
9215,BPCOM-2022-02697,2024-07-19,118000,Addition,Addition,In Review,HALIFAX,District 09,1,2,Mixed Use - Residential & Other Use(s),44.649238935857454,-63.601033532704236
9216,BPCOM-2022-02722,2022-04-22,50000,Renovation,Renovation,Completed,WINDSOR JUNCTION,District 01,0,2,Commercial,44.79262823979259,-63.64301743685074
9217,BPCOM-2022-02768,2022-04-19,100000,Renovation,Renovation,Completed,DARTMOUTH,District 03,0,1,Commercial,44.65499498390853,-63.52985970456462
9218,BPCOM-2022-02799,2022-04-06,110000,Renovation,Renovation,Completed,HALIFAX,District 07,0,10,Commercial,44.64828403474349,-63.57152795732585
9219,BPCOM-2022-02957,,24000,Addition,Addition,Applicant Revisions,HALIFAX,District 08,-1,2,Mixed Use - Residential & Other Use(s),44.66370229575427,-63.603183418229136
9220,BPCOM-2022-02968,2022-08-05,652500,New Building,New Building,Completed,UPPER TANTALLON,District 13,0,2,Commercial,44.68922154826583,-63.87808432058284
9221,BPCOM-2022-03068,2022-07-29,1263000,New Building,New Building,Issued,EASTERN PASSAGE,District 03,0,3,Commercial,44.610849433172284,-63.49459212067993
9222,BPCOM-2022-03106,2023-07-25,22500000,New Building,New Building,Completed,DARTMOUTH,District 05,125,7,Dwelling - Multiple Units,44.66978632665268,-63.58088795039784
9223,BPCOM-2022-03128,2022-05-24,500000,New Building,New Building,Issued,FALL RIVER,District 01,0,2,Commercial,44.8062822499451,-63.59078321624527
9224,BPCOM-2022-03137,2022-07-18,200000,Addition,Addition,Expired,HARRIETSFIELD,District 11,0,1,Industrial,44.581232060955664,-63.63534007981113
9225,BPCOM-2022-03180,2022-09-08,70000000,New Building,New Building,Issued,DARTMOUTH,District 06,284,15,Dwelling - Multiple Units,44.70769693241795,-63.56863342763395
9226,BPCOM-2022-03202,2022-08-25,1240327,Addition,Addition,Issued,HALIFAX,District 08,14,5,Dwelling - Multiple Units,44.66499792942929,-63.6148855818384
9227,BPCOM-2022-03421,,30000,Renovation,Renovation,Withdrawn,WINDSOR JUNCTION,District 01,0,2,Commercial,44.79262823979259,-63.64301743685074
9228,BPCOM-2022-03453,2022-06-13,1881800,Addition,Addition,Completed,HALIFAX,District 07,0,2,Institutional and Governmental,44.642944383689326,-63.574352709559875
9229,BPCOM-2022-03492,2022-07-08,10914399,New Building,New Building,Issued,EASTERN PASSAGE,District 03,60,4,Dwelling - Multiple Units,44.61351142649686,-63.49389358223156
9230,BPCOM-2022-03596,2022-04-04,42000,Renovation,Renovation,Completed,DARTMOUTH,District 06,0,2,Commercial,44.70541670476745,-63.581866198941
9231,BPCOM-2022-03677,2022-05-03,10000,Renovation,Renovation,Completed,HALIFAX,District 07,0,17,Commercial,44.64147162213519,-63.57913341020084
9232,BPCOM-2022-03717,2022-06-23,376997,New Building,New Building,Issued,BEDFORD,District 16,0,1,Commercial,44.70963376510486,-63.70936569387313
9233,BPCOM-2022-03758,2022-04-26,150000,New Building,New Building,Completed,SHEET HARBOUR,District 02,0,1,Commercial,44.9237728372691,-62.516344306474664
9234,BPCOM-2022-03812,2022-05-17,3351889,New Building,New Building,Completed,DARTMOUTH,District 06,0,2,Commercial,44.71302114869004,-63.563905532836365
9235,BPCOM-2022-03920,2022-05-10,65000,Renovation,Renovation,Completed,HALIFAX,District 09,0,10,Commercial,44.64629671369366,-63.59018511688067
9236,BPCOM-2022-03930,2023-01-20,21700,Renovation,Renovation,Completed,HALIFAX,District 09,1,5,Dwelling - Multiple Units,44.639373801429116,-63.628787581914665
9237,BPCOM-2022-03944,2023-03-02,44000000,New Building,New Building,Completed,DARTMOUTH,District 05,176,8,Mixed Use - Residential & Other Use(s),44.68648171214944,-63.56938921334973
9238,BPCOM-2022-03946,2022-04-25,250000,Renovation,Renovation,Expired (Closed),,District 12,0,2,Commercial,,
9239,BPCOM-2022-04002,,77000,Renovation,Renovation,Withdrawn,DARTMOUTH,District 05,0,18,Commercial,44.665018321337655,-63.56975704658656
9240,BPCOM-2022-04072,2022-04-27,25000,Renovation,Renovation,Completed,HALIFAX,District 12,0,1,Commercial,44.649320394982325,-63.67720063251109
9241,BPCOM-2022-04115,2022-07-13,800000,New Building,New Building,Expired,HAMMONDS PLAINS,District 14,2,2,Mixed Use - Residential & Other Use(s),44.73310515733749,-63.788371547420226
9242,BPCOM-2022-04116,2022-05-31,500000,Renovation,Renovation,Issued,HALIFAX,District 07,0,9,Mixed Use - Residential & Other Use(s),44.64171756521886,-63.58055965460019
9243,BPCOM-2022-04244,2022-05-17,310000,Renovation,Renovation,Issued,LOWER SACKVILLE,District 15,0,1,Commercial,44.76820927543715,-63.6847975065381
9244,BPCOM-2022-04258,2022-05-03,230000,Renovation,Renovation,Expired (Closed),DARTMOUTH,District 05,0,3,Commercial,44.689941458026446,-63.58848711929931
9245,BPCOM-2022-04281,2022-05-17,343000,Addition,Addition,Completed,BEDFORD,District 16,0,1,Commercial,44.739869418022884,-63.654188076405525
9246,BPCOM-2022-04326,2023-06-12,1500000,Renovation,Renovation,Issued,DARTMOUTH,District 05,0,2,Commercial,44.6666028904156,-63.56720140457107
9247,BPCOM-2022-04382,,220000,Addition,Addition,Withdrawn,HALIFAX,District 08,0,2,Commercial,44.65110697715458,-63.59633182168517
9248,BPCOM-2022-04473,2022-05-17,205000,Renovation,Renovation,Completed,HALIFAX,District 09,0,1,Commercial,44.6460584972363,-63.59423612487545
9249,BPCOM-2022-04599,2022-08-05,820702,New Building,New Building,Completed,DARTMOUTH,District 03,0,1,Industrial,44.634571477667706,-63.52725757834193
9250,BPCOM-2022-04669,2022-07-20,10000,Renovation,Renovation,Expired,DARTMOUTH,District 03,0,4,Mixed Use - Residential & Other Use(s),44.65713294521382,-63.52775434252773
9251,BPCOM-2022-04690,2022-07-25,64071.62,Renovation,Renovation,Completed,HALIFAX,District 08,0,17,Commercial,44.6577157246738,-63.604653789945985
9252,BPCOM-2022-04741,2022-05-30,15000,Renovation,Renovation,Expired,DARTMOUTH,District 05,0,3,Dwelling - Multiple Units,44.6673676290416,-63.56722974606019
9253,BPCOM-2022-04768,2022-05-19,800000,Renovation,Renovation,Completed,DARTMOUTH,District 06,0,2,Commercial,44.71090639789018,-63.59026818126455
9254,BPCOM-2022-04871,2022-05-03,550000,Renovation,Renovation,Completed,DARTMOUTH,District 06,0,3,Commercial,44.69578993880605,-63.57444423888489
9255,BPCOM-2022-04967,2022-06-14,30000,Renovation,Renovation,Completed,COLE HARBOUR,District 04,0,1,Commercial,44.671148527759236,-63.4930348167207
9256,BPCOM-2022-04973,,1500000,New Building,New Building,Applicant Revisions,FALL RIVER,District 01,0,2,Commercial,44.80873402039584,-63.6067711407589
9257,BPCOM-2022-04999,2023-12-15,4000000,Addition,Addition,Issued,HALIFAX,District 08,0,3,Commercial,44.65282158678462,-63.59011597500092
9258,BPCOM-2022-05127,2022-05-27,227000,Renovation,Renovation,Expired,BEDFORD,District 16,0,2,Commercial,44.69583150641794,-63.69003468971675
9259,BPCOM-2022-05193,2022-09-08,26250000,New Building,New Building,Issued,DARTMOUTH,District 06,105,8,Mixed Use - Residential & Other Use(s),44.682584145474586,-63.536900293222416
9260,BPCOM-2022-05193,2022-09-08,26250000,New Building,New Building,Issued,DARTMOUTH,District 06,105,8,Mixed Use - Residential & Other Use(s),44.682584145474586,-63.536900293222416
9261,BPCOM-2022-05232,,340000,New Building,New Building,Withdrawn,DARTMOUTH,District 06,0,2,Commercial,44.69643031933263,-63.594307756795004
9262,BPCOM-2022-05329,2022-07-29,1400000,Renovation,Renovation,Expired,HALIFAX,District 07,0,3,Commercial,44.644267695363055,-63.57006229799719
9263,BPCOM-2022-05342,2022-08-04,5355871,New Building,New Building,Completed,DARTMOUTH,District 06,0,1,Commercial,44.716415538060204,-63.56003919723857
9264,BPCOM-2022-05393,2022-09-28,1190297,Addition,Addition,Completed,HALIFAX,District 07,0,3,Institutional and Governmental,44.63936277761296,-63.585327595239505
9265,BPCOM-2022-05473,2022-05-17,20500,Renovation,Renovation,Expired,HALIFAX,District 07,0,2,Commercial,44.64490103655702,-63.574241363551856
9266,BPCOM-2022-05536,,55000,New Building,New Building,Application Incomplete,HAMMONDS PLAINS,District 14,0,1,Agriculture,44.72924185794524,-63.74762798055167
9267,BPCOM-2022-05560,2022-05-12,100000,Renovation,Renovation,Completed,HALIFAX,District 12,0,1,Commercial,44.649320394982325,-63.67720063251109
9268,BPCOM-2022-05666,2022-05-18,35000,Renovation,Renovation,Completed,HALIFAX,District 07,0,14,Commercial,44.65103876327361,-63.577228829143614
9269,BPCOM-2022-05702,2022-06-27,180000,Renovation,Renovation,Completed,BEDFORD,District 16,0,1,Commercial,44.75124242182759,-63.642616540602894
9270,BPCOM-2022-05762,2022-07-21,400000,Renovation,Renovation,Completed,HALIFAX,District 08,0,1,Commercial,44.65344127501088,-63.599174622612715
9271,BPCOM-2022-05765,2022-06-23,34500,New Building,New Building,Completed,INDIAN HARBOUR,District 13,0,1,Accessory Structure,44.520387960849604,-63.937604898177085
9272,BPCOM-2022-05773,2022-06-06,255000,Renovation,Renovation,Expired,LOWER SACKVILLE,District 15,0,1,Commercial,44.771782365068496,-63.69213465496234
9273,BPCOM-2022-05839,,30000,Renovation,Renovation,Withdrawn,DARTMOUTH,District 06,0,1,Commercial,44.704167539971984,-63.563154371189746
9274,BPCOM-2022-05888,2022-05-17,9800,Renovation,Renovation,Completed,HALIFAX,District 12,0,3,Commercial,44.65448564541602,-63.6690827813914
9275,BPCOM-2022-05943,2022-06-14,349000,Renovation,Renovation,Completed,HALIFAX,District 07,0,15,Commercial,44.647309087229864,-63.572430476688574
9276,BPCOM-2022-06014,2022-06-20,80020,Renovation,Renovation,Completed,DARTMOUTH,District 03,0,2,Commercial,44.669268796222816,-63.50724722977211
9277,BPCOM-2022-06114,2022-08-18,564000,Renovation,Renovation,Expired,HALIFAX,District 10,0,6,Dwelling - Multiple Units,44.661801249425984,-63.64162797953787
9278,BPCOM-2022-06172,2022-07-28,450000,Renovation,Renovation,Completed,HALIFAX,District 16,0,1,Commercial,44.69989101737633,-63.68655764237187
9279,BPCOM-2022-06179,2022-06-21,83000,Renovation,Renovation,Completed,HALIFAX,District 11,0,3,Commercial,44.613788825505154,-63.617046378316076
9280,BPCOM-2022-06445,2022-07-20,,Addition,Addition,Expired,BEDFORD,District 16,0,2,Institutional and Governmental,44.7230589393262,-63.70686627648603
9281,BPCOM-2022-06503,2025-02-14,820000,Addition,Addition,Issued,PORTERS LAKE,District 02,0,1,Commercial,44.745515379661875,-63.29100937246438
9282,BPCOM-2022-06551,2022-11-28,700000,New Building,New Building,Amendment Requested,,District 02,8,1,Dwelling - Multiple Units,44.83681107817591,-62.61863328846608
9283,BPCOM-2022-06588,2022-06-28,30000,New Building,New Building,Expired,BEDFORD,District 16,0,1,Accessory Structure,44.71633756025703,-63.67120339749813
9284,BPCOM-2022-06643,2023-01-20,437000,New Building,New Building,Issued,UPPER SACKVILLE,District 14,1,1,Mixed Use - Residential & Other Use(s),44.83178152558272,-63.78386775264511
9285,BPCOM-2022-06788,2022-06-29,290000,Addition,Addition,Completed,DARTMOUTH,District 06,0,2,Commercial,44.704957769024915,-63.60016201964507
9286,BPCOM-2022-07018,2022-06-22,5000,Renovation,Renovation,Completed,DARTMOUTH,District 05,0,6,Mixed Use - Residential & Other Use(s),44.66434044726774,-63.567432820063885
9287,BPCOM-2022-07042,2022-09-27,154000,Renovation,Renovation,Completed,HALIFAX,District 12,0,1,Commercial,44.6549949654778,-63.67516174537868
9288,BPCOM-2022-07050,2022-06-24,200000,Renovation,Renovation,Completed,DARTMOUTH,District 06,0,2,Commercial,44.71441325293642,-63.60760387595518
9289,BPCOM-2022-07134,2022-06-29,400000,Renovation,Renovation,Completed,HALIFAX,District 07,0,5,Commercial,44.631329104661084,-63.581701595014245
9290,BPCOM-2022-07231,2023-05-17,100000,Renovation,Renovation,Issued,BEDFORD,District 16,0,2,Commercial,44.72092426154271,-63.67213769578112
9291,BPCOM-2022-07399,2022-07-26,4920000,Addition,Addition,Completed,DARTMOUTH,District 06,0,2,Commercial,44.702675896991316,-63.60736886956227
9292,BPCOM-2022-07409,2022-07-07,150000,Renovation,Renovation,Completed,BEECHVILLE,District 12,0,2,Institutional and Governmental,44.639560800174856,-63.669391681182084
9293,BPCOM-2022-07427,2022-07-05,2500000,Renovation,Renovation,Completed,HALIFAX,District 07,0,14,Commercial,44.65103876327361,-63.577228829143614
9294,BPCOM-2022-07504,,47100,New Building,New Building,Withdrawn,OYSTER POND,District 02,1,1,Mixed Use - Residential & Other Use(s),44.778290027366616,-62.9965029963652
9295,BPCOM-2022-07564,2022-07-20,600000,Renovation,Renovation,Completed,DARTMOUTH,District 06,0,1,Commercial,44.6715635808207,-63.5407208373379
9296,BPCOM-2022-07619,2022-07-08,325360,Renovation,Renovation,Expired,HALIFAX,District 07,0,7,Commercial,44.64302898652359,-63.578680787340815
9297,BPCOM-2022-07650,2022-10-26,1000000,Renovation,Renovation,Completed,HALIFAX,District 07,0,21,Commercial,44.64440616602548,-63.57214898917251
9298,BPCOM-2022-07681,2022-08-23,114240,New Building,New Building,Completed,EAST CHEZZETCOOK,District 02,0,1,Commercial,44.746914555238256,-63.22898936883067
9299,BPCOM-2022-07689,2022-07-25,78000,Renovation,Renovation,Completed,HALIFAX,District 09,0,5,Commercial,44.64808547739276,-63.6045610800515
9300,BPCOM-2022-07701,2022-08-09,20000,Renovation,Renovation,Expired,UPPER TANTALLON,District 13,0,1,Commercial,44.689984928843444,-63.88211013799645
9301,BPCOM-2022-07826,,150000,Renovation,Renovation,Withdrawn,BEECHVILLE,District 12,0,1,Commercial,44.63653808589449,-63.67858698644087
9302,BPCOM-2022-07902,2022-06-27,183240,Renovation,Renovation,Completed,BEECHVILLE,District 12,0,3,Commercial,44.64014791977936,-63.67710837588923
9303,BPCOM-2022-08056,2022-08-03,12000,Renovation,Renovation,Expired,BEDFORD,District 16,0,2,Commercial,44.69583150641794,-63.69003468971675
9304,BPCOM-2022-08078,2022-10-24,1200000,Renovation,Renovation,Completed,HALIFAX,District 07,0,1,Commercial,44.64877697574403,-63.57062781000088
9305,BPCOM-2022-08129,2023-09-14,40000,Renovation,Renovation,Expired,HALIFAX,District 07,0,14,Commercial,44.648977647796926,-63.57476083134049
9306,BPCOM-2022-08345,2022-06-29,750000,Renovation,Renovation,Expired,DARTMOUTH,District 03,0,1,Commercial,44.655141409851474,-63.530999647782615
9307,BPCOM-2022-08436,2022-07-27,78000,Renovation,Renovation,Expired,DARTMOUTH,District 03,0,2,Commercial,44.671699340852136,-63.52323975926467
9308,BPCOM-2022-08475,,975000,New Building,New Building,Withdrawn,,District 14,6,3,Dwelling - Multiple Units,44.760340604739746,-63.85547816368259
9309,BPCOM-2022-08485,,500000,Renovation,Renovation,Applicant Revisions,HALIFAX,District 07,0,3,Mixed Use - Residential & Other Use(s),44.645710137367125,-63.573134215836866
9310,BPCOM-2022-08505,2022-07-15,15000,Renovation,Renovation,Completed,WELLINGTON,District 01,0,1,Commercial,44.851191575341026,-63.60912637136624
9311,BPCOM-2022-08598,2022-06-29,400000,Renovation,Renovation,Completed,BEDFORD,District 16,0,1,Commercial,44.73312015086539,-63.65425873877637
9312,BPCOM-2022-08616,,650000,New Building,New Building,Withdrawn,,District 14,4,2,Dwelling - Multiple Units,44.760340604739746,-63.85547816368259
9313,BPCOM-2022-08630,2022-06-29,180000,Renovation,Renovation,Completed,HALIFAX,District 09,0,1,Commercial,44.649368575944415,-63.61874247106554
9314,BPCOM-2022-08734,2022-12-13,17500000,New Building,New Building,Issued,HALIFAX,District 09,73,7,Mixed Use - Residential & Other Use(s),44.64890987317465,-63.60349721925497
9315,BPCOM-2022-08796,2023-06-23,15120000,New Building,New Building,Completed,HALIFAX,District 09,84,8,Dwelling - Multiple Units,44.65168252614549,-63.598157365049296
9316,BPCOM-2022-08846,,300000,Addition,Addition,Applicant Revisions,WESTPHAL,District 04,0,1,Agriculture,44.69987859119795,-63.484476367641314
9317,BPCOM-2022-08902,2022-09-15,750000,New Building,New Building,Expired,HALIFAX,District 10,6,3,Dwelling - Multiple Units,44.65789578078226,-63.6306847888089
9318,BPCOM-2022-08971,,200000,Addition,Addition,Withdrawn,BEDFORD,District 16,0,1,Commercial,44.73635846691734,-63.65696658156799
9319,BPCOM-2022-09007,2022-08-03,100000,Renovation,Renovation,Completed,HALIFAX,District 07,0,1,Commercial,44.64111736630636,-63.58674085352936
9320,BPCOM-2022-09125,2022-08-18,33000,Renovation,Renovation,Completed,BEECHVILLE,District 12,0,1,Commercial,44.63876317864596,-63.689622049035606
9321,BPCOM-2022-09133,2022-07-21,226425,Renovation,Renovation,Completed,BEDFORD,District 16,0,2,Commercial,44.717053389816684,-63.717022161134274
9322,BPCOM-2022-09172,2022-08-03,90000,Renovation,Renovation,Expired,HALIFAX,District 07,0,5,Dwelling - Multiple Units,44.63850715579752,-63.57098119438935
9323,BPCOM-2022-09184,2022-12-22,2200000,New Building,New Building,Completed,BEECHVILLE,District 12,0,1,Commercial,44.65116165009959,-63.67985419538971
9324,BPCOM-2022-09226,2022-07-21,10000,Renovation,Renovation,Expired,HALIFAX,District 09,0,4,Commercial,44.649368575944415,-63.61874247106554
9325,BPCOM-2022-09255,,1600000,New Building,New Building,Withdrawn,DARTMOUTH,District 05,3,2,Dwelling - Multiple Units,44.665794517670534,-63.55956710178893
9326,BPCOM-2022-09325,2024-07-24,5500000,New Building,New Building,Issued,HALIFAX,District 08,29,5,Dwelling - Multiple Units,44.65501702966667,-63.59063980168038
9327,BPCOM-2022-09377,2022-08-05,38500,Renovation,Renovation,Completed,HALIFAX,District 16,0,2,Commercial,44.69724470080895,-63.66149177862704
9328,BPCOM-2022-09412,2022-08-08,102500,Renovation,Renovation,Completed,BEDFORD,District 16,0,1,Commercial,44.750945576887595,-63.64048023276241
9329,BPCOM-2022-09479,2022-07-20,400000,Renovation,Renovation,Expired,HALIFAX,District 09,0,5,Commercial,44.649368575944415,-63.61874247106554
9330,BPCOM-2022-09490,2022-10-11,2550000,Renovation,Renovation,Completed,DARTMOUTH,District 06,0,2,Commercial,44.71296702742929,-63.557745209257014
9331,BPCOM-2022-09585,2022-10-13,115000,Renovation,Renovation,Expired,HALIFAX,District 07,0,8,Commercial,44.6455721005801,-63.573425111200265
9332,BPCOM-2022-09644,2022-09-23,884941,Renovation,Renovation,Completed,HALIFAX,District 07,0,10,Commercial,44.64682675422138,-63.57188345848179
9333,BPCOM-2022-09660,2022-09-12,3100000,New Building,New Building,Completed,BEECHVILLE,District 12,0,2,Commercial,44.64187288234979,-63.67754668951761
9334,BPCOM-2022-09744,2023-02-09,12325000,New Building,New Building,Cancelled,DARTMOUTH,District 05,85,12,Dwelling - Multiple Units,44.68643786258165,-63.5636903768702
9335,BPCOM-2022-09791,2022-08-05,333200,Renovation,Renovation,Completed,DARTMOUTH,District 06,0,1,Commercial,44.69737772483023,-63.56364339220288
9336,BPCOM-2022-09801,,5500,Renovation,Renovation,Application Incomplete,HUBBARDS,District 13,0,1,Commercial,44.63661451550286,-64.05613398303922
9337,BPCOM-2022-09812,2022-07-29,210000,Renovation,Renovation,Expired,HALIFAX,District 07,0,15,Mixed Use - Residential & Other Use(s),44.635440067048854,-63.58023934634638
9338,BPCOM-2022-09914,2022-10-20,1700000,Renovation,Renovation,Completed,BEDFORD,District 16,0,2,Commercial,44.71864635776564,-63.684628614932706
9339,BPCOM-2022-09927,2022-11-28,100000,New Building,New Building,Completed,LAWRENCETOWN,District 02,0,1,Agriculture,44.653219698343555,-63.39441282321777
9340,BPCOM-2022-09931,2022-08-23,500000,New Building,New Building,Completed,BEDFORD,District 16,0,1,Accessory Structure,44.73740745402335,-63.61232147765839
9341,BPCOM-2022-09998,2023-03-30,1200000,Addition,Addition,Completed,DARTMOUTH,District 03,0,1,Industrial,44.65965834381687,-63.54412902798721
9342,BPCOM-2022-10018,2022-12-21,2089000,Renovation,Renovation,Issued,HALIFAX,District 07,16,4,Mixed Use - Residential & Other Use(s),44.64508099994872,-63.57240737964622
9343,BPCOM-2022-10053,2022-08-23,1800000,New Building,New Building,Completed,UPPER HAMMONDS PLAINS,District 14,14,3,Dwelling - Multiple Units,44.759919757652405,-63.85504606881678
9344,BPCOM-2022-10123,2024-04-26,355860,Renovation,Renovation,Completed,DARTMOUTH,District 05,0,3,Institutional and Governmental,44.666626371448224,-63.560010548959184
9345,BPCOM-2022-10148,2022-08-05,80000,Renovation,Renovation,Completed,DARTMOUTH,District 06,0,2,Commercial,44.69505277404231,-63.57199181568655
9346,BPCOM-2022-10233,2022-08-05,342292,Renovation,Renovation,Expired,HALIFAX,District 12,0,4,Dwelling - Multiple Units,44.665478655622486,-63.67477859172247
9347,BPCOM-2022-10242,,50000,Renovation,Renovation,Withdrawn,HALIFAX,District 10,0,8,Commercial,44.657374271158844,-63.63382391917641
9348,BPCOM-2022-10325,2022-08-17,86800,Renovation,Renovation,Completed,BEECHVILLE,District 12,0,1,Commercial,44.64014791977936,-63.67710837588923
9349,BPCOM-2022-10364,,65000,New Building,New Building,Applicant Revisions,MUSQUODOBOIT HARBOUR,District 02,0,1,Commercial,44.80980431888975,-63.19754941143794
9350,BPCOM-2022-10404,2022-08-09,50000,Renovation,Renovation,Completed,DARTMOUTH,District 06,0,1,Commercial,44.70670327948983,-63.58607802065527
9351,BPCOM-2022-10414,2022-12-01,44000,Renovation,Renovation,Completed,HALIFAX,District 12,0,1,Commercial,44.649320394982325,-63.67720063251109
9352,BPCOM-2022-10558,2022-08-09,30000,Renovation,Renovation,Expired,HALIFAX,District 07,0,15,Commercial,44.649864855350096,-63.57596272541034
9353,BPCOM-2022-10609,2022-11-22,31000000,New Building,New Building,Issued,HALIFAX,District 08,142,21,Dwelling - Multiple Units,44.653563439755004,-63.58541888860875
9354,BPCOM-2022-10709,2022-11-16,100000,Renovation,Renovation,Expired,HALIFAX,District 10,0,8,Commercial,44.674966757659945,-63.66077295027532
9355,BPCOM-2022-10733,2025-05-06,10800000,New Building,New Building,Issued,DARTMOUTH,District 03,123,8,Mixed Use - Residential & Other Use(s),44.661169230329094,-63.552450005664795
9356,BPCOM-2022-10763,2022-08-31,450000,Renovation,Renovation,Completed,HALIFAX,District 07,0,4,Institutional and Governmental,44.63936277761296,-63.585327595239505
9357,BPCOM-2022-10837,2022-08-24,88800,Renovation,Renovation,Completed,DARTMOUTH,District 06,0,1,Commercial,44.672622688849955,-63.53846135562704
9358,BPCOM-2022-10907,2022-11-22,24367532,New Building,New Building,Issued,DARTMOUTH,District 05,142,21,Mixed Use - Residential & Other Use(s),44.671049247562095,-63.579901410922325
9359,BPCOM-2022-10980,2022-09-26,400000,Renovation,Renovation,Expired,DARTMOUTH,District 05,0,2,Commercial,44.68656042112191,-63.55952448193897
9360,BPCOM-2022-11038,,,Renovation,Renovation,Withdrawn,HALIFAX,District 08,0,3,Commercial,44.653242561691215,-63.584916511963506
9361,BPCOM-2022-11115,2022-11-25,2970545,New Building,New Building,Cancelled,BEECHVILLE,District 12,0,2,Commercial,44.65106183050596,-63.67836493135539
9362,BPCOM-2022-11144,2022-09-29,850000,Renovation,Renovation,Completed,HALIFAX,District 11,0,1,Commercial,44.604392848111544,-63.612785831865395
9363,BPCOM-2022-11230,,24622,New Building,New Building,Withdrawn,DARTMOUTH,District 05,0,1,Commercial,44.67858813585632,-63.552290824174655
9364,BPCOM-2022-11240,2022-10-05,77000,Renovation,Renovation,Expired,HALIFAX,District 09,0,4,Commercial,44.649368575944415,-63.61874247106554
9365,BPCOM-2022-11349,2022-11-22,25000,Renovation,Renovation,Expired,DARTMOUTH,District 06,1,2,Mixed Use - Residential & Other Use(s),44.6847282862804,-63.502394794154476
9366,BPCOM-2022-11430,2022-10-25,500000,Renovation,Renovation,Completed,DARTMOUTH,District 06,0,1,Commercial,44.72295043364461,-63.577341275332664
9367,BPCOM-2022-11444,2022-08-26,48441.62,Renovation,Renovation,Completed,BEDFORD,District 16,0,2,Commercial,44.72219211599113,-63.68789495377324
9368,BPCOM-2022-11503,2022-09-26,50000,Renovation,Renovation,Completed,HALIFAX,District 10,0,9,Commercial,44.658310765892125,-63.63321802262716
9369,BPCOM-2022-11581,,35000,Addition,Addition,Withdrawn,HALIFAX,District 07,0,1,Accessory Structure,44.645751623736935,-63.57503214067193
9370,BPCOM-2022-11628,2022-10-13,250000,Renovation,Renovation,Completed,HALIFAX,District 07,0,20,Mixed Use - Residential & Other Use(s),44.640647119359386,-63.57828358899169
9371,BPCOM-2022-11733,2022-09-16,300000,Renovation,Renovation,Completed,HALIFAX,District 07,0,13,Dwelling - Multiple Units,44.63526389119834,-63.57679191563519
9372,BPCOM-2022-11776,2022-09-21,150000,Renovation,Renovation,Completed,HALIFAX,District 07,0,13,Dwelling - Multiple Units,44.63526389119834,-63.57679191563519
9373,BPCOM-2022-11855,,15000,Renovation,Renovation,Applicant Revisions,,District 06,0,1,Commercial,44.693346381585506,-63.54506938606129
9374,BPCOM-2022-11859,2023-05-31,500000,Renovation,Renovation,Completed,DARTMOUTH,District 06,0,2,Commercial,44.716415538060204,-63.56003919723857
9375,BPCOM-2022-11863,2022-09-21,417000,Addition,Addition,Completed,PEGGYS COVE,District 13,0,1,Commercial,44.4929708743703,-63.91475478974113
9376,BPCOM-2022-11945,2022-09-22,70000,Renovation,Renovation,Completed,DARTMOUTH,District 06,0,1,Commercial,44.712032244866165,-63.580954500218816
9377,BPCOM-2022-11967,2022-10-13,600000,Renovation,Renovation,Expired,BEDFORD,District 16,0,1,Commercial,44.751368805238755,-63.64729830330081
9378,BPCOM-2022-12033,2022-10-07,25000,Renovation,Renovation,Issued,HATCHET LAKE,District 13,2,1,Mixed Use - Residential & Other Use(s),44.57289214877226,-63.71380890958733
9379,BPCOM-2022-12060,2022-10-07,400000,Renovation,Renovation,Completed,HALIFAX,District 16,0,1,Commercial,44.69989101737633,-63.68655764237187
9380,BPCOM-2022-12187,2022-11-25,3600000,New Building,New Building,Completed,HALIFAX,District 08,20,6,Dwelling - Multiple Units,44.65377669204781,-63.58866824765164
9381,BPCOM-2022-12226,2022-10-17,1091700,Renovation,Renovation,Completed,DARTMOUTH,District 06,0,1,Commercial,44.712492206795716,-63.56586177109013
9382,BPCOM-2022-12245,2022-12-09,17300000,New Building,New Building,Completed,HALIFAX,District 08,65,10,Dwelling - Multiple Units,44.65410657501227,-63.59645563807567
9383,BPCOM-2022-12346,2023-05-25,100000,Renovation,Renovation,Expired,HALIFAX,District 07,0,1,Commercial,44.64096296049062,-63.5706155438897
9384,BPCOM-2022-12518,2023-04-26,100000,Addition,Addition,Expired,DARTMOUTH,District 05,0,3,Commercial,44.66595709429124,-63.56686519407336
9385,BPCOM-2022-12568,2023-02-14,300000,Renovation,Renovation,Completed,DARTMOUTH,District 06,0,1,Commercial,44.69675471613002,-63.563560686914094
9386,BPCOM-2022-12574,2022-10-07,1100000,Renovation,Renovation,Completed,BEDFORD,District 16,0,1,Commercial,44.751368805238755,-63.64729830330081
9387,BPCOM-2022-12587,2023-07-17,1730000,Addition,Addition,Completed,DARTMOUTH,District 05,11,9,Mixed Use - Residential & Other Use(s),44.66589205320158,-63.5679825977943
9388,BPCOM-2022-12614,2022-10-04,50000,New Building,New Building,Completed,WEST PORTERS LAKE,District 02,0,1,Commercial,44.68878903595779,-63.30977280197957
9389,BPCOM-2022-12667,2022-09-29,66431.06,Renovation,Renovation,Completed,HALIFAX,District 07,0,5,Mixed Use - Residential & Other Use(s),44.643956942232094,-63.569367605402114
9390,BPCOM-2022-12687,2022-10-19,40000,Renovation,Renovation,Completed,BEDFORD,District 16,0,1,Commercial,44.70828592460972,-63.66570184412501
9391,BPCOM-2022-12692,2022-10-11,180000,Renovation,Renovation,Completed,DARTMOUTH,District 06,0,1,Commercial,44.70171490296883,-63.56688657965104
9392,BPCOM-2022-12700,2023-05-10,2020000,New Building,New Building,Completed,TIMBERLEA,District 12,0,1,Commercial,44.635686885724354,-63.71561035812759
9393,BPCOM-2022-12720,2022-10-05,3126900,Renovation,Renovation,Completed,,District 07,0,8,Institutional and Governmental,44.63650673362425,-63.59320767536649
9394,BPCOM-2022-12803,2022-10-14,225000,Renovation,Renovation,Completed,DARTMOUTH,District 06,0,1,Commercial,44.70528910458509,-63.56251327370219
9395,BPCOM-2022-12874,2023-03-09,1000000,Renovation,Renovation,Completed,FALL RIVER,District 01,0,2,Commercial,44.80928431875872,-63.60647102529087
9396,BPCOM-2022-12921,2022-11-24,7500000,New Building,New Building,Completed,DARTMOUTH,District 06,45,6,Mixed Use - Residential & Other Use(s),44.682289203730534,-63.53846230713893
9397,BPCOM-2022-12921,2022-11-24,7500000,New Building,New Building,Completed,DARTMOUTH,District 06,45,6,Mixed Use - Residential & Other Use(s),44.682289203730534,-63.53846230713893
9398,BPCOM-2022-13002,,101079,Renovation,Renovation,Cancelled,DARTMOUTH,District 05,0,2,Commercial,44.678426097795445,-63.56153070066395
9399,BPCOM-2022-13034,2022-11-22,25000,Renovation,Renovation,Completed,BEDFORD,District 16,0,1,Commercial,44.70828592460972,-63.66570184412501
9400,BPCOM-2022-13116,2022-11-09,24000,Renovation,Renovation,Completed,HALIFAX,District 08,11,3,Mixed Use - Residential & Other Use(s),44.659609409572646,-63.59726745304489
9401,BPCOM-2022-13118,2022-10-14,200000,Renovation,Renovation,Completed,HALIFAX,District 07,0,8,Mixed Use - Residential & Other Use(s),44.64917404984879,-63.57768941072571
9402,BPCOM-2022-13150,2022-10-19,300000,Renovation,Renovation,Completed,PORTERS LAKE,District 02,0,2,Commercial,44.743976996129526,-63.28386154116478
9403,BPCOM-2022-13273,2023-02-03,150000,Renovation,Renovation,Completed,DARTMOUTH,District 06,0,2,Industrial,44.71123901697033,-63.58820392104509
9404,BPCOM-2022-13276,2022-12-21,79545,Renovation,Renovation,Completed,,District 13,0,1,Industrial,44.62973457658268,-63.670281736157
9405,BPCOM-2022-13383,2022-11-07,120000,Renovation,Renovation,Completed,HALIFAX,District 09,0,1,Commercial,44.649368575944415,-63.61874247106554
9406,BPCOM-2022-13596,2022-11-24,90000,Renovation,Renovation,Expired,HALIFAX,District 09,0,2,Commercial,44.6481141818208,-63.62227380748051
9407,BPCOM-2022-13620,2022-11-07,9700,Renovation,Renovation,Completed,BEDFORD,District 16,0,2,Commercial,44.70106241171123,-63.68605024980754
9408,BPCOM-2022-13646,2022-11-10,900000,Renovation,Renovation,Completed,DARTMOUTH,District 06,0,1,Commercial,44.72199741556242,-63.56275852475654
9409,BPCOM-2022-13668,2024-05-06,25000,Addition,Addition,Expired,BEDFORD,District 16,0,2,Commercial,44.72093206494097,-63.67144620668263
9410,BPCOM-2022-13685,,80000,New Building,New Building,Cancelled,,District 12,0,1,Accessory Structure,44.63719007097541,-63.67018363363748
9411,BPCOM-2022-13713,2023-01-05,284000,Renovation,Renovation,Completed,LOWER SACKVILLE,District 15,0,2,Commercial,44.75442467056316,-63.65286933952428
9412,BPCOM-2022-13767,2022-11-17,7500,New Building,New Building,Completed,BEDFORD,District 16,0,1,Accessory Structure,44.71687177531961,-63.71495046526851
9413,BPCOM-2022-13875,,500000,New Building,New Building,Application Incomplete,DARTMOUTH,District 06,0,2,Industrial,44.672249342682164,-63.506713304010646
9414,BPCOM-2022-13925,2022-12-09,2500000,Renovation,Renovation,Completed,DARTMOUTH,District 06,0,2,Commercial,44.70670327948983,-63.58607802065527
9415,BPCOM-2022-13994,2023-04-26,3170000,New Building,New Building,Completed,DARTMOUTH,District 06,0,2,Commercial,44.71951934339426,-63.55999751425038
9416,BPCOM-2022-14020,,18000,Renovation,Renovation,Withdrawn,DARTMOUTH,District 05,0,2,Dwelling - Multiple Units,44.67211231112413,-63.58772986545794
9417,BPCOM-2022-14065,2023-02-01,2800000,Renovation,Renovation,Completed,HALIFAX,District 09,0,3,Commercial,44.649368575944415,-63.61874247106554
9418,BPCOM-2022-14127,2022-12-13,163958,New Building,New Building,Completed,BEDFORD,District 16,0,1,Accessory Structure,44.71687177531961,-63.71495046526851
9419,BPCOM-2022-14210,2023-02-13,1000000,New Building,New Building,Cancelled,GOFFS,District 01,0,1,Commercial,44.85384112892294,-63.547204499218566
9420,BPCOM-2022-14251,2022-11-25,700000,Renovation,Renovation,Completed,DARTMOUTH,District 06,0,1,Commercial,44.72199741556242,-63.56275852475654
9421,BPCOM-2022-14283,2023-07-13,28800000,New Building,New Building,Issued,DARTMOUTH,District 05,164,27,Dwelling - Multiple Units,44.6693443064572,-63.57972472719815
9422,BPCOM-2022-14305,2023-03-23,21073076,New Building,New Building,Issued,HALIFAX,District 07,95,8,Mixed Use - Residential & Other Use(s),44.63970185623544,-63.57041682032825
9423,BPCOM-2022-14305,2023-03-23,21073076,New Building,New Building,Issued,HALIFAX,District 07,95,8,Mixed Use - Residential & Other Use(s),44.63970185623544,-63.57041682032825
9424,BPCOM-2022-14406,2022-12-16,10200000,New Building,New Building,Completed,BEAVER BANK,District 15,74,4,Dwelling - Multiple Units,44.80200245169079,-63.68908159237369
9425,BPCOM-2022-14429,,2000000,New Building,New Building,Ready For Issue,HALIFAX,District 07,0,3,Mixed Use - Residential & Other Use(s),44.63994657209934,-63.58488017672038
9426,BPCOM-2022-14484,2023-06-26,96500,Renovation,Renovation,Completed,,District 06,0,1,Commercial,44.693346381585506,-63.54506938606129
9427,BPCOM-2022-14491,,146000,New Building,New Building,Withdrawn,LOWER SACKVILLE,District 15,0,1,Commercial,44.759386707034416,-63.65391593501176
9428,BPCOM-2022-14514,2022-11-21,82890,Renovation,Renovation,Completed,HALIFAX,District 07,0,2,Commercial,44.638335857363785,-63.5669691563593
9429,BPCOM-2022-14591,2022-11-24,350000,Renovation,Renovation,Completed,,District 12,0,1,Commercial,44.63719007097541,-63.67018363363748
9430,BPCOM-2022-14620,,200000,Renovation,Renovation,Withdrawn,HAMMONDS PLAINS,District 14,0,1,Accessory Structure,44.72339271950138,-63.75204197808881
9431,BPCOM-2022-14694,2022-12-22,15000,New Building,New Building,Completed,DARTMOUTH,District 06,0,1,Accessory Structure,44.70363648790646,-63.590067102766305
9432,BPCOM-2022-14831,2023-01-20,375000,Addition,Addition,Completed,DARTMOUTH,District 06,0,1,Commercial,44.7082189871533,-63.5903906479897
9433,BPCOM-2022-14845,2023-10-11,240000,Addition,Addition,Issued,LOWER SACKVILLE,District 15,0,1,Commercial,44.76506277944469,-63.679945680446565
9434,BPCOM-2022-14918,,125000,Addition,Addition,Withdrawn,HALIFAX,District 07,0,1,Institutional and Governmental,44.626798651718836,-63.57982324083422
9435,BPCOM-2022-15054,2023-02-09,1150000,Addition,Addition,Completed,TIMBERLEA,District 12,0,1,Commercial,,
9436,BPCOM-2022-15100,2023-03-10,195000,Renovation,Renovation,Completed,COLE HARBOUR,District 04,0,1,Commercial,44.657417317201315,-63.490450434218985
9437,BPCOM-2022-15180,2022-12-05,20000,Renovation,Renovation,Completed,LOWER SACKVILLE,District 15,0,2,Commercial,44.7541928438157,-63.66219125005027
9438,BPCOM-2022-15254,2023-08-24,10000000,New Building,New Building,Cancelled,LUCASVILLE,District 14,118,3,Dwelling - Multiple Units,44.76619723135018,-63.722571500151226
9439,BPCOM-2022-15285,2023-01-18,590000,Renovation,Renovation,Expired,HALIFAX,District 09,0,4,Industrial,44.64386901012016,-63.623099234855225
9440,BPCOM-2022-15288,2022-12-14,833000,Renovation,Renovation,Completed,HALIFAX,District 10,0,4,Dwelling - Multiple Units,44.66078578252591,-63.63217424530165
9441,BPCOM-2022-15417,2023-01-17,160000,Renovation,Renovation,Completed,DARTMOUTH,District 05,0,3,Commercial,44.68656042112191,-63.55952448193897
9442,BPCOM-2022-15432,2023-03-23,14200000,New Building,New Building,Completed,HALIFAX,District 16,71,6,Mixed Use - Residential & Other Use(s),44.6991967974668,-63.68390913970403
9443,BPCOM-2022-15433,2023-03-03,524500,Renovation,Renovation,Completed,HALIFAX,District 08,0,2,Commercial,44.66266046588286,-63.61946658102005
9444,BPCOM-2022-15469,2023-01-27,250000,Renovation,Renovation,Completed,DARTMOUTH,District 06,0,1,Commercial,44.672622688849955,-63.53846135562704
9445,BPCOM-2022-15550,2023-01-23,165000,Renovation,Renovation,Completed,BEDFORD,District 16,0,1,Commercial,44.70858261542343,-63.70964576943253
9446,BPCOM-2022-15595,2023-06-09,24480000,New Building,New Building,Issued,LOWER SACKVILLE,District 15,140,4,Mixed Use - Residential & Other Use(s),44.76859840807282,-63.69710089687543
9447,BPCOM-2022-15632,2023-02-06,240000,Renovation,Renovation,Completed,LOWER SACKVILLE,District 15,0,1,Commercial,44.77180517627832,-63.69509574671013
9448,BPCOM-2022-15697,2023-03-02,70000,Renovation,Renovation,Completed,TIMBERLEA,District 12,0,1,Commercial,44.64595768357259,-63.71221857196495
9449,BPCOM-2022-15700,2023-09-05,175000,Renovation,Renovation,Completed,HALIFAX,District 09,0,2,Mixed Use - Residential & Other Use(s),44.64453411054719,-63.600751458519596
9450,BPCOM-2022-15712,,19000,New Building,New Building,Withdrawn,INDIAN HARBOUR,District 13,1,1,Mixed Use - Residential & Other Use(s),44.53258315208163,-63.94034709879453
9451,BPCOM-2022-15749,2023-01-04,295000,Renovation,Renovation,Expired,BEDFORD,District 16,0,1,Commercial,44.70858261542343,-63.70964576943253
9452,BPCOM-2022-15782,2023-02-08,19722000,New Building,New Building,Completed,HALIFAX,District 16,0,3,Institutional and Governmental,44.69788801172895,-63.67976756639623
9453,BPCOM-2022-15812,2023-02-06,325000,New Building,New Building,Completed,SEAFORTH,District 02,0,1,Commercial,44.66224882453366,-63.264757265777
9454,BPCOM-2022-15876,2023-03-16,87240,Renovation,Renovation,Expired,TERENCE BAY,District 13,0,1,Commercial,44.46782885411648,-63.71790984917401
9455,BPCOM-2022-15936,2023-02-01,150000,Renovation,Renovation,Completed,HALIFAX,District 11,0,1,Commercial,44.612843183513334,-63.62010980416994
9456,BPCOM-2023-00048,2023-01-17,60000,Renovation,Renovation,Expired,BEDFORD,District 16,0,4,Dwelling - Multiple Units,44.715782330382794,-63.711363732283075
9457,BPCOM-2023-00055,2023-06-19,10000000,Renovation,Renovation,Completed,DARTMOUTH,District 05,99,17,Mixed Use - Residential & Other Use(s),44.67900086408493,-63.55049243318275
9458,BPCOM-2023-00066,2023-01-19,55000,Renovation,Renovation,Completed,HALIFAX,District 07,0,15,Commercial,44.643689620355346,-63.578129516602225
9459,BPCOM-2023-00079,2023-01-11,60000,Renovation,Renovation,Completed,HALIFAX,District 11,0,2,Commercial,44.613023295769814,-63.616593875598255
9460,BPCOM-2023-00091,,1068000,Renovation,Renovation,Applicant Revisions,BEECHVILLE,District 12,0,2,Commercial,44.639560800174856,-63.669391681182084
9461,BPCOM-2023-00105,,10000,New Building,New Building,Withdrawn,LAWRENCETOWN,District 02,0,1,Agriculture,44.65242560510815,-63.39421847175688
9462,BPCOM-2023-00120,2023-06-27,18000000,Renovation,Renovation,Completed,HALIFAX,District 07,172,15,Mixed Use - Residential & Other Use(s),44.6467703874081,-63.57258908888308
9463,BPCOM-2023-00120,2023-06-27,18000000,Renovation,Renovation,Completed,HALIFAX,District 07,172,15,Mixed Use - Residential & Other Use(s),44.6467703874081,-63.57258908888308
9464,BPCOM-2023-00175,2023-04-03,180000,Renovation,Renovation,Completed,DARTMOUTH,District 06,0,1,Commercial,44.69848366028837,-63.57990923532916
9465,BPCOM-2023-00221,2023-02-17,1800000,Renovation,Renovation,Completed,DARTMOUTH,District 05,0,2,Commercial,44.68656042112191,-63.55952448193897
9466,BPCOM-2023-00321,2023-02-02,1400000,Renovation,Renovation,Expired,HALIFAX,District 10,0,6,Accessory Structure,44.65634386257345,-63.65018431231228
9467,BPCOM-2023-00461,2023-03-08,750000,Renovation,Renovation,Expired,HALIFAX,District 07,0,4,Dwelling - Multiple Units,44.635843947284854,-63.578853672992004
9468,BPCOM-2023-00506,2023-07-28,300000,Renovation,Renovation,Completed,HALIFAX,District 07,0,3,Mixed Use - Residential & Other Use(s),44.645710137367125,-63.573134215836866
9469,BPCOM-2023-00508,2023-03-15,4360000,New Building,New Building,Amendment Application Incomplete,BEECHVILLE,District 12,0,2,Commercial,44.646306125322,-63.68163142052831
9470,BPCOM-2023-00603,2023-03-22,436600,Renovation,Renovation,Expired,DARTMOUTH,District 06,0,2,Commercial,44.714784342362634,-63.59930938767651
9471,BPCOM-2023-00654,2023-05-26,125000,Renovation,Renovation,Completed,DARTMOUTH,District 05,0,8,Mixed Use - Residential & Other Use(s),44.667680275667514,-63.56262669495563
9472,BPCOM-2023-00705,2023-03-06,615000,Renovation,Renovation,Completed,DARTMOUTH,District 06,0,1,Commercial,44.716532256732734,-63.563801701638205
9473,BPCOM-2023-00807,2023-02-24,282000,Renovation,Renovation,Completed,HALIFAX,District 09,0,3,Commercial,44.649368575944415,-63.61874247106554
9474,BPCOM-2023-00879,2023-02-13,60000,Renovation,Renovation,Completed,HALIFAX,District 12,0,1,Commercial,44.649320394982325,-63.67720063251109
9475,BPCOM-2023-00954,2023-02-14,300000,Renovation,Renovation,Expired,HALIFAX,District 07,0,5,Commercial,44.6435873874107,-63.570569218081445
9476,BPCOM-2023-00960,2023-08-25,13000000,New Building,New Building,Completed,DARTMOUTH,District 06,0,2,Commercial,44.696564306737734,-63.60328951501992
9477,BPCOM-2023-00973,2023-02-13,853000,Renovation,Renovation,Completed,BEDFORD,District 16,0,7,Commercial,44.72359477197514,-63.69310111651545
9478,BPCOM-2023-00986,2023-05-17,17820000,New Building,New Building,Issued,HALIFAX,District 10,99,4,Dwelling - Multiple Units,44.68162731605323,-63.660592200342904
9479,BPCOM-2023-00996,,16000,Renovation,Renovation,Applicant Revisions,HALIFAX,District 12,0,2,Commercial,44.64148992751634,-63.66143382213742
9480,BPCOM-2023-01008,2023-02-13,35000,Renovation,Renovation,Expired,DARTMOUTH,District 05,0,3,Commercial,44.68656042112191,-63.55952448193897
9481,BPCOM-2023-01024,2023-05-08,25001,Renovation,Renovation,Completed,BEDFORD,District 16,0,1,Commercial,44.708166275810235,-63.71056815854703
9482,BPCOM-2023-01051,2023-08-22,6000000,Renovation,Renovation,Completed,BEECHVILLE,District 13,0,2,Commercial,44.62998531590771,-63.66744433693332
9483,BPCOM-2023-01100,2023-03-31,12864303.26,New Building,New Building,Issued,DARTMOUTH,District 06,176,6,Mixed Use - Residential & Other Use(s),44.67343034334863,-63.54058916033984
9484,BPCOM-2023-01100,2023-03-31,12864303.26,New Building,New Building,Issued,DARTMOUTH,District 06,176,6,Mixed Use - Residential & Other Use(s),44.67343034334863,-63.54058916033984
9485,BPCOM-2023-01100,2023-03-31,12864303.26,New Building,New Building,Issued,DARTMOUTH,District 06,176,6,Mixed Use - Residential & Other Use(s),44.67343034334863,-63.54058916033984
9486,BPCOM-2023-01106,2023-04-05,42500,Renovation,Renovation,Completed,HALIFAX,District 09,1,2,Mixed Use - Residential & Other Use(s),44.64546934203425,-63.59757593166269
9487,BPCOM-2023-01153,,78000,Renovation,Renovation,Withdrawn,HALIFAX,District 08,0,1,Commercial,44.65294093215795,-63.58450644632284
9488,BPCOM-2023-01159,2023-02-23,350000,Renovation,Renovation,Expired,,District 05,0,8,Commercial,44.66488893187844,-63.566426907141995
9489,BPCOM-2023-01172,2023-02-13,48000,Renovation,Renovation,Completed,HALIFAX,District 09,0,1,Commercial,44.646189356815654,-63.6183254137935
9490,BPCOM-2023-01187,2024-02-12,612000,Renovation,Renovation,Completed,HALIFAX,District 07,0,18,Commercial,44.648540302187236,-63.57454400877032
9491,BPCOM-2023-01200,2023-02-15,441100,Renovation,Renovation,Completed,,District 07,0,8,Institutional and Governmental,44.63650673362425,-63.59320767536649
9492,BPCOM-2023-01232,2023-02-17,91300,Renovation,Renovation,Expired,LOWER SACKVILLE,District 15,0,2,Commercial,44.7606358402412,-63.65928241839466
9493,BPCOM-2023-01272,2023-05-01,3200000,New Building,New Building,Issued,FALL RIVER,District 01,0,1,Commercial,44.805377766953505,-63.59260839242946
9494,BPCOM-2023-01342,2023-03-20,33000,New Building,New Building,Completed,DARTMOUTH,District 06,0,1,Accessory Structure,44.71163847617423,-63.60310479823837
9495,BPCOM-2023-01484,2023-03-31,750000,Renovation,Renovation,Completed,HALIFAX,District 07,0,9,Commercial,44.64182737971476,-63.57709062082701
9496,BPCOM-2023-01516,2023-02-23,50000,Renovation,Renovation,Expired,HALIFAX,District 12,0,1,Commercial,44.643888679843144,-63.666773356802494
9497,BPCOM-2023-01559,2023-09-29,26300000,New Building,New Building,Completed,DARTMOUTH,District 06,0,2,Industrial,44.71586240408278,-63.56861719392867
9498,BPCOM-2023-01632,2023-07-26,20000000,New Building,New Building,Issued,DARTMOUTH,District 06,104,7,Dwelling - Multiple Units,44.683222199770775,-63.537437189832254
9499,BPCOM-2023-01644,2023-02-21,40000,Renovation,Renovation,Issued,DARTMOUTH,District 05,0,3,Dwelling - Multiple Units,44.68294203826275,-63.58080597859387
9500,BPCOM-2023-01652,2023-03-02,200000,Renovation,Renovation,Expired,HALIFAX,District 07,0,1,Commercial,44.63805328933994,-63.56906866171647
9501,BPCOM-2023-01704,,663000,Renovation,Renovation,Applicant Revisions,DARTMOUTH,District 03,0,2,Commercial,44.67046211937688,-63.53338184922953
9502,BPCOM-2023-01778,2023-11-15,5000,Addition,Addition,Completed,,District 08,0,3,Commercial,44.65273767182447,-63.590278613377116
9503,BPCOM-2023-01796,,10000,New Building,New Building,Applicant Revisions,HALIFAX,District 08,0,1,Accessory Structure,44.65882597739783,-63.598627286362465
9504,BPCOM-2023-01852,2023-12-19,600000,Renovation,Renovation,Completed,DARTMOUTH,District 06,0,2,Commercial,44.70212887553781,-63.56300908648515
9505,BPCOM-2023-02020,2023-12-18,470000,New Building,New Building,Expired,HACKETTS COVE,District 13,0,1,Commercial,44.57081562512314,-63.931691701212145
9506,BPCOM-2023-02066,2023-05-11,54000,Renovation,Renovation,Completed,HALIFAX,District 11,0,2,Institutional and Governmental,44.602235807050455,-63.609061946126346
9507,BPCOM-2023-02114,,600000,Renovation,Renovation,Applicant Revisions,HARRIETSFIELD,District 11,0,2,Mixed Use - Residential & Other Use(s),44.58560870561562,-63.641149262888774
9508,BPCOM-2023-02143,2023-03-06,74000,Renovation,Renovation,Completed,HALIFAX,District 07,0,12,Dwelling - Multiple Units,44.641981880085865,-63.57829272056136
9509,BPCOM-2023-02222,,869250,New Building,New Building,Cancelled,BEDFORD,District 16,0,3,Commercial,44.724657065125726,-63.66999521653281
9510,BPCOM-2023-02269,2023-09-29,22540000,New Building,New Building,Issued,HALIFAX,District 08,112,9,Mixed Use - Residential & Other Use(s),44.65044200227212,-63.592648937166416
9511,BPCOM-2023-02274,2023-07-13,199021,Addition,Addition,Expired,BEDFORD,District 16,0,1,Commercial,44.747571631248206,-63.63749928100896
9512,BPCOM-2023-02358,2023-03-28,41000,Renovation,Renovation,Completed,HALIFAX,District 07,0,4,Commercial,44.64166555055636,-63.577514278834045
9513,BPCOM-2023-02452,2023-06-23,900000,Renovation,Renovation,Completed,HALIFAX,District 11,0,1,Commercial,44.614402247168286,-63.615371382396106
9514,BPCOM-2023-02484,2025-08-08,33058,Renovation,Renovation,Issued,HALIFAX,District 11,0,1,Institutional and Governmental,44.623991903004956,-63.595410640969725
9515,BPCOM-2023-02609,2023-04-12,52500,Renovation,Renovation,Expired,HALIFAX,District 10,0,1,Commercial,44.67803971344497,-63.65034561485127
9516,BPCOM-2023-02728,2023-06-05,3410000,New Building,New Building,Completed,DARTMOUTH,District 06,0,2,Commercial,44.71567073815395,-63.56406480474946
9517,BPCOM-2023-02728,2023-06-05,3410000,New Building,New Building,Completed,DARTMOUTH,District 06,0,2,Commercial,44.71567073815395,-63.56406480474946
9518,BPCOM-2023-02772,2023-03-24,80000,Renovation,Renovation,Completed,HALIFAX,District 12,0,2,Commercial,44.6572582462176,-63.669672378067695
9519,BPCOM-2023-02970,2023-06-15,362000,Renovation,Renovation,Completed,BEDFORD,District 16,0,1,Commercial,44.72359477197514,-63.69310111651545
9520,BPCOM-2023-03031,,14200000,New Building,New Building,Withdrawn,,District 16,71,6,Mixed Use - Residential & Other Use(s),44.69847516662355,-63.68329209701152
9521,BPCOM-2023-03033,2024-06-26,27800000,New Building,New Building,Issued,HALIFAX,District 16,159,7,Mixed Use - Residential & Other Use(s),44.69834788845807,-63.682559131508654
9522,BPCOM-2023-03034,2023-05-11,42100000,New Building,New Building,Issued,HALIFAX,District 16,158,8,Mixed Use - Residential & Other Use(s),44.698165547522215,-63.68366078931959
9523,BPCOM-2023-03058,2023-04-13,40000,Renovation,Renovation,Completed,BEDFORD,District 16,0,1,Commercial,44.70828592460972,-63.66570184412501
9524,BPCOM-2023-03133,2023-09-18,20060993.14,New Building,New Building,Issued,DARTMOUTH,District 06,120,12,Mixed Use - Residential & Other Use(s),44.67299371776197,-63.541007554631236
9525,BPCOM-2023-03207,,12500000,Addition,Addition,Withdrawn,HALIFAX,District 07,69,10,Dwelling - Multiple Units,44.64122376732497,-63.57129164602773
9526,BPCOM-2023-03237,2023-10-24,33160000,New Building,New Building,Issued,LOWER SACKVILLE,District 15,0,4,Institutional and Governmental,44.760886264189395,-63.6534090777673
9527,BPCOM-2023-03285,2023-04-18,1100000,Renovation,Renovation,Expired,BEDFORD,District 16,0,6,Commercial,44.72359477197514,-63.69310111651545
9528,BPCOM-2023-03298,2023-10-24,750000,New Building,New Building,Completed,BEDFORD,District 16,0,1,Commercial,44.71630360381329,-63.71560571913658
9529,BPCOM-2023-03334,2023-07-19,500000,Renovation,Renovation,Completed,HALIFAX,District 07,0,4,Commercial,44.64547553931778,-63.57339261072037
9530,BPCOM-2023-03400,2023-06-15,18500,Renovation,Renovation,Completed,HALIFAX,District 10,0,9,Commercial,44.657374271158844,-63.63382391917641
9531,BPCOM-2023-03408,2023-06-23,121500,Addition,Addition,Completed,DARTMOUTH,District 06,0,2,Commercial,44.709474617255026,-63.602191737415446
9532,BPCOM-2023-03420,2023-04-19,105000,Renovation,Renovation,Completed,DARTMOUTH,District 06,0,2,Commercial,44.69734284092677,-63.60107998066235
9533,BPCOM-2023-03436,2024-02-22,50700000,New Building,New Building,Issued,HALIFAX,District 08,159,7,Mixed Use - Residential & Other Use(s),44.6546001914303,-63.582566487063424
9534,BPCOM-2023-03473,2024-06-28,12000000,New Building,New Building,Issued,HALIFAX,District 07,55,8,Mixed Use - Residential & Other Use(s),44.634544628156696,-63.57634527367375
9535,BPCOM-2023-03487,2023-04-28,240000,Renovation,Renovation,Expired,HALIFAX,District 10,0,4,Dwelling - Multiple Units,44.66020607035361,-63.64085203976956
9536,BPCOM-2023-03513,2023-10-31,65000,Renovation,Renovation,Completed,UPPER HAMMONDS PLAINS,District 14,0,1,Commercial,44.75397071087854,-63.83934305113331
9537,BPCOM-2023-03538,,175000,Addition,Addition,Applicant Revisions,MIDDLE SACKVILLE,District 14,0,1,Commercial,44.77959959758277,-63.697960462744696
9538,BPCOM-2023-03585,2023-10-24,3260000,Renovation,Renovation,Completed,DARTMOUTH,District 03,0,3,Commercial,44.647960763682285,-63.54697520012901
9539,BPCOM-2023-03615,2023-08-15,1275000,Addition,Addition,Completed,DARTMOUTH,District 06,0,2,Institutional and Governmental,44.68563077859476,-63.53055152624958
9540,BPCOM-2023-03714,,30000,Renovation,Renovation,Withdrawn,BEDFORD,District 16,0,1,Commercial,44.708166275810235,-63.71056815854703
9541,BPCOM-2023-03717,2023-05-01,5500000,New Building,New Building,Completed,DARTMOUTH,District 06,0,1,Commercial,44.71756445433345,-63.56027174858085
9542,BPCOM-2023-03726,2023-05-05,500000,Renovation,Renovation,Completed,HALIFAX,District 08,0,5,Commercial,44.65237925099695,-63.58342846725799
9543,BPCOM-2023-03768,,74000,Renovation,Renovation,Withdrawn,HALIFAX,District 16,0,5,Dwelling - Multiple Units,44.69685030435605,-63.66269236196508
9544,BPCOM-2023-03780,2023-04-19,1200000,Renovation,Renovation,Completed,DARTMOUTH,District 06,0,1,Commercial,44.7230936818133,-63.57154777325596
9545,BPCOM-2023-03818,2023-10-25,10000,Renovation,Renovation,Completed,HALIFAX,District 07,-1,1,Mixed Use - Residential & Other Use(s),44.63816499671159,-63.569967597192544
9546,BPCOM-2023-03862,2023-04-25,415000,Renovation,Renovation,Completed,DARTMOUTH,District 06,0,1,Commercial,44.72199741556242,-63.56275852475654
9547,BPCOM-2023-03872,2023-04-20,78000,Renovation,Renovation,Expired,BEDFORD,District 16,0,2,Commercial,44.73635846691734,-63.65696658156799
9548,BPCOM-2023-03917,2023-04-27,44000,Renovation,Renovation,Completed,BEDFORD,District 16,0,1,Commercial,44.73719651736138,-63.647411261443644
9549,BPCOM-2023-03953,2023-11-09,99821132.85,New Building,New Building,Issued,HALIFAX,District 07,462,21,Mixed Use - Residential & Other Use(s),44.645176808228285,-63.571415720517095
9550,BPCOM-2023-04022,2023-04-25,47000,Renovation,Renovation,Expired,HALIFAX,District 12,0,1,Commercial,44.64758140956092,-63.67286013601639
9551,BPCOM-2023-04091,2023-05-05,76000,New Building,New Building,Expired,DARTMOUTH,District 06,0,1,Accessory Structure,44.672249342682164,-63.506713304010646
9552,BPCOM-2023-04207,,2600,Renovation,Renovation,Application Incomplete,COLE HARBOUR,District 04,0,2,Commercial,44.671918996382026,-63.48618640295478
9553,BPCOM-2023-04234,2023-08-18,957259,Renovation,Renovation,Expired,HALIFAX,District 08,0,5,Commercial,44.65499487221307,-63.594096385061256
9554,BPCOM-2023-04509,2023-04-26,1088500,Renovation,Renovation,Expired,HALIFAX,District 07,0,1,Commercial,44.63643237802027,-63.58779812283581
9555,BPCOM-2023-04560,2023-04-26,69000,Renovation,Renovation,Completed,DARTMOUTH,District 05,0,17,Commercial,44.66895577567242,-63.57660656241076
9556,BPCOM-2023-04596,2023-05-05,120000,Renovation,Renovation,Completed,BEDFORD,District 16,0,6,Commercial,44.73312015086539,-63.65425873877637
9557,BPCOM-2023-04638,,180000,New Building,New Building,Withdrawn,HAMMONDS PLAINS,District 14,1,1,Mixed Use - Residential & Other Use(s),44.72100126757449,-63.83196333128208
9558,BPCOM-2023-04702,2023-04-26,586000,Renovation,Renovation,Expired,HALIFAX,District 07,0,16,Commercial,44.64966610556248,-63.57564691094759
9559,BPCOM-2023-04726,,40000,New Building,New Building,Cancelled,DEAN,District 01,0,1,Accessory Structure,45.195453110735535,-62.87478466858532
9560,BPCOM-2023-04776,,50000,New Building,New Building,Applicant Revisions,DARTMOUTH,District 03,0,1,Accessory Structure,44.64476916027964,-63.54028554740136
9561,BPCOM-2023-04836,,1000,New Building,New Building,Applicant Revisions,BROOKSIDE,District 13,0,1,Accessory Structure,44.561010007400455,-63.73014992405983
9562,BPCOM-2023-04910,2023-05-15,150000,Renovation,Renovation,Completed,BEDFORD,District 16,0,6,Commercial,44.723299036105196,-63.695371554699214
9563,BPCOM-2023-04927,,100000,Renovation,Renovation,Applicant Revisions,HALIFAX,District 09,0,4,Commercial,44.646443646035614,-63.5927564050683
9564,BPCOM-2023-04960,2023-05-08,34000,Renovation,Renovation,Expired,DARTMOUTH,District 06,0,1,Commercial,44.699560464852354,-63.58500015268226
9565,BPCOM-2023-05020,2023-05-04,2750000,Renovation,Renovation,Completed,DARTMOUTH,District 05,0,17,Commercial,44.66895577567242,-63.57660656241076
9566,BPCOM-2023-05065,2023-05-16,300000,Renovation,Renovation,Completed,HALIFAX,District 09,0,1,Commercial,44.646189356815654,-63.6183254137935
9567,BPCOM-2023-05113,,75000,Renovation,Renovation,Withdrawn,HALIFAX,District 08,0,1,Commercial,44.65112143675526,-63.58662039420654
9568,BPCOM-2023-05159,2023-06-21,275000,Addition,Addition,Issued,HALIFAX,District 07,8,3,Dwelling - Multiple Units,44.63487264272534,-63.57926217208144
9569,BPCOM-2023-05241,2023-07-11,658805,Renovation,Renovation,Completed,,District 04,0,2,Commercial,44.70104384484131,-63.47836183900698
9570,BPCOM-2023-05279,2023-10-04,600000,New Building,New Building,Issued,FALL RIVER,District 01,1,2,Mixed Use - Residential & Other Use(s),44.80250671938642,-63.60531287593
9571,BPCOM-2023-05406,2024-05-06,250000,Renovation,Renovation,Completed,DARTMOUTH,District 05,0,2,Commercial,44.68656042112191,-63.55952448193897
9572,BPCOM-2023-05452,2023-05-11,300000,Renovation,Renovation,Expired,HALIFAX,District 07,0,8,Commercial,44.643689620355346,-63.578129516602225
9573,BPCOM-2023-05525,2023-09-19,5000,Renovation,Renovation,Completed,HALIFAX,District 10,1,4,Dwelling - Multiple Units,44.66006833075148,-63.63120391628013
9574,BPCOM-2023-05753,2023-05-30,32500,New Building,New Building,Completed,HALIFAX,District 08,0,1,Accessory Structure,44.65112143675526,-63.58662039420654
9575,BPCOM-2023-05820,2023-07-24,60000,Renovation,Renovation,Completed,BEDFORD,District 16,0,1,Commercial,44.716515972343345,-63.70681589808718
9576,BPCOM-2023-05886,2023-05-23,495424,Renovation,Renovation,Expired,HALIFAX,District 08,0,9,Institutional and Governmental,44.65719007115158,-63.592044155982244
9577,BPCOM-2023-05894,,1462400,Renovation,Renovation,Withdrawn,HALIFAX,District 07,0,3,Commercial,44.63711030165223,-63.60223111672466
9578,BPCOM-2023-05949,2023-09-12,225000,Renovation,Renovation,Expired,HALIFAX,District 08,0,3,Commercial,44.65058218177273,-63.594175793621105
9579,BPCOM-2023-05978,2023-07-13,482570,Renovation,Renovation,Expired,HALIFAX,District 07,0,2,Commercial,44.63967808904029,-63.58908280385887
9580,BPCOM-2023-06013,2024-11-04,2500,Renovation,Renovation,Completed,UPPER TANTALLON,District 13,0,1,Commercial,44.68922154826583,-63.87808432058284
9581,BPCOM-2023-06094,2024-07-29,2000000,New Building,New Building,Completed,HAMMONDS PLAINS,District 14,0,1,Commercial,44.73418869985489,-63.784903213652896
9582,BPCOM-2023-06179,2023-07-20,5000,Renovation,Renovation,Expired,HALIFAX,District 10,0,2,Commercial,44.675149131469,-63.64782104649405
9583,BPCOM-2023-06235,,,Renovation,Renovation,Withdrawn,WAVERLEY,District 01,0,1,Commercial,44.77539066786292,-63.60698121666849
9584,BPCOM-2023-06379,2023-07-19,18163255,Addition,Addition,Expired,,District 13,0,1,Commercial,44.62973457658268,-63.670281736157
9585,BPCOM-2023-06405,2023-09-29,72876108,New Building,New Building,Issued,HALIFAX,District 07,291,20,Mixed Use - Residential & Other Use(s),44.64955934799165,-63.57725660125683
9586,BPCOM-2023-06416,2023-06-09,60000,Renovation,Renovation,Completed,HALIFAX,District 08,0,1,Commercial,44.65963767241602,-63.59467965717809
9587,BPCOM-2023-06568,2023-06-08,18500,Renovation,Renovation,Completed,HALIFAX,District 08,0,7,Commercial,44.66706041215434,-63.59822667596795
9588,BPCOM-2023-06627,,2500000,Renovation,Renovation,Withdrawn,DARTMOUTH,District 06,0,2,Industrial,44.7230936818133,-63.57154777325596
9589,BPCOM-2023-06712,2023-06-23,324000,Renovation,Renovation,Completed,HALIFAX,District 07,0,15,Commercial,44.647309087229864,-63.572430476688574
9590,BPCOM-2023-06732,2023-06-12,3376990,Renovation,Renovation,Completed,BEDFORD,District 16,0,1,Commercial,44.723299036105196,-63.695371554699214
9591,BPCOM-2023-06819,2023-06-22,350000,Renovation,Renovation,Expired,BEDFORD,District 16,0,2,Commercial,44.72768195590804,-63.66475497846185
9592,BPCOM-2023-06903,,70000,Renovation,Renovation,Withdrawn,HALIFAX,District 11,0,12,Dwelling - Multiple Units,44.632476556004995,-63.62000883760402
9593,BPCOM-2023-06941,2023-08-31,525000,Renovation,Renovation,Completed,DARTMOUTH,District 05,0,18,Commercial,44.66548509985846,-63.56902048157545
9594,BPCOM-2023-06976,2023-06-16,1000000,Renovation,Renovation,Completed,HALIFAX,District 08,0,1,Commercial,44.659157223313315,-63.60447037414356
9595,BPCOM-2023-06993,2023-06-27,268338,Renovation,Renovation,Expired,HALIFAX,District 08,0,9,Dwelling - Multiple Units,44.650816882665346,-63.58185943998685
9596,BPCOM-2023-07209,,125000,New Building,New Building,Withdrawn,UPPER SACKVILLE,District 14,1,2,Mixed Use - Residential & Other Use(s),44.83178152558272,-63.78386775264511
9597,BPCOM-2023-07235,2023-07-11,646849,Renovation,Renovation,Completed,HALIFAX,District 07,0,2,Institutional and Governmental,44.64147330932385,-63.573344235305825
9598,BPCOM-2023-07398,2023-07-05,57000,Renovation,Renovation,Completed,DARTMOUTH,District 06,0,1,Commercial,44.672622688849955,-63.53846135562704
9599,BPCOM-2023-07402,2023-07-24,74000,Renovation,Renovation,Completed,HALIFAX,District 10,0,1,Institutional and Governmental,44.650941716239885,-63.64890662299486
9600,BPCOM-2023-07421,2023-06-15,62000,Renovation,Renovation,Completed,HALIFAX,District 12,0,1,Commercial,44.643888679843144,-63.666773356802494
9601,BPCOM-2023-07431,,550000,New Building,New Building,Withdrawn,HUBBARDS,District 13,0,1,Institutional and Governmental,44.62817225611663,-64.03295037424313
9602,BPCOM-2023-07560,2023-06-28,100000,Renovation,Renovation,Completed,LOWER SACKVILLE,District 15,0,1,Commercial,44.7753645849725,-63.696100899643206
9603,BPCOM-2023-07570,2023-07-06,20000,Renovation,Renovation,Completed,HALIFAX,District 07,0,2,Commercial,44.64155823915313,-63.571547713244804
9604,BPCOM-2023-07633,2023-10-23,5000000,New Building,New Building,Completed,HALIFAX,District 11,62,4,Dwelling - Multiple Units,44.60247330417387,-63.61055997146718
9605,BPCOM-2023-07639,2023-11-30,12000000,New Building,New Building,Issued,HALIFAX,District 09,78,7,Dwelling - Multiple Units,44.65404186400804,-63.60954681247488
9606,BPCOM-2023-07639,2023-11-30,12000000,New Building,New Building,Issued,HALIFAX,District 09,78,7,Dwelling - Multiple Units,44.65404186400804,-63.60954681247488
9607,BPCOM-2023-07751,2024-10-31,18000000,New Building,New Building,Issued,HALIFAX,District 08,115,11,Mixed Use - Residential & Other Use(s),44.65632363356863,-63.596854373251645
9608,BPCOM-2023-07771,2023-08-16,45000,Renovation,Renovation,Completed,HALIFAX,District 07,0,2,Commercial,44.638335857363785,-63.5669691563593
9609,BPCOM-2023-07794,2023-08-03,21943.63,Renovation,Renovation,Completed,HALIFAX,District 12,0,5,Dwelling - Multiple Units,44.65683066977097,-63.66706334468769
9610,BPCOM-2023-07843,2023-08-25,425220,Renovation,Renovation,Completed,HALIFAX,District 07,0,3,Commercial,44.63814265626324,-63.57463999138187
9611,BPCOM-2023-07955,2024-09-12,75000,Renovation,Renovation,Issued,HALIFAX,District 08,0,1,Commercial,44.65294093215795,-63.58450644632284
9612,BPCOM-2023-08067,,5000,New Building,New Building,Withdrawn,UPPER TANTALLON,District 13,0,1,Commercial,44.69511240487075,-63.88880720778368
9613,BPCOM-2023-08090,2023-07-14,350000,Renovation,Renovation,Completed,MIDDLE SACKVILLE,District 14,0,1,Commercial,44.79443268298501,-63.724084748458324
9614,BPCOM-2023-08091,2023-07-06,35565,Renovation,Renovation,Completed,DARTMOUTH,District 06,0,1,Commercial,44.69979765724774,-63.593978236001384
9615,BPCOM-2023-08179,2023-07-18,5800,New Building,New Building,Completed,BEECHVILLE,District 12,0,1,Accessory Structure,44.642774274101775,-63.6747793957841
9616,BPCOM-2023-08293,2023-12-04,1800000,Renovation,Renovation,Completed,HALIFAX,District 07,0,13,Commercial,44.642909208739134,-63.56821153919397
9617,BPCOM-2023-08325,,84500000,New Building,New Building,Cancelled,DARTMOUTH,District 05,216,27,Mixed Use - Residential & Other Use(s),44.68712656135643,-63.565030021011935
9618,BPCOM-2023-08325,,84500000,New Building,New Building,Cancelled,DARTMOUTH,District 05,216,27,Mixed Use - Residential & Other Use(s),44.68712656135643,-63.565030021011935
9619,BPCOM-2023-08343,2023-07-05,40000,Renovation,Renovation,Expired,HAMMONDS PLAINS,District 14,0,1,Commercial,44.733520023262244,-63.80556809086313
9620,BPCOM-2023-08405,2023-07-13,300000,Renovation,Renovation,Expired,HALIFAX,District 12,0,2,Commercial,44.64243105598728,-63.66367485786103
9621,BPCOM-2023-08482,2023-10-04,2900000,Renovation,Renovation,Completed,,Unidentified,0,1,Institutional and Governmental,,
9622,BPCOM-2023-08595,2023-08-29,44000,Renovation,Renovation,Completed,COLE HARBOUR,District 04,0,1,Commercial,44.67102549758628,-63.495004520651925
9623,BPCOM-2023-08649,2023-08-09,75000,Renovation,Renovation,Expired,BEDFORD,District 16,0,1,Commercial,44.73635846691734,-63.65696658156799
9624,BPCOM-2023-08700,2023-08-09,500000,Renovation,Renovation,Completed,DARTMOUTH,District 06,0,3,Commercial,44.70584325220681,-63.58831887296555
9625,BPCOM-2023-08839,2023-10-25,11000000,New Building,New Building,Completed,HALIFAX,District 08,38,4,Dwelling - Multiple Units,44.656587894281095,-63.58658075188627
9626,BPCOM-2023-08895,2023-08-28,175000,Renovation,Renovation,Completed,HALIFAX,District 12,0,1,Commercial,44.649320394982325,-63.67720063251109
9627,BPCOM-2023-08954,2023-08-15,200000,Renovation,Renovation,Completed,HALIFAX,District 09,0,15,Mixed Use - Residential & Other Use(s),44.645856431965136,-63.590282690404806
9628,BPCOM-2023-09010,2023-11-21,24280000,New Building,New Building,Completed,DARTMOUTH,District 06,73,6,Dwelling - Multiple Units,44.714715820241764,-63.54224941298413
9629,BPCOM-2023-09010,2023-11-21,24280000,New Building,New Building,Completed,DARTMOUTH,District 06,73,6,Dwelling - Multiple Units,44.714715820241764,-63.54224941298413
9630,BPCOM-2023-09011,2024-05-28,29358390,New Building,New Building,Issued,DARTMOUTH,District 05,226,32,Mixed Use - Residential & Other Use(s),44.665892966285334,-63.568849597607425
9631,BPCOM-2023-09011,2024-05-28,29358390,New Building,New Building,Issued,DARTMOUTH,District 05,226,32,Mixed Use - Residential & Other Use(s),44.665892966285334,-63.568849597607425
9632,BPCOM-2023-09130,2023-08-25,545000,New Building,New Building,Completed,BEDFORD,District 16,0,1,Industrial,44.7174226459249,-63.714829136552844
9633,BPCOM-2023-09349,2023-08-15,293000,Renovation,Renovation,Completed,DARTMOUTH,District 05,6,7,Mixed Use - Residential & Other Use(s),44.6857782972825,-63.56302399706346
9634,BPCOM-2023-09364,2023-09-11,315000,Renovation,Renovation,Completed,BEECHVILLE,District 12,0,3,Commercial,44.64014791977936,-63.67710837588923
9635,BPCOM-2023-09422,2023-12-13,1714750,Renovation,Renovation,Completed,HALIFAX,District 10,0,3,Dwelling - Multiple Units,44.66200292362445,-63.639843199363334
9636,BPCOM-2023-09558,,,Renovation,Renovation,Applicant Revisions,WAVERLEY,District 01,0,1,Commercial,44.77539066786292,-63.60698121666849
9637,BPCOM-2023-09655,2023-08-09,150000,Renovation,Renovation,Completed,DARTMOUTH,District 06,0,3,Commercial,44.70324066933818,-63.6099685532999
9638,BPCOM-2023-09785,2023-08-11,80000,Renovation,Renovation,Completed,HALIFAX,District 09,0,22,Mixed Use - Residential & Other Use(s),44.65008977298615,-63.623957377525464
9639,BPCOM-2023-09810,2024-01-26,12500000,New Building,New Building,Issued,MIDDLE SACKVILLE,District 14,50,4,Dwelling - Multiple Units,44.78104166972629,-63.70641286476978
9640,BPCOM-2023-09810,2024-01-26,12500000,New Building,New Building,Issued,MIDDLE SACKVILLE,District 14,50,4,Dwelling - Multiple Units,44.78104166972629,-63.70641286476978
9641,BPCOM-2023-09922,2023-08-15,30000,Renovation,Renovation,Completed,DARTMOUTH,District 06,0,1,Commercial,44.70424934227136,-63.563464517958316
9642,BPCOM-2023-09938,2023-10-19,5105000,New Building,New Building,Expired,DARTMOUTH,District 06,0,1,Commercial,44.69830106669795,-63.6040453841464
9643,BPCOM-2023-09943,2023-10-04,38000,Renovation,Renovation,Completed,HALIFAX,District 08,0,1,Accessory Structure,44.66208755241985,-63.599429214495
9644,BPCOM-2023-09991,2023-10-11,180000,Renovation,Renovation,Completed,LOWER SACKVILLE,District 15,0,1,Commercial,44.7753645849725,-63.696100899643206
9645,BPCOM-2023-10061,2023-10-04,528660,Renovation,Renovation,Completed,DARTMOUTH,District 03,0,1,Institutional and Governmental,44.653539003421486,-63.544515889069004
9646,BPCOM-2023-10072,2024-01-26,12500000,New Building,New Building,Issued,MIDDLE SACKVILLE,District 14,50,4,Dwelling - Multiple Units,44.78111676940062,-63.70759421725245
9647,BPCOM-2023-10094,2024-01-29,200000,New Building,New Building,Expired,HAMMONDS PLAINS,District 14,0,1,Industrial,44.72339271950138,-63.75204197808881
9648,BPCOM-2023-10186,2023-10-26,100000,New Building,New Building,Completed,HAMMONDS PLAINS,District 14,0,1,Accessory Structure,44.725934175814565,-63.748752104185165
9649,BPCOM-2023-10288,2023-08-18,14000,Renovation,Renovation,Expired,HALIFAX,District 07,0,3,Dwelling - Multiple Units,44.63479210494081,-63.57521248828692
9650,BPCOM-2023-10319,2023-09-18,756600,Renovation,Renovation,Expired,DARTMOUTH,District 05,0,6,Institutional and Governmental,44.665018321337655,-63.56975704658656
9651,BPCOM-2023-10340,2023-08-18,200000,Renovation,Renovation,Expired,HALIFAX,District 16,0,1,Commercial,44.69918801305346,-63.68703732930721
9652,BPCOM-2023-10464,2023-08-31,129627,Renovation,Renovation,Expired,HALIFAX,District 07,0,1,Institutional and Governmental,44.648913137170794,-63.573131087533255
9653,BPCOM-2023-10520,2023-09-05,65000,Renovation,Renovation,Completed,DARTMOUTH,District 03,0,1,Institutional and Governmental,44.65768543350223,-63.54540345517233
9654,BPCOM-2023-10595,2023-08-22,15000,Renovation,Renovation,Completed,HALIFAX,District 09,0,2,Commercial,44.64998756137801,-63.598534628182605
9655,BPCOM-2023-10622,2023-08-25,225000,Renovation,Renovation,Completed,DARTMOUTH,District 06,0,1,Industrial,44.72205679782815,-63.56486507673634
9656,BPCOM-2023-10949,2023-09-22,,Renovation,Renovation,Completed,DARTMOUTH,District 06,0,3,Commercial,44.699560464852354,-63.58500015268226
9657,BPCOM-2023-10966,2023-08-25,343000,Renovation,Renovation,Expired,HALIFAX,District 08,0,7,Mixed Use - Residential & Other Use(s),44.66706041215434,-63.59822667596795
9658,BPCOM-2023-10966,2023-08-25,343000,Renovation,Renovation,Expired,HALIFAX,District 08,0,7,Mixed Use - Residential & Other Use(s),44.66706041215434,-63.59822667596795
9659,BPCOM-2023-11008,2023-10-24,475000,New Building,New Building,Expired,GOODWOOD,District 13,0,1,Industrial,44.60632612769341,-63.67697338731147
9660,BPCOM-2023-11135,2023-08-29,100,New Building,New Building,Expired,HALIFAX,District 16,0,1,Accessory Structure,44.69918801305346,-63.68703732930721
9661,BPCOM-2023-11230,2024-05-17,27400000,New Building,New Building,Issued,DARTMOUTH,Unidentified,96,9,Mixed Use - Residential & Other Use(s),44.67386221120372,-63.58456750124827
9662,BPCOM-2023-11230,2024-05-17,27400000,New Building,New Building,Issued,DARTMOUTH,Unidentified,96,9,Mixed Use - Residential & Other Use(s),44.67386221120372,-63.58456750124827
9663,BPCOM-2023-11230,2024-05-17,27400000,New Building,New Building,Issued,DARTMOUTH,District 05,96,9,Mixed Use - Residential & Other Use(s),44.67386221120372,-63.58456750124827
9664,BPCOM-2023-11294,2023-09-15,600000,Renovation,Renovation,Completed,HALIFAX,District 09,0,22,Commercial,44.65008977298615,-63.623957377525464
9665,BPCOM-2023-11426,2023-10-03,95000,Renovation,Renovation,Expired,FALL RIVER,District 01,0,1,Commercial,44.818383751207776,-63.61028050309607
9666,BPCOM-2023-11554,2023-11-01,40000,New Building,New Building,Completed,COLE HARBOUR,District 04,0,1,Accessory Structure,44.67119490731622,-63.492375632262615
9667,BPCOM-2023-11585,2024-03-20,21775000,New Building,New Building,Issued,HALIFAX,District 09,188,11,Mixed Use - Residential & Other Use(s),44.64438641484217,-63.598827148876616
9668,BPCOM-2023-11618,2023-09-06,52000,Renovation,Renovation,Expired,FALL RIVER,District 01,0,1,Commercial,44.817509286304784,-63.61217090331953
9669,BPCOM-2023-11681,2023-09-27,250000,Renovation,Renovation,Expired,HALIFAX,District 08,0,3,Dwelling - Multiple Units,44.65257007328377,-63.58399282609199
9670,BPCOM-2023-11683,2024-02-12,16930000,New Building,New Building,Completed,HALIFAX,District 16,0,6,Institutional and Governmental,44.6988442659984,-63.67954253591209
9671,BPCOM-2023-11831,2025-09-03,20000000,New Building,New Building,Issued,HALIFAX,District 16,102,8,Mixed Use - Residential & Other Use(s),44.69952856866314,-63.66221727606138
9672,BPCOM-2023-11876,2023-10-24,132729.48,Renovation,Renovation,Expired,DARTMOUTH,District 06,0,2,Commercial,44.71361103261635,-63.58179249614247
9673,BPCOM-2023-11919,,31776891,New Building,New Building,Applicant Revisions,,District 05,95,15,Mixed Use - Residential & Other Use(s),44.66133955187121,-63.56530319481979
9674,BPCOM-2023-11919,,31776891,New Building,New Building,Applicant Revisions,,District 05,95,15,Mixed Use - Residential & Other Use(s),44.66133955187121,-63.56530319481979
9675,BPCOM-2023-11919,,31776891,New Building,New Building,Applicant Revisions,,District 05,95,15,Mixed Use - Residential & Other Use(s),44.66133955187121,-63.56530319481979
9676,BPCOM-2023-11992,2023-10-17,225000,Renovation,Renovation,Completed,BEECHVILLE,District 12,0,1,Commercial,44.63978276924998,-63.67598807747089
9677,BPCOM-2023-12116,2023-09-29,50000,Renovation,Renovation,Completed,HAMMONDS PLAINS,District 14,0,1,Commercial,44.728122011236714,-63.74978332565242
9678,BPCOM-2023-12161,2023-10-13,283500,Renovation,Renovation,Completed,BEDFORD,District 16,0,1,Commercial,44.73312015086539,-63.65425873877637
9679,BPCOM-2023-12417,2023-10-06,32000,Renovation,Renovation,Completed,HALIFAX,District 09,0,3,Commercial,44.649368575944415,-63.61874247106554
9680,BPCOM-2023-12467,,50000,Renovation,Renovation,Withdrawn,HAMMONDS PLAINS,District 14,0,1,Commercial,44.728049278595066,-63.74950387572457
9681,BPCOM-2023-12561,,15000,Renovation,Renovation,Application Incomplete,HALIFAX,District 09,0,2,Commercial,44.65057765768287,-63.59781442432345
9682,BPCOM-2023-12630,2024-01-12,29600000,New Building,New Building,Issued,DARTMOUTH,District 05,148,10,Dwelling - Multiple Units,44.66794334546069,-63.53618491780239
9683,BPCOM-2023-12655,2024-10-02,6879513,New Building,New Building,Completed,GOFFS,District 01,0,1,Industrial,44.871600904942426,-63.5298774872105
9684,BPCOM-2023-12721,2023-12-28,100000,New Building,New Building,Completed,ELMSDALE,District 01,1,2,Mixed Use - Residential & Other Use(s),44.96262118263154,-63.48861652592355
9685,BPCOM-2023-12755,,50000,Renovation,Renovation,Withdrawn,HALIFAX,District 09,0,3,Dwelling - Multiple Units,44.64454804263687,-63.59811483616739
9686,BPCOM-2023-12801,2023-11-14,513000,Renovation,Renovation,Completed,DARTMOUTH,District 06,0,2,Commercial,44.72293145581199,-63.56243547293206
9687,BPCOM-2023-12902,2024-03-04,2500000,New Building,New Building,Completed,HAMMONDS PLAINS,District 14,0,1,Commercial,44.73286971904444,-63.80597553011329
9688,BPCOM-2023-12937,,200000,Renovation,Renovation,Application Incomplete,HALIFAX,District 07,0,1,Commercial,44.64842095871173,-63.57447656825
9689,BPCOM-2023-13031,2023-10-20,60000,Renovation,Renovation,Expired,HALIFAX,District 07,0,9,Commercial,44.649909723136616,-63.573835101850825
9690,BPCOM-2023-13053,2025-04-08,20000,Renovation,Renovation,Issued,EASTERN PASSAGE,District 03,0,1,Commercial,44.61874288139789,-63.4620229409737
9691,BPCOM-2023-13238,2023-12-08,5000,New Building,New Building,Expired,BEDFORD,District 16,0,1,Accessory Structure,44.72430785174164,-63.70814041047696
9692,BPCOM-2023-13267,2024-03-18,10675000,Renovation,Renovation,Issued,HALIFAX,District 07,79,8,Mixed Use - Residential & Other Use(s),44.642661659841636,-63.579110167846004
9693,BPCOM-2023-13306,2023-10-19,200000,Renovation,Renovation,Completed,DARTMOUTH,District 03,0,1,Commercial,44.64994095504583,-63.545916418448364
9694,BPCOM-2023-13358,2023-10-18,500000,Renovation,Renovation,Expired,BEDFORD,District 16,0,4,Dwelling - Multiple Units,44.738622394214126,-63.65654601825308
9695,BPCOM-2023-13421,2024-09-16,33810300,Addition,Addition,Issued,BEDFORD,District 16,0,3,Institutional and Governmental,44.725962398817366,-63.698884559996785
9696,BPCOM-2023-13421,2024-09-16,33810300,Addition,Addition,Issued,BEDFORD,District 16,0,3,Institutional and Governmental,44.725962398817366,-63.698884559996785
9697,BPCOM-2023-13473,2023-10-16,20000,Renovation,Renovation,Completed,DARTMOUTH,District 06,0,1,Commercial,44.723332988804664,-63.57582134901827
9698,BPCOM-2023-13613,2023-12-11,1685718,Renovation,Renovation,Completed,DARTMOUTH,District 05,0,3,Dwelling - Multiple Units,44.68631151513955,-63.59103688774696
9699,BPCOM-2023-13621,2023-10-24,99968,Renovation,Renovation,Completed,DARTMOUTH,District 06,0,1,Commercial,44.699064981468645,-63.56383955668229
9700,BPCOM-2023-13623,2023-12-08,70000,Renovation,Renovation,Completed,HAMMONDS PLAINS,District 14,0,1,Commercial,44.728122011236714,-63.74978332565242
9701,BPCOM-2023-13641,2023-10-20,365380,Renovation,Renovation,Expired,HALIFAX,District 07,0,4,Dwelling - Multiple Units,44.62682652288821,-63.580489483016805
9702,BPCOM-2023-13696,2023-11-03,12367,New Building,New Building,Completed,HALIFAX,District 11,0,1,Accessory Structure,44.61549255102177,-63.614150050530945
9703,BPCOM-2023-13711,2024-01-04,12972000,New Building,New Building,Issued,DARTMOUTH,District 06,0,3,Commercial,44.699801375879396,-63.5981808375629
9704,BPCOM-2023-13718,2023-11-03,12367,New Building,New Building,Completed,HALIFAX,District 08,0,1,Accessory Structure,44.666378064729194,-63.61314383443428
9705,BPCOM-2023-13757,2024-02-07,1305000,New Building,New Building,Expired,HARRIETSFIELD,District 11,0,1,Commercial,44.58436672506618,-63.644470378877664
9706,BPCOM-2023-13774,2024-05-17,10500000,New Building,New Building,Completed,DARTMOUTH,District 05,56,6,Dwelling - Multiple Units,44.685202797626935,-63.587263199827866
9707,BPCOM-2023-13930,2023-11-08,650000,Renovation,Renovation,Completed,DARTMOUTH,District 06,0,1,Commercial,44.70575647870976,-63.5609598143192
9708,BPCOM-2023-13993,2024-02-06,630000,Renovation,Renovation,Completed,BEDFORD,District 16,0,1,Commercial,44.73635846691734,-63.65696658156799
9709,BPCOM-2023-14145,2023-11-16,200000,Renovation,Renovation,Expired,PORTERS LAKE,District 02,0,1,Commercial,44.7447033581758,-63.28302548576918
9710,BPCOM-2023-14184,2023-11-03,100000,Renovation,Renovation,Completed,BEDFORD,District 16,0,5,Commercial,44.73312015086539,-63.65425873877637
9711,BPCOM-2023-14245,2023-11-01,65000,Renovation,Renovation,Completed,DARTMOUTH,District 06,0,2,Commercial,44.711079005697826,-63.60332718540767
9712,BPCOM-2023-14276,,1500000,New Building,New Building,Application Incomplete,BEDFORD,District 16,0,3,Institutional and Governmental,44.725612494266706,-63.66920643820639
9713,BPCOM-2023-14296,2024-01-29,240000,Renovation,Renovation,Completed,SHEET HARBOUR,District 02,1,3,Mixed Use - Residential & Other Use(s),44.92493749059061,-62.54616869748316
9714,BPCOM-2023-14344,2023-11-21,270000,Renovation,Renovation,Completed,LOWER SACKVILLE,District 15,0,1,Commercial,44.7753645849725,-63.696100899643206
9715,BPCOM-2023-14383,,20000,Renovation,Renovation,Application Incomplete,HALIFAX,District 07,0,1,Accessory Structure,44.63711030165223,-63.60223111672466
9716,BPCOM-2023-14473,2024-03-26,10000000,New Building,New Building,Issued,MIDDLE SACKVILLE,District 14,52,4,Mixed Use - Residential & Other Use(s),44.78776457127285,-63.72257797918851
9717,BPCOM-2023-14480,2023-11-14,24734,New Building,New Building,Expired,LOWER SACKVILLE,District 15,0,1,Accessory Structure,44.779917834007506,-63.672458881268376
9718,BPCOM-2023-14493,2024-04-10,431700,New Building,New Building,Issued,HAMMONDS PLAINS,District 14,0,1,Commercial,44.728063585485046,-63.75032602932551
9719,BPCOM-2023-14644,2023-11-30,55000,Renovation,Renovation,Expired,BEDFORD,District 16,0,2,Commercial,44.716515972343345,-63.70681589808718
9720,BPCOM-2023-14724,2023-11-10,98720,Renovation,Renovation,Expired,HALIFAX,District 07,0,2,Commercial,44.638335857363785,-63.5669691563593
9721,BPCOM-2023-14767,2023-11-29,325000,Renovation,Renovation,Completed,HALIFAX,District 10,3,3,Dwelling - Multiple Units,44.66068413140621,-63.63040408340415
9722,BPCOM-2023-14828,2026-02-06,20000,Renovation,Renovation,Issued,HALIFAX,District 07,4,3,Mixed Use - Residential & Other Use(s),44.64023710145979,-63.58445845802331
9723,BPCOM-2023-14833,2024-04-08,12000000,New Building,New Building,Expired,HALIFAX,District 08,72,7,Dwelling - Multiple Units,44.66080673774052,-63.596579535786255
9724,BPCOM-2023-14833,2024-04-08,12000000,New Building,New Building,Expired,HALIFAX,District 08,72,7,Dwelling - Multiple Units,44.66080673774052,-63.596579535786255
9725,BPCOM-2023-14833,2024-04-08,12000000,New Building,New Building,Expired,HALIFAX,District 08,72,7,Dwelling - Multiple Units,44.66080673774052,-63.596579535786255
9726,BPCOM-2023-14892,2024-01-29,30000,Renovation,Renovation,Expired,HALIFAX,District 16,0,4,Commercial,44.69820571397567,-63.66128486031133
9727,BPCOM-2023-14902,2023-12-04,200000,Renovation,Renovation,Cancelled,HALIFAX,District 07,0,8,Commercial,44.647598089605516,-63.57377483610559
9728,BPCOM-2023-14915,2023-11-17,200000,Renovation,Renovation,Expired,UPPER TANTALLON,District 13,0,1,Commercial,44.68662754287265,-63.87602529347309
9729,BPCOM-2023-14972,,445000,Renovation,Renovation,Withdrawn,DARTMOUTH,District 05,0,2,Dwelling - Multiple Units,44.68415613421947,-63.58551867554507
9730,BPCOM-2023-14993,2024-06-17,120000,New Building,New Building,Completed,BEDFORD,District 16,0,1,Commercial,44.708026880724994,-63.6646761985088
9731,BPCOM-2023-14996,2024-06-17,120000,New Building,New Building,Completed,BEDFORD,District 16,0,1,Commercial,44.708026880724994,-63.6646761985088
9732,BPCOM-2023-14998,2024-06-17,120000,New Building,New Building,Completed,BEDFORD,District 16,0,1,Commercial,44.708026880724994,-63.6646761985088
9733,BPCOM-2023-15000,2024-06-17,120000,New Building,New Building,Completed,BEDFORD,District 16,0,1,Commercial,44.708026880724994,-63.6646761985088
9734,BPCOM-2023-15006,2024-06-17,120000,New Building,New Building,Completed,BEDFORD,District 16,0,1,Commercial,44.708026880724994,-63.6646761985088
9735,BPCOM-2023-15130,2023-12-07,450000,Renovation,Renovation,Completed,HALIFAX,District 07,0,21,Mixed Use - Residential & Other Use(s),44.640647119359386,-63.57828358899169
9736,BPCOM-2023-15153,2023-11-27,20000,Renovation,Renovation,Completed,LOWER SACKVILLE,District 15,0,1,Commercial,44.75359384310941,-63.66494320666978
9737,BPCOM-2023-15186,2024-01-11,100000,Renovation,Renovation,Amendment Applicant Revisions,DARTMOUTH,District 06,0,2,Commercial,44.706947626982455,-63.597640447073495
9738,BPCOM-2023-15313,2024-03-04,514400,New Building,New Building,Completed,BEDFORD,District 16,0,1,Commercial,44.71336448807936,-63.714994954799224
9739,BPCOM-2023-15372,2023-12-08,655000,Renovation,Renovation,Expired,BEDFORD,District 16,0,1,Commercial,44.719018560897915,-63.71362749570238
9740,BPCOM-2023-15398,2024-02-12,1450000,New Building,New Building,Completed,DARTMOUTH,District 05,6,4,Dwelling - Multiple Units,44.676645956658675,-63.587337099046294
9741,BPCOM-2023-15432,2024-03-04,514400,New Building,New Building,Completed,BEDFORD,District 16,0,1,Commercial,44.71272006762653,-63.71509671629248
9742,BPCOM-2023-15443,2024-05-17,47000,Renovation,Renovation,Completed,BEDFORD,District 16,0,2,Commercial,44.708166275810235,-63.71056815854703
9743,BPCOM-2023-15503,2024-01-04,90000,Renovation,Renovation,Completed,DARTMOUTH,District 03,0,1,Commercial,44.66999762564716,-63.53081923641672
9744,BPCOM-2023-15512,2023-12-22,200946,Renovation,Renovation,Completed,HAMMONDS PLAINS,District 14,0,1,Commercial,44.72633921450175,-63.74721352366276
9745,BPCOM-2023-15521,,72000000,New Building,New Building,Applicant Revisions,WESTPHAL,District 04,300,7,Mixed Use - Residential & Other Use(s),44.695045287418765,-63.49869829502031
9746,BPCOM-2023-15523,2024-04-09,22000000,New Building,New Building,Issued,HALIFAX,District 07,55,9,Mixed Use - Residential & Other Use(s),44.641605877639954,-63.58587196600488
9747,BPCOM-2023-15551,2023-12-14,178000,Renovation,Renovation,Completed,HALIFAX,District 09,0,3,Commercial,44.649368575944415,-63.61874247106554
9748,BPCOM-2023-15676,,4075940,New Building,New Building,Applicant Revisions,HALIFAX,District 09,21,6,Mixed Use - Residential & Other Use(s),44.645491991370676,-63.59657145708569
9749,BPCOM-2023-15683,,110000,Renovation,Renovation,Withdrawn,HALIFAX,District 08,0,2,Mixed Use - Residential & Other Use(s),44.659193604746854,-63.59858715865956
9750,BPCOM-2023-15702,2023-12-20,150000,Renovation,Renovation,Completed,DARTMOUTH,District 06,0,3,Commercial,44.700519488130425,-63.581704253848066
9751,BPCOM-2023-15777,2025-02-11,45241000,New Building,New Building,Issued,HALIFAX,District 08,175,10,Mixed Use - Residential & Other Use(s),44.65322980320521,-63.58436638914168
9752,BPCOM-2023-15777,2025-02-11,45241000,New Building,New Building,Issued,HALIFAX,District 08,175,10,Mixed Use - Residential & Other Use(s),44.65322980320521,-63.58436638914168
9753,BPCOM-2023-15855,2023-12-21,250000,Renovation,Renovation,Completed,DARTMOUTH,District 06,0,1,Commercial,44.70550848071828,-63.56237722698477
9754,BPCOM-2023-15866,2025-05-13,15000,Renovation,Renovation,Issued,SHEET HARBOUR,District 02,0,1,Commercial,44.923748149294276,-62.53939886702796
9755,BPCOM-2023-15890,2025-06-11,30000000,New Building,New Building,Issued,TIMBERLEA,District 12,117,16,Mixed Use - Residential & Other Use(s),44.64086553230043,-63.72035187611459
9756,BPCOM-2023-15910,,75000000,New Building,New Building,Applicant Revisions,WESTPHAL,District 04,300,7,Mixed Use - Residential & Other Use(s),44.69612255880197,-63.49739314894034
9757,BPCOM-2023-15942,2024-02-08,66000,Renovation,Renovation,Completed,DARTMOUTH,District 06,0,2,Commercial,44.69629267415171,-63.57885367445931
9758,BPCOM-2023-15955,,300000,New Building,New Building,Application Incomplete,HALIFAX,District 08,36,5,Mixed Use - Residential & Other Use(s),44.64773071296165,-63.59163700736554
9759,BPCOM-2023-15955,,300000,New Building,New Building,Application Incomplete,HALIFAX,District 08,36,5,Mixed Use - Residential & Other Use(s),44.64773071296165,-63.59163700736554
9760,BPCOM-2023-15955,,300000,New Building,New Building,Application Incomplete,HALIFAX,District 08,36,5,Mixed Use - Residential & Other Use(s),44.64773071296165,-63.59163700736554
9761,BPCOM-2023-15955,,300000,New Building,New Building,Application Incomplete,HALIFAX,District 08,36,5,Mixed Use - Residential & Other Use(s),44.64773071296165,-63.59163700736554
9762,BPCOM-2023-15955,,300000,New Building,New Building,Application Incomplete,HALIFAX,District 08,36,5,Mixed Use - Residential & Other Use(s),44.64773071296165,-63.59163700736554
9763,BPCOM-2023-16034,2024-04-19,4000000,Renovation,Renovation,Completed,DARTMOUTH,District 06,0,1,Commercial,44.705985136982754,-63.60760320215752
9764,BPCOM-2023-16053,2024-02-02,282211.83,Renovation,Renovation,Expired,DARTMOUTH,District 05,0,4,Mixed Use - Residential & Other Use(s),44.67273591126556,-63.56523490234597
9765,BPCOM-2023-16067,2024-02-20,89210,Renovation,Renovation,Expired,HALIFAX,District 09,0,1,Commercial,44.64563065409755,-63.59703387055898
9766,BPCOM-2023-16136,2024-03-18,210000,Addition,Addition,Completed,UPPER SACKVILLE,District 14,0,1,Commercial,44.8171615637201,-63.76792518687043
9767,BPCOM-2023-16188,2024-03-12,2000000,New Building,New Building,Completed,HATCHET LAKE,District 13,0,1,Commercial,44.57863694794698,-63.707633140230286
9768,BPCOM-2023-16192,2024-01-03,210000,Renovation,Renovation,Completed,DARTMOUTH,District 05,0,15,Commercial,44.66548509985846,-63.56902048157545
9769,BPCOM-2023-16203,2023-12-21,105000,Renovation,Renovation,Completed,DARTMOUTH,District 06,0,1,Commercial,44.70336276009296,-63.56367062251198
9770,BPCOM-2023-16224,2024-01-19,220000,Renovation,Renovation,Completed,LOWER SACKVILLE,District 15,0,1,Commercial,44.77180517627832,-63.69509574671013
9771,BPCOM-2023-16290,2024-01-15,120000,Renovation,Renovation,Completed,HALIFAX,District 10,0,1,Commercial,44.684633204798146,-63.67424831358334
9772,BPCOM-2023-16325,2024-05-06,450000,Addition,Addition,Issued,HALIFAX,District 16,0,12,Mixed Use - Residential & Other Use(s),44.70251701427474,-63.66990394157477
9773,BPCOM-2023-16326,2024-10-09,28000000,Addition,Addition,Issued,DARTMOUTH,District 05,138,9,Mixed Use - Residential & Other Use(s),44.667387113979714,-63.563202755527705
9774,BPCOM-2023-16401,2025-02-05,17625898.12,New Building,New Building,Issued,HALIFAX,District 08,150,13,Mixed Use - Residential & Other Use(s),44.656896641844206,-63.598439881434814
9775,BPCOM-2023-16428,2024-10-01,500000,New Building,New Building,Issued,HALIFAX,District 08,0,3,Accessory Structure,44.65613129771794,-63.59982635322202
9776,BPCOM-2023-16435,2024-08-29,5200000,New Building,New Building,Issued,HALIFAX,District 08,33,10,Mixed Use - Residential & Other Use(s),44.65670999528505,-63.597365758251364
9777,BPCOM-2023-16435,2024-08-29,5200000,New Building,New Building,Issued,HALIFAX,District 08,33,10,Mixed Use - Residential & Other Use(s),44.65670999528505,-63.597365758251364
9778,BPCOM-2023-16435,2024-08-29,5200000,New Building,New Building,Issued,HALIFAX,District 08,33,10,Mixed Use - Residential & Other Use(s),44.65670999528505,-63.597365758251364
9779,BPCOM-2023-16459,2024-10-03,45000000,New Building,New Building,Issued,BEDFORD,District 16,76,6,Dwelling - Multiple Units,44.71640955931918,-63.70411429093727
9780,BPCOM-2023-16462,2024-12-05,10591000,New Building,New Building,Cancelled,HALIFAX,Unidentified,50,5,Dwelling - Multiple Units,44.65730803892346,-63.59638113443537
9781,BPCOM-2023-16476,,8699700,Renovation,Renovation,Applicant Revisions,HALIFAX,District 07,0,7,Institutional and Governmental,44.648785166421646,-63.57616045573523
9782,BPCOM-2023-16513,2024-10-15,125000,New Building,New Building,Issued,WESTPHAL,District 04,0,1,Commercial,44.697938025733514,-63.48704493476489
9783,BPCOM-2023-16545,2024-01-25,823786,Renovation,Renovation,Completed,HALIFAX,District 07,0,4,Institutional and Governmental,44.63781112105369,-63.59358936579068
9784,BPCOM-2023-16547,2024-01-25,247000,Renovation,Renovation,Completed,HALIFAX,District 08,0,12,Mixed Use - Residential & Other Use(s),44.65613129771794,-63.59982635322202
9785,BPCOM-2024-00122,2024-03-06,15000,Renovation,Renovation,Completed,COLE HARBOUR,District 04,0,2,Commercial,44.67253872198861,-63.49934501392177
9786,BPCOM-2024-00127,2024-05-22,1500000,New Building,New Building,Issued,DARTMOUTH,District 06,0,2,Commercial,44.72106297731384,-63.56159463415722
9787,BPCOM-2024-00144,2024-03-19,5000,New Building,New Building,Expired,,District 04,0,1,Accessory Structure,44.671300410757006,-63.492071781925134
9788,BPCOM-2024-00266,,40000,Addition,Addition,Applicant Revisions,HALIFAX,District 11,0,3,Mixed Use - Residential & Other Use(s),44.61512904569501,-63.614973531356256
9789,BPCOM-2024-00317,2024-02-09,1000000,New Building,New Building,Completed,LOWER SACKVILLE,District 15,0,1,Accessory Structure,44.779952914757935,-63.67275643727086
9790,BPCOM-2024-00372,2024-02-06,185000,Renovation,Renovation,Completed,UPPER TANTALLON,District 13,0,1,Commercial,44.68662754287265,-63.87602529347309
9791,BPCOM-2024-00405,2024-03-19,200000,Renovation,Renovation,Completed,DARTMOUTH,District 06,0,3,Commercial,44.70584325220681,-63.58831887296555
9792,BPCOM-2024-00410,2024-11-20,12000000,New Building,New Building,Issued,HAMMONDS PLAINS,District 14,64,3,Dwelling - Multiple Units,44.735415724356216,-63.80102555287527
9793,BPCOM-2024-00476,2024-01-24,284000,Renovation,Renovation,Completed,DARTMOUTH,District 03,0,1,Commercial,44.65583337097039,-63.54919387442752
9794,BPCOM-2024-00488,2024-05-28,10050000,Renovation,Renovation,Completed,HALIFAX,District 07,0,3,Institutional and Governmental,44.63743990160062,-63.5895438647824
9795,BPCOM-2024-00508,2024-01-19,295000,Renovation,Renovation,Completed,HALIFAX,District 07,0,14,Commercial,44.65103876327361,-63.577228829143614
9796,BPCOM-2024-00520,2024-01-26,500,New Building,New Building,Expired,UPPER TANTALLON,District 13,0,1,Accessory Structure,44.68662754287265,-63.87602529347309
9797,BPCOM-2024-00596,2024-01-25,2000,Renovation,Renovation,Completed,HALIFAX,District 12,0,1,Commercial,44.67211616467121,-63.6652719039595
9798,BPCOM-2024-00636,2024-03-07,500000,Renovation,Renovation,Completed,HALIFAX,District 07,0,19,Commercial,44.64265359570287,-63.568647165611964
9799,BPCOM-2024-00642,2024-04-12,9550000,New Building,New Building,Completed,DARTMOUTH,District 05,50,5,Mixed Use - Residential & Other Use(s),44.68770900184855,-63.580734327217186
9800,BPCOM-2024-00653,2024-04-08,2200000,New Building,New Building,Completed,EASTERN PASSAGE,District 03,12,2,Dwelling - Multiple Units,44.6128543475331,-63.47296843309094
9801,BPCOM-2024-00734,,20000,Renovation,Renovation,Cancelled,DARTMOUTH,District 03,0,2,Commercial,44.66943064382718,-63.538172976974764
9802,BPCOM-2024-00810,2024-01-30,44000,Renovation,Renovation,Completed,HALIFAX,District 07,0,21,Commercial,44.648540302187236,-63.57454400877032
9803,BPCOM-2024-00827,2024-05-15,25000000,New Building,New Building,Issued,LOWER SACKVILLE,District 15,65,6,Dwelling - Multiple Units,44.763225791418265,-63.674053721804945
9804,BPCOM-2024-00883,2024-02-23,1500000,Addition,Addition,Completed,HERRING COVE,District 11,0,1,Commercial,44.56558639164757,-63.56762818436434
9805,BPCOM-2024-00959,2024-01-31,28000,Renovation,Renovation,Expired,HALIFAX,District 07,0,1,Commercial,44.645810132004904,-63.56948508059085
9806,BPCOM-2024-01050,2024-03-01,50000,Renovation,Renovation,Expired,HALIFAX,District 08,0,1,Commercial,44.65857019936351,-63.605474271121274
9807,BPCOM-2024-01176,2024-03-07,69500,Renovation,Renovation,Completed,DARTMOUTH,District 05,2,4,Dwelling - Multiple Units,44.68246952391843,-63.581249918013526
9808,BPCOM-2024-01213,2024-04-12,200000,Renovation,Renovation,Completed,HALIFAX,District 07,0,2,Commercial,44.63410341540672,-63.57252357878091
9809,BPCOM-2024-01232,,135000,Renovation,Renovation,Withdrawn,DARTMOUTH,District 06,0,1,Commercial,44.70724841147797,-63.590287028672414
9810,BPCOM-2024-01247,2024-03-21,53500,Renovation,Renovation,Completed,HALIFAX,District 08,0,7,Commercial,44.65341855805361,-63.59102065253715
9811,BPCOM-2024-01281,2024-03-18,186000,Renovation,Renovation,Completed,HALIFAX,District 07,0,1,Commercial,44.63805328933994,-63.56906866171647
9812,BPCOM-2024-01295,2024-02-14,40000,Renovation,Renovation,Completed,DARTMOUTH,District 05,0,4,Dwelling - Multiple Units,44.66794915084882,-63.5603158303662
9813,BPCOM-2024-01300,2024-07-25,4100000,Renovation,Renovation,Completed,DARTMOUTH,District 06,0,2,Industrial,44.72378005281988,-63.57348218129636
9814,BPCOM-2024-01304,2024-03-14,84000,Renovation,Renovation,Completed,DARTMOUTH,District 06,0,1,Commercial,44.697746596364304,-63.56935715065915
9815,BPCOM-2024-01315,2024-02-21,250000,Renovation,Renovation,Completed,HALIFAX,District 11,0,1,Commercial,44.600834450705406,-63.608356775770645
9816,BPCOM-2024-01346,2024-02-23,140000,Renovation,Renovation,Completed,DARTMOUTH,District 06,0,1,Commercial,44.70724841147797,-63.590287028672414
9817,BPCOM-2024-01392,2024-03-11,60000,Renovation,Renovation,Expired,HALIFAX,District 07,0,2,Commercial,44.638335857363785,-63.5669691563593
9818,BPCOM-2024-01578,2024-03-20,165000,Renovation,Renovation,Completed,HALIFAX,District 07,0,22,Commercial,44.64930696488166,-63.573363723911974
9819,BPCOM-2024-01601,,500000,New Building,New Building,Withdrawn,DARTMOUTH,District 05,4,2,Dwelling - Multiple Units,44.6707417732102,-63.58385061174974
9820,BPCOM-2024-01662,2024-02-26,87000,Renovation,Renovation,Completed,HALIFAX,District 12,0,1,Commercial,44.6479955221811,-63.67536812078655
9821,BPCOM-2024-01674,2024-03-21,6000000,New Building,New Building,Completed,LOWER SACKVILLE,District 15,0,1,Commercial,44.765965936390714,-63.696525897079766
9822,BPCOM-2024-01740,2024-06-04,8717000,Renovation,Renovation,Completed,HALIFAX,District 09,0,1,Commercial,44.64626980116062,-63.62094261375594
9823,BPCOM-2024-01797,2025-01-20,3050000,New Building,New Building,Amendment Applicant Revisions,HALIFAX,District 08,17,5,Dwelling - Multiple Units,44.65311303336234,-63.5897874531267
9824,BPCOM-2024-01875,2024-02-26,6000,Renovation,Renovation,Expired,HALIFAX,District 08,0,7,Commercial,44.66706041215434,-63.59822667596795
9825,BPCOM-2024-01913,2024-03-01,15000,Renovation,Renovation,Completed,HALIFAX,District 07,0,16,Mixed Use - Residential & Other Use(s),44.641981880085865,-63.57829272056136
9826,BPCOM-2024-02042,2024-03-12,25000,Renovation,Renovation,Expired,FALL RIVER,District 01,0,2,Mixed Use - Residential & Other Use(s),44.811512493503955,-63.60841535514641
9827,BPCOM-2024-02119,2025-09-19,68000,Renovation,Renovation,Completed,DARTMOUTH,District 06,0,2,Commercial,44.71119846414307,-63.608383832308256
9828,BPCOM-2024-02180,2024-03-22,100000,Renovation,Renovation,Completed,HALIFAX,District 12,0,3,Commercial,44.65448564541602,-63.6690827813914
9829,BPCOM-2024-02203,2024-03-06,40000,Renovation,Renovation,Completed,LOWER SACKVILLE,District 15,0,1,Commercial,44.76277890147103,-63.67523085539913
9830,BPCOM-2024-02266,2024-03-12,10000,Renovation,Renovation,Completed,DARTMOUTH,District 06,0,1,Commercial,44.70902721957821,-63.61305893245625
9831,BPCOM-2024-02399,2024-03-13,476534,Renovation,Renovation,Expired,HALIFAX,District 07,0,1,Commercial,44.64562207600766,-63.57559393871801
9832,BPCOM-2024-02441,2024-03-18,322000,Renovation,Renovation,Completed,DARTMOUTH,District 06,0,1,Commercial,44.70378088079096,-63.56340645026261
9833,BPCOM-2024-02526,2024-03-19,10000,New Building,New Building,Completed,HAMMONDS PLAINS,District 14,0,1,Accessory Structure,44.73400041558435,-63.77412050180927
9834,BPCOM-2024-02582,2024-08-02,60000,New Building,New Building,Amendment Applicant Revisions,UPPER SACKVILLE,District 14,1,2,Mixed Use - Residential & Other Use(s),44.83178152558272,-63.78386775264511
9835,BPCOM-2024-02704,2024-03-21,75000,Renovation,Renovation,Completed,HALIFAX,District 09,0,2,Commercial,44.65345990128175,-63.60831270687874
9836,BPCOM-2024-02730,2024-03-19,92000,Renovation,Renovation,Completed,DARTMOUTH,District 06,0,1,Commercial,44.71400426734713,-63.59438278126981
9837,BPCOM-2024-02801,2024-04-16,385000,Renovation,Renovation,Completed,DARTMOUTH,District 03,0,1,Commercial,44.67055047144088,-63.5317921906144
9838,BPCOM-2024-02888,2024-04-04,216100,Renovation,Renovation,Completed,DARTMOUTH,District 03,0,2,Commercial,44.64928510721457,-63.54412440635905
9839,BPCOM-2024-02937,2024-05-16,25000000,New Building,New Building,Issued,DARTMOUTH,District 06,74,7,Dwelling - Multiple Units,44.71510470600375,-63.541119628463676
9840,BPCOM-2024-02968,2024-04-24,39000,Renovation,Renovation,Expired,HALIFAX,District 08,0,8,Mixed Use - Residential & Other Use(s),44.66789019015469,-63.60048163398473
9841,BPCOM-2024-03004,2024-04-22,90000,Renovation,Renovation,Completed,DARTMOUTH,District 06,0,1,Commercial,44.70564999463611,-63.56229417558312
9842,BPCOM-2024-03077,,12000,New Building,New Building,Withdrawn,CHASWOOD,District 01,0,1,Commercial,45.039996006119694,-63.21642196729654
9843,BPCOM-2024-03150,2024-05-02,15000,Renovation,Renovation,Completed,DARTMOUTH,District 06,0,1,Commercial,44.68292375486299,-63.53609107795681
9844,BPCOM-2024-03163,2024-05-03,100000,Renovation,Renovation,Expired,LAWRENCETOWN,District 02,0,2,Accessory Structure,44.65327350458375,-63.36751599256633
9845,BPCOM-2024-03268,2024-03-26,100000,Renovation,Renovation,Completed,DARTMOUTH,District 06,0,1,Commercial,44.705593521744525,-63.562321588526004
9846,BPCOM-2024-03378,2024-04-15,70000,Renovation,Renovation,Completed,HALIFAX,District 07,0,1,Commercial,44.641794489935286,-63.58061264309899
9847,BPCOM-2024-03473,2024-04-23,290000,Renovation,Renovation,Completed,HALIFAX,District 08,0,4,Mixed Use - Residential & Other Use(s),44.6534938730329,-63.59111445306517
9848,BPCOM-2024-03562,,30000,Renovation,Renovation,Withdrawn,DARTMOUTH,District 05,0,2,Mixed Use - Residential & Other Use(s),44.66644510410241,-63.566860322845336
9849,BPCOM-2024-03606,2024-05-27,200000,Renovation,Renovation,Completed,LOWER SACKVILLE,District 15,0,1,Commercial,44.77008858519408,-63.69262572814625
9850,BPCOM-2024-03641,2024-05-06,250000,Renovation,Renovation,Completed,HALIFAX,District 08,0,1,Commercial,44.65555266015443,-63.59670789562966
9851,BPCOM-2024-03665,,45000,Renovation,Renovation,Withdrawn,LOWER SACKVILLE,District 15,0,1,Commercial,44.77180517627832,-63.69509574671013
9852,BPCOM-2024-03680,2024-04-26,3141750,Renovation,Renovation,Completed,DARTMOUTH,District 06,0,2,Commercial,44.72104662329504,-63.56298890223035
9853,BPCOM-2024-03689,2024-04-22,65000,Renovation,Renovation,Expired,HALIFAX,District 16,0,1,Commercial,44.69921910862462,-63.68600457031822
9854,BPCOM-2024-03779,2024-04-19,175000,Renovation,Renovation,Cancelled,HALIFAX,District 10,0,7,Commercial,44.657997551905126,-63.63410945459949
9855,BPCOM-2024-03793,2024-08-08,80000,Renovation,Renovation,Completed,HALIFAX,District 07,0,10,Commercial,44.642215917025844,-63.575613423556156
9856,BPCOM-2024-03865,2024-07-22,20000000,New Building,New Building,Completed,DARTMOUTH,District 06,104,7,Dwelling - Multiple Units,44.67337778996611,-63.54250921062175
9857,BPCOM-2024-04006,2024-05-03,66515,Renovation,Renovation,Expired,BEDFORD,District 16,0,2,Commercial,44.73312015086539,-63.65425873877637
9858,BPCOM-2024-04255,2024-04-25,150000,Renovation,Renovation,Completed,FALL RIVER,District 01,0,2,Commercial,44.81818436534411,-63.61264550329114
9859,BPCOM-2024-04271,,2900000,New Building,New Building,Applicant Revisions,BEAVER BANK,District 15,0,2,Commercial,44.79296934326491,-63.691460725101635
9860,BPCOM-2024-04308,2024-05-16,320000,Renovation,Renovation,Completed,HALIFAX,District 07,0,3,Institutional and Governmental,44.63513581349808,-63.59621850342735
9861,BPCOM-2024-04323,2024-05-01,35000,New Building,New Building,Expired,HALIFAX,District 12,0,1,Accessory Structure,44.654872761644945,-63.680059402227485
9862,BPCOM-2024-04431,2024-05-14,2908647,Renovation,Renovation,Completed,HALIFAX,District 07,0,3,Institutional and Governmental,44.63792553329477,-63.58522033928051
9863,BPCOM-2024-04450,2024-05-10,250000,Renovation,Renovation,Completed,HALIFAX,District 09,0,3,Commercial,44.6554410728958,-63.62735803598994
9864,BPCOM-2024-04478,2024-04-26,271446.78,Renovation,Renovation,Expired,BEECHVILLE,District 12,0,5,Commercial,44.63721500697424,-63.67069698229031
9865,BPCOM-2024-04583,2024-08-08,9901.5,Renovation,Renovation,Issued,HALIFAX,District 07,0,3,Dwelling - Multiple Units,44.63649538774705,-63.58588690148346
9866,BPCOM-2024-04663,2024-05-21,80000,Renovation,Renovation,Completed,HALIFAX,District 10,0,9,Commercial,44.658310765892125,-63.63321802262716
9867,BPCOM-2024-04694,2024-05-30,566800,Addition,Addition,Completed,DARTMOUTH,District 06,0,1,Commercial,44.688678871918505,-63.597484726044556
9868,BPCOM-2024-04701,2024-05-06,25000,Renovation,Renovation,Completed,PORTERS LAKE,District 02,0,1,Commercial,44.7427789750993,-63.27980364660476
9869,BPCOM-2024-04738,2024-05-08,416835,Renovation,Renovation,Completed,HALIFAX,District 12,0,1,Commercial,44.65019530737543,-63.672162336171034
9870,BPCOM-2024-04878,2024-08-14,1250000,New Building,New Building,Completed,UPPER TANTALLON,District 13,0,2,Commercial,44.69389289534727,-63.888927627425986
9871,BPCOM-2024-04904,2024-04-26,68000,Renovation,Renovation,Completed,HALIFAX,District 07,0,7,Commercial,44.64340647269803,-63.57650149878513
9872,BPCOM-2024-04972,2024-10-21,37416689,New Building,New Building,Issued,HALIFAX,District 10,155,12,Dwelling - Multiple Units,44.692111973675594,-63.68567075917872
9873,BPCOM-2024-04972,2024-10-21,37416689,New Building,New Building,Issued,HALIFAX,District 10,155,12,Dwelling - Multiple Units,44.692111973675594,-63.68567075917872
9874,BPCOM-2024-05067,2025-08-29,50000,Renovation,Renovation,Issued,NORTH PRESTON,District 04,0,1,Accessory Structure,44.74385438371537,-63.464935526442424
9875,BPCOM-2024-05129,2024-05-28,2600000,New Building,New Building,Amendment Applicant Revisions,HEAD OF JEDDORE,District 02,0,1,Commercial,44.77739973002599,-63.089623996400015
9876,BPCOM-2024-05141,2024-10-03,28880695,New Building,New Building,Issued,HAMMONDS PLAINS,District 14,159,4,Dwelling - Multiple Units,44.725479062662366,-63.75125074711531
9877,BPCOM-2024-05169,,500000,Renovation,Renovation,Application Incomplete,HALIFAX,District 07,40,6,Dwelling - Multiple Units,44.63737533378964,-63.57146940735664
9878,BPCOM-2024-05210,2024-05-15,53,Renovation,Renovation,Completed,DARTMOUTH,District 06,0,1,Commercial,44.705593521744525,-63.562321588526004
9879,BPCOM-2024-05239,2024-05-30,352000,Renovation,Renovation,Completed,HALIFAX,District 07,0,2,Commercial,44.645415264407944,-63.57450548589749
9880,BPCOM-2024-05297,2024-07-24,75000,Addition,Addition,Amendment Review,DARTMOUTH,District 03,0,1,Commercial,44.65611781235508,-63.54165662006115
9881,BPCOM-2024-05378,2024-08-20,799990,Renovation,Renovation,Issued,LOWER SACKVILLE,District 15,0,1,Mixed Use - Residential & Other Use(s),44.77718269076544,-63.66963589333063
9882,BPCOM-2024-05433,2024-05-13,100000,Renovation,Renovation,Completed,DARTMOUTH,District 06,0,2,Commercial,44.70928034515559,-63.5917747102608
9883,BPCOM-2024-05467,2024-05-17,200000,Renovation,Renovation,Completed,HALIFAX,District 12,0,4,Commercial,44.65513999799687,-63.66995983206623
9884,BPCOM-2024-05500,2024-05-17,200000,Renovation,Renovation,Completed,HALIFAX,District 07,0,3,Institutional and Governmental,44.63513581349808,-63.59621850342735
9885,BPCOM-2024-05530,2024-05-15,180000,New Building,New Building,Expired,HAMMONDS PLAINS,District 14,0,1,Accessory Structure,44.73476093639225,-63.77938111767043
9886,BPCOM-2024-05671,2024-07-08,75000,Renovation,Renovation,Issued,HALIFAX,District 08,0,1,Commercial,44.659157223313315,-63.60447037414356
9887,BPCOM-2024-05708,2024-08-15,4250000,New Building,New Building,Completed,BEDFORD,District 16,0,1,Industrial,44.73267021646054,-63.63225305658862
9888,BPCOM-2024-05807,2025-01-29,150000,Renovation,Renovation,Completed,HALIFAX,District 07,1,10,Mixed Use - Residential & Other Use(s),44.641429376890095,-63.5804242796292
9889,BPCOM-2024-05852,2025-06-18,20000000,Addition,Addition,Issued,BEAVER BANK,District 15,64,4,Dwelling - Multiple Units,44.7998763024931,-63.689527197909484
9890,BPCOM-2024-05865,2024-06-05,2908245,Renovation,Renovation,Expired,DARTMOUTH,District 05,0,4,Dwelling - Multiple Units,44.66794915084882,-63.5603158303662
9891,BPCOM-2024-05889,2024-06-07,,Renovation,Renovation,Expired,DARTMOUTH,District 05,0,1,Commercial,44.67117532838168,-63.578860479826545
9892,BPCOM-2024-05924,2024-05-24,1500000,Renovation,Renovation,Completed,HALIFAX,District 07,0,18,Commercial,44.65178326639569,-63.57414191035051
9893,BPCOM-2024-06032,2024-05-31,59000,Renovation,Renovation,Completed,DARTMOUTH,District 06,0,1,Commercial,44.712444233864325,-63.59957159698863
9894,BPCOM-2024-06047,2024-06-12,1022000,Renovation,Renovation,Expired,HALIFAX,District 10,0,4,Dwelling - Multiple Units,44.66223228843296,-63.631851279984964
9895,BPCOM-2024-06194,2025-02-05,150000,Addition,Addition,Issued,HALIFAX,District 08,0,2,Commercial,44.65446491846229,-63.59249896717217
9896,BPCOM-2024-06207,2024-08-29,100000,New Building,New Building,Completed,,District 05,0,1,Accessory Structure,44.67666460288692,-63.59557980196551
9897,BPCOM-2024-06233,,43800000,New Building,New Building,Applicant Revisions,HALIFAX,District 07,438,30,Mixed Use - Residential & Other Use(s),44.64052863483248,-63.585674355809445
9898,BPCOM-2024-06233,,43800000,New Building,New Building,Applicant Revisions,HALIFAX,District 07,438,30,Mixed Use - Residential & Other Use(s),44.64052863483248,-63.585674355809445
9899,BPCOM-2024-06233,,43800000,New Building,New Building,Applicant Revisions,HALIFAX,District 07,438,30,Mixed Use - Residential & Other Use(s),44.64052863483248,-63.585674355809445
9900,BPCOM-2024-06233,,43800000,New Building,New Building,Applicant Revisions,HALIFAX,District 07,438,30,Mixed Use - Residential & Other Use(s),44.64052863483248,-63.585674355809445
9901,BPCOM-2024-06233,,43800000,New Building,New Building,Applicant Revisions,HALIFAX,District 07,438,30,Mixed Use - Residential & Other Use(s),44.64052863483248,-63.585674355809445
9902,BPCOM-2024-06233,,43800000,New Building,New Building,Applicant Revisions,HALIFAX,District 07,438,30,Mixed Use - Residential & Other Use(s),44.64052863483248,-63.585674355809445
9903,BPCOM-2024-06233,,43800000,New Building,New Building,Applicant Revisions,HALIFAX,District 07,438,30,Mixed Use - Residential & Other Use(s),44.64052863483248,-63.585674355809445
9904,BPCOM-2024-06233,,43800000,New Building,New Building,Applicant Revisions,HALIFAX,District 07,438,30,Mixed Use - Residential & Other Use(s),44.64052863483248,-63.585674355809445
9905,BPCOM-2024-06233,,43800000,New Building,New Building,Applicant Revisions,HALIFAX,District 07,438,30,Mixed Use - Residential & Other Use(s),44.64052863483248,-63.585674355809445
9906,BPCOM-2024-06233,,43800000,New Building,New Building,Applicant Revisions,HALIFAX,District 07,438,30,Mixed Use - Residential & Other Use(s),44.64052863483248,-63.585674355809445
9907,BPCOM-2024-06233,,43800000,New Building,New Building,Applicant Revisions,HALIFAX,District 07,438,30,Mixed Use - Residential & Other Use(s),44.64052863483248,-63.585674355809445
9908,BPCOM-2024-06233,,43800000,New Building,New Building,Applicant Revisions,HALIFAX,District 07,438,30,Mixed Use - Residential & Other Use(s),44.64052863483248,-63.585674355809445
9909,BPCOM-2024-06233,,43800000,New Building,New Building,Applicant Revisions,HALIFAX,District 07,438,30,Mixed Use - Residential & Other Use(s),44.64052863483248,-63.585674355809445
9910,BPCOM-2024-06233,,43800000,New Building,New Building,Applicant Revisions,HALIFAX,District 07,438,30,Mixed Use - Residential & Other Use(s),44.64052863483248,-63.585674355809445
9911,BPCOM-2024-06233,,43800000,New Building,New Building,Applicant Revisions,HALIFAX,District 07,438,30,Mixed Use - Residential & Other Use(s),44.64052863483248,-63.585674355809445
9912,BPCOM-2024-06233,,43800000,New Building,New Building,Applicant Revisions,HALIFAX,District 07,438,30,Mixed Use - Residential & Other Use(s),44.64052863483248,-63.585674355809445
9913,BPCOM-2024-06233,,43800000,New Building,New Building,Applicant Revisions,HALIFAX,District 07,438,30,Mixed Use - Residential & Other Use(s),44.64052863483248,-63.585674355809445
9914,BPCOM-2024-06233,,43800000,New Building,New Building,Applicant Revisions,HALIFAX,District 07,438,30,Mixed Use - Residential & Other Use(s),44.64052863483248,-63.585674355809445
9915,BPCOM-2024-06356,2024-11-01,50000,New Building,New Building,Issued,DARTMOUTH,District 03,0,1,Accessory Structure,44.66010361809962,-63.54367281240269
9916,BPCOM-2024-06472,2024-06-07,250000,Renovation,Renovation,Expired,DARTMOUTH,District 05,0,3,Commercial,44.68656042112191,-63.55952448193897
9917,BPCOM-2024-06490,2025-06-09,19900000,New Building,New Building,Issued,DARTMOUTH,District 05,81,8,Dwelling - Multiple Units,44.677143070444096,-63.590989739808336
9918,BPCOM-2024-06544,2024-06-13,245000,Renovation,Renovation,Completed,DARTMOUTH,District 05,0,2,Commercial,44.6666028904156,-63.56720140457107
9919,BPCOM-2024-06558,,26000,Renovation,Renovation,Withdrawn,HALIFAX,District 10,0,2,Commercial,44.67546015308772,-63.64849634876254
9920,BPCOM-2024-06558,,26000,Renovation,Renovation,Withdrawn,HALIFAX,District 10,0,2,Commercial,44.67546015308772,-63.64849634876254
9921,BPCOM-2024-06579,2024-06-04,734750,Renovation,Renovation,Completed,HALIFAX,District 09,0,9,Commercial,44.64386901012016,-63.623099234855225
9922,BPCOM-2024-06644,2024-11-15,300000,New Building,New Building,Issued,GRAND DESERT,District 02,0,1,Agriculture,44.69357586164646,-63.258732148341636
9923,BPCOM-2024-06730,2024-09-23,1912000,Renovation,Renovation,Completed,DARTMOUTH,District 06,0,1,Commercial,44.704024515475645,-63.567995968191646
9924,BPCOM-2024-06741,2025-03-04,350000,New Building,New Building,Issued,HAMMONDS PLAINS,Unidentified,1,1,Mixed Use - Residential & Other Use(s),44.72530224921251,-63.74092918383541
9925,BPCOM-2024-06741,2025-03-04,350000,New Building,New Building,Issued,HAMMONDS PLAINS,District 14,1,1,Mixed Use - Residential & Other Use(s),44.72530224921251,-63.74092918383541
9926,BPCOM-2024-06741,2025-03-04,350000,New Building,New Building,Issued,HAMMONDS PLAINS,District 14,1,1,Mixed Use - Residential & Other Use(s),44.72530224921251,-63.74092918383541
9927,BPCOM-2024-06791,2024-07-04,300000,Renovation,Renovation,Expired,DARTMOUTH,District 06,0,2,Commercial,44.719759990585786,-63.58732142751487
9928,BPCOM-2024-06799,2024-08-09,1365000,Renovation,Renovation,Completed,DARTMOUTH,District 06,0,1,Commercial,44.72378005281988,-63.57348218129636
9929,BPCOM-2024-06831,,9900,Renovation,Renovation,Withdrawn,THREE FATHOM HARBOUR,District 02,0,1,Accessory Structure,44.64890088799748,-63.30516004105329
9930,BPCOM-2024-06903,,300000,Renovation,Renovation,Withdrawn,HALIFAX,District 07,0,2,Mixed Use - Residential & Other Use(s),44.64033883803291,-63.58506693039628
9931,BPCOM-2024-06904,2025-02-26,600000,Renovation,Renovation,Issued,HALIFAX,District 07,5,3,Mixed Use - Residential & Other Use(s),44.64040938494057,-63.58513201544478
9932,BPCOM-2024-06908,,900000,Renovation,Renovation,Withdrawn,HALIFAX,District 07,-3,2,Mixed Use - Residential & Other Use(s),44.64063824791552,-63.585238230339826
9933,BPCOM-2024-07079,2025-01-30,325000,Renovation,Renovation,Issued,DARTMOUTH,District 06,0,1,Industrial,44.71694617856892,-63.600522911236006
9934,BPCOM-2024-07108,,100000,Renovation,Renovation,Withdrawn,HALIFAX,District 12,0,1,Commercial,44.663810403503355,-63.655948015769496
9935,BPCOM-2024-07206,2024-06-20,1062142,Renovation,Renovation,Completed,MIDDLE MUSQUODOBOIT,District 01,0,2,Commercial,45.04677914360852,-63.14374651455744
9936,BPCOM-2024-07216,2024-07-10,5708000,Renovation,Renovation,Amendment Applicant Revisions,HALIFAX,District 07,0,5,Institutional and Governmental,44.642521065100595,-63.57365704546408
9937,BPCOM-2024-07288,2025-10-07,27734775,New Building,New Building,Issued,HALIFAX,District 09,168,8,Dwelling - Multiple Units,44.65550082372012,-63.62955627816894
9938,BPCOM-2024-07311,2024-10-31,175000,Renovation,Renovation,Completed,HALIFAX,District 11,0,1,Commercial,44.621231133808955,-63.61802874259596
9939,BPCOM-2024-07339,2024-06-12,275000,New Building,New Building,Amendment Review,PORTERS LAKE,District 02,1,1,Mixed Use - Residential & Other Use(s),44.73944271878181,-63.33704387821443
9940,BPCOM-2024-07353,2024-07-09,5900000,New Building,New Building,Issued,HAMMONDS PLAINS,District 14,29,3,Dwelling - Multiple Units,44.72584964463061,-63.74186992341029
9941,BPCOM-2024-07361,2024-06-17,742228,Renovation,Renovation,Completed,DARTMOUTH,District 06,0,1,Commercial,44.69962541211675,-63.60680609994102
9942,BPCOM-2024-07371,2024-07-02,800000,Renovation,Renovation,Completed,DARTMOUTH,District 06,0,1,Commercial,44.69982121550399,-63.56937821588166
9943,BPCOM-2024-07405,2024-09-25,94300000,New Building,New Building,Amendment Review,DARTMOUTH,District 05,348,33,Mixed Use - Residential & Other Use(s),44.66820579963576,-63.57754855675269
9944,BPCOM-2024-07405,2024-09-25,94300000,New Building,New Building,Amendment Review,DARTMOUTH,District 05,348,33,Mixed Use - Residential & Other Use(s),44.66820579963576,-63.57754855675269
9945,BPCOM-2024-07405,2024-09-25,94300000,New Building,New Building,Amendment Review,DARTMOUTH,District 05,348,33,Mixed Use - Residential & Other Use(s),44.66820579963576,-63.57754855675269
9946,BPCOM-2024-07417,2024-12-04,192717,Renovation,Renovation,Issued,HALIFAX,District 08,0,7,Mixed Use - Residential & Other Use(s),44.65707654523363,-63.5961004418258
9947,BPCOM-2024-07514,2024-07-09,151500,Renovation,Renovation,Completed,LOWER SACKVILLE,District 15,0,1,Commercial,44.753215287896325,-63.664622752044444
9948,BPCOM-2024-07543,,1500,New Building,New Building,Applicant Revisions,MIDDLE SACKVILLE,District 14,0,1,Accessory Structure,44.80035316995119,-63.735806715530124
9949,BPCOM-2024-07647,2026-05-06,750000,New Building,New Building,Issued,HALIFAX,District 11,204,12,Dwelling - Multiple Units,44.622441735851396,-63.624127919588844
9950,BPCOM-2024-07676,2024-06-18,150000,Renovation,Renovation,Expired,HALIFAX,District 09,0,3,Accessory Structure,44.649368575944415,-63.61874247106554
9951,BPCOM-2024-07710,2024-07-19,80000,Renovation,Renovation,Issued,DARTMOUTH,District 06,0,2,Commercial,44.71296702742929,-63.557745209257014
9952,BPCOM-2024-07734,2024-08-06,20250000,New Building,New Building,Issued,DARTMOUTH,District 06,81,6,Mixed Use - Residential & Other Use(s),44.67257530592937,-63.524789509173914
9953,BPCOM-2024-07771,2024-07-04,50000,Renovation,Renovation,Expired,HALIFAX,District 12,0,1,Commercial,44.65201581295409,-63.675504048302706
9954,BPCOM-2024-07860,2024-06-21,205000,Renovation,Renovation,Completed,ENFIELD,District 01,0,1,Commercial,44.92752992565112,-63.53716577501249
9955,BPCOM-2024-07898,,7500,Renovation,Renovation,Applicant Revisions,LAKE CHARLOTTE,District 02,0,2,Commercial,44.76723952291722,-62.95055334655914
9956,BPCOM-2024-07899,2024-06-26,253000,Renovation,Renovation,Issued,DARTMOUTH,District 05,0,7,Mixed Use - Residential & Other Use(s),44.6857782972825,-63.56302399706346
9957,BPCOM-2024-08119,2024-07-05,78722.63,Renovation,Renovation,Completed,HALIFAX,District 07,0,12,Mixed Use - Residential & Other Use(s),44.64142673234324,-63.574083605820796
9958,BPCOM-2024-08133,2025-01-29,52000000,New Building,New Building,Issued,UPPER TANTALLON,District 13,0,3,Institutional and Governmental,44.714324105241005,-63.880802097255994
9959,BPCOM-2024-08251,,150,New Building,New Building,Withdrawn,TIMBERLEA,District 12,0,1,Accessory Structure,44.64608432138486,-63.71394398136235
9960,BPCOM-2024-08275,,150,New Building,New Building,Withdrawn,BEECHVILLE,District 12,0,1,Accessory Structure,44.636238021415146,-63.66876978837181
9961,BPCOM-2024-08379,2024-07-02,34719,Renovation,Renovation,Completed,HALIFAX,District 08,0,2,Commercial,44.6545988112924,-63.592245968821764
9962,BPCOM-2024-08491,2024-07-24,10000,Renovation,Renovation,Issued,HARRIETSFIELD,District 11,0,1,Commercial,44.570372254135656,-63.63470128024951
9963,BPCOM-2024-08561,2024-07-24,98000,Renovation,Renovation,Issued,HALIFAX,District 09,0,2,Commercial,44.65755165372624,-63.627378066618384
9964,BPCOM-2024-08569,2024-08-28,200000,Renovation,Renovation,Issued,DARTMOUTH,District 05,1,2,Mixed Use - Residential & Other Use(s),44.6658126835592,-63.566240017983525
9965,BPCOM-2024-08645,2024-08-07,450000,Renovation,Renovation,Issued,,District 06,0,1,Commercial,,
9966,BPCOM-2024-08655,2024-07-05,18000,Renovation,Renovation,Completed,DARTMOUTH,District 05,0,2,Commercial,44.68656042112191,-63.55952448193897
9967,BPCOM-2024-08663,2025-02-13,3800000,New Building,New Building,Issued,DARTMOUTH,District 03,0,1,Commercial,44.65014242874081,-63.54182580870907
9968,BPCOM-2024-08706,2024-11-05,2091600,Addition,Addition,Amendment Applicant Revisions,HALIFAX,District 08,12,3,Mixed Use - Residential & Other Use(s),44.65412452485966,-63.586713215805844
9969,BPCOM-2024-08715,,421000,Renovation,Renovation,Applicant Revisions,DARTMOUTH,District 05,0,3,Dwelling - Multiple Units,44.67554885701271,-63.565842542791536
9970,BPCOM-2024-08745,2024-07-17,63000,Renovation,Renovation,Completed,EASTERN PASSAGE,District 03,0,2,Commercial,44.616599683791826,-63.50081991677564
9971,BPCOM-2024-08750,2024-09-19,9800000,Addition,Addition,Issued,BEDFORD,District 16,0,1,Commercial,44.719018560897915,-63.71362749570238
9972,BPCOM-2024-08826,2024-09-09,129000,Renovation,Renovation,Completed,HALIFAX,District 10,0,3,Commercial,44.68414640953545,-63.6603438814489
9973,BPCOM-2024-08986,2024-12-19,30000,Renovation,Renovation,Completed,HAMMONDS PLAINS,District 14,0,2,Commercial,44.724060584717854,-63.7373503177884
9974,BPCOM-2024-09039,2024-08-14,33000,Renovation,Renovation,Completed,DARTMOUTH,District 06,0,2,Commercial,44.69490877907073,-63.54791935755615
9975,BPCOM-2024-09111,2024-08-21,400000,Renovation,Renovation,Issued,HALIFAX,District 09,0,3,Dwelling - Multiple Units,44.651195780007065,-63.60003813237776
9976,BPCOM-2024-09130,2024-07-18,18000,Renovation,Renovation,Completed,DARTMOUTH,District 06,0,1,Commercial,44.6715635808207,-63.5407208373379
9977,BPCOM-2024-09197,2024-11-12,81000000,New Building,New Building,Issued,BEDFORD,District 16,210,13,Dwelling - Multiple Units,44.71381116293457,-63.70736232318224
9978,BPCOM-2024-09199,2026-04-30,2000000,New Building,New Building,Issued,BEDFORD,District 16,0,2,Commercial,44.74662197925951,-63.635122135845265
9979,BPCOM-2024-09224,2024-07-17,327060,Renovation,Renovation,Issued,HALIFAX,District 09,0,2,Commercial,44.64442181557708,-63.62301022716679
9980,BPCOM-2024-09282,2024-08-08,90000,Renovation,Renovation,Completed,HALIFAX,District 07,0,16,Mixed Use - Residential & Other Use(s),44.6417770807009,-63.57846976033838
9981,BPCOM-2024-09299,2024-11-19,5000000,Renovation,Renovation,Issued,HALIFAX,District 08,0,8,Dwelling - Multiple Units,44.667410729637155,-63.59939598994778
9982,BPCOM-2024-09304,2024-08-19,570000,New Building,New Building,Completed,GOFFS,District 01,0,1,Commercial,44.87357637646658,-63.53834614795793
9983,BPCOM-2024-09456,2024-07-29,73800,Renovation,Renovation,Completed,DARTMOUTH,District 06,0,2,Commercial,44.703953621694104,-63.563399879033604
9984,BPCOM-2024-09483,2024-07-22,110000,Renovation,Renovation,Completed,HALIFAX,District 12,0,1,Commercial,44.663810403503355,-63.655948015769496
9985,BPCOM-2024-09518,,,New Building,New Building,Application Incomplete,,District 01,0,,Commercial,44.962689368160156,-63.36304759664789
9986,BPCOM-2024-09520,,,New Building,New Building,Application Incomplete,,District 01,0,,Commercial,44.962689368160156,-63.36304759664789
9987,BPCOM-2024-09542,2024-10-09,1100000,Addition,Addition,Issued,HALIFAX,District 09,0,2,Mixed Use - Residential & Other Use(s),44.6466342707494,-63.592168479743734
9988,BPCOM-2024-09662,2024-10-08,3200000,Renovation,Renovation,Issued,HALIFAX,District 12,0,1,Commercial,44.6549949654778,-63.67516174537868
9989,BPCOM-2024-09683,2024-08-13,750000,Renovation,Renovation,Completed,DARTMOUTH,District 06,0,1,Commercial,44.706650828355635,-63.561729033334665
9990,BPCOM-2024-09717,,6500000,Renovation,Renovation,Cancelled,LOWER SACKVILLE,District 15,45,1,Mixed Use - Residential & Other Use(s),44.77840904376099,-63.6710202412872
9991,BPCOM-2024-09813,2024-08-13,250000,Renovation,Renovation,Issued,COLE HARBOUR,District 04,0,1,Commercial,44.67295910645267,-63.49260182464277
9992,BPCOM-2024-09877,2024-08-07,5000,Renovation,Renovation,Completed,HALIFAX,District 07,0,2,Commercial,44.64167038385711,-63.57636513218491
9993,BPCOM-2024-09935,2024-08-07,195000,Renovation,Renovation,Issued,HALIFAX,District 08,0,1,Commercial,44.659157223313315,-63.60447037414356
9994,BPCOM-2024-09944,2024-09-25,5463923,New Building,New Building,Issued,GOFFS,District 01,0,2,Industrial,44.87321981948076,-63.53193739649122
9995,BPCOM-2024-10039,2024-10-01,250000,Renovation,Renovation,Completed,DARTMOUTH,District 06,4,2,Mixed Use - Residential & Other Use(s),44.672340433344864,-63.53168318062157
9996,BPCOM-2024-10039,2024-10-01,250000,Renovation,Renovation,Completed,DARTMOUTH,District 06,4,2,Mixed Use - Residential & Other Use(s),44.672340433344864,-63.53168318062157
9997,BPCOM-2024-10213,2024-11-29,56000,Renovation,Renovation,Completed,HATCHET LAKE,District 13,0,1,Commercial,44.56072938619353,-63.73162099113431
9998,BPCOM-2024-10231,2024-08-19,56000,Renovation,Renovation,Issued,HALIFAX,District 16,0,2,Commercial,44.69653984832615,-63.68300881487791
9999,BPCOM-2024-10251,2025-01-23,600000,New Building,New Building,Issued,DARTMOUTH,District 06,0,2,Commercial,44.69643031933263,-63.594307756795004
10000,BPCOM-2024-10342,2024-11-01,300000,Addition,Addition,Issued,HALIFAX,District 07,3,4,Mixed Use - Residential & Other Use(s),44.640882499380275,-63.59773149639169
10001,BPCOM-2024-10462,2024-08-13,85000,Renovation,Renovation,Completed,HALIFAX,District 07,0,11,Dwelling - Multiple Units,44.641981880085865,-63.57829272056136
10002,BPCOM-2024-10478,2025-04-09,550000,Renovation,Renovation,Issued,,District 06,0,1,Commercial,,
10003,BPCOM-2024-10536,2024-10-08,67000,New Building,New Building,Completed,UPPER TANTALLON,District 13,0,1,Accessory Structure,44.68989565138436,-63.883486604965874
10004,BPCOM-2024-10537,2024-08-20,600000,Renovation,Renovation,Completed,DARTMOUTH,District 06,0,1,Commercial,44.699815281839726,-63.56560962499634
10005,BPCOM-2024-10610,2024-08-14,250000,Renovation,Renovation,Completed,DARTMOUTH,District 05,0,18,Commercial,44.66548509985846,-63.56902048157545
10006,BPCOM-2024-10644,2024-11-01,30000,New Building,New Building,Completed,WEST CHEZZETCOOK,District 02,0,1,Commercial,44.71101015230954,-63.26160369897112
10007,BPCOM-2024-10728,2024-12-16,23200000,New Building,New Building,Issued,BEDFORD,District 16,145,15,Dwelling - Multiple Units,44.71132871980903,-63.71553051312306
10008,BPCOM-2024-10778,2024-12-13,1383750,Addition,Addition,Completed,DARTMOUTH,District 06,0,1,Commercial,44.69616742095974,-63.57193871665344
10009,BPCOM-2024-10802,2024-09-26,525000,Renovation,Renovation,Completed,HALIFAX,District 09,0,22,Commercial,44.65008977298615,-63.623957377525464
10010,BPCOM-2024-10834,2024-11-20,100000,Renovation,Renovation,Issued,HALIFAX,District 10,0,7,Mixed Use - Residential & Other Use(s),44.67318474853443,-63.661011025679734
10011,BPCOM-2024-10871,2024-10-22,2000,Renovation,Renovation,Completed,HALIFAX,District 09,0,1,Commercial,44.6438877242712,-63.60198360811453
10012,BPCOM-2024-10919,2024-11-12,2000000,New Building,New Building,Issued,DARTMOUTH,District 06,0,1,Accessory Structure,44.697594628017875,-63.60619000279518
10013,BPCOM-2024-11194,2024-08-28,10000,Renovation,Renovation,Issued,HALIFAX,District 11,0,3,Mixed Use - Residential & Other Use(s),44.61254826866968,-63.624379275281534
10014,BPCOM-2024-11271,2024-11-12,2036000,New Building,New Building,Issued,HALIFAX,District 12,0,1,Accessory Structure,44.65838586672393,-63.66207824108128
10015,BPCOM-2024-11277,2024-10-22,2500000,Renovation,Renovation,Issued,HALIFAX,District 08,0,5,Mixed Use - Residential & Other Use(s),44.65106966146526,-63.582292946578065
10016,BPCOM-2024-11306,2025-07-15,12000000,New Building,New Building,Amendment Applicant Revisions,HALIFAX,District 10,122,7,Mixed Use - Residential & Other Use(s),44.659746321145526,-63.6331241252725
10017,BPCOM-2024-11306,2025-07-15,12000000,New Building,New Building,Amendment Applicant Revisions,HALIFAX,District 10,122,7,Mixed Use - Residential & Other Use(s),44.659746321145526,-63.6331241252725
10018,BPCOM-2024-11421,2024-09-23,144376,Renovation,Renovation,Completed,HALIFAX,District 08,0,2,Institutional and Governmental,44.652821030827866,-63.58656093960488
10019,BPCOM-2024-11438,2025-02-25,11463129,New Building,New Building,Issued,HALIFAX,District 07,0,3,Commercial,44.63711030165223,-63.60223111672466
10020,BPCOM-2024-11499,2024-09-06,400000,Renovation,Renovation,Issued,DARTMOUTH,District 03,0,1,Commercial,44.65486879999424,-63.52857135504909
10021,BPCOM-2024-11873,2024-08-29,66000,Renovation,Renovation,Completed,HALIFAX,District 09,0,4,Commercial,44.644905261568724,-63.61893106138063
10022,BPCOM-2024-11949,2025-02-21,3217000,Renovation,Renovation,Completed,DARTMOUTH,District 05,0,6,Institutional and Governmental,44.665018321337655,-63.56975704658656
10023,BPCOM-2024-12024,2024-09-12,250000,Renovation,Renovation,Completed,HALIFAX,District 09,0,1,Commercial,44.6460584972363,-63.59423612487545
10024,BPCOM-2024-12035,2024-11-20,105000,Addition,Addition,Issued,DARTMOUTH,District 06,0,1,Industrial,44.71694617856892,-63.600522911236006
10025,BPCOM-2024-12160,2025-03-04,4000000,Addition,Addition,Issued,DARTMOUTH,District 03,0,1,Commercial,44.65769269087108,-63.5419137103091
10026,BPCOM-2024-12190,2024-09-16,220000,Renovation,Renovation,Completed,BEDFORD,District 16,0,4,Commercial,44.7106380484647,-63.670093047046876
10027,BPCOM-2024-12244,2024-10-08,30000,New Building,New Building,Issued,CARROLLS CORNER,District 01,0,1,Industrial,45.007049246523366,-63.40081991807371
10028,BPCOM-2024-12351,2025-01-31,1500000,New Building,New Building,Completed,HALIFAX,District 08,8,3,Dwelling - Multiple Units,44.66744829863787,-63.61124029578117
10029,BPCOM-2024-12401,2024-09-24,200000,Renovation,Renovation,Issued,COLE HARBOUR,District 04,0,1,Commercial,44.67295910645267,-63.49260182464277
10030,BPCOM-2024-12423,2025-01-20,24550000,New Building,New Building,Issued,LOWER SACKVILLE,District 15,66,6,Dwelling - Multiple Units,44.76272736371547,-63.67352584916375
10031,BPCOM-2024-12505,2024-10-17,300000,Renovation,Renovation,Completed,HALIFAX,District 07,0,12,Commercial,44.648978290695496,-63.57771261182931
10032,BPCOM-2024-12635,,67000,Renovation,Renovation,Withdrawn,HALIFAX,District 10,0,7,Commercial,44.67536736061906,-63.64744449160185
10033,BPCOM-2024-12661,,,Renovation,Renovation,Cancelled,QUEENSLAND,District 13,0,2,Commercial,44.64240177763475,-64.01491032436796
10034,BPCOM-2024-12728,2024-11-12,95000,Renovation,Renovation,Completed,DARTMOUTH,District 05,0,18,Commercial,44.66548509985846,-63.56902048157545
10035,BPCOM-2024-12777,2024-09-18,150000,Renovation,Renovation,Completed,HALIFAX,District 07,0,15,Commercial,44.648977647796926,-63.57476083134049
10036,BPCOM-2024-12980,2024-09-27,224250,Renovation,Renovation,Completed,DARTMOUTH,District 05,0,3,Commercial,44.68656042112191,-63.55952448193897
10037,BPCOM-2024-13093,2024-09-27,632998,Renovation,Renovation,Completed,BEECHVILLE,District 12,0,1,Commercial,44.65223773372726,-63.681930298485085
10038,BPCOM-2024-13115,2024-10-02,78890,Renovation,Renovation,Completed,HALIFAX,District 08,0,1,Commercial,44.65923736109443,-63.607002349817456
10039,BPCOM-2024-13156,,,Renovation,Renovation,Withdrawn,QUEENSLAND,District 13,0,1,Mixed Use - Residential & Other Use(s),44.65094478251931,-63.999695240515074
10040,BPCOM-2024-13394,2024-12-09,34000,Renovation,Renovation,Completed,HATCHET LAKE,District 13,0,1,Commercial,44.56072938619353,-63.73162099113431
10041,BPCOM-2024-13568,2024-09-25,183109,Renovation,Renovation,Completed,DARTMOUTH,District 05,0,12,Dwelling - Multiple Units,44.664048195149505,-63.56685552077682
10042,BPCOM-2024-13740,2024-10-02,100000,Renovation,Renovation,Completed,HALIFAX,District 07,0,16,Commercial,44.64265359570287,-63.568647165611964
10043,BPCOM-2024-13772,2024-10-23,1430000,Renovation,Renovation,Issued,LAKE ECHO,District 02,0,2,Commercial,44.738551972447326,-63.38663249969499
10044,BPCOM-2024-13912,2025-01-29,42400000,New Building,New Building,Issued,DARTMOUTH,District 05,107,9,Dwelling - Multiple Units,44.67363164433911,-63.58471423968791
10045,BPCOM-2024-13958,2024-10-16,1200000,Renovation,Renovation,Issued,HALIFAX,District 07,0,18,Commercial,44.65178326639569,-63.57414191035051
10046,BPCOM-2024-14164,2025-01-17,750000,Addition,Addition,Issued,BEDFORD,District 16,-2,2,Mixed Use - Residential & Other Use(s),44.72854373059268,-63.664090028813305
10047,BPCOM-2024-14369,2024-10-07,2350,Renovation,Renovation,Completed,HALIFAX,District 16,0,1,Commercial,44.69989101737633,-63.68655764237187
10048,BPCOM-2024-14739,,,Renovation,Renovation,Withdrawn,HALIFAX,District 08,0,1,Mixed Use - Residential & Other Use(s),44.653357224084495,-63.58506029265254
10049,BPCOM-2024-14900,2024-10-10,250000,Renovation,Renovation,Completed,DARTMOUTH,District 06,0,2,Commercial,44.69490877907073,-63.54791935755615
10050,BPCOM-2024-14971,2024-11-12,1560000,Renovation,Renovation,Completed,DARTMOUTH,District 06,0,1,Commercial,44.72378005281988,-63.57348218129636
10051,BPCOM-2024-15036,2024-10-10,60000,Renovation,Renovation,Issued,HALIFAX,District 09,0,2,Commercial,44.65431345508159,-63.60319201328247
10052,BPCOM-2024-15139,2024-11-22,40000,Renovation,Renovation,Completed,HALIFAX,District 07,0,6,Mixed Use - Residential & Other Use(s),44.64630435376559,-63.57382821419258
10053,BPCOM-2024-15196,2025-04-11,6503479,New Building,New Building,Completed,DARTMOUTH,District 06,0,1,Commercial,44.7224369905424,-63.56145259347342
10054,BPCOM-2024-15243,2024-10-21,245000,Renovation,Renovation,Issued,DARTMOUTH,District 03,0,1,Commercial,44.657929743374766,-63.530704841162596
10055,BPCOM-2024-15257,2024-11-18,1579159,New Building,New Building,Issued,BEDFORD,District 14,0,1,Commercial,44.71291082845261,-63.718960314707
10056,BPCOM-2024-15287,2024-10-16,64850,Renovation,Renovation,Issued,HALIFAX,District 16,0,7,Dwelling - Multiple Units,44.7011324862241,-63.66343585559099
10057,BPCOM-2024-15457,2024-11-25,1566977.69,Renovation,Renovation,Completed,HALIFAX,District 07,0,5,Institutional and Governmental,44.642521065100595,-63.57365704546408
10058,BPCOM-2024-15517,2024-10-23,55000,Renovation,Renovation,Completed,DARTMOUTH,District 05,0,6,Dwelling - Multiple Units,44.68294422341335,-63.555721609567115
10059,BPCOM-2024-15572,2024-10-23,47450,Renovation,Renovation,Completed,HALIFAX,District 09,0,12,Dwelling - Multiple Units,44.63481296161696,-63.637547695146615
10060,BPCOM-2024-15645,2025-02-19,13630000,New Building,New Building,Issued,DARTMOUTH,District 05,97,12,Mixed Use - Residential & Other Use(s),44.68643786258165,-63.5636903768702
10061,BPCOM-2024-15657,2024-10-23,,Renovation,Renovation,Issued,DARTMOUTH,District 03,0,1,Commercial,44.67061036665158,-63.528891942740394
10062,BPCOM-2024-15681,2026-04-30,4795000,New Building,New Building,Issued,HALIFAX,District 11,30,4,Dwelling - Multiple Units,44.621464654440445,-63.61656974248784
10063,BPCOM-2024-15877,2024-10-30,10000,Renovation,Renovation,Issued,DARTMOUTH,District 05,0,1,Commercial,44.67117532838168,-63.578860479826545
10064,BPCOM-2024-15937,2026-01-05,18000000,New Building,New Building,Issued,HALIFAX,District 08,86,10,Mixed Use - Residential & Other Use(s),44.65569905743456,-63.59709814171158
10065,BPCOM-2024-16004,2024-11-21,4500,Renovation,Renovation,Completed,UPPER TANTALLON,District 13,0,1,Commercial,44.68922154826583,-63.87808432058284
10066,BPCOM-2024-16076,2024-11-05,410020,Renovation,Renovation,Issued,HALIFAX,District 08,0,1,Commercial,44.66169563820919,-63.61369825877543
10067,BPCOM-2024-16088,2025-05-22,51145219,New Building,New Building,Issued,HALIFAX,District 07,0,6,Commercial,44.649589441800885,-63.581092092925175
10068,BPCOM-2024-16088,2025-05-22,51145219,New Building,New Building,Issued,HALIFAX,District 07,0,6,Commercial,44.649589441800885,-63.581092092925175
10069,BPCOM-2024-16088,2025-05-22,51145219,New Building,New Building,Issued,HALIFAX,District 07,0,6,Commercial,44.649589441800885,-63.581092092925175
10070,BPCOM-2024-16088,2025-05-22,51145219,New Building,New Building,Issued,HALIFAX,District 07,0,6,Commercial,44.649589441800885,-63.581092092925175
10071,BPCOM-2024-16137,2024-10-29,7500,Renovation,Renovation,Completed,HALIFAX,District 12,0,4,Commercial,44.65513999799687,-63.66995983206623
10072,BPCOM-2024-16284,,200000,Addition,Addition,Cancelled,QUEENSLAND,District 13,0,1,Mixed Use - Residential & Other Use(s),44.637522716816456,-64.0199628242358
10073,BPCOM-2024-16385,2024-11-07,1100000,Renovation,Renovation,Completed,BEECHVILLE,District 12,0,3,Commercial,44.64014791977936,-63.67710837588923
10074,BPCOM-2024-16394,2025-05-23,364750,Renovation,Renovation,Issued,DARTMOUTH,District 05,5,3,Dwelling - Multiple Units,44.671208605908106,-63.58613723947142
10075,BPCOM-2024-16451,2024-12-20,20000000,New Building,New Building,Issued,DARTMOUTH,District 06,104,7,Dwelling - Multiple Units,44.673887701885015,-63.54162020085135
10076,BPCOM-2024-16535,2024-12-23,1400000,Renovation,Renovation,Issued,HALIFAX,District 07,0,9,Commercial,44.65080283699788,-63.57676502818709
10077,BPCOM-2024-16592,2024-11-25,74000,Renovation,Renovation,Completed,HALIFAX,District 07,0,4,Commercial,44.64759162604588,-63.5740875969497
10078,BPCOM-2024-16655,2024-11-18,325180,Renovation,Renovation,Issued,HALIFAX,District 08,0,2,Commercial,44.664929554033215,-63.6175077322182
10079,BPCOM-2024-16661,2024-12-18,100500,New Building,New Building,Issued,DARTMOUTH,District 03,0,1,Accessory Structure,44.654862796609,-63.54278563312657
10080,BPCOM-2024-16762,2026-05-29,500000,New Building,New Building,Issued,EASTERN PASSAGE,District 03,0,2,Commercial,44.61036047011631,-63.49358396701428
10081,BPCOM-2024-16804,2024-12-06,250000,Renovation,Renovation,Completed,BEDFORD,District 16,0,1,Commercial,44.71630360381329,-63.71560571913658
10082,BPCOM-2024-16870,2024-11-29,59200,Renovation,Renovation,Completed,HALIFAX,District 07,0,7,Mixed Use - Residential & Other Use(s),44.6427672567122,-63.569268130226405
10083,BPCOM-2024-16927,2025-01-17,8800000,New Building,New Building,Issued,LOWER SACKVILLE,District 15,44,5,Dwelling - Multiple Units,44.752547223163646,-63.662490626635474
10084,BPCOM-2024-16942,2024-12-10,25000,Renovation,Renovation,Issued,HALIFAX,District 09,0,2,Commercial,44.649368575944415,-63.61874247106554
10085,BPCOM-2024-16982,2025-02-24,60000,Renovation,Renovation,Issued,HALIFAX,District 12,0,1,Commercial,44.64703206305613,-63.675675512981925
10086,BPCOM-2024-17122,2025-07-07,62750000,New Building,New Building,Issued,FALL RIVER,District 01,0,5,Institutional and Governmental,44.80659860863561,-63.627212468887556
10087,BPCOM-2024-17122,2025-07-07,62750000,New Building,New Building,Issued,FALL RIVER,District 01,0,5,Institutional and Governmental,44.80659860863561,-63.627212468887556
10088,BPCOM-2024-17273,2024-12-06,1194000,Renovation,Renovation,Issued,BEDFORD,District 16,0,4,Dwelling - Multiple Units,44.715782330382794,-63.711363732283075
10089,BPCOM-2024-17433,2025-03-18,1334050,Renovation,Renovation,Completed,,District 06,0,2,Commercial,44.72358319503926,-63.573185132529375
10090,BPCOM-2024-17480,2024-12-02,20200,Renovation,Renovation,Completed,DARTMOUTH,District 05,0,4,Commercial,44.68529615118367,-63.5820125950827
10091,BPCOM-2024-17610,2025-02-06,290000,Renovation,Renovation,Completed,HALIFAX,District 07,0,1,Institutional and Governmental,44.65001217164587,-63.57994189670819
10092,BPCOM-2024-17618,,733675,Renovation,Renovation,Applicant Revisions,HALIFAX,District 07,0,7,Institutional and Governmental,44.64454387880913,-63.58621560441443
10093,BPCOM-2024-17743,2025-03-28,48000,Renovation,Renovation,Completed,HALIFAX,District 07,0,22,Commercial,44.64440616602548,-63.57214898917251
10094,BPCOM-2024-17763,2025-01-28,100,Renovation,Renovation,Issued,HALIFAX,District 07,-27,7,Mixed Use - Residential & Other Use(s),44.6455721005801,-63.573425111200265
10095,BPCOM-2024-17841,2025-01-22,68500,Renovation,Renovation,Completed,HALIFAX,District 09,0,4,Commercial,44.649368575944415,-63.61874247106554
10096,BPCOM-2024-17881,2025-03-12,7350000,New Building,New Building,Issued,BEDFORD,District 16,10,2,Mixed Use - Residential & Other Use(s),44.74572686715319,-63.63648441563658
10097,BPCOM-2024-17974,2025-03-28,502000,Renovation,Renovation,Completed,DARTMOUTH,District 06,0,1,Commercial,44.69848366028837,-63.57990923532916
10098,BPCOM-2024-18059,2024-12-16,180000,Renovation,Renovation,Completed,HALIFAX,District 16,0,1,Commercial,44.69938356845001,-63.6607290555263
10099,BPCOM-2024-18122,2025-04-10,20000,Renovation,Renovation,Issued,BEDFORD,District 16,0,1,Commercial,44.70158385643528,-63.6777504960494
10100,BPCOM-2024-18139,2025-11-24,3430000,Renovation,Renovation,Issued,DARTMOUTH,District 03,0,2,Commercial,44.66608955318506,-63.531662550854286
10101,BPCOM-2024-18154,2025-01-29,440000,Renovation,Renovation,Completed,WEST CHEZZETCOOK,District 02,0,2,Commercial,44.70943759141274,-63.26223740651122
10102,BPCOM-2024-18198,2025-01-21,125000,Renovation,Renovation,Completed,BEDFORD,District 16,0,1,Commercial,44.750945576887595,-63.64048023276241
10103,BPCOM-2024-18227,2025-01-22,150000,Renovation,Renovation,Completed,HALIFAX,District 09,0,6,Commercial,44.6554410728958,-63.62735803598994
10104,BPCOM-2024-18342,,30000,New Building,New Building,Applicant Revisions,HAMMONDS PLAINS,District 14,0,1,Accessory Structure,44.73459952650611,-63.781870875291844
10105,BPCOM-2024-18351,2025-02-03,11000000,New Building,New Building,Issued,DARTMOUTH,District 06,0,2,Commercial,44.71417407493784,-63.5606851308889
10106,BPCOM-2024-18371,2024-12-20,12367,New Building,New Building,Completed,HALIFAX,District 12,0,1,Accessory Structure,44.66640856967803,-63.65982969276306
10107,BPCOM-2024-18403,2025-01-31,338400,Renovation,Renovation,Issued,,District 06,0,1,Industrial,44.72358319503926,-63.573185132529375
10108,BPCOM-2024-18463,2025-01-14,1100000,Renovation,Renovation,Issued,DARTMOUTH,District 03,0,1,Commercial,44.66993432601786,-63.5224332458137
10109,BPCOM-2024-18475,2025-01-20,75000,Renovation,Renovation,Completed,HAMMONDS PLAINS,District 14,0,1,Commercial,44.73418869985489,-63.784903213652896
10110,BPCOM-2024-18553,2025-03-12,750000,Renovation,Renovation,Completed,DARTMOUTH,District 06,0,1,Commercial,44.6994396770957,-63.606695947676826
10111,BPCOM-2024-18651,2025-01-23,700000,Renovation,Renovation,Completed,HALIFAX,District 07,0,2,Commercial,44.643121256907534,-63.576206806615474
10112,BPCOM-2024-18802,2025-01-21,2000000,Renovation,Renovation,Issued,HALIFAX,District 07,0,8,Commercial,44.65080283699788,-63.57676502818709
10113,BPCOM-2024-18823,2025-01-10,408500,Renovation,Renovation,Completed,DARTMOUTH,District 06,0,2,Commercial,44.69165552029157,-63.58652983704794
10114,BPCOM-2024-18830,2025-05-09,24200000,New Building,New Building,Issued,HALIFAX,District 08,121,8,Dwelling - Multiple Units,44.66501289449454,-63.61321763606176
10115,BPCOM-2024-18861,,50000,New Building,New Building,Withdrawn,GLENMORE,District 01,0,1,Accessory Structure,45.05225766210955,-63.153499188539776
10116,BPCOM-2024-18879,2025-07-24,23700000,New Building,New Building,Issued,DARTMOUTH,District 05,168,8,Dwelling - Multiple Units,44.68425063759797,-63.595920831683486
10117,BPCOM-2024-18896,2025-01-02,500000,Renovation,Renovation,Issued,DARTMOUTH,District 06,0,1,Commercial,44.706650828355635,-63.561729033334665
10118,BPCOM-2024-18949,2025-01-09,15000,Renovation,Renovation,Issued,DARTMOUTH,District 06,0,1,Commercial,44.71255350860377,-63.60236071438405
10119,BPCOM-2024-18958,2025-03-13,450000,Renovation,Renovation,Completed,HALIFAX,District 08,0,2,Commercial,44.65391207651713,-63.585581794965655
10120,BPCOM-2025-00185,2025-03-21,54000,New Building,New Building,Issued,HAMMONDS PLAINS,District 14,0,1,Commercial,44.73761226236754,-63.752024079105716
10121,BPCOM-2025-00260,,600000,Addition,Addition,Withdrawn,BEECHVILLE,District 12,0,1,Commercial,44.639051617950166,-63.66731782347035
10122,BPCOM-2025-00300,2025-01-31,3000,Renovation,Renovation,Completed,HALIFAX,District 08,0,2,Mixed Use - Residential & Other Use(s),44.65101724165545,-63.59274687405016
10123,BPCOM-2025-00325,,450000,Renovation,Renovation,Applicant Revisions,DARTMOUTH,District 06,0,1,Commercial,44.70584325220681,-63.58831887296555
10124,BPCOM-2025-00379,2025-04-08,260000,Renovation,Renovation,Completed,HALIFAX,District 07,0,16,Commercial,44.641839725063456,-63.579310477841794
10125,BPCOM-2025-00412,,100000,New Building,New Building,Applicant Revisions,DARTMOUTH,District 05,0,1,Commercial,44.67986046713578,-63.594048079864024
10126,BPCOM-2025-00489,2025-03-07,2285000,Addition,Addition,Issued,HALIFAX,District 08,0,2,Commercial,44.66078295298944,-63.60946146950055
10127,BPCOM-2025-00542,2025-01-31,10000,Renovation,Renovation,Issued,HALIFAX,District 07,0,14,Commercial,44.64966610556248,-63.57564691094759
10128,BPCOM-2025-00568,2025-02-20,175000,Renovation,Renovation,Completed,HALIFAX,District 08,0,3,Commercial,44.66576894254882,-63.620625094716246
10129,BPCOM-2025-00658,,,Renovation,Renovation,Application Incomplete,HALIFAX,District 08,-8,1,Mixed Use - Residential & Other Use(s),44.6563129298986,-63.599659669971565
10130,BPCOM-2025-00738,2025-02-21,2000,Renovation,Renovation,Issued,HUBBARDS,District 13,2,2,Mixed Use - Residential & Other Use(s),44.638174429997456,-64.0640936442444
10131,BPCOM-2025-00903,2025-02-12,114000,Renovation,Renovation,Completed,HALIFAX,District 08,0,3,Mixed Use - Residential & Other Use(s),44.65327037470932,-63.58496561491183
10132,BPCOM-2025-00939,2025-02-13,26500,Renovation,Renovation,Completed,HALIFAX,District 10,0,1,Commercial,44.674966757659945,-63.66077295027532
10133,BPCOM-2025-00967,2025-06-12,80000,Addition,Addition,Issued,HUBBARDS,District 13,1,2,Mixed Use - Residential & Other Use(s),44.64356758532501,-64.05056499312202
10134,BPCOM-2025-01038,2025-05-12,17280000,New Building,New Building,Issued,HALIFAX,District 10,96,9,Dwelling - Multiple Units,44.65485628622615,-63.631775653619655
10135,BPCOM-2025-01041,2025-03-14,600000,Renovation,Renovation,Issued,DARTMOUTH,District 06,0,2,Industrial,44.71139262506417,-63.60812338653644
10136,BPCOM-2025-01044,2025-05-28,81000,Renovation,Renovation,Issued,MIDDLE SACKVILLE,District 14,0,1,Institutional and Governmental,44.813911877481914,-63.744314508396805
10137,BPCOM-2025-01079,2025-02-04,180000,Renovation,Renovation,Completed,GOFFS,District 01,0,3,Commercial,44.886560015262745,-63.51491466538
10138,BPCOM-2025-01107,2025-02-20,100000,Renovation,Renovation,Issued,DARTMOUTH,District 03,0,2,Commercial,44.66993432601786,-63.5224332458137
10139,BPCOM-2025-01139,2025-03-21,150000,Renovation,Renovation,Completed,DARTMOUTH,District 06,0,1,Commercial,44.69949206599001,-63.58724856417084
10140,BPCOM-2025-01177,2025-02-10,25000,Renovation,Renovation,Completed,DARTMOUTH,District 05,0,3,Commercial,44.67009323427603,-63.56269399392002
10141,BPCOM-2025-01188,2025-02-05,199964,Renovation,Renovation,Issued,EAST LAWRENCETOWN,District 02,0,1,Institutional and Governmental,44.6518031962606,-63.3178009422663
10142,BPCOM-2025-01241,2025-06-06,44000,Renovation,Renovation,Completed,DARTMOUTH,District 05,0,3,Commercial,44.66513747227449,-63.56766656725895
10143,BPCOM-2025-01325,2025-04-09,45160759,New Building,New Building,Issued,DARTMOUTH,District 06,0,2,Institutional and Governmental,44.71643406390999,-63.57126125517427
10144,BPCOM-2025-01381,2025-10-24,650000,New Building,New Building,Issued,HALIFAX,District 10,4,3,Mixed Use - Residential & Other Use(s),44.65709461174735,-63.639502175400516
10145,BPCOM-2025-01381,2025-10-24,650000,New Building,New Building,Issued,HALIFAX,District 10,4,3,Mixed Use - Residential & Other Use(s),44.65709461174735,-63.639502175400516
10146,BPCOM-2025-01389,2025-02-28,75000,Renovation,Renovation,Issued,HERRING COVE,District 11,0,2,Mixed Use - Residential & Other Use(s),44.585505965067725,-63.587371262096944
10147,BPCOM-2025-01478,2025-02-25,255000,Renovation,Renovation,Completed,HALIFAX,District 07,0,6,Institutional and Governmental,44.631329104661084,-63.581701595014245
10148,BPCOM-2025-01519,,710000,New Building,New Building,Withdrawn,HALIFAX,District 07,6,4,Dwelling - Multiple Units,44.626417886963814,-63.57580836406881
10149,BPCOM-2025-01535,2025-02-25,3000000,Renovation,Renovation,Issued,HALIFAX,District 07,0,7,Commercial,44.65088006175724,-63.5777482692693
10150,BPCOM-2025-01595,2025-02-24,1786924.72,Renovation,Renovation,Issued,DARTMOUTH,District 05,0,3,Mixed Use - Residential & Other Use(s),44.68578505214751,-63.590700712043024
10151,BPCOM-2025-01605,2026-04-07,4500000,New Building,New Building,Issued,HALIFAX,District 08,18,9,Dwelling - Multiple Units,44.64981186830721,-63.59214285298928
10152,BPCOM-2025-01618,2025-02-14,100000,Renovation,Renovation,Issued,HALIFAX,District 09,0,9,Commercial,44.64386901012016,-63.623099234855225
10153,BPCOM-2025-01663,2025-02-19,40000,Renovation,Renovation,Completed,HALIFAX,District 07,0,10,Dwelling - Multiple Units,44.641981880085865,-63.57829272056136
10154,BPCOM-2025-01671,2025-06-25,7800000,New Building,New Building,Issued,HALIFAX,District 07,78,10,Dwelling - Multiple Units,44.643267559298884,-63.58867491943963
10155,BPCOM-2025-01707,2025-03-24,4200000,Renovation,Renovation,Issued,DARTMOUTH,District 06,0,2,Industrial,44.71756445433345,-63.56027174858085
10156,BPCOM-2025-01776,2025-03-07,800000,Renovation,Renovation,Issued,HALIFAX,District 07,0,18,Commercial,44.65178326639569,-63.57414191035051
10157,BPCOM-2025-01809,2025-03-19,150500,Renovation,Renovation,Completed,HALIFAX,District 07,0,9,Commercial,44.642617913027536,-63.57633789204288
10158,BPCOM-2025-01830,2025-09-09,24265000,New Building,New Building,Issued,DARTMOUTH,District 05,65,7,Dwelling - Multiple Units,44.67060943756154,-63.56441460024709
10159,BPCOM-2025-01859,2025-02-28,15000,New Building,New Building,Issued,TERENCE BAY,District 13,0,1,Accessory Structure,44.50066409609355,-63.737233159776466
10160,BPCOM-2025-01885,2025-03-14,500000,Renovation,Renovation,Completed,HALIFAX,District 08,0,4,Commercial,44.66499302625094,-63.6129190744272
10161,BPCOM-2025-01921,2025-03-03,78000,Renovation,Renovation,Issued,BEDFORD,District 16,0,7,Commercial,44.72359477197514,-63.69310111651545
10162,BPCOM-2025-01942,2025-02-25,150000,Renovation,Renovation,Issued,HALIFAX,District 07,0,13,Mixed Use - Residential & Other Use(s),44.63526389119834,-63.57679191563519
10163,BPCOM-2025-02000,2025-03-07,95000,Renovation,Renovation,Completed,DARTMOUTH,District 06,0,3,Commercial,44.698054425299425,-63.581808331756406
10164,BPCOM-2025-02045,2025-06-11,28272000,New Building,New Building,Issued,SHEET HARBOUR,District 02,0,2,Institutional and Governmental,44.919916983744436,-62.52313609359317
10165,BPCOM-2025-02053,2025-03-21,160000,Renovation,Renovation,Completed,HALIFAX,District 09,0,3,Commercial,44.649368575944415,-63.61874247106554
10166,BPCOM-2025-02072,2025-04-07,1000,Renovation,Renovation,Completed,DARTMOUTH,District 05,0,2,Commercial,44.66625141208007,-63.56571098064171
10167,BPCOM-2025-02291,,4600000,New Building,New Building,Applicant Revisions,DARTMOUTH,District 06,0,1,Commercial,44.698095667136855,-63.606797357788146
10168,BPCOM-2025-02332,2025-03-05,80000,Renovation,Renovation,Completed,DARTMOUTH,District 06,0,1,Commercial,44.695561277138886,-63.56525487754131
10169,BPCOM-2025-02393,2025-03-06,230000,Renovation,Renovation,Completed,BEDFORD,District 16,0,1,Commercial,44.71272006762653,-63.71509671629248
10170,BPCOM-2025-02420,2025-08-14,257407,Renovation,Renovation,Issued,LOWER SACKVILLE,District 15,0,1,Commercial,44.77694130497281,-63.663689429408485
10171,BPCOM-2025-02485,2025-03-07,1000000,Renovation,Renovation,Issued,DARTMOUTH,District 06,0,1,Industrial,44.693211207648986,-63.587604402562846
10172,BPCOM-2025-02521,,2500000,New Building,New Building,Cancelled,EASTERN PASSAGE,District 03,12,2,Dwelling - Multiple Units,44.61565135318212,-63.46659391247219
10173,BPCOM-2025-02554,2025-05-20,34000000,New Building,New Building,Issued,HALIFAX,District 09,120,10,Dwelling - Multiple Units,44.645036883863504,-63.589575043960465
10174,BPCOM-2025-02578,,103813,Renovation,Renovation,Applicant Revisions,EASTERN PASSAGE,District 03,0,1,Commercial,44.612018043542626,-63.490019097518456
10175,BPCOM-2025-02607,2025-07-17,32230000,New Building,New Building,Issued,HALIFAX,District 09,106,10,Dwelling - Multiple Units,44.64459206424768,-63.5893985639241
10176,BPCOM-2025-02626,2025-04-11,3177262.94,New Building,New Building,Completed,DARTMOUTH,District 06,0,2,Commercial,44.706199029837634,-63.5932006947772
10177,BPCOM-2025-02677,2025-03-25,75000,Renovation,Renovation,Completed,BEDFORD,District 16,0,2,Commercial,44.73049303174385,-63.660589370583736
10178,BPCOM-2025-02704,2025-04-23,527000,Addition,Addition,Issued,LOWER SACKVILLE,District 15,0,1,Commercial,44.754874330621305,-63.657728520865646
10179,BPCOM-2025-02788,2025-03-20,175000,Renovation,Renovation,Completed,HALIFAX,District 08,0,19,Commercial,44.658157852026704,-63.59978481977151
10180,BPCOM-2025-02874,2025-03-26,137000,Renovation,Renovation,Completed,HALIFAX,District 07,0,3,Institutional and Governmental,44.63513581349808,-63.59621850342735
10181,BPCOM-2025-02987,2026-01-23,28620000,New Building,New Building,Issued,HALIFAX,District 08,159,10,Dwelling - Multiple Units,44.65455780501638,-63.5969622042749
10182,BPCOM-2025-02987,2026-01-23,28620000,New Building,New Building,Issued,HALIFAX,District 08,159,10,Dwelling - Multiple Units,44.65455780501638,-63.5969622042749
10183,BPCOM-2025-02987,2026-01-23,28620000,New Building,New Building,Issued,HALIFAX,District 08,159,10,Dwelling - Multiple Units,44.65455780501638,-63.5969622042749
10184,BPCOM-2025-02987,2026-01-23,28620000,New Building,New Building,Issued,HALIFAX,District 08,159,10,Dwelling - Multiple Units,44.65455780501638,-63.5969622042749
10185,BPCOM-2025-03018,,53000000,New Building,New Building,Applicant Revisions,DARTMOUTH,District 05,159,14,Dwelling - Multiple Units,44.685977764263534,-63.60581950663928
10186,BPCOM-2025-03019,2026-06-18,52000000,New Building,New Building,Issued,DARTMOUTH,District 05,162,14,Mixed Use - Residential & Other Use(s),44.68604177953048,-63.6064647097428
10187,BPCOM-2025-03081,2025-05-12,200000,Renovation,Renovation,Issued,DARTMOUTH,District 05,0,18,Commercial,44.66548509985846,-63.56902048157545
10188,BPCOM-2025-03094,2025-12-23,14400000,New Building,New Building,Issued,HALIFAX,District 10,80,7,Dwelling - Multiple Units,44.655871978882736,-63.63265607882794
10189,BPCOM-2025-03110,2025-05-16,3100000,New Building,New Building,Issued,HALIFAX,District 12,0,1,Industrial,44.64184461717828,-63.66292251681258
10190,BPCOM-2025-03110,2025-05-16,3100000,New Building,New Building,Issued,HALIFAX,District 12,0,1,Industrial,44.64184461717828,-63.66292251681258
10191,BPCOM-2025-03142,2025-08-21,650000,Renovation,Renovation,Completed,HALIFAX,District 07,0,3,Commercial,44.644052950251975,-63.57564787044675
10192,BPCOM-2025-03142,2025-08-21,650000,Renovation,Renovation,Completed,HALIFAX,District 07,0,3,Commercial,44.644052950251975,-63.57564787044675
10193,BPCOM-2025-03153,2025-05-06,21000,Renovation,Renovation,Completed,BEDFORD,District 16,0,1,Commercial,44.71272006762653,-63.71509671629248
10194,BPCOM-2025-03169,2025-04-02,31000,Renovation,Renovation,Completed,HALIFAX,District 10,0,3,Commercial,44.68414640953545,-63.6603438814489
10195,BPCOM-2025-03172,2025-06-12,1050000,New Building,New Building,Issued,LANTZ,District 01,0,2,Commercial,44.97319686276429,-63.475581778682916
10196,BPCOM-2025-03178,2025-03-25,125704,Renovation,Renovation,Completed,DARTMOUTH,District 03,0,3,Industrial,44.661206328639096,-63.54251854786041
10197,BPCOM-2025-03232,,65000,Renovation,Renovation,Applicant Revisions,BEDFORD,District 16,0,2,Commercial,44.728148873732465,-63.66486510100326
10198,BPCOM-2025-03260,2025-12-01,19400000,New Building,New Building,Issued,LOWER SACKVILLE,District 15,65,6,Dwelling - Multiple Units,44.763771269079875,-63.67366915095635
10199,BPCOM-2025-03275,2025-06-27,25411621,New Building,New Building,Issued,DARTMOUTH,District 05,113,6,Dwelling - Multiple Units,44.68235899676939,-63.58609442891378
10200,BPCOM-2025-03289,2025-03-31,100000,Renovation,Renovation,Completed,DARTMOUTH,District 06,0,1,Commercial,44.699815281839726,-63.56560962499634
10201,BPCOM-2025-03318,2025-04-07,600000,Addition,Addition,Issued,MIDDLE MUSQUODOBOIT,District 01,0,1,Agriculture,45.03728929089242,-63.145263018047686
10202,BPCOM-2025-03332,2025-04-14,450000,Renovation,Renovation,Completed,DARTMOUTH,District 06,0,2,Commercial,44.70212887553781,-63.56300908648515
10203,BPCOM-2025-03381,2025-06-03,23000000,New Building,New Building,Issued,BEDFORD,District 16,145,15,Dwelling - Multiple Units,44.71018835460187,-63.7158172144772
10204,BPCOM-2025-03460,2025-04-15,200000,Renovation,Renovation,Completed,BEDFORD,District 16,0,1,Commercial,44.71272006762653,-63.71509671629248
10205,BPCOM-2025-03512,2025-04-01,25000,Renovation,Renovation,Completed,DARTMOUTH,District 05,0,8,Commercial,44.66558333840882,-63.56992187770611
10206,BPCOM-2025-03520,2025-06-27,30000,Renovation,Renovation,Completed,BEDFORD,District 16,0,2,Commercial,44.716515972343345,-63.70681589808718
10207,BPCOM-2025-03559,2025-08-15,15000,Renovation,Renovation,Completed,BEDFORD,District 16,0,1,Commercial,44.73719651736138,-63.647411261443644
10208,BPCOM-2025-03576,2025-04-24,218665,Renovation,Renovation,Completed,DARTMOUTH,District 06,0,2,Commercial,44.70212887553781,-63.56300908648515
10209,BPCOM-2025-03606,2025-05-26,1000,Renovation,Renovation,Issued,HALIFAX,District 07,0,3,Commercial,44.64696686697086,-63.57306754615232
10210,BPCOM-2025-03626,2025-07-04,1000000,Renovation,Renovation,Completed,DARTMOUTH,District 05,0,1,Commercial,44.67942850107609,-63.58349029232841
10211,BPCOM-2025-03647,,20000,Renovation,Renovation,Applicant Revisions,EAST PRESTON,District 04,0,3,Commercial,44.72259565537295,-63.418599644695846
10212,BPCOM-2025-03660,2025-04-08,180000,Renovation,Renovation,Issued,HALIFAX,District 07,0,12,Commercial,44.640363716144236,-63.568314476413825
10213,BPCOM-2025-03661,2025-11-03,15000000,Renovation,Renovation,Issued,DARTMOUTH,District 05,84,8,Mixed Use - Residential & Other Use(s),44.66501648952933,-63.56684752329249
10214,BPCOM-2025-03704,,10300000,New Building,New Building,Withdrawn,DARTMOUTH,District 05,34,7,Dwelling - Multiple Units,44.65050327744852,-63.54698273263277
10215,BPCOM-2025-03796,,40000,Renovation,Renovation,Applicant Revisions,UPPER HAMMONDS PLAINS,District 14,0,1,Mixed Use - Residential & Other Use(s),44.770170175494435,-63.856756944560345
10216,BPCOM-2025-03818,2025-11-17,51427738,New Building,New Building,Issued,DARTMOUTH,District 05,213,20,Dwelling - Multiple Units,44.67005807445766,-63.57996329603931
10217,BPCOM-2025-03862,2026-03-23,35000000,New Building,New Building,Issued,DARTMOUTH,District 05,153,9,Dwelling - Multiple Units,44.679425330475794,-63.59374010194747
10218,BPCOM-2025-03904,2025-11-26,29300000,New Building,New Building,Issued,DARTMOUTH,District 05,133,8,Dwelling - Multiple Units,44.66960570720053,-63.58053027923062
10219,BPCOM-2025-03956,2025-04-01,270000,Renovation,Renovation,Completed,DARTMOUTH,District 06,0,2,Commercial,44.70212887553781,-63.56300908648515
10220,BPCOM-2025-04005,2026-03-12,1800000,Addition,Addition,Issued,TIMBERLEA,District 12,0,2,Commercial,44.64287740347803,-63.723365990898124
10221,BPCOM-2025-04019,2025-07-08,6250000,New Building,New Building,Issued,LOWER SACKVILLE,District 15,52,5,Mixed Use - Residential & Other Use(s),44.75917473680406,-63.66862106795413
10222,BPCOM-2025-04059,,30800000,New Building,New Building,Applicant Revisions,BEDFORD,District 16,155,11,Mixed Use - Residential & Other Use(s),44.7084901410985,-63.71355367137599
10223,BPCOM-2025-04067,,30800000,New Building,New Building,Applicant Revisions,BEDFORD,District 16,155,11,Mixed Use - Residential & Other Use(s),44.70772984694399,-63.71454472757455
10224,BPCOM-2025-04067,,30800000,New Building,New Building,Applicant Revisions,BEDFORD,District 16,155,11,Mixed Use - Residential & Other Use(s),44.70772984694399,-63.71454472757455
10225,BPCOM-2025-04143,2025-04-07,1500000,Renovation,Renovation,Issued,DARTMOUTH,District 06,0,3,Industrial,44.699801375879396,-63.5981808375629
10226,BPCOM-2025-04200,2025-04-11,50000,Renovation,Renovation,Issued,HALIFAX,District 08,0,19,Dwelling - Multiple Units,44.64854189487113,-63.59152820833357
10227,BPCOM-2025-04229,,221400,New Building,New Building,Applicant Revisions,TIMBERLEA,District 12,0,1,Commercial,44.64296567476923,-63.72348995195499
10228,BPCOM-2025-04237,,368100,New Building,New Building,Applicant Revisions,TIMBERLEA,District 12,0,1,Commercial,44.64296567476923,-63.72348995195499
10229,BPCOM-2025-04321,2026-01-12,53089068,New Building,New Building,Issued,BEDFORD,District 16,203,6,Dwelling - Multiple Units,44.70936273642478,-63.718527004482105
10230,BPCOM-2025-04330,2026-04-21,4406250,New Building,New Building,Issued,HALIFAX,District 16,0,3,Commercial,44.69943485499798,-63.68265038808149
10231,BPCOM-2025-04342,,269500,Renovation,Renovation,Withdrawn,DARTMOUTH,District 06,0,2,Commercial,44.70212887553781,-63.56300908648515
10232,BPCOM-2025-04372,2025-04-11,25000,Renovation,Renovation,Completed,LOWER SACKVILLE,District 15,0,1,Commercial,44.77008858519408,-63.69262572814625
10233,BPCOM-2025-04375,,50000000,New Building,New Building,Applicant Revisions,DARTMOUTH,District 05,178,22,Mixed Use - Residential & Other Use(s),44.670017136676435,-63.57675368026548
10234,BPCOM-2025-04375,,50000000,New Building,New Building,Applicant Revisions,DARTMOUTH,District 05,178,22,Mixed Use - Residential & Other Use(s),44.670017136676435,-63.57675368026548
10235,BPCOM-2025-04425,,20000,Renovation,Renovation,Application Incomplete,BEDFORD,District 16,0,1,Commercial,44.73312015086539,-63.65425873877637
10236,BPCOM-2025-04450,2025-04-22,65000,Renovation,Renovation,Completed,HAMMONDS PLAINS,District 14,0,1,Commercial,44.728122011236714,-63.74978332565242
10237,BPCOM-2025-04480,2025-04-29,14000,New Building,New Building,Completed,COLE HARBOUR,District 04,0,1,Accessory Structure,44.69035259570272,-63.496108483344386
10238,BPCOM-2025-04690,2025-08-11,40000,New Building,New Building,Issued,INGRAMPORT,District 13,0,1,Accessory Structure,44.657487781988955,-63.97158238702241
10239,BPCOM-2025-04764,2025-07-07,588805,Renovation,Renovation,Completed,HALIFAX,District 12,0,1,Commercial,44.65162785280431,-63.67300308023728
10240,BPCOM-2025-04864,2025-06-06,700000,Renovation,Renovation,Completed,DARTMOUTH,District 06,0,1,Commercial,44.71535420666785,-63.583778375119344
10241,BPCOM-2025-04969,2025-05-01,250000,Renovation,Renovation,Issued,HALIFAX,District 07,0,3,Commercial,44.63686628851278,-63.59178133374836
10242,BPCOM-2025-05004,2025-06-30,1000000,Renovation,Renovation,Amendment Review,HALIFAX,District 07,0,3,Mixed Use - Residential & Other Use(s),44.64029103611846,-63.5875114006309
10243,BPCOM-2025-05054,,22000,New Building,New Building,Applicant Revisions,,District 02,0,1,Commercial,44.79723011525248,-63.39320962588997
10244,BPCOM-2025-05076,,22000,New Building,New Building,Applicant Revisions,,District 02,0,1,Commercial,44.79723011525248,-63.39320962588997
10245,BPCOM-2025-05079,,70000,New Building,New Building,Applicant Revisions,,District 02,0,1,Commercial,44.79723011525248,-63.39320962588997
10246,BPCOM-2025-05227,2025-05-02,5000,Renovation,Renovation,Completed,DARTMOUTH,District 06,0,2,Commercial,44.69773010108463,-63.602373650244296
10247,BPCOM-2025-05392,2025-06-23,500,New Building,New Building,Completed,WHITES LAKE,District 13,0,1,Accessory Structure,44.52843201857195,-63.76123838101731
10248,BPCOM-2025-05614,2025-04-25,300000,Renovation,Renovation,Completed,BEECHVILLE,District 12,0,5,Commercial,44.63721500697424,-63.67069698229031
10249,BPCOM-2025-05769,2025-07-21,150000,Renovation,Renovation,Completed,MUSHABOOM,District 02,3,1,Mixed Use - Residential & Other Use(s),44.87890325227683,-62.56338206078601
10250,BPCOM-2025-05856,2025-06-10,50000,Renovation,Renovation,Completed,HALIFAX,District 07,0,12,Commercial,44.64966610556248,-63.57564691094759
10251,BPCOM-2025-05892,,10787198.82,New Building,New Building,Applicant Revisions,HALIFAX,District 07,33,7,Dwelling - Multiple Units,44.63892603737794,-63.59218752933575
10252,BPCOM-2025-05901,,11108699,New Building,New Building,Applicant Revisions,HALIFAX,District 07,33,7,Dwelling - Multiple Units,44.638409463430904,-63.594561854922546
10253,BPCOM-2025-06049,2025-08-22,300000,Addition,Addition,Issued,WINDSOR JUNCTION,District 01,0,2,Commercial,44.778568614462806,-63.62902704030654
10254,BPCOM-2025-06207,2025-06-23,260000,Renovation,Renovation,Issued,HALIFAX,District 10,0,15,Mixed Use - Residential & Other Use(s),44.65521611853325,-63.63090758569858
10255,BPCOM-2025-06268,2025-06-16,2585384.88,New Building,New Building,Issued,LOWER SACKVILLE,District 15,0,2,Institutional and Governmental,44.773908790836174,-63.660787045785256
10256,BPCOM-2025-06326,2026-04-13,63499000,Addition,Addition,Issued,HALIFAX,District 07,174,17,Dwelling - Multiple Units,44.63598190977873,-63.57465791070177
10257,BPCOM-2025-06326,2026-04-13,63499000,Addition,Addition,Issued,HALIFAX,District 07,174,17,Dwelling - Multiple Units,44.63598190977873,-63.57465791070177
10258,BPCOM-2025-06568,2025-06-03,320000,Renovation,Renovation,Completed,WEST PORTERS LAKE,District 02,0,1,Commercial,44.680388478956175,-63.30644247610011
10259,BPCOM-2025-06583,,50000,New Building,New Building,Applicant Revisions,SEAFORTH,District 02,1,1,Mixed Use - Residential & Other Use(s),44.6611601850131,-63.27755866048523
10260,BPCOM-2025-06610,2025-06-16,33750,Renovation,Renovation,Completed,BEDFORD,District 16,0,1,Industrial,44.71630360381329,-63.71560571913658
10261,BPCOM-2025-06623,2025-06-27,60000,Renovation,Renovation,Completed,LUCASVILLE,District 14,0,1,Institutional and Governmental,44.76039675269754,-63.72693301820435
10262,BPCOM-2025-06698,2025-05-29,80000,Renovation,Renovation,Completed,BEDFORD,District 16,0,1,Commercial,44.73899040137117,-63.654952200349214
10263,BPCOM-2025-06959,2025-06-16,16000,Renovation,Renovation,Issued,FALL RIVER,District 01,0,2,Institutional and Governmental,44.81421329153006,-63.60853666988335
10264,BPCOM-2025-06976,2025-07-18,2850000,Renovation,Renovation,Completed,DARTMOUTH,District 06,0,2,Commercial,44.71266191330305,-63.608050888317536
10265,BPCOM-2025-07076,2025-05-28,1200000,Renovation,Renovation,Completed,HALIFAX,District 11,0,2,Commercial,44.612843183513334,-63.62010980416994
10266,BPCOM-2025-07166,2025-07-14,150000,New Building,New Building,Issued,WESTPHAL,District 04,0,1,Commercial,44.697938025733514,-63.48704493476489
10267,BPCOM-2025-07243,2025-11-13,1500000,New Building,New Building,Issued,UPPER SACKVILLE,District 14,0,2,Commercial,44.830099644635396,-63.779308541077995
10268,BPCOM-2025-07254,2025-05-23,140000,Renovation,Renovation,Completed,HALIFAX,District 07,0,22,Commercial,44.652649421307245,-63.57452150316824
10269,BPCOM-2025-07299,2025-11-04,25000,Renovation,Renovation,Completed,HALIFAX,District 11,0,2,Mixed Use - Residential & Other Use(s),44.62270808700177,-63.618617172437716
10270,BPCOM-2025-07312,2025-06-03,900000,Renovation,Renovation,Completed,HALIFAX,District 07,0,18,Commercial,44.65178326639569,-63.57414191035051
10271,BPCOM-2025-07376,2025-06-30,600000,Renovation,Renovation,Issued,DARTMOUTH,District 06,0,2,Commercial,44.70212887553781,-63.56300908648515
10272,BPCOM-2025-07740,2025-06-30,500000,Renovation,Renovation,Issued,HALIFAX,District 07,0,3,Commercial,44.644267695363055,-63.57006229799719
10273,BPCOM-2025-07804,2025-07-23,20000,New Building,New Building,Issued,ANTRIM,District 01,0,1,Accessory Structure,44.962894336397724,-63.36358241429301
10274,BPCOM-2025-07953,2025-07-02,300000,Renovation,Renovation,Completed,GOFFS,District 01,0,6,Commercial,44.886560015262745,-63.51491466538
10275,BPCOM-2025-08063,2025-10-29,3000000,New Building,New Building,Issued,LAWRENCETOWN,District 02,0,1,Commercial,44.68419569540049,-63.44381468251911
10276,BPCOM-2025-08074,2025-06-24,714440,Renovation,Renovation,Issued,HALIFAX,District 09,0,4,Dwelling - Multiple Units,44.64696672949309,-63.5961886510034
10277,BPCOM-2025-08149,2025-07-02,539000,Renovation,Renovation,Completed,BEECHVILLE,District 12,0,5,Commercial,44.63721500697424,-63.67069698229031
10278,BPCOM-2025-08171,2025-06-17,304800,Renovation,Renovation,Issued,BEDFORD,District 16,0,2,Commercial,44.70106241171123,-63.68605024980754
10279,BPCOM-2025-08414,,200000,New Building,New Building,Withdrawn,BOUTILIERS POINT,District 13,0,2,Accessory Structure,44.654564748303265,-63.95137627623124
10280,BPCOM-2025-08434,2025-07-08,1500000,Renovation,Renovation,Completed,DARTMOUTH,District 06,0,3,Institutional and Governmental,44.70738611793328,-63.59615981490604
10281,BPCOM-2025-08461,2025-09-23,146000,Addition,Addition,Issued,LOWER SACKVILLE,District 15,0,1,Institutional and Governmental,44.761411917418506,-63.652011881897685
10282,BPCOM-2025-08503,2026-01-16,100000,Addition,Addition,Issued,GOFFS,District 01,0,1,Commercial,44.85456170536363,-63.54598562035708
10283,BPCOM-2025-08523,,350000,Addition,Addition,Withdrawn,DARTMOUTH,District 06,0,3,Commercial,44.71296702742929,-63.557745209257014
10284,BPCOM-2025-08594,2026-05-19,2143736,Addition,Addition,Issued,EAST PRESTON,District 04,0,2,Institutional and Governmental,44.72795977202803,-63.41542507683542
10285,BPCOM-2025-08742,2025-07-09,616767,Renovation,Renovation,Issued,DARTMOUTH,District 05,0,18,Institutional and Governmental,44.66548509985846,-63.56902048157545
10286,BPCOM-2025-08938,,47912778,New Building,New Building,Applicant Revisions,COLE HARBOUR,District 04,0,3,Institutional and Governmental,44.671628068119745,-63.47960839922597
10287,BPCOM-2025-09035,2025-06-25,400000,Renovation,Renovation,Issued,DARTMOUTH,District 05,0,16,Dwelling - Multiple Units,44.67381660754528,-63.565317891709455
10288,BPCOM-2025-09070,2025-07-18,250000,Renovation,Renovation,Completed,BEDFORD,District 16,0,1,Commercial,44.696047105383656,-63.689574004280416
10289,BPCOM-2025-09185,,100000,Renovation,Renovation,Application Incomplete,HUBBARDS,District 13,0,1,Mixed Use - Residential & Other Use(s),44.63126966399339,-64.04909429057174
10290,BPCOM-2025-09194,2025-06-25,100000,Renovation,Renovation,Completed,DARTMOUTH,District 06,0,1,Commercial,44.71781135582614,-63.56223576640729
10291,BPCOM-2025-09240,2025-06-24,40000,Renovation,Renovation,Completed,COLE HARBOUR,District 04,0,1,Commercial,44.67496501855238,-63.492580415135265
10292,BPCOM-2025-09349,2025-07-02,600000,Renovation,Renovation,Completed,BEECHVILLE,District 12,0,1,Commercial,44.64014791977936,-63.67710837588923
10293,BPCOM-2025-09445,2025-10-08,750000,New Building,New Building,Issued,TANTALLON,District 13,0,1,Aquaculture,44.67199449426269,-63.89272421073545
10294,BPCOM-2025-09530,,1050000,New Building,New Building,Withdrawn,BEDFORD,District 16,0,3,Commercial,44.724657065125726,-63.66999521653281
10295,BPCOM-2025-09556,2025-06-30,64250,Renovation,Renovation,Issued,DARTMOUTH,District 05,0,3,Commercial,44.68656042112191,-63.55952448193897
10296,BPCOM-2025-09612,2025-09-22,1745502.2,New Building,New Building,Completed,DARTMOUTH,District 05,0,1,Institutional and Governmental,44.68979242948873,-63.58226329992155
10297,BPCOM-2025-09778,2025-07-08,20000,Renovation,Renovation,Issued,PORTERS LAKE,District 02,0,2,Commercial,44.743976996129526,-63.28386154116478
10298,BPCOM-2025-09855,2025-10-14,247000,New Building,New Building,Issued,UPPER HAMMONDS PLAINS,District 14,0,1,Industrial,44.75670979269351,-63.84693469131389
10299,BPCOM-2025-09927,2025-07-02,5500,Renovation,Renovation,Completed,HALIFAX,District 07,0,3,Commercial,44.637983123189635,-63.59641382041772
10300,BPCOM-2025-09953,2025-09-12,7000000,New Building,New Building,Issued,HALIFAX,District 11,30,5,Dwelling - Multiple Units,44.61619056075054,-63.62097657868545
10301,BPCOM-2025-10090,2025-07-28,80000,Renovation,Renovation,Completed,BEDFORD,District 16,0,1,Commercial,44.73312015086539,-63.65425873877637
10302,BPCOM-2025-10136,2025-07-08,77000,Renovation,Renovation,Completed,BEDFORD,District 16,0,3,Commercial,44.70777158221398,-63.70810354889524
10303,BPCOM-2025-10138,2025-08-13,20000,Renovation,Renovation,Completed,DARTMOUTH,District 06,0,1,Commercial,44.690423862407975,-63.53181434264693
10304,BPCOM-2025-10200,2025-07-16,900000,Renovation,Renovation,Issued,COLE HARBOUR,District 04,0,1,Commercial,44.67295910645267,-63.49260182464277
10305,BPCOM-2025-10246,2026-01-28,160000,New Building,New Building,Issued,MUSQUODOBOIT HARBOUR,District 02,0,1,Commercial,44.78876115416742,-63.144672114353206
10306,BPCOM-2025-10280,2025-07-28,50000,Renovation,Renovation,Completed,DARTMOUTH,District 03,0,2,Commercial,44.669268796222816,-63.50724722977211
10307,BPCOM-2025-10463,2026-06-16,25000,New Building,New Building,Issued,POPES HARBOUR,District 02,0,1,Commercial,44.81760630252087,-62.631817097974434
10308,BPCOM-2025-10492,2025-07-21,350000,Renovation,Renovation,Completed,DARTMOUTH,District 05,0,3,Commercial,44.68656042112191,-63.55952448193897
10309,BPCOM-2025-10541,2025-09-15,25000,Addition,Addition,Completed,GOFFS,District 01,0,1,Commercial,44.879305448028774,-63.52306774679615
10310,BPCOM-2025-10591,2025-09-17,4500000,Renovation,Renovation,Issued,HALIFAX,District 07,0,18,Commercial,44.65178326639569,-63.57414191035051
10311,BPCOM-2025-10709,2025-07-22,1000000,Renovation,Renovation,Completed,DARTMOUTH,District 06,0,1,Commercial,44.693211207648986,-63.587604402562846
10312,BPCOM-2025-10805,2025-08-19,40000,Renovation,Renovation,Issued,BEDFORD,District 16,0,1,Commercial,44.71272006762653,-63.71509671629248
10313,BPCOM-2025-10884,2025-09-09,4437253,Addition,Addition,Amendment Applicant Revisions,DARTMOUTH,District 06,0,1,Industrial,44.699173097113636,-63.590471242168405
10314,BPCOM-2025-10893,2025-07-31,250000,Renovation,Renovation,Issued,,District 07,0,2,Commercial,44.65145860380622,-63.57436298693983
10315,BPCOM-2025-11081,2025-07-31,50000,Renovation,Renovation,Issued,HALIFAX,District 08,0,2,Mixed Use - Residential & Other Use(s),44.665521090812554,-63.61500844469147
10316,BPCOM-2025-11210,2025-08-13,850000,Renovation,Renovation,Completed,BEDFORD,District 16,0,6,Commercial,44.72250658592156,-63.69308496285072
10317,BPCOM-2025-11294,2025-10-27,,Renovation,Renovation,Issued,BEECHVILLE,District 12,0,4,Commercial,44.640983216888564,-63.674994531951405
10318,BPCOM-2025-11383,2026-04-02,10000,New Building,New Building,Issued,ENFIELD,District 01,0,1,Commercial,44.9365922558405,-63.51869764132456
10319,BPCOM-2025-11460,2025-08-28,300000,Renovation,Renovation,Completed,HALIFAX,District 09,0,9,Commercial,44.64599057160364,-63.59324845408033
10320,BPCOM-2025-11550,2025-08-28,64700,Renovation,Renovation,Issued,HALIFAX,District 07,0,1,Commercial,44.64760371890389,-63.572250539358166
10321,BPCOM-2025-11681,2025-09-03,,Renovation,Renovation,Completed,DARTMOUTH,District 06,0,3,Commercial,44.69578993880605,-63.57444423888489
10322,BPCOM-2025-11690,2025-08-11,,Renovation,Renovation,Completed,HALIFAX,District 07,0,22,Commercial,44.64440616602548,-63.57214898917251
10323,BPCOM-2025-11720,2025-09-22,50000,Renovation,Renovation,Completed,HALIFAX,District 11,0,1,Commercial,44.62228578904793,-63.61721742745506
10324,BPCOM-2025-11872,2025-08-18,240000,Renovation,Renovation,Completed,HALIFAX,District 08,0,3,Commercial,44.660419238036326,-63.601064025704794
10325,BPCOM-2025-11905,2025-08-13,22000,Renovation,Renovation,Completed,DARTMOUTH,District 06,0,2,Commercial,44.702343901647204,-63.57862352630161
10326,BPCOM-2025-11986,2025-10-08,30000,Renovation,Renovation,Completed,HAMMONDS PLAINS,District 14,1,2,Mixed Use - Residential & Other Use(s),44.72605472054747,-63.74786579261085
10327,BPCOM-2025-12119,2025-08-26,60000,Renovation,Renovation,Completed,HALIFAX,District 07,0,1,Commercial,44.6427052697066,-63.57600284106183
10328,BPCOM-2025-12143,2025-10-24,800000,Renovation,Renovation,Issued,HALIFAX,District 11,0,1,Commercial,44.61178266887938,-63.61858936150336
10329,BPCOM-2025-12185,2025-09-05,125000,Renovation,Renovation,Completed,DARTMOUTH,District 05,0,3,Commercial,44.68656042112191,-63.55952448193897
10330,BPCOM-2025-12247,2025-09-05,450000,Renovation,Renovation,Completed,DARTMOUTH,District 05,0,1,Commercial,44.69094112209291,-63.58520494849054
10331,BPCOM-2025-12279,2026-01-07,31468000,New Building,New Building,Issued,,District 05,95,5,Dwelling - Multiple Units,44.67394850379738,-63.57794747680792
10332,BPCOM-2025-12294,,77500,Addition,Addition,Applicant Revisions,DARTMOUTH,District 06,0,1,Commercial,44.69764234607669,-63.60501788743224
10333,BPCOM-2025-12434,2025-11-04,111500,Renovation,Renovation,Issued,FALL RIVER,District 01,0,1,Institutional and Governmental,44.807639829509505,-63.62986112291615
10334,BPCOM-2025-12512,2025-11-03,325000,Renovation,Renovation,Completed,LOWER SACKVILLE,District 15,0,1,Commercial,44.77068665291873,-63.68965102108222
10335,BPCOM-2025-12541,2025-08-25,400000,Renovation,Renovation,Issued,HALIFAX,District 12,0,1,Commercial,44.64982627267894,-63.67445964931155
10336,BPCOM-2025-12593,,120000,Renovation,Renovation,Applicant Revisions,LOWER SACKVILLE,District 15,0,2,Commercial,44.764732164723874,-63.68757662237387
10337,BPCOM-2025-12600,2025-11-26,1250000,New Building,New Building,Issued,HALIFAX,District 10,17,3,Dwelling - Multiple Units,44.659610144308424,-63.63142764344905
10338,BPCOM-2025-12606,2025-09-05,5000,New Building,New Building,Issued,POPES HARBOUR,District 02,0,1,Accessory Structure,44.81102419437445,-62.638146615851824
10339,BPCOM-2025-12669,2025-11-06,85000,New Building,New Building,Issued,WESTPHAL,District 04,0,1,Commercial,44.69579237223666,-63.49411371651224
10340,BPCOM-2025-12714,2025-09-12,95000,Renovation,Renovation,Completed,DARTMOUTH,District 06,0,3,Commercial,44.700519488130425,-63.581704253848066
10341,BPCOM-2025-12796,2025-11-06,350000,New Building,New Building,Issued,WESTPHAL,District 04,0,1,Commercial,44.695646470805194,-63.494648914486355
10342,BPCOM-2025-12853,2025-10-02,400000,Renovation,Renovation,Issued,BEDFORD,District 16,0,1,Commercial,44.7393643381159,-63.65489119091952
10343,BPCOM-2025-12904,2025-09-16,950000,Renovation,Renovation,Issued,,District 15,0,1,Commercial,44.77086538747443,-63.69289611022419
10344,BPCOM-2025-12930,2025-10-02,45000,Renovation,Renovation,Issued,BEDFORD,District 16,0,1,Commercial,44.70858261542343,-63.70964576943253
10345,BPCOM-2025-12961,2025-09-17,400000,Renovation,Renovation,Completed,GOFFS,District 01,0,1,Commercial,44.879305448028774,-63.52306774679615
10346,BPCOM-2025-12976,2025-09-22,10000000,Renovation,Renovation,Issued,HALIFAX,District 07,0,5,Commercial,44.65178326639569,-63.57414191035051
10347,BPCOM-2025-13110,2026-01-05,20000,Renovation,Renovation,Completed,BEDFORD,District 16,0,1,Commercial,44.7100581909901,-63.66890447717951
10348,BPCOM-2025-13248,2025-09-15,10000,Addition,Addition,Amendment Applicant Revisions,COW BAY,District 03,0,2,Commercial,44.644550629705485,-63.42143089380752
10349,BPCOM-2025-13274,2025-09-24,45000,Renovation,Renovation,Issued,DARTMOUTH,District 05,0,2,Institutional and Governmental,44.67227481908191,-63.58621760315782
10350,BPCOM-2025-13374,,26900000,New Building,New Building,Applicant Revisions,HALIFAX,District 08,174,12,Dwelling - Multiple Units,44.650445053674915,-63.58198391427322
10351,BPCOM-2025-13454,2025-10-02,500000,Renovation,Renovation,Completed,DARTMOUTH,District 06,0,2,Commercial,44.69773010108463,-63.602373650244296
10352,BPCOM-2025-13654,2026-01-07,350000,New Building,New Building,Issued,SHEET HARBOUR,District 02,0,1,Commercial,44.92572815163852,-62.54089844945769
10353,BPCOM-2025-13656,,400700.01,Renovation,Renovation,Applicant Revisions,LOWER SACKVILLE,District 15,0,1,Commercial,44.759462594559935,-63.65796201863322
10354,BPCOM-2025-13742,2025-10-03,1660000,New Building,New Building,Issued,HALIFAX,District 10,123,9,Mixed Use - Residential & Other Use(s),44.65754080126738,-63.62996915416649
10355,BPCOM-2025-13773,2025-10-02,175000,Renovation,Renovation,Completed,COLE HARBOUR,District 04,0,1,Commercial,44.66982313641441,-63.499408105175235
10356,BPCOM-2025-13781,2025-10-01,433000,Renovation,Renovation,Completed,DARTMOUTH,District 06,0,1,Commercial,44.69616742095974,-63.57193871665344
10357,BPCOM-2025-13856,2025-09-23,500,Renovation,Renovation,Issued,LOWER SACKVILLE,District 15,0,2,Commercial,44.76520760988264,-63.677683633362456
10358,BPCOM-2025-13927,2025-12-22,25000,Renovation,Renovation,Completed,HAMMONDS PLAINS,District 14,0,2,Commercial,44.72731715770201,-63.744418158234915
10359,BPCOM-2025-14017,2025-12-11,450000,Addition,Addition,Issued,FALL RIVER,District 01,1,3,Mixed Use - Residential & Other Use(s),44.81534040682348,-63.61599479928095
10360,BPCOM-2025-14056,2026-02-02,2517000,Renovation,Renovation,Issued,MUSQUODOBOIT HARBOUR,District 02,0,1,Institutional and Governmental,44.78774559022675,-63.147979058348334
10361,BPCOM-2025-14083,2025-10-21,100000,Renovation,Renovation,Completed,BEECHVILLE,District 12,0,2,Commercial,44.63710388272177,-63.665936459050485
10362,BPCOM-2025-14116,2025-09-17,10000,Renovation,Renovation,Issued,DARTMOUTH,District 05,0,1,Commercial,44.67829853274277,-63.58964158802645
10363,BPCOM-2025-14179,2025-11-13,250000,Renovation,Renovation,Completed,HALIFAX,District 11,5,4,Dwelling - Multiple Units,44.61870678822849,-63.62157919362275
10364,BPCOM-2025-14196,,100000,New Building,New Building,Application Incomplete,LUCASVILLE,District 14,0,1,Industrial,44.75094093315963,-63.73899879998988
10365,BPCOM-2025-14240,2026-02-27,2500000,Addition,Addition,Issued,HALIFAX,District 07,35,7,Mixed Use - Residential & Other Use(s),44.64608195432339,-63.573815367126194
10366,BPCOM-2025-14276,2025-10-08,1200000,Renovation,Renovation,Completed,BEDFORD,District 16,0,2,Commercial,44.70917405303273,-63.71002419717636
10367,BPCOM-2025-14367,2025-10-16,45000,Renovation,Renovation,Completed,HALIFAX,District 10,0,7,Mixed Use - Residential & Other Use(s),44.67538227276998,-63.64728267072488
10368,BPCOM-2025-14452,2025-11-17,2071520,Renovation,Renovation,Issued,HALIFAX,District 09,0,7,Dwelling - Multiple Units,44.646239010559896,-63.62337995908231
10369,BPCOM-2025-14535,2026-03-10,1925000,New Building,New Building,Issued,MUSQUODOBOIT HARBOUR,District 02,0,1,Commercial,44.78397995164184,-63.15830301464035
10370,BPCOM-2025-14585,2025-11-17,10500000,New Building,New Building,Issued,HALIFAX,District 11,46,4,Dwelling - Multiple Units,44.60475944761584,-63.6123040563978
10371,BPCOM-2025-14602,,70000,Addition,Addition,Withdrawn,HALIFAX,District 11,2,3,Dwelling - Multiple Units,44.60958254240611,-63.61625840707493
10372,BPCOM-2025-14722,2026-05-22,138718.45,Renovation,Renovation,Completed,HALIFAX,District 08,0,2,Commercial,44.657185165922066,-63.59575006206616
10373,BPCOM-2025-14812,2025-10-16,50000,Renovation,Renovation,Completed,HALIFAX,District 09,0,6,Institutional and Governmental,44.64792555836938,-63.5941881502007
10374,BPCOM-2025-14826,,3200000,Addition,Addition,Applicant Revisions,GOFFS,District 01,0,1,Commercial,44.85384112892294,-63.547204499218566
10375,BPCOM-2025-14902,2026-05-05,65018631,New Building,New Building,Issued,,District 04,0,4,Institutional and Governmental,44.698577137725344,-63.47018199031119
10376,BPCOM-2025-14906,2025-10-27,25000,Renovation,Renovation,Issued,SEAFORTH,District 02,0,2,Commercial,44.6801437708555,-63.258435049841
10377,BPCOM-2025-15001,2025-10-02,40000,Renovation,Renovation,Completed,HALIFAX,District 07,0,4,Commercial,44.6420160388913,-63.57761902404656
10378,BPCOM-2025-15027,2025-11-24,6100000,New Building,New Building,Issued,DARTMOUTH,District 06,0,2,Commercial,44.7111034287674,-63.562494877943756
10379,BPCOM-2025-15109,2025-10-20,4700000,Addition,Addition,Issued,DARTMOUTH,District 06,0,1,Commercial,44.714825300137406,-63.57205979810847
10380,BPCOM-2025-15127,2025-10-22,1520000,Addition,Addition,Issued,HALIFAX,District 08,12,4,Dwelling - Multiple Units,44.653349797035574,-63.58563163099536
10381,BPCOM-2025-15153,2025-10-08,700000,Renovation,Renovation,Issued,HALIFAX,District 07,0,22,Commercial,44.64930696488166,-63.573363723911974
10382,BPCOM-2025-15191,2026-01-06,20000,Renovation,Renovation,Issued,SHEET HARBOUR,District 02,0,3,Commercial,44.92592196652221,-62.54698506908399
10383,BPCOM-2025-15237,,50000,New Building,New Building,Applicant Revisions,WEST PETPESWICK,District 02,0,1,Commercial,44.73567820777945,-63.16877139253762
10384,BPCOM-2025-15297,2025-10-28,2000,Renovation,Renovation,Issued,DARTMOUTH,District 05,0,2,Commercial,44.66692736445529,-63.56489365609126
10385,BPCOM-2025-15320,2026-01-06,3000000,New Building,New Building,Issued,HAMMONDS PLAINS,District 14,46,4,Mixed Use - Residential & Other Use(s),44.727627552345595,-63.747278919658534
10386,BPCOM-2025-15321,2026-01-06,2400000,New Building,New Building,Issued,HAMMONDS PLAINS,District 14,38,4,Mixed Use - Residential & Other Use(s),44.72755468159264,-63.747018626975475
10387,BPCOM-2025-15380,2026-01-28,230000,Renovation,Renovation,Issued,MYERS POINT,District 02,0,2,Institutional and Governmental,44.77579071735256,-63.03954688004174
10388,BPCOM-2025-15461,2025-10-21,600000,Renovation,Renovation,Issued,HALIFAX,District 09,0,8,Commercial,44.643649138286236,-63.62235878314023
10389,BPCOM-2025-15579,2025-11-24,150000,Renovation,Renovation,Issued,LOWER SACKVILLE,District 15,0,2,Institutional and Governmental,44.761411917418506,-63.652011881897685
10390,BPCOM-2025-15584,2025-12-04,75000,Renovation,Renovation,Issued,HALIFAX,District 09,0,3,Commercial,44.649368575944415,-63.61874247106554
10391,BPCOM-2025-15594,,50000,Addition,Addition,Applicant Revisions,TERENCE BAY,District 13,0,1,Commercial,44.46726308616337,-63.71747291535044
10392,BPCOM-2025-15647,2025-11-04,250000,Renovation,Renovation,Completed,GOFFS,District 01,0,6,Commercial,44.886560015262745,-63.51491466538
10393,BPCOM-2025-15662,2026-01-28,46997934,New Building,New Building,Issued,HALIFAX,District 07,0,6,Institutional and Governmental,44.63901514791579,-63.58878813211204
10394,BPCOM-2025-15665,2025-10-15,192000,Renovation,Renovation,Completed,HALIFAX,District 07,0,9,Commercial,44.649909723136616,-63.573835101850825
10395,BPCOM-2025-15769,2025-10-17,100000,Renovation,Renovation,Issued,DARTMOUTH,District 06,0,2,Commercial,44.690536359953924,-63.59846463510754
10396,BPCOM-2025-15785,2026-02-25,200000,Renovation,Renovation,Issued,DARTMOUTH,District 05,0,3,Commercial,44.66531799203142,-63.56718002790332
10397,BPCOM-2025-15825,2025-10-20,158956,Renovation,Renovation,Issued,HALIFAX,District 07,0,19,Mixed Use - Residential & Other Use(s),44.64129518739388,-63.578961610397236
10398,BPCOM-2025-15894,,12000,Renovation,Renovation,Applicant Revisions,HALIFAX,District 08,0,3,Commercial,44.65597329575839,-63.59916888383111
10399,BPCOM-2025-15933,2026-03-12,80000,Renovation,Renovation,Issued,MYERS POINT,District 02,0,2,Institutional and Governmental,44.77579071735256,-63.03954688004174
10400,BPCOM-2025-15998,2025-12-16,625000,Renovation,Renovation,Completed,BEECHVILLE,District 12,0,1,Commercial,44.65223773372726,-63.681930298485085
10401,BPCOM-2025-16013,,150000,Renovation,Renovation,Applicant Revisions,BEDFORD,District 16,0,1,Commercial,44.71272006762653,-63.71509671629248
10402,BPCOM-2025-16056,2026-01-26,1150000,Addition,Addition,Issued,BEDFORD,District 16,0,2,Commercial,44.72378215629639,-63.711978015038966
10403,BPCOM-2025-16134,2025-11-14,601000,Renovation,Renovation,Issued,DARTMOUTH,District 03,0,1,Commercial,44.670362149929694,-63.528130388173594
10404,BPCOM-2025-16174,2025-12-04,175000,Renovation,Renovation,Issued,LOWER SACKVILLE,District 15,0,1,Commercial,44.768827557770386,-63.685889532883614
10405,BPCOM-2025-16228,2025-11-27,500000,Renovation,Renovation,Issued,COLE HARBOUR,District 04,0,1,Commercial,44.67496501855238,-63.492580415135265
10406,BPCOM-2025-16259,2026-01-27,1000000,Renovation,Renovation,Issued,DARTMOUTH,District 06,0,1,Industrial,44.714421530733006,-63.582288234298616
10407,BPCOM-2025-16315,2025-11-20,43700,Renovation,Renovation,Completed,DARTMOUTH,District 06,0,2,Commercial,44.70212887553781,-63.56300908648515
10408,BPCOM-2025-16390,,23801040,New Building,New Building,Applicant Revisions,,District 01,0,3,Commercial,44.73122277015369,-63.59528613463306
10409,BPCOM-2025-16394,2025-11-04,500000,Renovation,Renovation,Completed,HALIFAX,District 07,0,18,Commercial,44.64302898652359,-63.578680787340815
10410,BPCOM-2025-16452,2025-11-17,25000,Addition,Addition,Issued,DARTMOUTH,District 06,0,1,Commercial,44.71869760585512,-63.56178647294865
10411,BPCOM-2025-16494,2025-12-19,450000,Renovation,Renovation,Completed,BEDFORD,District 16,0,2,Commercial,44.74651312299597,-63.63640748424379
10412,BPCOM-2025-16547,2025-11-20,90000,Renovation,Renovation,Issued,BEDFORD,District 16,0,2,Commercial,44.71218948260301,-63.716029414994885
10413,BPCOM-2025-16624,2025-12-03,9458193,Renovation,Renovation,Issued,HALIFAX,District 07,0,2,Commercial,44.64966610556248,-63.57564691094759
10414,BPCOM-2025-16700,,1750000,New Building,New Building,Application Incomplete,HALIFAX,District 08,4,4,Mixed Use - Residential & Other Use(s),44.66213886484702,-63.60091640470993
10415,BPCOM-2025-16854,,684000,New Building,New Building,Applicant Revisions,EAST PRESTON,District 04,0,2,Commercial,44.71006246347903,-63.43977140744342
10416,BPCOM-2025-16899,2026-03-02,12800000,New Building,New Building,Issued,LUCASVILLE,District 14,64,3,Dwelling - Multiple Units,44.76619723135018,-63.722571500151226
10417,BPCOM-2025-16905,,1000000,New Building,New Building,Withdrawn,,District 03,0,2,Commercial,44.62039001550503,-63.50315207118579
10418,BPCOM-2025-16995,2025-11-19,69485,Renovation,Renovation,Completed,LOWER SACKVILLE,District 15,0,1,Commercial,44.77714656018999,-63.67234545065145
10419,BPCOM-2025-17025,2026-01-20,5500000,Addition,Addition,Issued,BEDFORD,District 16,0,4,Commercial,44.72225598155308,-63.69550444192757
10420,BPCOM-2025-17096,2025-11-25,27397,New Building,New Building,Completed,HALIFAX,District 12,0,1,Accessory Structure,44.65838586672393,-63.66207824108128
10421,BPCOM-2025-17133,2025-11-26,200000,Renovation,Renovation,Completed,HALIFAX,District 09,0,1,Commercial,44.642276615991946,-63.62013800026875
10422,BPCOM-2025-17213,2025-11-14,25000,Renovation,Renovation,Issued,HALIFAX,District 08,0,2,Commercial,44.66266046588286,-63.61946658102005
10423,BPCOM-2025-17280,,180000,Renovation,Renovation,In Review,HALIFAX,District 08,0,2,Commercial,44.65086619499253,-63.581388387163365
10424,BPCOM-2025-17369,2026-06-02,35000,Renovation,Renovation,Issued,BEDFORD,District 16,0,2,Commercial,44.71604675237573,-63.676411612960294
10425,BPCOM-2025-17396,2026-04-01,135000,Renovation,Renovation,Issued,HALIFAX,District 07,0,6,Mixed Use - Residential & Other Use(s),44.644701522069,-63.57934135404518
10426,BPCOM-2025-17414,2026-06-05,9000000,New Building,New Building,Issued,DARTMOUTH,District 06,0,2,Industrial,44.73054589813318,-63.57746612502671
10427,BPCOM-2025-17454,2025-11-20,35000,Renovation,Renovation,Issued,HALIFAX,District 07,0,10,Mixed Use - Residential & Other Use(s),44.641839725063456,-63.579310477841794
10428,BPCOM-2025-17587,2025-12-16,4199000,Renovation,Renovation,Issued,HALIFAX,District 07,0,17,Commercial,44.64669334286695,-63.57504938328099
10429,BPCOM-2025-17657,2025-11-21,516100,Renovation,Renovation,Issued,HALIFAX,District 09,0,3,Commercial,44.649368575944415,-63.61874247106554
10430,BPCOM-2025-17697,2025-12-03,20000,Renovation,Renovation,Issued,HALIFAX,District 08,0,2,Commercial,44.6542551407583,-63.586953249469175
10431,BPCOM-2025-17752,2026-01-08,750000,Renovation,Renovation,Issued,HALIFAX,District 09,0,5,Commercial,44.64456804856731,-63.61829827347219
10432,BPCOM-2025-17770,2026-04-29,45000000,New Building,New Building,Issued,BEDFORD,District 16,120,11,Dwelling - Multiple Units,44.71626467772834,-63.719325948201664
10433,BPCOM-2025-17821,,40000,New Building,New Building,Applicant Revisions,MURPHY COVE,District 02,0,1,Commercial,44.77570239951846,-62.76305185896554
10434,BPCOM-2025-17931,2026-01-15,2000000,Renovation,Renovation,Issued,DARTMOUTH,District 06,0,3,Industrial,44.699801375879396,-63.5981808375629
10435,BPCOM-2025-17953,,300000,Renovation,Renovation,Withdrawn,PORTERS LAKE,District 02,0,1,Commercial,44.743976996129526,-63.28386154116478
10436,BPCOM-2025-18004,2026-03-25,175000,Renovation,Renovation,Issued,BEDFORD,District 16,0,3,Mixed Use - Residential & Other Use(s),44.724657065125726,-63.66999521653281
10437,BPCOM-2025-18083,,200000,Renovation,Renovation,Applicant Revisions,WEST PETPESWICK,District 02,1,2,Mixed Use - Residential & Other Use(s),44.738164382040544,-63.17167765396098
10438,BPCOM-2025-18122,2025-12-11,1200000,Renovation,Renovation,Issued,HALIFAX,District 09,0,5,Commercial,44.64456804856731,-63.61829827347219
10439,BPCOM-2025-18222,,20000,New Building,New Building,Applicant Revisions,BEAVER BANK,District 15,0,1,Accessory Structure,44.79327708709683,-63.67928221991983
10440,BPCOM-2025-18332,2025-12-16,175000,Renovation,Renovation,Issued,HALIFAX,District 07,0,7,Commercial,44.64446689892425,-63.5749135862854
10441,BPCOM-2025-18385,2025-12-12,800000,Renovation,Renovation,Issued,HALIFAX,District 07,0,18,Commercial,44.64690318895995,-63.572651267745684
10442,BPCOM-2025-18400,2026-02-02,23734,Renovation,Renovation,Issued,DARTMOUTH,District 05,0,7,Institutional and Governmental,44.66779891344483,-63.567473819663164
10443,BPCOM-2025-18472,,1750000,Addition,Addition,Applicant Revisions,EASTERN PASSAGE,District 03,4,3,Mixed Use - Residential & Other Use(s),44.60672002036307,-63.48872732056844
10444,BPCOM-2025-18510,2026-01-20,150000,Renovation,Renovation,Completed,BEDFORD,District 16,0,1,Commercial,44.71272006762653,-63.71509671629248
10445,BPCOM-2025-18598,,10000,New Building,New Building,Withdrawn,HALIFAX,District 09,0,1,Commercial,44.65406288050037,-63.62501716478665
10446,BPCOM-2025-18622,2026-05-26,310200,Renovation,Renovation,Issued,HALIFAX,District 08,3,19,Dwelling - Multiple Units,44.64854189487113,-63.59152820833357
10447,BPCOM-2025-18693,,600000,Addition,Addition,Applicant Revisions,HALIFAX,District 10,0,9,Commercial,44.65918156079356,-63.631504090876895
10448,BPCOM-2025-18727,2026-01-21,30000,Renovation,Renovation,Issued,COLE HARBOUR,District 04,0,1,Commercial,44.67111987185073,-63.49070830225622
10449,BPCOM-2025-18742,2026-01-12,250000,Renovation,Renovation,Issued,GOFFS,District 01,0,6,Commercial,44.886560015262745,-63.51491466538
10450,BPCOM-2025-18754,2026-01-15,70285,Renovation,Renovation,Issued,DARTMOUTH,District 06,0,2,Commercial,44.696288112470114,-63.57650560730282
10451,BPCOM-2025-18792,,24000000,New Building,New Building,Applicant Revisions,COLE HARBOUR,District 04,104,6,Dwelling - Multiple Units,44.67227667987706,-63.48107066038128
10452,BPCOM-2025-18792,,24000000,New Building,New Building,Applicant Revisions,COLE HARBOUR,District 04,104,6,Dwelling - Multiple Units,44.67227667987706,-63.48107066038128
10453,BPCOM-2025-18817,,1300000,New Building,New Building,Application Incomplete,,District 03,0,2,Commercial,44.62039001550503,-63.50315207118579
10454,BPCOM-2025-18820,2026-01-07,250000,Renovation,Renovation,Issued,DARTMOUTH,District 06,0,2,Commercial,44.70511348834161,-63.596776457496546
10455,BPCOM-2025-18910,2026-01-06,296997,Renovation,Renovation,Issued,GOFFS,District 01,0,2,Commercial,44.886560015262745,-63.51491466538
10456,BPCOM-2025-18992,2026-04-10,123479.17,Renovation,Renovation,Issued,BEDFORD,District 16,0,1,Commercial,44.71473000243283,-63.67927388411533
10457,BPCOM-2025-18997,,1000,Renovation,Renovation,Applicant Revisions,MEAGHERS GRANT,District 01,0,2,Mixed Use - Residential & Other Use(s),44.908037330251396,-63.23860054204193
10458,BPCOM-2025-19029,2026-01-13,138500,Renovation,Renovation,Completed,HALIFAX,District 10,0,1,Commercial,44.656605491517674,-63.631593556109145
10459,BPCOM-2025-19090,,20000,New Building,New Building,Withdrawn,HERRING COVE,District 11,0,1,Accessory Structure,44.56385000402233,-63.56973514896553
10460,BPCOM-2025-19096,2026-04-01,100000,Renovation,Renovation,Issued,HALIFAX,District 07,0,6,Commercial,44.644701522069,-63.57934135404518
10461,BPCOM-2026-00118,2026-02-18,105000,New Building,New Building,Issued,HAMMONDS PLAINS,District 14,0,1,Commercial,44.7380957748821,-63.8147076118967
10462,BPCOM-2026-00144,2026-05-15,8400700,New Building,New Building,Issued,DARTMOUTH,District 03,51,4,Dwelling - Multiple Units,44.658851426795955,-63.533496675954915
10463,BPCOM-2026-00265,2026-01-28,50000,Renovation,Renovation,Issued,HALIFAX,District 08,0,3,Commercial,44.655619023463125,-63.59918171995882
10464,BPCOM-2026-00297,2026-01-20,500000,Renovation,Renovation,Issued,HALIFAX,District 11,0,1,Commercial,44.616195058949515,-63.61503042352705
10465,BPCOM-2026-00345,2026-02-04,520874,Renovation,Renovation,Issued,DARTMOUTH,District 06,0,1,Industrial,44.72251343165903,-63.56006388771974
10466,BPCOM-2026-00374,,80000,Renovation,Renovation,Withdrawn,HALIFAX,District 07,0,22,Mixed Use - Residential & Other Use(s),44.64386987195683,-63.56984458600852
10467,BPCOM-2026-00374,,80000,Renovation,Renovation,Withdrawn,HALIFAX,District 07,0,22,Mixed Use - Residential & Other Use(s),44.64386987195683,-63.56984458600852
10468,BPCOM-2026-00410,,28000,New Building,New Building,Application Incomplete,TIMBERLEA,District 12,0,1,Commercial,44.668228765007385,-63.76842472400226
10469,BPCOM-2026-00458,2026-01-27,120000,Renovation,Renovation,Completed,DARTMOUTH,Unidentified,0,1,Commercial,44.673150502229056,-63.53137326610548
10470,BPCOM-2026-00500,2026-01-22,20000,Renovation,Renovation,Issued,HALIFAX,District 12,0,1,Commercial,44.65177556411267,-63.677755444713306
10471,BPCOM-2026-00562,2026-01-23,1500000,Renovation,Renovation,Issued,HALIFAX,District 07,0,2,Institutional and Governmental,44.63936277761296,-63.585327595239505
10472,BPCOM-2026-00587,,35000,Renovation,Renovation,Applicant Revisions,HALIFAX,District 08,0,13,Mixed Use - Residential & Other Use(s),44.65668773491488,-63.59892108034807
10473,BPCOM-2026-00591,,20000,Renovation,Renovation,Applicant Revisions,HALIFAX,District 08,0,3,Commercial,44.65580073758185,-63.598965652539256
10474,BPCOM-2026-00796,2026-02-27,115000,Renovation,Renovation,Issued,HALIFAX,District 09,0,8,Commercial,44.64456804856731,-63.61829827347219
10475,BPCOM-2026-00833,,10000,Renovation,Renovation,Applicant Revisions,HALIFAX,District 08,0,3,Mixed Use - Residential & Other Use(s),44.655812495526376,-63.598504110429865
10476,BPCOM-2026-00864,,10000,Renovation,Renovation,Applicant Revisions,HALIFAX,District 08,0,3,Commercial,44.65575549707965,-63.598539988040955
10477,BPCOM-2026-01033,2026-02-10,24700,Renovation,Renovation,Issued,HALIFAX,District 07,0,12,Commercial,44.640363716144236,-63.568314476413825
10478,BPCOM-2026-01057,,129730,Addition,Addition,Applicant Revisions,HALIFAX,District 09,0,2,Commercial,44.653032503336966,-63.61306497848362
10479,BPCOM-2026-01107,2026-03-30,1200000,Renovation,Renovation,Issued,DARTMOUTH,District 06,0,2,Commercial,44.700000395267494,-63.59548550729755
10480,BPCOM-2026-01173,,25000,Renovation,Renovation,Applicant Revisions,HALIFAX,District 08,0,3,Commercial,44.65612906373261,-63.599101594327706
10481,BPCOM-2026-01182,2026-03-06,1000000,Addition,Addition,Issued,DARTMOUTH,District 06,0,1,Commercial,44.71129272509968,-63.56584545122151
10482,BPCOM-2026-01213,,10000,Renovation,Renovation,Applicant Revisions,HALIFAX,District 08,0,3,Commercial,44.655931738961755,-63.5991168059511
10483,BPCOM-2026-01269,2026-06-17,20000,Renovation,Renovation,Issued,TERENCE BAY,District 13,0,2,Commercial,44.46369295218445,-63.72099067729344
10484,BPCOM-2026-01330,2026-02-10,150000,Renovation,Renovation,Completed,HALIFAX,District 08,0,1,Commercial,44.66292800524312,-63.602383375876954
10485,BPCOM-2026-01396,,10000,Renovation,Renovation,Applicant Revisions,HALIFAX,District 08,0,3,Commercial,44.65607560703135,-63.59932591922676
10486,BPCOM-2026-01399,,10000,Renovation,Renovation,Applicant Revisions,HALIFAX,District 08,0,3,Commercial,44.65615690250377,-63.599444118527835
10487,BPCOM-2026-01429,2026-03-18,15000,Renovation,Renovation,Issued,DARTMOUTH,District 06,0,2,Commercial,44.69213175375052,-63.60059024203876
10488,BPCOM-2026-01444,,34000000,New Building,New Building,Applicant Revisions,HALIFAX,District 10,164,9,Dwelling - Multiple Units,44.65296740262956,-63.631067895658454
10489,BPCOM-2026-01444,,34000000,New Building,New Building,Applicant Revisions,HALIFAX,District 10,164,9,Dwelling - Multiple Units,44.65296740262956,-63.631067895658454
10490,BPCOM-2026-01444,,34000000,New Building,New Building,Applicant Revisions,HALIFAX,District 10,164,9,Dwelling - Multiple Units,44.65296740262956,-63.631067895658454
10491,BPCOM-2026-01444,,34000000,New Building,New Building,Applicant Revisions,HALIFAX,District 10,164,9,Dwelling - Multiple Units,44.65296740262956,-63.631067895658454
10492,BPCOM-2026-01467,2026-03-09,297783.59,Renovation,Renovation,Issued,DARTMOUTH,District 06,0,2,Commercial,44.69505277404231,-63.57199181568655
10493,BPCOM-2026-01495,2026-02-17,23000,Renovation,Renovation,Issued,HALIFAX,District 16,0,4,Dwelling - Multiple Units,44.69758691334754,-63.66576623058254
10494,BPCOM-2026-01526,2026-06-11,10000000,New Building,New Building,Issued,HAMMONDS PLAINS,District 14,46,3,Mixed Use - Residential & Other Use(s),44.734262864132795,-63.75764837717945
10495,BPCOM-2026-01553,2026-05-19,985000,Addition,Addition,Issued,DARTMOUTH,District 06,0,1,Commercial,44.69712333327245,-63.59357573922706
10496,BPCOM-2026-01614,,25000,New Building,New Building,Applicant Revisions,,District 13,0,2,Commercial,44.51269627011931,-63.85872307924769
10497,BPCOM-2026-01617,,25000,New Building,New Building,Applicant Revisions,,District 13,0,2,Commercial,44.51269627011931,-63.85872307924769
10498,BPCOM-2026-01619,,45000000,New Building,New Building,Applicant Revisions,,District 15,424,4,Mixed Use - Residential & Other Use(s),44.81701636697849,-63.681614419967005
10499,BPCOM-2026-01708,2026-03-04,25000,Renovation,Renovation,Issued,DARTMOUTH,District 06,0,1,Commercial,44.71349254730326,-63.60298581483762
10500,BPCOM-2026-01739,2026-05-15,17500000,New Building,New Building,Issued,DARTMOUTH,District 05,80,6,Dwelling - Multiple Units,44.68516133075777,-63.58549436998086
10501,BPCOM-2026-01762,2026-03-19,468520,Renovation,Renovation,Issued,HALIFAX,District 12,0,1,Commercial,44.649320394982325,-63.67720063251109
10502,BPCOM-2026-01814,2026-02-26,30000,Renovation,Renovation,Issued,DARTMOUTH,District 06,0,1,Commercial,44.705765598496534,-63.56223425875823
10503,BPCOM-2026-01843,,200000,Renovation,Renovation,Withdrawn,HALIFAX,District 07,0,8,Commercial,44.64846610326862,-63.57593956290823
10504,BPCOM-2026-01908,,8800000,New Building,New Building,Applicant Revisions,,District 14,46,4,Mixed Use - Residential & Other Use(s),44.72608732034264,-63.75463789712081
10505,BPCOM-2026-01908,,8800000,New Building,New Building,Applicant Revisions,,District 14,46,4,Mixed Use - Residential & Other Use(s),44.72608732034264,-63.75463789712081
10506,BPCOM-2026-01930,2026-03-25,80000,Renovation,Renovation,Issued,BEDFORD,District 16,0,1,Commercial,44.71336448807936,-63.714994954799224
10507,BPCOM-2026-02173,,,Renovation,Renovation,Withdrawn,LAKE ECHO,District 02,0,1,Commercial,44.73885065193028,-63.38178435811418
10508,BPCOM-2026-02181,2026-04-01,100000,Renovation,Renovation,Issued,HALIFAX,District 12,0,4,Dwelling - Multiple Units,44.66622746124259,-63.661108987884305
10509,BPCOM-2026-02222,2026-03-11,5000,Renovation,Renovation,Completed,HALIFAX,District 08,0,7,Mixed Use - Residential & Other Use(s),44.66706041215434,-63.59822667596795
10510,BPCOM-2026-02237,2026-03-12,100000,Renovation,Renovation,Issued,DARTMOUTH,District 06,0,2,Commercial,44.70322035926361,-63.56232897698277
10511,BPCOM-2026-02496,2026-06-09,500000,Renovation,Renovation,Issued,HALIFAX,District 08,0,19,Commercial,44.65803508684372,-63.59960347870637
10512,BPCOM-2026-02612,2026-04-08,500000,Renovation,Renovation,Issued,DARTMOUTH,District 06,0,2,Commercial,44.70212887553781,-63.56300908648515
10513,BPCOM-2026-02638,2026-05-14,450000,Renovation,Renovation,Issued,BEECHVILLE,District 12,0,2,Commercial,44.64247773821323,-63.68614869229528
10514,BPCOM-2026-02689,,1000,Renovation,Renovation,Applicant Revisions,HALIFAX,District 08,0,2,Commercial,44.656774091493865,-63.59566314068227
10515,BPCOM-2026-02787,2026-04-28,20000000,Renovation,Renovation,Issued,DARTMOUTH,District 05,69,6,Dwelling - Multiple Units,44.667385440270365,-63.56368069959144
10516,BPCOM-2026-02787,2026-04-28,20000000,Renovation,Renovation,Issued,DARTMOUTH,District 05,69,6,Dwelling - Multiple Units,44.667385440270365,-63.56368069959144
10517,BPCOM-2026-02787,2026-04-28,20000000,Renovation,Renovation,Issued,DARTMOUTH,District 05,69,6,Dwelling - Multiple Units,44.667385440270365,-63.56368069959144
10518,BPCOM-2026-02847,2026-04-30,92000,Addition,Addition,Issued,DARTMOUTH,District 06,0,2,Industrial,44.71324398274275,-63.60030382626462
10519,BPCOM-2026-02904,,32000000,Addition,Addition,Applicant Revisions,HALIFAX,District 07,134,75,Mixed Use - Residential & Other Use(s),44.6490123403888,-63.57816114662933
10520,BPCOM-2026-02904,,32000000,Addition,Addition,Applicant Revisions,HALIFAX,District 07,134,75,Mixed Use - Residential & Other Use(s),44.6490123403888,-63.57816114662933
10521,BPCOM-2026-02996,2026-04-23,500000,Renovation,Renovation,Issued,HALIFAX,District 10,0,1,Commercial,44.65559784860765,-63.630181284110314
10522,BPCOM-2026-03022,2026-04-13,2500000,Renovation,Renovation,Issued,HAMMONDS PLAINS,District 14,0,2,Commercial,44.7333458693297,-63.78303366746437
10523,BPCOM-2026-03127,2026-06-04,50000,Renovation,Renovation,Issued,HALIFAX,District 08,0,2,Commercial,44.658272357309976,-63.59735222191464
10524,BPCOM-2026-03171,2026-04-10,166000,Renovation,Renovation,Issued,LOWER SACKVILLE,District 15,0,1,Commercial,44.774797108859126,-63.69497462740514
10525,BPCOM-2026-03287,2026-04-09,154420,Renovation,Renovation,Issued,HALIFAX,District 07,0,4,Commercial,44.65178326639569,-63.57414191035051
10526,BPCOM-2026-03303,2026-03-25,75000,Renovation,Renovation,Issued,HALIFAX,District 12,0,1,Commercial,44.67211616467121,-63.6652719039595
10527,BPCOM-2026-03476,2026-04-02,300000,Renovation,Renovation,Issued,HALIFAX,District 09,0,3,Commercial,44.649368575944415,-63.61874247106554
10528,BPCOM-2026-03583,,35000,Renovation,Renovation,Withdrawn,UPPER TANTALLON,District 13,0,1,Commercial,44.704079414443655,-63.85696456887938
10529,BPCOM-2026-03740,2026-05-21,25000,Renovation,Renovation,Issued,DARTMOUTH,District 06,0,2,Commercial,44.693211207648986,-63.587604402562846
10530,BPCOM-2026-03841,,34000000,New Building,New Building,In Review,HALIFAX,District 07,168,9,Mixed Use - Residential & Other Use(s),44.64374609962183,-63.57670893427575
10531,BPCOM-2026-03844,2026-04-08,50000,Renovation,Renovation,Issued,HALIFAX,District 07,0,6,Mixed Use - Residential & Other Use(s),44.643956942232094,-63.569367605402114
10532,BPCOM-2026-03848,2026-04-16,2223315.62,Renovation,Renovation,Issued,COLE HARBOUR,District 04,0,1,Commercial,44.67025589799629,-63.500934331707576
10533,BPCOM-2026-03946,,50000,Renovation,Renovation,Applicant Revisions,DARTMOUTH,District 05,0,28,Commercial,44.663776757623694,-63.564629491082115
10534,BPCOM-2026-04064,,300000,New Building,New Building,Applicant Revisions,UPPER HAMMONDS PLAINS,District 14,0,1,Industrial,44.75532534326061,-63.84608899133695
10535,BPCOM-2026-04115,2026-05-19,250000,Renovation,Renovation,Issued,BEECHVILLE,District 12,0,1,Commercial,44.65223773372726,-63.681930298485085
10536,BPCOM-2026-04210,,6447500,New Building,New Building,Applicant Revisions,DARTMOUTH,District 06,0,5,Commercial,44.69526589416729,-63.579984023965125
10537,BPCOM-2026-04219,2026-04-24,500000,Renovation,Renovation,Issued,HALIFAX,District 07,0,5,Commercial,44.636077894335045,-63.59385494574683
10538,BPCOM-2026-04324,2026-06-01,100000,Renovation,Renovation,Issued,HALIFAX,District 08,0,2,Dwelling - Multiple Units,44.65267977638001,-63.58173926747299
10539,BPCOM-2026-04405,2026-05-22,100000,Renovation,Renovation,Issued,PORTERS LAKE,District 02,0,1,Commercial,44.74418529429107,-63.28834453187763
10540,BPCOM-2026-04465,2026-05-28,950000,Renovation,Renovation,Issued,LOWER SACKVILLE,District 15,0,3,Commercial,44.753627947434154,-63.65313949690969
10541,BPCOM-2026-04569,,400000,Renovation,Renovation,Applicant Revisions,HALIFAX,District 10,0,2,Institutional and Governmental,44.66364707219904,-63.63565491941243
10542,BPCOM-2026-04604,,12000000,Renovation,Renovation,Applicant Revisions,MIDDLE SACKVILLE,District 14,0,4,Dwelling - Multiple Units,44.789619063929706,-63.72038421435171
10543,BPCOM-2026-04660,2026-06-19,469000,Renovation,Renovation,Issued,BEECHVILLE,District 12,0,2,Commercial,44.63710388272177,-63.665936459050485
10544,BPCOM-2026-04682,,10000000,New Building,New Building,In Review,HALIFAX,District 09,64,9,Dwelling - Multiple Units,44.654391025584935,-63.610810049122875
10545,BPCOM-2026-04685,2026-05-20,9000,Renovation,Renovation,Completed,BEDFORD,District 16,0,1,Commercial,44.750945576887595,-63.64048023276241
10546,BPCOM-2026-04902,2026-06-15,1800000,Renovation,Renovation,Issued,HALIFAX,District 07,0,21,Commercial,44.648540302187236,-63.57454400877032
10547,BPCOM-2026-04959,2026-05-07,60000,Renovation,Renovation,Issued,HALIFAX,District 07,0,3,Mixed Use - Residential & Other Use(s),44.64290348077924,-63.578072640532504
10548,BPCOM-2026-04971,,1900000,New Building,New Building,Applicant Revisions,DARTMOUTH,District 05,7,5,Dwelling - Multiple Units,44.67488969179649,-63.592708791841616
10549,BPCOM-2026-05061,,70000,Renovation,Renovation,Cancelled,HALIFAX,District 09,1,2,Mixed Use - Residential & Other Use(s),44.63924096998532,-63.62853998646354
10550,BPCOM-2026-05116,,1315000,New Building,New Building,In Review,MIDDLE MUSQUODOBOIT,District 01,0,1,Institutional and Governmental,45.04460466379298,-63.1469079557328
10551,BPCOM-2026-05210,,100000,New Building,New Building,Applicant Revisions,HALIFAX,District 08,0,1,Commercial,44.663299434540875,-63.602578147350734
10552,BPCOM-2026-05244,2026-05-20,20000,Renovation,Renovation,Completed,BEDFORD,District 16,0,1,Industrial,44.747658760779,-63.635768640201086
10553,BPCOM-2026-05246,,22000,New Building,New Building,Applicant Revisions,,District 02,0,1,Commercial,44.79723011525248,-63.39320962588997
10554,BPCOM-2026-05250,,22000,New Building,New Building,Applicant Revisions,,District 02,0,1,Commercial,44.79723011525248,-63.39320962588997
10555,BPCOM-2026-05252,,22000,New Building,New Building,Applicant Revisions,,District 02,0,1,Commercial,44.79723011525248,-63.39320962588997
10556,BPCOM-2026-05337,2026-05-13,80000,Renovation,Renovation,Issued,BEDFORD,District 16,0,1,Commercial,44.71473000243283,-63.67927388411533
10557,BPCOM-2026-05358,2026-05-15,100000,Renovation,Renovation,Issued,LOWER SACKVILLE,District 15,0,1,Commercial,44.76626526871411,-63.6829203504811
10558,BPCOM-2026-05417,2026-05-19,45000,Renovation,Renovation,Issued,LOWER SACKVILLE,District 15,0,2,Commercial,44.76520760988264,-63.677683633362456
10559,BPCOM-2026-05439,2026-05-15,120000,Renovation,Renovation,Issued,HALIFAX,District 07,0,12,Commercial,44.64111736630636,-63.58674085352936
10560,BPCOM-2026-05508,,75,New Building,New Building,Application Incomplete,HAMMONDS PLAINS,District 14,0,1,Accessory Structure,44.72984172103872,-63.750188586985715
10561,BPCOM-2026-05509,,1200000,Addition,Addition,In Review,DARTMOUTH,District 06,0,1,Industrial,44.704102426340576,-63.59112171129286
10562,BPCOM-2026-05696,,3198990,Renovation,Renovation,Applicant Revisions,DARTMOUTH,District 06,0,3,Commercial,44.71129272509968,-63.56584545122151
10563,BPCOM-2026-05767,,200000000,New Building,New Building,Applicant Revisions,HALIFAX,District 09,1174,28,Mixed Use - Residential & Other Use(s),44.64731925959862,-63.592742665981284
10564,BPCOM-2026-05782,2026-05-11,65000,Renovation,Renovation,Issued,HALIFAX,District 07,0,4,Commercial,44.6420160388913,-63.57761902404656
10565,BPCOM-2026-05805,,20000,New Building,New Building,Applicant Revisions,CARROLLS CORNER,District 01,0,1,Industrial,45.007049246523366,-63.40081991807371
10566,BPCOM-2026-05978,,100,Renovation,Renovation,Applicant Revisions,DARTMOUTH,District 05,0,1,Commercial,44.663776757623694,-63.564629491082115
10567,BPCOM-2026-06066,2026-05-26,100000,Renovation,Renovation,Issued,BEDFORD,District 16,0,2,Commercial,44.716515972343345,-63.70681589808718
10568,BPCOM-2026-06137,2026-06-05,749000,Renovation,Renovation,Issued,BEDFORD,District 16,0,9,Dwelling - Multiple Units,44.71774244620952,-63.672138884479864
10569,BPCOM-2026-06310,2026-05-28,43415,Renovation,Renovation,Issued,HALIFAX,District 07,0,24,Mixed Use - Residential & Other Use(s),44.64372835773881,-63.5788033378753
10570,BPCOM-2026-06422,,5000,New Building,New Building,Applicant Revisions,DEAN,District 01,0,1,Commercial,45.18583793217352,-62.88795920092888
10571,BPCOM-2026-06467,,45000,Renovation,Renovation,In Review,BEAVER BANK,District 15,1,4,Dwelling - Multiple Units,44.80200245169079,-63.68908159237369
10572,BPCOM-2026-06496,2026-05-28,750000,Renovation,Renovation,Issued,HALIFAX,District 07,0,22,Commercial,44.652649421307245,-63.57452150316824
10573,BPCOM-2026-06643,,20000,Renovation,Renovation,Applicant Revisions,BEDFORD,District 16,0,2,Commercial,44.701700468184704,-63.70142603387846
10574,BPCOM-2026-06710,2026-06-05,526700,Renovation,Renovation,Issued,HALIFAX,District 07,0,4,Commercial,44.651326848733824,-63.574459328851425
10575,BPCOM-2026-06782,,1498615,New Building,New Building,Application Incomplete,,District 08,0,1,Industrial,44.66390789264078,-63.6216739860097
10576,BPCOM-2026-06845,2026-06-08,95750,Renovation,Renovation,Issued,HALIFAX,District 07,0,5,Institutional and Governmental,44.63898504592601,-63.58491125597247
10577,BPCOM-2026-06979,,5235500,Renovation,Renovation,Applicant Revisions,DARTMOUTH,District 06,0,2,Commercial,44.70753707389368,-63.575862437518566
10578,BPCOM-2026-07027,2026-06-09,375000,Renovation,Renovation,Issued,LOWER SACKVILLE,District 15,0,2,Commercial,44.77840904376099,-63.6710202412872
10579,BPCOM-2026-07029,,4500,Renovation,Renovation,In Review,HAMMONDS PLAINS,District 14,1,2,Mixed Use - Residential & Other Use(s),44.73828882993808,-63.752543151023076
10580,BPCOM-2026-07038,,50000,Renovation,Renovation,Applicant Revisions,HALIFAX,District 07,0,19,Commercial,44.641286660051904,-63.581142538095335
10581,BPCOM-2026-07076,,600000,Renovation,Renovation,Applicant Revisions,HALIFAX,District 09,0,6,Commercial,44.6554410728958,-63.62735803598994
10582,BPCOM-2026-07135,,15000000,New Building,New Building,Application Incomplete,DARTMOUTH,District 06,0,5,Commercial,44.71129272509968,-63.56584545122151
10583,BPCOM-2026-07171,2026-06-11,982000,Renovation,Renovation,Issued,DARTMOUTH,District 06,0,2,Commercial,44.71489331188429,-63.60441566814219
10584,BPCOM-2026-07246,2026-06-12,700000,Renovation,Renovation,Issued,HALIFAX,District 12,0,3,Commercial,44.65448564541602,-63.6690827813914
10585,BPCOM-2026-07363,,55000,Renovation,Renovation,In Review,HALIFAX,District 08,0,17,Commercial,44.65268335095769,-63.58005852495587
10586,BPCOM-2026-07555,,19000000,Renovation,Renovation,In Review,HALIFAX,District 07,119,13,Mixed Use - Residential & Other Use(s),44.647344471063185,-63.57290898265566
10587,BPCOM-2026-07555,,19000000,Renovation,Renovation,In Review,HALIFAX,District 07,119,13,Mixed Use - Residential & Other Use(s),44.647344471063185,-63.57290898265566
10588,BPCOM-2026-07609,2026-07-06,225000,Renovation,Renovation,Issued,HALIFAX,District 12,0,1,Commercial,44.65478136483146,-63.67723888721559
10589,BPCOM-2026-07633,,35000,Renovation,Renovation,Applicant Revisions,LOWER SACKVILLE,District 15,0,1,Commercial,44.77380234469004,-63.691051584934236
10590,BPCOM-2026-07862,2026-06-23,180000,Renovation,Renovation,Issued,DARTMOUTH,District 06,0,1,Commercial,44.71421032947097,-63.570861732924406
10591,BPCOM-2026-07891,,10000000,Renovation,Renovation,In Review,BEECHVILLE,District 12,0,1,Industrial,44.64996397924841,-63.681796608267696
10592,BPCOM-2026-07912,,35000,Renovation,Renovation,Applicant Revisions,HALIFAX,District 08,0,9,Mixed Use - Residential & Other Use(s),44.65963767241602,-63.59467965717809
10593,BPCOM-2026-07952,,155000,Renovation,Renovation,Submitted,GOFFS,District 01,0,6,Commercial,44.886560015262745,-63.51491466538
10594,BPCOM-2026-08021,,1827516.99,New Building,New Building,In Review,DARTMOUTH,District 06,0,1,Commercial,44.71324398274275,-63.60030382626462
10595,BPCOM-2026-08072,,25000,Renovation,Renovation,In Review,HALIFAX,District 07,0,8,Commercial,44.6426779586385,-63.57889938920029
10596,BPCOM-2026-08188,2026-06-24,250000,Renovation,Renovation,Issued,DARTMOUTH,District 05,0,5,Commercial,44.66589264267182,-63.570329317175656
10597,BPCOM-2026-08224,,30000,Renovation,Renovation,In Review,HALIFAX,District 07,0,4,Commercial,44.644267695363055,-63.57006229799719
10598,BPCOM-2026-08263,,400000,Renovation,Renovation,Applicant Revisions,HALIFAX,District 07,0,19,Commercial,44.64440616602548,-63.57214898917251
10599,BPCOM-2026-08290,,965000,Renovation,Renovation,Submitted,DARTMOUTH,District 05,0,10,Mixed Use - Residential & Other Use(s),44.664048195149505,-63.56685552077682
10600,BPCOM-2026-08405,,90000,Renovation,Renovation,Applicant Revisions,DARTMOUTH,District 06,0,1,Commercial,44.70524606721749,-63.56253289767671
10601,BPCOM-2026-08415,,80000,Renovation,Renovation,Submitted,DARTMOUTH,District 05,0,72,Mixed Use - Residential & Other Use(s),44.66440529948949,-63.564188954531666
10602,BPCOM-2026-08716,,500000,Renovation,Renovation,In Review,LOWER SACKVILLE,District 15,0,1,Commercial,44.76039787389522,-63.657459383018654
10603,BPCOM-2026-08776,,683059,Renovation,Renovation,In Review,BEDFORD,District 16,0,6,Commercial,44.72359477197514,-63.69310111651545
10604,BPCOM-2026-09018,,200000,Renovation,Renovation,Submitted,LOWER SACKVILLE,District 15,0,1,Commercial,44.768827557770386,-63.685889532883614
10605,BPRES-2021-10316,2021-12-30,139000,Addition,Addition,Issued,,District 01,1,1,Dwelling - Backyard Suite,44.86288653608088,-63.62074419714561
10606,BPRES-2021-10341,2021-06-30,101366,Addition,Addition,Completed,HALIFAX,District 08,0,2,Dwelling - Single Detached,44.65500949928273,-63.61675437379456
10607,BPRES-2021-10354,2021-07-16,65000,Renovation,Renovation,Completed,HALIFAX,District 10,0,1,Dwelling - Multiple Units,44.65508652942253,-63.6360745152883
10608,BPRES-2021-10363,2021-06-29,25500,Addition,Addition,Completed,HUBLEY,District 13,0,1,Dwelling - Single Detached,44.66036838332649,-63.795105168996756
10609,BPRES-2021-10373,2021-09-08,210500,New Building,New Building,Issued,EAST PETPESWICK,District 02,0,2,Accessory Structure,44.68803533692804,-63.14545739302243
10610,BPRES-2021-10404,2021-08-03,80000,Addition,Addition,Expired,TERENCE BAY,District 13,0,1,Dwelling - Single Detached,44.48377358220345,-63.72701537520475
10611,BPRES-2021-10421,2021-06-25,20000,New Building,New Building,Expired,EAST PRESTON,District 04,0,1,Accessory Structure,44.71378392667352,-63.39994474264204
10612,BPRES-2021-10426,2021-09-23,30500,Addition,Addition,Completed,TERENCE BAY,District 13,0,1,Dwelling - Single Detached,44.46868966571777,-63.717423669810245
10613,BPRES-2021-10432,,92000,New Building,New Building,Withdrawn,HALIFAX,District 09,1,1,Dwelling - Backyard Suite,44.65148490533147,-63.602051710360584
10614,BPRES-2021-10464,2021-06-25,500000,New Building,New Building,Completed,UPPER SACKVILLE,District 14,1,2,Dwelling - Single Detached,44.838757710715115,-63.79049269148681
10615,BPRES-2021-10475,2021-06-25,375000,New Building,New Building,Completed,BEAVER BANK,District 15,1,2,Dwelling - Single Detached,44.812765267362394,-63.66483124583363
10616,BPRES-2021-10485,2024-08-08,74000,Renovation,Renovation,Completed,BEDFORD,District 16,1,2,Dwelling - Single Detached,44.72866755054136,-63.66112699682415
10617,BPRES-2021-10487,2021-06-25,400000,New Building,New Building,Completed,BEAVER BANK,District 15,1,2,Dwelling - Single Detached,44.81235386252765,-63.665156422777
10618,BPRES-2021-10500,2021-06-25,26300,New Building,New Building,Completed,WILLIAMSWOOD,District 11,0,1,Accessory Structure,44.4871674492432,-63.61699088465069
10619,BPRES-2021-10512,2022-03-07,20000,Renovation,Renovation,Expired (Closed),LAKE ECHO,District 02,1,2,Dwelling - Backyard Suite,44.72347823813374,-63.38289747997023
10620,BPRES-2021-10527,2021-08-06,28000,Addition,Addition,Expired,DARTMOUTH,District 03,0,1,Dwelling - Single Detached,44.66580276636874,-63.55323539350253
10621,BPRES-2021-10539,2021-08-04,140000,Renovation,Renovation,Expired (Closed),HALIFAX,District 08,0,3,Dwelling - Single Detached,44.65557117789411,-63.590485179150384
10622,BPRES-2021-10566,2021-08-27,15000,New Building,New Building,Expired,LAKE ECHO,District 02,0,1,Accessory Structure,44.741975504694786,-63.39757801607298
10623,BPRES-2021-10579,2022-01-12,350000,Renovation,Renovation,Completed,DARTMOUTH,District 05,0,2,Dwelling - Multiple Units,44.6691409071069,-63.558671779849284
10624,BPRES-2021-10597,2021-09-21,295000,New Building,New Building,Completed,PORTERS LAKE,District 02,1,1,Dwelling - Single Detached,44.80327663330423,-63.38316600518442
10625,BPRES-2021-10607,2022-01-21,600000,New Building,New Building,Completed,HALIFAX,District 11,2,2,Dwelling - Semi-Detached,44.61810285078784,-63.617903718320605
10626,BPRES-2021-10612,2021-09-16,50000,New Building,New Building,Completed,HUBBARDS,District 13,0,1,Accessory Structure,44.63251833089106,-64.05693960638254
10627,BPRES-2021-10639,2021-08-05,350000,New Building,New Building,Completed,,District 13,1,2,Dwelling - Single Detached,44.66267504731725,-63.96793568019195
10628,BPRES-2021-10650,2021-06-30,351000,New Building,New Building,Completed,,District 13,1,2,Dwelling - Single Detached,44.66267504731725,-63.96793568019195
10629,BPRES-2021-10662,2021-07-16,750000,New Building,New Building,Completed,MIDDLE SACKVILLE,District 14,1,2,Dwelling - Single Detached,44.783071949900595,-63.755312959334695
10630,BPRES-2021-10679,2021-07-23,450000,New Building,New Building,Expired (Closed),STILLWATER LAKE,District 13,1,2,Dwelling - Single Detached,44.68680391919375,-63.817710474710104
10631,BPRES-2021-10706,,19950,Renovation,Renovation,Withdrawn,HALIFAX,District 09,1,3,Dwelling - Single Detached,44.6393145015101,-63.60468355394224
10632,BPRES-2021-10721,2021-07-16,102000,Addition,Addition,Issued,BEDFORD,District 16,0,2,Dwelling - Single Detached,44.7211929679398,-63.67345172054102
10633,BPRES-2021-10731,2021-07-22,480000,New Building,New Building,Completed,COW BAY,District 03,2,2,Dwelling - Single Detached,44.628660756680105,-63.4276514225718
10634,BPRES-2021-10748,2021-07-08,25000,Renovation,Renovation,Expired,HALIFAX,District 12,0,2,Dwelling - Single Detached,44.64764719186762,-63.652341078080646
10635,BPRES-2021-10764,2021-09-21,839000,New Building,New Building,Completed,LAWRENCETOWN,District 02,1,1,Dwelling - Single Detached,44.682285995652165,-63.405216485639826
10636,BPRES-2021-10791,2021-06-25,375000,New Building,New Building,Completed,BEAVER BANK,District 15,1,2,Dwelling - Single Detached,44.81739741478278,-63.69873704475521
10637,BPRES-2021-10800,2021-06-29,39300,Renovation,Renovation,Expired,COLE HARBOUR,District 04,0,1,Dwelling - Single Detached,44.68199724920049,-63.49183266955243
10638,BPRES-2021-10839,2021-07-14,162828.21,Renovation,Renovation,Expired,LOWER SACKVILLE,District 15,0,2,Dwelling - Single Detached,44.77349130864669,-63.65604365048016
10639,BPRES-2021-10867,,100000,New Building,New Building,Withdrawn,WILLIAMSWOOD,District 11,0,1,Accessory Structure,44.487199346114814,-63.61775425341339
10640,BPRES-2021-10900,2021-12-21,600000,New Building,New Building,Completed,HALIFAX,District 11,2,2,Dwelling - Semi-Detached,44.61814372516504,-63.61771729654196
10641,BPRES-2021-10910,2021-06-30,400000,New Building,New Building,Completed,PORTERS LAKE,District 02,1,1,Dwelling - Single Detached,44.75029643149399,-63.33199992619529
10642,BPRES-2021-10921,2021-06-25,450000,New Building,New Building,Completed,PORTERS LAKE,District 02,1,1,Dwelling - Single Detached,44.749865644162426,-63.33295042456446
10643,BPRES-2021-10922,,90000,New Building,New Building,Applicant Revisions,HALIFAX,District 11,1,2,Dwelling - Backyard Suite,44.63389485644239,-63.62304138785246
10644,BPRES-2021-10974,2021-06-25,375000,New Building,New Building,Completed,ENFIELD,District 01,1,2,Dwelling - Single Detached,44.93629440865926,-63.525161781166666
10645,BPRES-2021-10994,,17000,Addition,Addition,Application Incomplete,BOUTILIERS POINT,District 13,0,1,Dwelling - Single Detached,44.66231709843138,-63.93849742261217
10646,BPRES-2021-11035,2021-09-14,55000,New Building,New Building,Completed,,District 02,0,2,Accessory Structure,,
10647,BPRES-2021-11042,2021-11-26,18250000,New Building,New Building,Issued,HEAD OF ST MARGARETS BAY,District 13,1,3,Dwelling - Single Detached,44.66984673240777,-63.90952516743734
10648,BPRES-2021-11057,2021-07-15,10000,Renovation,Renovation,Completed,HALIFAX,District 09,0,2,Dwelling - Single Detached,44.642633447011505,-63.63708897535506
10649,BPRES-2021-11065,,3500,Renovation,Renovation,Withdrawn,HALIFAX,District 11,1,3,Dwelling - Multiple Units,44.63070093213909,-63.61941299729778
10650,BPRES-2021-11089,2021-07-05,320000,New Building,New Building,Completed,EAST CHEZZETCOOK,District 02,1,1,Dwelling - Single Detached,44.72850011948481,-63.23869914693802
10651,BPRES-2021-11093,2021-11-29,154500,New Building,New Building,Completed,MINEVILLE,District 02,1,1,Dwelling - Backyard Suite,44.709937042713655,-63.383414912789284
10652,BPRES-2021-11155,2021-07-16,40000,Addition,Addition,Expired,HALIFAX,District 09,0,2,Dwelling - Single Detached,44.65041361557548,-63.60407155813057
10653,BPRES-2021-11158,2021-06-29,1300,Renovation,Renovation,Expired (Closed),DARTMOUTH,District 05,0,1,Dwelling - Single Detached,44.67878065989558,-63.57847892051392
10654,BPRES-2021-11199,2021-07-23,45000,Renovation,Renovation,Completed,DARTMOUTH,District 06,0,2,Dwelling - Single Detached,44.68255932206165,-63.529933563464226
10655,BPRES-2021-11221,2021-07-16,17100,Renovation,Renovation,Completed,STILLWATER LAKE,District 13,0,1,Dwelling - Single Detached,44.70242407421138,-63.83904324306752
10656,BPRES-2021-11247,,36500,New Building,New Building,Withdrawn,TIMBERLEA,District 12,1,1,Dwelling - Backyard Suite,44.64705585891568,-63.72374163261916
10657,BPRES-2021-11265,,10000,New Building,New Building,Application Incomplete,BEAVER BANK,District 15,0,1,Accessory Structure,44.82049720453948,-63.67868983880503
10658,BPRES-2021-11275,2021-10-01,12000,New Building,New Building,Expired,LOWER SACKVILLE,District 15,0,1,Accessory Structure,44.77302004231427,-63.68180419063703
10659,BPRES-2021-11294,2021-08-12,398000,New Building,New Building,Completed,HALIFAX,District 11,2,3,Dwelling - Semi-Detached,44.592490494495564,-63.597864508726
10660,BPRES-2021-11297,2021-07-16,40000,New Building,New Building,Completed,MIDDLE SACKVILLE,District 14,0,1,Accessory Structure,44.79128838365005,-63.74890604140724
10661,BPRES-2021-11351,2021-08-13,83500,New Building,New Building,Issued,PORTERS LAKE,District 02,0,1,Accessory Structure,44.76121753263243,-63.34344179636217
10662,BPRES-2021-11398,,600000,New Building,New Building,Withdrawn,MIDDLE SACKVILLE,District 14,1,2,Dwelling - Single Detached,44.779313604708186,-63.75039264282691
10663,BPRES-2021-11414,2021-07-23,5500,New Building,New Building,Expired (Closed),COLE HARBOUR,District 04,0,1,Accessory Structure,44.665482564065336,-63.4791875706348
10664,BPRES-2021-11444,2021-07-15,300000,New Building,New Building,Completed,KETCH HARBOUR,District 11,1,2,Dwelling - Single Detached,44.48164819972236,-63.570291438233994
10665,BPRES-2021-11458,2021-07-05,375000,New Building,New Building,Completed,MIDDLE SACKVILLE,District 14,1,1,Dwelling - Single Detached,44.78226855165757,-63.74367954844261
10666,BPRES-2021-11474,2021-07-15,600000,New Building,New Building,Completed,COLE HARBOUR,District 04,1,2,Dwelling - Single Detached,44.64588072901966,-63.46530665009595
10667,BPRES-2021-11486,,46000,Renovation,Renovation,Application Incomplete,HALIFAX,District 11,1,1,Dwelling - Multiple Units,44.5897429275345,-63.59483744821357
10668,BPRES-2021-11501,2021-08-03,14000,Renovation,Renovation,Expired (Closed),HALIFAX,District 07,0,2,Dwelling - Semi-Detached,44.63497335971628,-63.584633972792886
10669,BPRES-2021-11546,2021-08-17,39971,Renovation,Renovation,Expired,WINDSOR JUNCTION,District 01,0,2,Dwelling - Single Detached,44.803530511814074,-63.65878861151974
10670,BPRES-2021-11547,2021-07-22,600000,New Building,New Building,Completed,UPPER TANTALLON,District 13,2,2,Dwelling - Multiple Units,44.70359256238914,-63.885021267396205
10671,BPRES-2021-11575,2022-04-06,350,New Building,New Building,Expired,COLE HARBOUR,District 04,0,1,Accessory Structure,44.67609473571653,-63.48823187099864
10672,BPRES-2021-11579,2021-07-15,38500,Renovation,Renovation,Expired (Closed),DARTMOUTH,District 06,0,2,Dwelling - Single Detached,44.672789644696515,-63.52197404288695
10673,BPRES-2021-11596,2021-08-27,182000,Addition,Addition,Completed,HALIFAX,District 11,0,2,Dwelling - Single Detached,44.616481473349324,-63.57617429555163
10674,BPRES-2021-11606,2021-10-19,506000,New Building,New Building,Completed,MIDDLE SACKVILLE,District 14,2,3,Dwelling - Semi-Detached,44.78114383916788,-63.70286402002969
10675,BPRES-2021-11612,2021-07-15,4000,Renovation,Renovation,Expired,HALIFAX,District 07,0,2,Dwelling - Single Detached,44.63289885528996,-63.58406481740883
10676,BPRES-2021-11648,2021-12-22,350000,New Building,New Building,Expired,HALIFAX,District 10,3,1,Dwelling - Semi-Detached,44.65244287321691,-63.64113278515133
10677,BPRES-2021-11678,2021-12-01,500000,New Building,New Building,Completed,BOUTILIERS POINT,District 13,1,2,Dwelling - Single Detached,44.67342765474982,-63.93460200315327
10678,BPRES-2021-11680,2022-08-24,363000,Addition,Addition,Completed,TANTALLON,District 13,0,1,Dwelling - Single Detached,44.68071180919558,-63.89420752909209
10679,BPRES-2021-11681,2023-01-03,235000,Addition,Addition,Completed,WAVERLEY,District 01,1,2,Dwelling - Single Detached,44.78005996602409,-63.59643108311186
10680,BPRES-2021-11690,2025-07-15,1000,Renovation,Renovation,Completed,HALIFAX,District 10,1,1,Dwelling - Backyard Suite,44.65423269303175,-63.647365742220295
10681,BPRES-2021-11704,2021-08-04,250000,New Building,New Building,Completed,EAST PETPESWICK,District 02,1,2,Dwelling - Single Detached,44.729342033241096,-63.15650233473146
10682,BPRES-2021-11725,2021-07-16,300000,New Building,New Building,Completed,OAKFIELD,District 01,1,2,Dwelling - Single Detached,44.91710312289302,-63.565760346512924
10683,BPRES-2021-11773,2021-08-19,425000,New Building,New Building,Completed,BROOKSIDE,District 13,1,2,Dwelling - Single Detached,44.52913713848001,-63.706477221159965
10684,BPRES-2021-11795,2022-02-03,30000,New Building,New Building,Expired (Closed),BEDFORD,District 16,0,1,Accessory Structure,44.72852410585123,-63.6558520307164
10685,BPRES-2021-11824,2021-07-15,400000,New Building,New Building,Completed,PORTERS LAKE,District 02,1,1,Dwelling - Single Detached,44.75279297863456,-63.32266682517022
10686,BPRES-2021-11826,2021-10-06,100000,Addition,Addition,Expired,EASTERN PASSAGE,District 03,0,1,Dwelling - Single Detached,44.60726190965993,-63.489144987095585
10687,BPRES-2021-11830,2021-07-15,8928,Renovation,Renovation,Expired,LAWRENCETOWN,District 02,0,2,Dwelling - Single Detached,44.64820402066096,-63.40569161371443
10688,BPRES-2021-11839,2021-09-15,200000,New Building,New Building,Completed,WEST PORTERS LAKE,District 02,1,1,Dwelling - Single Detached,44.68698104680296,-63.313710240332156
10689,BPRES-2021-11850,,30000,New Building,New Building,Withdrawn,MOOSELAND,District 02,0,1,Accessory Structure,44.939930390344706,-62.78782216454383
10690,BPRES-2021-11867,2021-08-13,200000,Renovation,Renovation,Expired,BEDFORD,District 16,0,1,Accessory Structure,44.72586290544538,-63.65829183836104
10691,BPRES-2021-11910,,,Renovation,Renovation,Cancelled,DARTMOUTH,District 05,1,2,Dwelling - Multiple Units,44.67893383826041,-63.5862277406373
10692,BPRES-2021-11913,2021-10-06,,Renovation,Renovation,Completed,DARTMOUTH,District 05,0,1,Dwelling - Single Detached,44.67900884370272,-63.586086252922044
10693,BPRES-2021-11936,2021-07-23,565000,New Building,New Building,Completed,BEDFORD,District 16,1,2,Dwelling - Single Detached,44.70287875477477,-63.71754072996989
10694,BPRES-2021-11991,2021-08-25,2000000,New Building,New Building,Completed,DARTMOUTH,District 05,8,3,Dwelling - Townhouse,44.68474727153301,-63.59383764048072
10695,BPRES-2021-12026,2021-07-26,22000,New Building,New Building,Issued,DARTMOUTH,District 03,0,1,Accessory Structure,44.65137870219674,-63.53230680043392
10696,BPRES-2021-12036,,391000,New Building,New Building,Withdrawn,DARTMOUTH,District 06,4,3,Dwelling - Multiple Units,44.67968422276241,-63.51358222464237
10697,BPRES-2021-12039,2021-07-26,38978,Renovation,Renovation,Completed,BROOKSIDE,District 13,0,2,Dwelling - Single Detached,44.56237061895379,-63.71742584508918
10698,BPRES-2021-12044,2021-07-23,30000,New Building,New Building,Completed,HARRIETSFIELD,District 11,0,1,Accessory Structure,44.56709261336757,-63.63862059579758
10699,BPRES-2021-12054,2021-07-29,18000,Renovation,Renovation,Expired,HALIFAX,District 09,0,2,Dwelling - Single Detached,44.65508258526529,-63.60889558444482
10700,BPRES-2021-12065,2022-01-20,152000,Addition,Addition,Expired (Closed),HALIFAX,District 09,0,2,Dwelling - Single Detached,44.64666087294461,-63.60546690710189
10701,BPRES-2021-12070,2021-07-29,400000,New Building,New Building,Completed,WHITES LAKE,District 13,1,1,Dwelling - Single Detached,44.51378086300847,-63.74624519500539
10702,BPRES-2021-12078,2021-08-13,590000,New Building,New Building,Completed,HAMMONDS PLAINS,District 14,1,1,Dwelling - Single Detached,44.76942996361383,-63.76171869175323
10703,BPRES-2021-12099,2021-10-04,201000,Addition,Addition,Expired,HALIFAX,District 09,0,3,Dwelling - Single Detached,44.64132040071255,-63.61540025932279
10704,BPRES-2021-12106,2021-08-13,20000,Addition,Addition,Expired (Closed),ENFIELD,District 01,0,1,Accessory Structure,44.920571602107216,-63.547370388785545
10705,BPRES-2021-12122,2021-09-16,17000,New Building,New Building,Completed,HALIFAX,District 10,0,1,Accessory Structure,44.65036449176654,-63.647049141188674
10706,BPRES-2021-12140,2021-07-27,111000,Renovation,Renovation,Expired,DARTMOUTH,District 05,0,2,Dwelling - Single Detached,44.67331429216581,-63.56574341951814
10707,BPRES-2021-12143,2022-05-17,46500,Addition,Addition,Expired,HALIFAX,District 10,0,1,Dwelling - Single Detached,44.668942244594476,-63.64201203710514
10708,BPRES-2021-12155,2021-08-04,475000,New Building,New Building,Completed,BEAVER BANK,District 15,1,2,Dwelling - Single Detached,44.81315737285751,-63.690383376363926
10709,BPRES-2021-12169,2021-08-13,475000,New Building,New Building,Completed,OAKFIELD,District 01,1,2,Dwelling - Single Detached,44.922429238779294,-63.56280080802105
10710,BPRES-2021-12182,2021-08-12,42200,New Building,New Building,Completed,TANTALLON,District 13,0,1,Accessory Structure,44.66600896399122,-63.89744240979913
10711,BPRES-2021-12217,2021-07-28,17165,Renovation,Renovation,Completed,HALIFAX,District 08,0,2,Dwelling - Single Detached,44.65264897020052,-63.596051242616014
10712,BPRES-2021-12233,2021-10-06,100000,New Building,New Building,Issued,HALIFAX,District 11,1,1,Dwelling - Backyard Suite,44.62005888537837,-63.57967512598974
10713,BPRES-2021-12248,2021-08-05,240000,New Building,New Building,Completed,CARROLLS CORNER,District 01,1,1,Dwelling - Single Detached,45.00790541124457,-63.370094939536884
10714,BPRES-2021-12258,,100000,Addition,Addition,Withdrawn,HALIFAX,District 09,0,2,Dwelling - Single Detached,44.64279950013558,-63.60013347053815
10715,BPRES-2021-12277,2021-08-05,350000,New Building,New Building,Completed,BEDFORD,District 16,1,3,Dwelling - Single Detached,44.72834343173914,-63.66618849616337
10716,BPRES-2021-12289,,171000,New Building,New Building,Cancelled,LAWRENCETOWN,District 02,1,1,Dwelling - Single Detached,44.68220574525682,-63.4164575680696
10717,BPRES-2021-12305,,250000,Addition,Addition,Withdrawn,EASTERN PASSAGE,District 03,0,1,Dwelling - Multiple Units,44.60417581883273,-63.466778252742614
10718,BPRES-2021-12317,2021-07-30,458782.93,New Building,New Building,Completed,LAKEVIEW,District 01,1,1,Dwelling - Single Detached,44.76927691877358,-63.629387956002354
10719,BPRES-2021-12330,2022-01-07,200000,New Building,New Building,Issued,BALD ROCK,District 11,1,1,Dwelling - Backyard Suite,44.467450985726735,-63.58101716482848
10720,BPRES-2021-12343,2021-09-23,55000,Addition,Addition,Completed,DARTMOUTH,District 06,0,1,Dwelling - Single Detached,44.68365223295364,-63.53870167093818
10721,BPRES-2021-12375,2021-08-20,200000,Renovation,Renovation,Completed,HALIFAX,District 11,0,4,Dwelling - Multiple Units,44.62036416490165,-63.61636084880293
10722,BPRES-2021-12377,2021-09-02,20000,New Building,New Building,Completed,COLE HARBOUR,District 04,0,1,Accessory Structure,44.66550282752314,-63.49762089487006
10723,BPRES-2021-12402,2021-08-17,450000,New Building,New Building,Expired,HATCHET LAKE,District 13,1,2,Dwelling - Single Detached,44.56438044211863,-63.71489665473464
10724,BPRES-2021-12412,,5000,New Building,New Building,Applicant Revisions,HALIFAX,District 09,0,1,Accessory Structure,44.65191813575075,-63.61268985635455
10725,BPRES-2021-12449,2021-10-06,500000,Addition,Addition,Completed,HUBLEY,District 13,0,2,Dwelling - Single Detached,44.65601747947266,-63.813583973559005
10726,BPRES-2021-12468,2021-09-08,150000,New Building,New Building,Completed,MIDDLE SACKVILLE,District 14,1,2,Dwelling - Single Detached,44.78311644345714,-63.72015968948171
10727,BPRES-2021-12471,2021-09-23,65000,Addition,Addition,Expired,HAMMONDS PLAINS,District 14,0,2,Dwelling - Single Detached,44.696780657421954,-63.77548750571853
10728,BPRES-2021-12483,2021-08-09,375000,New Building,New Building,Completed,BEAVER BANK,District 15,1,1,Dwelling - Single Detached,44.81426279188972,-63.695567709715725
10729,BPRES-2021-12519,2021-08-25,467710.72,New Building,New Building,Completed,BLIND BAY,District 13,1,1,Dwelling - Single Detached,44.50646287530501,-63.81865057960821
10730,BPRES-2021-12561,2021-08-12,56000,Renovation,Renovation,Expired,KETCH HARBOUR,District 11,0,2,Dwelling - Single Detached,44.49184238581923,-63.552823321319
10731,BPRES-2021-12604,,250000,New Building,New Building,Withdrawn,,District 12,1,3,Dwelling - Semi-Detached,,
10732,BPRES-2021-12626,2021-08-06,700000,New Building,New Building,Expired,FALL RIVER,District 01,1,2,Dwelling - Single Detached,44.8181411658788,-63.64508759571755
10733,BPRES-2021-12671,2021-08-27,344286,New Building,New Building,Completed,KETCH HARBOUR,District 11,1,1,Dwelling - Single Detached,44.48310568982299,-63.563300970416236
10734,BPRES-2021-12672,2021-10-18,8600,New Building,New Building,Issued,HALIFAX,District 09,0,1,Accessory Structure,44.641915467098286,-63.62490482109641
10735,BPRES-2021-12735,2021-08-12,30000,New Building,New Building,Completed,MIDDLE SACKVILLE,District 14,0,1,Accessory Structure,44.82419420111426,-63.72823041729534
10736,BPRES-2021-12743,2022-03-15,693100,New Building,New Building,Completed,MIDDLE SACKVILLE,District 14,1,1,Dwelling - Single Detached,44.77967349910701,-63.742507541671536
10737,BPRES-2021-12770,,20000,Renovation,Renovation,Withdrawn,HERRING COVE,District 11,1,2,Dwelling - Multiple Units,44.566442131389394,-63.557886112737805
10738,BPRES-2021-12774,2021-08-24,280000,New Building,New Building,Completed,WEST CHEZZETCOOK,District 02,1,1,Dwelling - Single Detached,44.723464599745704,-63.287865189910015
10739,BPRES-2021-12788,2021-08-17,690000,New Building,New Building,Completed,HUBLEY,District 13,1,2,Dwelling - Single Detached,44.66237325016043,-63.811103712298994
10740,BPRES-2021-12797,,7000,New Building,New Building,Withdrawn,SHEET HARBOUR,District 02,0,1,Accessory Structure,44.92045231122622,-62.53015676492766
10741,BPRES-2021-12800,2022-02-10,1100000,New Building,New Building,Completed,BEDFORD,District 16,4,3,Dwelling - Semi-Detached,44.73729370741287,-63.64998195878541
10742,BPRES-2021-12814,2021-08-12,40917,Addition,Addition,Expired,UPPER TANTALLON,District 13,0,2,Dwelling - Single Detached,44.721004407980935,-63.8748420305151
10743,BPRES-2021-12818,2021-08-06,158000,New Building,New Building,Expired,,District 06,2,3,Dwelling - Single Detached,44.698856623343275,-63.536467629193325
10744,BPRES-2021-12827,2021-08-24,500000,New Building,New Building,Completed,TIMBERLEA,District 12,4,3,Dwelling - Semi-Detached,44.650704870914524,-63.73552535351969
10745,BPRES-2021-12827,2021-08-24,500000,New Building,New Building,Completed,TIMBERLEA,District 12,4,3,Dwelling - Semi-Detached,44.650704870914524,-63.73552535351969
10746,BPRES-2021-12827,2021-08-24,500000,New Building,New Building,Completed,TIMBERLEA,District 12,4,3,Dwelling - Semi-Detached,44.650704870914524,-63.73552535351969
10747,BPRES-2021-12838,2021-09-28,526789.72,New Building,New Building,Completed,BLIND BAY,District 13,1,2,Dwelling - Single Detached,44.50392907037914,-63.82020335839494
10748,BPRES-2021-12865,2022-08-30,15000,Renovation,Renovation,Completed,HALIFAX,District 11,1,2,Dwelling - Multiple Units,44.62554334976133,-63.61505364141556
10749,BPRES-2021-12873,2022-05-27,20000,Addition,Addition,Completed,HALIFAX,District 09,0,2,Dwelling - Single Detached,44.65467539578812,-63.60746067482038
10750,BPRES-2021-12916,2021-08-12,230000,New Building,New Building,Completed,PORTERS LAKE,District 02,1,2,Dwelling - Single Detached,44.75600339641729,-63.28783010137524
10751,BPRES-2021-12955,2021-08-06,22000,New Building,New Building,Completed,WINDSOR JUNCTION,District 01,0,1,Accessory Structure,44.78728539222304,-63.63580176551859
10752,BPRES-2021-12968,2021-09-14,60000,New Building,New Building,Completed,BLACK POINT,District 13,0,1,Accessory Structure,44.64750802229657,-63.9820364803851
10753,BPRES-2021-12976,2021-09-23,76000,Renovation,Renovation,Completed,HALIFAX,District 08,1,2,Dwelling - Multiple Units,44.67271414966477,-63.61287378230416
10754,BPRES-2021-12990,,200000,New Building,New Building,Application Incomplete,HUBBARDS,District 13,1,2,Dwelling - Single Detached,44.63747266921697,-64.05647347680366
10755,BPRES-2021-13000,2021-08-06,33600,New Building,New Building,Completed,HACKETTS COVE,District 13,0,1,Accessory Structure,44.5591545462197,-63.9392059159337
10756,BPRES-2021-13021,2022-01-04,70000,Addition,Addition,Completed,WAVERLEY,District 01,0,2,Dwelling - Single Detached,44.77820416400892,-63.58563042203705
10757,BPRES-2021-13040,2021-09-20,400000,New Building,New Building,Expired,HALIFAX,District 10,3,3,Dwelling - Semi-Detached,44.65082418703119,-63.6422045937003
10758,BPRES-2021-13051,2021-10-01,400000,New Building,New Building,Completed,TIMBERLEA,District 12,1,2,Dwelling - Single Detached,44.64152346513952,-63.72325201231606
10759,BPRES-2021-13057,2021-08-13,6814,Renovation,Renovation,Expired,HALIFAX,District 09,0,2,Dwelling - Single Detached,44.65092334405633,-63.60113875326812
10760,BPRES-2021-13074,2021-08-20,850000,New Building,New Building,Completed,BEDFORD,District 16,1,2,Dwelling - Single Detached,44.70015845551632,-63.71234068045527
10761,BPRES-2021-13088,2021-12-03,140000,Addition,Addition,Completed,HALIFAX,District 09,2,2,Dwelling - Multiple Units,44.65095315049691,-63.61177283745288
10762,BPRES-2021-13103,2021-10-26,62000,Addition,Addition,Completed,HALIFAX,District 09,1,2,Dwelling - Multiple Units,44.644362083336645,-63.637650810605535
10763,BPRES-2021-13130,2021-08-12,600000,New Building,New Building,Cancelled,MIDDLE SACKVILLE,District 14,1,2,Dwelling - Single Detached,44.79302249344018,-63.75491826980847
10764,BPRES-2021-13138,2021-08-13,35753.53,Renovation,Renovation,Completed,OAKFIELD,District 01,0,2,Dwelling - Single Detached,44.91143221387109,-63.55888574020158
10765,BPRES-2021-13173,2021-09-09,5000,Renovation,Renovation,Completed,LAWRENCETOWN,District 02,0,1,Dwelling - Single Detached,44.696437172243925,-63.40607356178939
10766,BPRES-2021-13182,2022-02-24,510000,New Building,New Building,Completed,DARTMOUTH,District 03,4,2,Dwelling - Semi-Detached,44.64830695722004,-63.53602515703086
10767,BPRES-2021-13182,2022-02-24,510000,New Building,New Building,Completed,DARTMOUTH,District 03,4,2,Dwelling - Semi-Detached,44.64830695722004,-63.53602515703086
10768,BPRES-2021-13210,2021-08-27,29149,Renovation,Renovation,Expired,HALIFAX,District 12,0,3,Dwelling - Multiple Units,44.6714057530215,-63.66683087244933
10769,BPRES-2021-13225,2021-09-17,15500,New Building,New Building,Expired,BOUTILIERS POINT,District 13,0,1,Accessory Structure,44.66384823550276,-63.93827390252756
10770,BPRES-2021-13253,2021-08-27,30000,New Building,New Building,Completed,MIDDLE SACKVILLE,District 14,0,1,Accessory Structure,44.79461554789217,-63.72956002902519
10771,BPRES-2021-13259,2021-10-18,300000,New Building,New Building,Completed,BEAVER BANK,District 15,1,2,Dwelling - Single Detached,44.818147078418725,-63.68779558220042
10772,BPRES-2021-13262,2021-08-27,10000,New Building,New Building,Expired (Closed),LAWRENCETOWN,District 02,0,1,Accessory Structure,44.69132902981343,-63.426586415963
10773,BPRES-2021-13275,2021-08-18,450000,New Building,New Building,Completed,HAMMONDS PLAINS,District 14,1,2,Dwelling - Single Detached,44.735261396281985,-63.80517141952158
10774,BPRES-2021-13309,2021-11-29,90000,Addition,Addition,Expired,LAKE EGMONT,District 01,1,1,Dwelling - Multiple Units,44.96922313610112,-63.30751975359131
10775,BPRES-2021-13316,,35000,New Building,New Building,Application Incomplete,LOWER SACKVILLE,District 15,0,1,Accessory Structure,44.780599611050015,-63.666885306418436
10776,BPRES-2021-13324,2021-10-07,15000,Renovation,Renovation,Completed,HALIFAX,District 09,1,2,Dwelling - Multiple Units,44.65320766223462,-63.609434920927264
10777,BPRES-2021-13330,,398000,New Building,New Building,Withdrawn,BAYSIDE,District 13,1,1,Dwelling - Single Detached,44.52867406132476,-63.814378996571186
10778,BPRES-2021-13345,2021-09-23,600000,Renovation,Renovation,Expired,HAMMONDS PLAINS,District 14,0,2,Dwelling - Single Detached,44.727946528090676,-63.7466482613881
10779,BPRES-2021-13346,2021-08-24,15000,Renovation,Renovation,Expired (Closed),DARTMOUTH,District 05,0,3,Dwelling - Single Detached,44.668842971542496,-63.55661633502373
10780,BPRES-2021-13368,2021-09-02,25500,New Building,New Building,Completed,DARTMOUTH,District 06,0,1,Accessory Structure,44.67557557104838,-63.52150461604659
10781,BPRES-2021-13377,2021-08-25,425000,New Building,New Building,Completed,BEAVER BANK,District 15,1,2,Dwelling - Single Detached,44.81255033025318,-63.665861029174216
10782,BPRES-2021-13381,2021-10-06,231000,New Building,New Building,Expired,FALL RIVER,District 01,1,2,Dwelling - Single Detached,44.807232676143926,-63.59964132325078
10783,BPRES-2021-13392,,60200,New Building,New Building,Withdrawn,HERRING COVE,District 11,1,2,Dwelling - Single Detached,44.57805669713494,-63.576932553199406
10784,BPRES-2021-13417,2021-10-19,468000,New Building,New Building,Completed,PORTUGUESE COVE,District 11,1,1,Dwelling - Single Detached,44.526830688170094,-63.54525298969322
10785,BPRES-2021-13461,,20000,Renovation,Renovation,Withdrawn,HALIFAX,District 07,1,1,Dwelling - Backyard Suite,44.62993780584484,-63.58473945565593
10786,BPRES-2021-13488,2022-02-11,75000,New Building,New Building,Expired (Closed),UPPER MUSQUODOBOIT,District 01,0,1,Accessory Structure,45.123928053019355,-62.92737987371027
10787,BPRES-2021-13509,2021-09-29,957000,New Building,New Building,Issued,HARRIETSFIELD,District 11,1,2,Dwelling - Single Detached,44.552599956129285,-63.64208459175064
10788,BPRES-2021-13511,2021-10-28,947500,New Building,New Building,Completed,MIDDLE SACKVILLE,District 14,1,2,Dwelling - Single Detached,44.77851168518953,-63.74307652112292
10789,BPRES-2021-13522,2021-09-08,92607.58,Renovation,Renovation,Expired,HALIFAX,District 11,0,1,Dwelling - Single Detached,44.62949387954639,-63.61220336147297
10790,BPRES-2021-13552,,470000,New Building,New Building,Withdrawn,HUBLEY,District 13,1,1,Accessory Structure,44.672075590479196,-63.821886835409174
10791,BPRES-2021-13579,2021-09-08,12000,New Building,New Building,Expired (Closed),UPPER HAMMONDS PLAINS,District 14,0,1,Accessory Structure,44.74707061107908,-63.81044515879955
10792,BPRES-2021-13581,,12000,Addition,Addition,Application Incomplete,LEWIS LAKE,District 13,0,1,Dwelling - Single Detached,44.68374653708383,-63.84145334826995
10793,BPRES-2021-13587,2021-09-17,25000,New Building,New Building,Completed,EASTERN PASSAGE,District 03,0,1,Accessory Structure,44.61350161405742,-63.452796791610645
10794,BPRES-2021-13613,2021-09-21,275000,New Building,New Building,Expired,MUSHABOOM,District 02,1,1,Dwelling - Single Detached,44.850639451496605,-62.53988986364249
10795,BPRES-2021-13629,2021-08-25,20300,New Building,New Building,Completed,WELLINGTON,District 01,0,1,Accessory Structure,44.85567674779457,-63.604040595483305
10796,BPRES-2021-13631,2021-12-30,287000,New Building,New Building,Completed,HERRING COVE,District 11,2,2,Dwelling - Multiple Units,44.57536466642824,-63.573960586817044
10797,BPRES-2021-13655,2021-08-31,259826,Addition,Addition,Completed,MIDDLE PORTERS LAKE,District 02,0,1,Dwelling - Single Detached,44.70448224300964,-63.288175039963086
10798,BPRES-2021-13682,2021-09-02,180000,New Building,New Building,Completed,HALIFAX,District 11,2,3,Dwelling - Semi-Detached,44.60216471351604,-63.61349980902069
10799,BPRES-2021-13701,2021-12-02,150000,Renovation,Renovation,Completed,DARTMOUTH,District 05,5,3,Dwelling - Multiple Units,44.671077230722915,-63.56247874833428
10800,BPRES-2021-13731,2021-09-10,340000,New Building,New Building,Completed,EASTERN PASSAGE,District 03,1,1,Dwelling - Single Detached,44.61350161405742,-63.452796791610645
10801,BPRES-2021-13774,2021-08-31,27500,New Building,New Building,Completed,FRENCH VILLAGE,District 13,0,1,Accessory Structure,44.6307181859555,-63.91592387141729
10802,BPRES-2021-13783,2021-11-25,485000,New Building,New Building,Expired,HERRING COVE,District 11,1,3,Dwelling - Single Detached,44.58076053916496,-63.57523703369646
10803,BPRES-2021-13812,2021-09-15,652000,New Building,New Building,Completed,FALL RIVER,District 01,1,1,Dwelling - Single Detached,44.79929679920115,-63.61530846170572
10804,BPRES-2021-13827,2021-08-27,50000,New Building,New Building,Completed,UPPER SACKVILLE,District 14,0,1,Accessory Structure,44.83781360778609,-63.7908725994519
10805,BPRES-2021-13830,2021-11-16,500000,New Building,New Building,Completed,BEDFORD,District 16,1,2,Dwelling - Single Detached,44.72255684714022,-63.669175009384965
10806,BPRES-2021-13835,2022-05-17,22500,Renovation,Renovation,Completed,HALIFAX,District 07,2,2,Dwelling - Multiple Units,44.63842206296826,-63.598547319308715
10807,BPRES-2021-13849,2021-09-01,20000,Renovation,Renovation,Completed,HALIFAX,District 12,0,1,Dwelling - Single Detached,44.678602690707436,-63.6702811442743
10808,BPRES-2021-13859,,5000,Renovation,Renovation,Withdrawn,LOWER SACKVILLE,District 15,0,1,Dwelling - Single Detached,44.76583972028335,-63.6910805601632
10809,BPRES-2021-13863,,383000,Renovation,Renovation,Withdrawn,EAST PETPESWICK,District 02,0,2,Dwelling - Single Detached,44.68942328594043,-63.14505822377617
10810,BPRES-2021-13875,2021-09-21,48000,New Building,New Building,Expired (Closed),HALIFAX,District 07,0,1,Accessory Structure,44.63148612967539,-63.59266531732904
10811,BPRES-2021-13885,2021-09-09,150000,Renovation,Renovation,Expired,FLETCHERS LAKE,District 01,0,1,Dwelling - Single Detached,44.85374637449538,-63.597290469031
10812,BPRES-2021-13922,,125000,Addition,Addition,Application Incomplete,DARTMOUTH,District 06,0,1,Dwelling - Backyard Suite,44.67960886832381,-63.53446328876487
10813,BPRES-2021-13990,2021-11-03,140000,Renovation,Renovation,Completed,HALIFAX,District 10,1,2,Dwelling - Multiple Units,44.652713834820425,-63.63794323905749
10814,BPRES-2021-14037,2021-09-21,464900,New Building,New Building,Completed,WHITES LAKE,District 13,1,1,Dwelling - Single Detached,44.51479620063888,-63.74593572366247
10815,BPRES-2021-14042,,8800,New Building,New Building,Withdrawn,HUBLEY,District 13,0,1,Accessory Structure,44.67995270921027,-63.82334443477952
10816,BPRES-2021-14065,2021-09-17,525000,New Building,New Building,Completed,HEAD OF ST MARGARETS BAY,District 13,1,2,Dwelling - Single Detached,44.66704412037583,-63.913916860231296
10817,BPRES-2021-14088,2022-02-16,600000,Renovation,Renovation,Completed,HALIFAX,District 09,0,2,Dwelling - Semi-Detached,44.63984734847339,-63.620802586112276
10818,BPRES-2021-14110,2021-09-28,675000,Addition,Addition,Completed,HALIFAX,District 09,0,3,Dwelling - Single Detached,44.65014277276017,-63.60235859222278
10819,BPRES-2021-14134,2021-09-29,15000,New Building,New Building,Expired (Closed),PORTERS LAKE,District 02,0,1,Accessory Structure,44.747768002495256,-63.29246118201263
10820,BPRES-2021-14146,2021-10-15,250000,New Building,New Building,Cancelled,,District 02,4,1,Dwelling - Townhouse,44.73453785063575,-63.23712533331899
10821,BPRES-2021-14168,2021-10-15,450000,New Building,New Building,Expired,FALL RIVER,District 01,1,2,Dwelling - Single Detached,44.8111416372759,-63.62639292926723
10822,BPRES-2021-14189,2021-10-19,450000,New Building,New Building,Completed,PORTERS LAKE,District 02,1,1,Dwelling - Single Detached,44.75301943815017,-63.33057320262982
10823,BPRES-2021-14212,2021-11-25,550000,New Building,New Building,Completed,MILL LAKE,District 01,1,1,Dwelling - Single Detached,45.12507757346294,-62.905089549470226
10824,BPRES-2021-14224,2022-03-11,197000,New Building,New Building,Issued,KINSAC,District 15,2,2,Dwelling - Multiple Units,44.835697849627415,-63.657022353990136
10825,BPRES-2021-14237,2021-09-10,75000,Renovation,Renovation,Expired (Closed),BEDFORD,District 16,0,2,Dwelling - Single Detached,44.70385962016281,-63.70629747106916
10826,BPRES-2021-14268,2021-10-18,400000,New Building,New Building,Expired,MINEVILLE,District 02,1,2,Dwelling - Single Detached,44.708397310158105,-63.389385731383456
10827,BPRES-2021-14278,2021-09-21,400000,New Building,New Building,Completed,BEAVER BANK,District 15,1,2,Dwelling - Single Detached,44.83379720226258,-63.686457261436985
10828,BPRES-2021-14286,2021-09-09,450000,New Building,New Building,Completed,MINEVILLE,District 02,1,1,Dwelling - Single Detached,44.70026803004878,-63.37375152787165
10829,BPRES-2021-14294,2021-10-07,712500,New Building,New Building,Completed,BEDFORD,District 16,1,2,Dwelling - Single Detached,44.701399686829774,-63.713587448289836
10830,BPRES-2021-14319,2021-09-28,400000,New Building,New Building,Expired (Closed),HAMMONDS PLAINS,District 14,1,2,Dwelling - Single Detached,44.717230229441924,-63.77082935204098
10831,BPRES-2021-14320,,24000,New Building,New Building,Withdrawn,BEAVER BANK,District 15,0,2,Accessory Structure,44.81867147220536,-63.68211076411364
10832,BPRES-2021-14326,2021-09-10,41000,New Building,New Building,Completed,OAKFIELD,District 01,0,1,Accessory Structure,44.89910266537623,-63.57804459628379
10833,BPRES-2021-14329,2021-10-27,250000,New Building,New Building,Completed,LOWER SHIP HARBOUR,District 02,1,1,Dwelling - Single Detached,44.7740136887506,-62.80915205786237
10834,BPRES-2021-14343,2021-09-21,18000,New Building,New Building,Completed,PORTERS LAKE,District 02,0,1,Accessory Structure,44.742229688642404,-63.288352962622334
10835,BPRES-2021-14350,2021-11-03,217000,New Building,New Building,Expired,LOWER EAST CHEZZETCOOK,District 02,1,1,Dwelling - Single Detached,44.70194127985861,-63.210344862554045
10836,BPRES-2021-14360,2021-10-26,255000,New Building,New Building,Completed,BEAVER BANK,District 15,2,1,Dwelling - Multiple Units,44.84849271176706,-63.682391894708715
10837,BPRES-2021-14365,,20000,New Building,New Building,Withdrawn,HALIFAX,District 10,0,1,Accessory Structure,44.65537295163301,-63.641413919522336
10838,BPRES-2021-14374,2022-03-10,380000,New Building,New Building,Expired,FALL RIVER,District 01,1,1,Dwelling - Single Detached,44.82001993358787,-63.629552665831355
10839,BPRES-2021-14397,2021-11-30,120000,Addition,Addition,Expired,GLEN MARGARET,District 13,0,1,Dwelling - Single Detached,44.59072621694642,-63.91360340170154
10840,BPRES-2021-14444,2021-10-05,451088.76,Renovation,Renovation,Completed,SEABRIGHT,District 13,0,2,Dwelling - Single Detached,44.60220591211026,-63.93686604269654
10841,BPRES-2021-14463,2021-09-14,75000,New Building,New Building,Expired,TIMBERLEA,District 12,0,2,Accessory Structure,44.676284533286065,-63.76809411984618
10842,BPRES-2021-14475,2021-09-28,200000,New Building,New Building,Completed,HUBBARDS,District 13,1,1,Dwelling - Single Detached,44.64436653284377,-64.0671616607312
10843,BPRES-2021-14489,2022-11-01,180000,New Building,New Building,Issued,MURPHY COVE,District 02,1,1,Dwelling - Seasonal,44.78147786268335,-62.76110568447872
10844,BPRES-2021-14495,2021-10-05,19000,Addition,Addition,Completed,HAMMONDS PLAINS,District 14,0,1,Dwelling - Single Detached,44.7072928923856,-63.732976077582954
10845,BPRES-2021-14509,2021-10-19,125000,Addition,Addition,Completed,DARTMOUTH,District 05,1,2,Dwelling - Semi-Detached,44.682036177707005,-63.56721404448336
10846,BPRES-2021-14520,2021-09-17,28393,Addition,Addition,Completed,HALIFAX,District 10,0,2,Dwelling - Single Detached,44.66301112490759,-63.651312676315854
10847,BPRES-2021-14550,2021-09-20,1000000,New Building,New Building,Expired,HERRING COVE,District 11,1,2,Dwelling - Single Detached,44.57516177863084,-63.55698341081809
10848,BPRES-2021-14565,2021-09-20,230000,New Building,New Building,Completed,WYSES CORNER,District 01,1,1,Dwelling - Single Detached,44.95382812349633,-63.30172410250493
10849,BPRES-2021-14573,2021-10-18,300000,New Building,New Building,Completed,HALIFAX,District 08,1,3,Dwelling - Single Detached,44.65378509934568,-63.5873588959516
10850,BPRES-2021-14599,2021-09-16,400000,New Building,New Building,Completed,WHITES LAKE,District 13,1,1,Dwelling - Single Detached,44.515324990858986,-63.74567526543062
10851,BPRES-2021-14619,2021-09-23,700000,New Building,New Building,Completed,HUBLEY,District 13,1,2,Dwelling - Single Detached,44.663130825493326,-63.81117555283673
10852,BPRES-2021-14638,2021-09-16,8000,Renovation,Renovation,Completed,EASTERN PASSAGE,District 03,0,2,Dwelling - Single Detached,44.610684903269835,-63.46756153681048
10853,BPRES-2021-14642,2021-10-19,22000,Renovation,Renovation,Expired (Closed),SEAFORTH,District 02,0,1,Dwelling - Seasonal,44.65875993123876,-63.27672310648547
10854,BPRES-2021-14681,,5000,Renovation,Renovation,Withdrawn,BEAVER BANK,District 15,1,3,Dwelling - Semi-Detached,44.80682329474547,-63.68856025289623
10855,BPRES-2021-14698,2021-12-08,750000,New Building,New Building,Completed,HALIFAX,District 07,2,2,Dwelling - Multiple Units,44.62786952325826,-63.56951152012863
10856,BPRES-2021-14704,2021-09-16,22000,New Building,New Building,Completed,SALMON RIVER BRIDGE,District 02,0,1,Accessory Structure,44.77874540649717,-63.028271764810626
10857,BPRES-2021-14712,2021-10-20,294900,Renovation,Renovation,Expired,BEAVER BANK,District 15,0,1,Dwelling - Single Detached,44.87994817474386,-63.69410905788729
10858,BPRES-2021-14768,2021-10-01,400,New Building,New Building,Expired (Closed),COW BAY,District 03,0,1,Accessory Structure,44.624779148204524,-63.447746946666356
10859,BPRES-2021-14787,2021-09-21,400000,New Building,New Building,Expired,DARTMOUTH,District 06,1,2,Dwelling - Single Detached,44.70494558495018,-63.55077416957549
10860,BPRES-2021-14814,2023-01-19,500,Addition,Addition,Expired,LOWER SACKVILLE,District 15,0,1,Accessory Structure,44.761964520006536,-63.66866876358316
10861,BPRES-2021-14826,2021-10-04,25000,New Building,New Building,Completed,MIDDLE SACKVILLE,District 14,1,2,Dwelling - Backyard Suite,44.7872595803752,-63.75551983610268
10862,BPRES-2021-14850,2021-09-21,500000,New Building,New Building,Completed,BEAVER BANK,District 15,1,2,Dwelling - Single Detached,44.833680605735864,-63.6863366116044
10863,BPRES-2021-14897,2021-09-29,30000,New Building,New Building,Completed,ENFIELD,District 01,0,1,Accessory Structure,44.94251571895674,-63.522035496975015
10864,BPRES-2021-14906,,30000,Addition,Addition,Applicant Revisions,STILLWATER LAKE,District 13,0,2,Dwelling - Single Detached,44.692122163866124,-63.81528048894943
10865,BPRES-2021-14921,2021-10-12,550000,New Building,New Building,Completed,PORTERS LAKE,District 02,1,1,Dwelling - Single Detached,44.709173806410874,-63.29505450289859
10866,BPRES-2021-14926,2021-10-04,150000,New Building,New Building,Cancelled,LUCASVILLE,District 14,1,2,Dwelling - Single Detached,44.75793963454643,-63.724032331869616
10867,BPRES-2021-14953,2021-11-12,980000,New Building,New Building,Completed,SEABRIGHT,District 13,2,1,Dwelling - Multiple Units,44.62079834748636,-63.9322401246452
10868,BPRES-2021-14971,2021-11-25,20000,New Building,New Building,Completed,HUBLEY,District 13,0,1,Accessory Structure,44.66094943014136,-63.793913889635384
10869,BPRES-2021-14981,2022-07-20,150000,New Building,New Building,Expired,HAMMONDS PLAINS,District 14,0,1,Accessory Structure,44.71810561556901,-63.81590316682517
10870,BPRES-2021-14984,,595000,New Building,New Building,Applicant Revisions,,District 04,1,1,Dwelling - Single Detached,44.715909824140184,-63.4011013360566
10871,BPRES-2021-14988,2021-11-03,200000,New Building,New Building,Completed,STILLWATER LAKE,District 13,1,1,Dwelling - Single Detached,44.69920420871442,-63.84366337615349
10872,BPRES-2021-15064,2021-11-19,223000,New Building,New Building,Completed,WEST CHEZZETCOOK,District 02,1,1,Dwelling - Single Detached,44.72092849202928,-63.27076533308202
10873,BPRES-2021-15084,,29700,Renovation,Renovation,Application Incomplete,DARTMOUTH,District 05,1,1,Dwelling - Single Detached,44.68481687686458,-63.58195078682003
10874,BPRES-2021-15093,2021-11-19,680000,New Building,New Building,Completed,WEST PETPESWICK,District 02,1,1,Dwelling - Single Detached,44.752061694110154,-63.1665009647195
10875,BPRES-2021-15102,2021-09-28,425000,New Building,New Building,Completed,OAKFIELD,District 01,1,1,Dwelling - Single Detached,44.923796756517675,-63.56421916477925
10876,BPRES-2021-15115,,40000,Renovation,Renovation,Applicant Revisions,HALIFAX,District 10,1,2,Dwelling - Single Detached,44.66621910273121,-63.64173435933259
10877,BPRES-2021-15142,2022-09-28,30500,Addition,Addition,Issued,TIMBERLEA,District 12,0,1,Dwelling - Single Detached,44.65929911691315,-63.74492785481227
10878,BPRES-2021-15170,2021-10-20,245000,New Building,New Building,Completed,BOUTILIERS POINT,District 13,1,2,Dwelling - Single Detached,44.6638594791777,-63.944138658346276
10879,BPRES-2021-15181,2021-10-13,648000,New Building,New Building,Completed,HALIFAX,District 12,1,3,Dwelling - Single Detached,44.67782953431341,-63.67135408349656
10880,BPRES-2021-15200,2021-11-19,237000,New Building,New Building,Completed,WHITES LAKE,District 13,1,1,Dwelling - Single Detached,44.51786629962787,-63.76509623986919
10881,BPRES-2021-15212,2021-09-28,250000,New Building,New Building,Completed,HALIFAX,District 11,1,2,Dwelling - Single Detached,44.60489710742896,-63.619755046975655
10882,BPRES-2021-15230,2021-10-01,24900,New Building,New Building,Completed,HAMMONDS PLAINS,District 14,0,1,Accessory Structure,44.76375046590481,-63.78872479661443
10883,BPRES-2021-15247,2022-03-02,14500,Renovation,Renovation,Completed,HALIFAX,District 11,0,3,Dwelling - Townhouse,44.628544424366325,-63.620708422776985
10884,BPRES-2021-15257,2021-10-19,72255.24,Addition,Addition,Expired,HALIFAX,District 10,0,1,Dwelling - Single Detached,44.66450676272522,-63.643934971465626
10885,BPRES-2021-15262,2021-10-04,30000,New Building,New Building,Expired,WHITES LAKE,District 13,0,1,Accessory Structure,44.51960676043019,-63.759613394389056
10886,BPRES-2021-15306,2022-04-05,360000,New Building,New Building,Completed,EAST PETPESWICK,District 02,1,1,Dwelling - Single Detached,44.711605991978146,-63.16418663431718
10887,BPRES-2021-15333,,60000,Renovation,Renovation,Withdrawn,DARTMOUTH,District 06,0,2,Dwelling - Single Detached,44.673028304275036,-63.518633971114085
10888,BPRES-2021-15374,2022-08-04,200000,New Building,New Building,Completed,QUEENSLAND,District 13,1,2,Dwelling - Backyard Suite,44.65368630182648,-63.99653220194462
10889,BPRES-2021-15378,2021-10-06,278500,New Building,New Building,Completed,COLE HARBOUR,District 04,1,2,Dwelling - Single Detached,44.65648507664279,-63.44915766899987
10890,BPRES-2021-15385,2022-01-20,180000,Addition,Addition,Expired,DARTMOUTH,District 06,1,2,Dwelling - Multiple Units,44.70086929929945,-63.534743256862455
10891,BPRES-2021-15448,2021-11-04,10000,New Building,New Building,Expired,MIDDLE SACKVILLE,District 14,0,1,Accessory Structure,44.7969681969485,-63.733195434118635
10892,BPRES-2021-15464,2023-04-25,15000,New Building,New Building,Issued,HALIFAX,District 07,0,1,Accessory Structure,44.63413223104388,-63.585689556150854
10893,BPRES-2021-15478,,25000,New Building,New Building,Applicant Revisions,BROOKSIDE,District 13,0,1,Accessory Structure,44.54618608011359,-63.719885427258475
10894,BPRES-2021-15491,2026-05-19,200000,New Building,New Building,Issued,BEECHVILLE,District 12,0,1,Accessory Structure,44.632709432308246,-63.68089338042728
10895,BPRES-2021-15512,2021-12-23,150000,Addition,Addition,Expired,HALIFAX,District 09,0,3,Dwelling - Single Detached,44.65122071750637,-63.6045092344538
10896,BPRES-2021-15530,2021-11-25,180000,Renovation,Renovation,Expired (Closed),HALIFAX,District 11,0,3,Dwelling - Multiple Units,44.616366773493915,-63.62048502597738
10897,BPRES-2021-15556,2021-10-25,34900,Renovation,Renovation,Expired,HALIFAX,District 09,0,2,Dwelling - Single Detached,44.644980481735686,-63.60246595650298
10898,BPRES-2021-15577,2021-10-19,511000,New Building,New Building,Completed,PORTUGUESE COVE,District 11,1,1,Dwelling - Single Detached,44.51984707316868,-63.57885825643838
10899,BPRES-2021-15593,2021-12-02,250000,New Building,New Building,Completed,ENFIELD,District 01,2,1,Dwelling - Multiple Units,44.942223381456095,-63.52335779839017
10900,BPRES-2021-15596,2021-12-15,100000,Addition,Addition,Completed,CONROD SETTLEMENT,District 02,1,1,Dwelling - Semi-Detached,44.75641118095465,-63.24419120405878
10901,BPRES-2021-15608,2021-10-06,25000,New Building,New Building,Expired (Closed),FALL RIVER,District 01,0,1,Accessory Structure,44.821036033545795,-63.628505105944214
10902,BPRES-2021-15639,2021-10-15,411500,New Building,New Building,Completed,HUBLEY,District 13,1,2,Dwelling - Single Detached,44.66544811008215,-63.812164211181674
10903,BPRES-2021-15648,2022-10-21,287000,New Building,New Building,Completed,HERRING COVE,District 11,2,1,Dwelling - Multiple Units,44.575620113291734,-63.57418843814809
10904,BPRES-2021-15649,2021-11-02,211001.9,Addition,Addition,Completed,HALIFAX,District 07,0,2,Dwelling - Single Detached,44.62531430604619,-63.57834444671541
10905,BPRES-2021-15658,2021-10-07,7500,Renovation,Renovation,Cancelled,DARTMOUTH,District 06,0,2,Dwelling - Single Detached,44.69479424673523,-63.53800385173164
10906,BPRES-2021-15681,2021-10-04,425000,New Building,New Building,Completed,MIDDLE SACKVILLE,District 14,1,1,Dwelling - Single Detached,44.80606167861211,-63.721508797152076
10907,BPRES-2021-15690,2021-10-04,425000,New Building,New Building,Completed,BEAVER BANK,District 15,1,2,Dwelling - Single Detached,44.81331263861714,-63.665567822092584
10908,BPRES-2021-15694,2021-11-29,5600,Renovation,Renovation,Expired,DARTMOUTH,District 03,1,3,Dwelling - Multiple Units,44.667405353097045,-63.55205899999942
10909,BPRES-2021-15718,2021-10-14,20000,New Building,New Building,Completed,BEDFORD,District 16,0,1,Accessory Structure,44.722966895981834,-63.716242654915135
10910,BPRES-2021-15730,2021-10-19,325396.47,New Building,New Building,Completed,ENFIELD,District 01,1,2,Dwelling - Single Detached,44.93029686953976,-63.5424595995038
10911,BPRES-2021-15755,2021-10-07,10000,Renovation,Renovation,Completed,BEDFORD,District 16,0,2,Dwelling - Single Detached,44.73855874059271,-63.65111236370544
10912,BPRES-2021-15770,2021-10-06,7000,Renovation,Renovation,Expired,MIDDLE SACKVILLE,District 14,0,1,Dwelling - Single Detached,44.7780830408288,-63.70573350058916
10913,BPRES-2021-15824,2022-06-30,300000,New Building,New Building,Completed,WEST PENNANT,District 11,1,1,Dwelling - Single Detached,44.475980807977,-63.631245039472795
10914,BPRES-2021-15828,2021-10-13,525000,New Building,New Building,Completed,WHITES LAKE,District 13,1,2,Dwelling - Single Detached,44.514105355309816,-63.744714049687
10915,BPRES-2021-15833,2022-01-28,1500000,New Building,New Building,Completed,DARTMOUTH,District 06,7,3,Dwelling - Townhouse,44.683214928369416,-63.593543626540395
10916,BPRES-2021-15846,2021-11-03,40000,Renovation,Renovation,Completed,HALIFAX,District 10,1,1,Dwelling - Multiple Units,44.65972152142534,-63.63898026638083
10917,BPRES-2021-15861,2021-12-30,900000,Addition,Addition,Expired,BEDFORD,District 16,0,2,Dwelling - Single Detached,44.72586290544538,-63.65829183836104
10918,BPRES-2021-15862,2021-10-15,20000,New Building,New Building,Amendment Requested,HALIFAX,District 08,0,1,Accessory Structure,44.67018890297679,-63.604195857263235
10919,BPRES-2021-15872,2021-10-13,475000,New Building,New Building,Completed,LOWER SACKVILLE,District 15,1,2,Dwelling - Single Detached,44.770636865706656,-63.686090559969884
10920,BPRES-2021-15879,2023-08-14,20000,New Building,New Building,Completed,BEAVER BANK,District 15,0,1,Accessory Structure,44.83472318830814,-63.68253744762118
10921,BPRES-2021-15886,2021-11-03,440000,New Building,New Building,Completed,ENFIELD,District 01,1,2,Dwelling - Single Detached,44.93785493746028,-63.52671084547621
10922,BPRES-2021-15917,2021-12-30,111000,New Building,New Building,Completed,THREE FATHOM HARBOUR,District 02,1,2,Dwelling - Backyard Suite,44.65163432112635,-63.28537594705766
10923,BPRES-2021-15951,2021-12-01,150000,New Building,New Building,Completed,FLETCHERS LAKE,District 01,1,1,Dwelling - Single Detached,44.842545453512805,-63.603546701484404
10924,BPRES-2021-15979,2021-10-25,131000,New Building,New Building,Completed,DEVON,District 01,1,1,Dwelling - Single Detached,44.91453193442251,-63.41192256889479
10925,BPRES-2021-16034,2021-12-01,150000,New Building,New Building,Completed,LOWER SACKVILLE,District 15,1,1,Dwelling - Single Detached,44.77223958449989,-63.641161344604505
10926,BPRES-2021-16044,2021-10-06,25000,Renovation,Renovation,Expired,HAMMONDS PLAINS,District 14,0,3,Dwelling - Semi-Detached,44.69842995130259,-63.76502038093575
10927,BPRES-2021-16063,,5000,New Building,New Building,Withdrawn,PROSPECT,District 13,0,1,Accessory Structure,44.471381384658876,-63.79292078143522
10928,BPRES-2021-16081,2021-10-18,205000,New Building,New Building,Completed,WEST PETPESWICK,District 02,1,1,Dwelling - Single Detached,44.74581015088452,-63.168963735419545
10929,BPRES-2021-16104,2021-10-14,375000,Addition,Addition,Completed,HATCHET LAKE,District 13,0,3,Dwelling - Single Detached,44.56786601835351,-63.73408041781977
10930,BPRES-2021-16146,2021-10-13,328000,New Building,New Building,Completed,UPPER SACKVILLE,District 14,1,1,Dwelling - Single Detached,44.80805259552519,-63.75827422993642
10931,BPRES-2021-16150,2021-10-15,50000,New Building,New Building,Completed,WEST DOVER,District 13,0,1,Accessory Structure,44.49492818934196,-63.87743038953267
10932,BPRES-2021-16182,2021-09-27,8000,Renovation,Renovation,Expired,HALIFAX,District 09,0,3,Dwelling - Multiple Units,44.64454804263687,-63.59811483616739
10933,BPRES-2021-16221,2021-10-07,34700,Renovation,Renovation,Expired (Closed),HAMMONDS PLAINS,District 14,0,2,Dwelling - Single Detached,44.75961348981023,-63.77135046514327
10934,BPRES-2021-16229,2021-10-13,35000,New Building,New Building,Completed,DEVON,District 01,0,1,Accessory Structure,44.9056250522109,-63.4274898407479
10935,BPRES-2021-16244,2021-11-29,60000,New Building,New Building,Expired,,District 13,1,1,Dwelling - Single Detached,,
10936,BPRES-2021-16255,2021-11-08,30000,Renovation,Renovation,Completed,DARTMOUTH,District 03,0,2,Dwelling - Multiple Units,44.65081333912885,-63.53834130056818
10937,BPRES-2021-16279,2021-10-06,20000,New Building,New Building,Expired (Closed),WELLINGTON,District 01,0,1,Accessory Structure,44.867950956730354,-63.610943227352
10938,BPRES-2021-16283,2022-05-31,100000,Renovation,Renovation,Expired,HALIFAX,District 09,1,2,Dwelling - Multiple Units,44.654624406830116,-63.60611992749081
10939,BPRES-2021-16290,,5000,New Building,New Building,Withdrawn,HALIFAX,District 11,0,1,Accessory Structure,44.635802666468685,-63.61997121722046
10940,BPRES-2021-16321,2021-10-25,4500,Renovation,Renovation,Expired,HALIFAX,District 10,0,3,Dwelling - Single Detached,44.6744066114166,-63.65253909195635
10941,BPRES-2021-16346,2021-12-14,235000,New Building,New Building,Completed,LAWRENCETOWN,District 02,1,2,Dwelling - Single Detached,44.695357475724045,-63.40835039585012
10942,BPRES-2021-16362,2023-08-17,110500,New Building,New Building,Completed,HACKETTS COVE,District 13,1,1,Dwelling - Single Detached,44.55777867476242,-63.94054191881046
10943,BPRES-2021-16389,2021-11-30,29000,New Building,New Building,Completed,LOWER SHIP HARBOUR,District 02,0,1,Accessory Structure,44.784141649414416,-62.833073462681625
10944,BPRES-2021-16400,,50000,New Building,New Building,Applicant Revisions,DARTMOUTH,District 05,1,1,Dwelling - Single Detached,44.68273548605877,-63.59608692339458
10945,BPRES-2021-16410,2021-10-19,10000,Renovation,Renovation,Completed,BEDFORD,District 16,0,2,Dwelling - Single Detached,44.71665687891946,-63.657709459704606
10946,BPRES-2021-16412,2021-10-19,165000,New Building,New Building,Completed,HALIFAX,District 11,4,3,Dwelling - Semi-Detached,44.60205530698282,-63.613619008279095
10947,BPRES-2021-16412,2021-10-19,165000,New Building,New Building,Completed,HALIFAX,District 11,4,3,Dwelling - Semi-Detached,44.60205530698282,-63.613619008279095
10948,BPRES-2021-16432,2021-11-25,39000,Renovation,Renovation,Completed,HALIFAX,District 09,0,3,Dwelling - Multiple Units,44.651348418216344,-63.62658605939514
10949,BPRES-2021-16454,2021-10-25,378135.37,New Building,New Building,Completed,HALIFAX,District 10,1,1,Dwelling - Single Detached,44.687355555966285,-63.68665577487041
10950,BPRES-2021-16461,2021-11-29,700000,New Building,New Building,Expired,BEDFORD,District 16,1,2,Dwelling - Single Detached,44.70105222470323,-63.714126701222355
10951,BPRES-2021-16482,2021-11-01,24500,Addition,Addition,Expired (Closed),SHAD BAY,District 13,0,1,Dwelling - Single Detached,44.51979417053712,-63.792987554295664
10952,BPRES-2021-16485,2021-10-15,25000,Renovation,Renovation,Expired (Closed),BROOKSIDE,District 13,0,1,Dwelling - Single Detached,44.54180725433378,-63.711295239531225
10953,BPRES-2021-16491,2022-05-05,112500,Addition,Addition,Completed,HALIFAX,District 11,0,2,Dwelling - Single Detached,44.61758509905967,-63.60866746360267
10954,BPRES-2021-16497,,25000,Addition,Addition,Applicant Revisions,DARTMOUTH,District 05,0,3,Dwelling - Single Detached,44.670824058902255,-63.567620914013865
10955,BPRES-2021-16511,2022-02-11,240000,New Building,New Building,Completed,WEST PORTERS LAKE,District 02,1,1,Dwelling - Single Detached,44.684576505727286,-63.31492014498993
10956,BPRES-2021-16525,2022-03-10,390000,New Building,New Building,Issued,DARTMOUTH,District 06,2,1,Dwelling - Semi-Detached,44.68912716085117,-63.526285657437214
10957,BPRES-2021-16553,2021-12-23,320000,Renovation,Renovation,Expired,HALIFAX,District 07,1,3,Dwelling - Multiple Units,44.63275646271707,-63.58382307393196
10958,BPRES-2021-16593,2021-11-15,40000,New Building,New Building,Completed,HAMMONDS PLAINS,District 14,0,2,Accessory Structure,44.71454371946873,-63.754416449964516
10959,BPRES-2021-16606,2021-10-26,38000,New Building,New Building,Completed,MIDDLE SACKVILLE,District 14,0,1,Accessory Structure,44.80340000135185,-63.745059776212734
10960,BPRES-2021-16609,2022-03-17,280000,New Building,New Building,Completed,GLEN HAVEN,District 13,1,1,Dwelling - Single Detached,44.63881059682286,-63.91099446471637
10961,BPRES-2021-16638,2021-10-21,32000,New Building,New Building,Expired,MIDDLE MUSQUODOBOIT,District 01,0,1,Accessory Structure,44.99814375222328,-63.186106598503116
10962,BPRES-2021-16660,2021-12-03,300000,New Building,New Building,Completed,KETCH HARBOUR,District 11,1,1,Dwelling - Single Detached,44.48338323410831,-63.569470339945575
10963,BPRES-2021-16669,2021-10-27,30000,Renovation,Renovation,Completed,HALIFAX,District 08,0,3,Dwelling - Townhouse,44.658992539287254,-63.61223515007856
10964,BPRES-2021-16674,2021-12-21,250000,Renovation,Renovation,Completed,HALIFAX,District 11,0,1,Dwelling - Single Detached,44.62328874203678,-63.58790467522807
10965,BPRES-2021-16683,2021-11-19,500000,New Building,New Building,Completed,TIMBERLEA,District 12,4,3,Dwelling - Semi-Detached,44.654218285946214,-63.737063576730215
10966,BPRES-2021-16686,2021-10-27,625000,New Building,New Building,Completed,BEDFORD,District 16,1,3,Dwelling - Single Detached,44.705262863825084,-63.716888891039865
10967,BPRES-2021-16703,2021-10-27,600000,New Building,New Building,Completed,BEDFORD,District 16,1,3,Dwelling - Single Detached,44.70518818546672,-63.71681121642332
10968,BPRES-2021-16720,,15000,Renovation,Renovation,Cancelled,HALIFAX,District 08,0,3,Dwelling - Multiple Units,44.652604604048015,-63.5974993405005
10969,BPRES-2021-16749,2021-12-08,501000,New Building,New Building,Completed,DARTMOUTH,District 06,1,2,Dwelling - Single Detached,44.705302191336216,-63.551498402349516
10970,BPRES-2021-16765,,8000,Renovation,Renovation,Withdrawn,BOUTILIERS POINT,District 13,0,2,Dwelling - Single Detached,44.657510143955015,-63.958897200431096
10971,BPRES-2021-16798,2021-10-18,15000,Renovation,Renovation,Expired,HALIFAX,District 07,0,3,Dwelling - Multiple Units,44.639732306983134,-63.57234196834786
10972,BPRES-2021-16804,2021-10-21,700000,New Building,New Building,Completed,HAMMONDS PLAINS,District 14,1,1,Dwelling - Single Detached,44.7702098857021,-63.75793268975236
10973,BPRES-2021-16822,2022-07-08,3947175,New Building,New Building,Completed,HALIFAX,District 08,40,7,Dwelling - Multiple Units,44.66035687000956,-63.59576012069133
10974,BPRES-2021-16848,2021-11-02,300000,New Building,New Building,Completed,OAKFIELD,District 01,1,2,Dwelling - Single Detached,44.91183674404589,-63.55834359307517
10975,BPRES-2021-16859,2021-11-19,30000,New Building,New Building,Completed,BEDFORD,District 16,0,1,Accessory Structure,44.74132788057235,-63.64856402097574
10976,BPRES-2021-16879,2021-10-20,20000,New Building,New Building,Expired,COLE HARBOUR,District 04,0,1,Accessory Structure,44.67824346771052,-63.47908353483645
10977,BPRES-2021-16901,2021-10-20,18000,New Building,New Building,Completed,WEST JEDDORE,District 02,0,1,Accessory Structure,44.723015543725076,-63.013179937591985
10978,BPRES-2021-16906,2021-12-07,25000,New Building,New Building,Expired,COW BAY,District 03,0,2,Accessory Structure,44.63310026536864,-63.429038002153334
10979,BPRES-2021-16919,2021-11-01,800000,New Building,New Building,Completed,FALL RIVER,District 01,1,2,Dwelling - Single Detached,44.82438436382518,-63.63994296328978
10980,BPRES-2021-16943,2021-12-15,15000,New Building,New Building,Expired (Closed),MOOSELAND,District 02,0,1,Accessory Structure,44.94604752796013,-62.796848976282334
10981,BPRES-2021-16984,2021-11-10,193000,Addition,Addition,Expired,HATCHET LAKE,District 13,0,2,Dwelling - Single Detached,44.563949980618155,-63.736104303128165
10982,BPRES-2021-16995,2022-09-27,200000,Renovation,Renovation,Completed,HALIFAX,District 11,2,2,Dwelling - Multiple Units,44.6191729616182,-63.61312801040066
10983,BPRES-2021-16999,2021-11-16,350000,New Building,New Building,Completed,HAMMONDS PLAINS,District 14,1,1,Dwelling - Single Detached,44.74455621954909,-63.807591486654665
10984,BPRES-2021-17004,2021-12-02,15000,Renovation,Renovation,Expired,HALIFAX,District 08,0,2,Dwelling - Single Detached,44.67042000252159,-63.607788435308784
10985,BPRES-2021-17015,2021-11-16,675000,New Building,New Building,Completed,BEDFORD,District 16,1,3,Dwelling - Single Detached,44.70409215186326,-63.716725696963934
10986,BPRES-2021-17020,2021-10-22,600000,New Building,New Building,Completed,BEDFORD,District 16,1,3,Dwelling - Single Detached,44.70502737448866,-63.71666856477973
10987,BPRES-2021-17025,2021-10-22,675000,New Building,New Building,Completed,BEDFORD,District 16,1,3,Dwelling - Single Detached,44.70375221318399,-63.71506405372488
10988,BPRES-2021-17038,2021-10-22,675000,New Building,New Building,Completed,BEDFORD,District 16,1,3,Dwelling - Single Detached,44.704132661684525,-63.716006630573006
10989,BPRES-2021-17042,2021-11-25,20000,New Building,New Building,Expired (Closed),SAMBRO,District 11,0,1,Accessory Structure,44.478642244228475,-63.612159360806906
10990,BPRES-2021-17049,2021-11-08,368000,New Building,New Building,Completed,GLEN HAVEN,District 13,1,1,Dwelling - Single Detached,44.63889378206577,-63.92677939667815
10991,BPRES-2021-17060,2021-11-16,400000,New Building,New Building,Completed,GRAND LAKE,District 01,1,2,Dwelling - Single Detached,44.87989683832909,-63.57490113330358
10992,BPRES-2021-17070,2021-11-16,675000,New Building,New Building,Completed,BEDFORD,District 16,1,3,Dwelling - Single Detached,44.704347967980475,-63.71647066040674
10993,BPRES-2021-17088,2022-01-27,725000,New Building,New Building,Completed,EAST PETPESWICK,District 02,1,2,Dwelling - Single Detached,44.69891644611964,-63.14168494376155
10994,BPRES-2021-17122,,258880.39,Addition,Addition,Withdrawn,HALIFAX,District 09,0,3,Dwelling - Single Detached,44.64487275784814,-63.613563737588
10995,BPRES-2021-17128,2021-11-19,300000,New Building,New Building,Completed,BLACK POINT,District 13,1,2,Dwelling - Single Detached,44.6455497208555,-63.98145296211026
10996,BPRES-2021-17136,,150000,Renovation,Renovation,Applicant Revisions,HALIFAX,District 08,0,2,Dwelling - Semi-Detached,44.65386451042763,-63.58801443371233
10997,BPRES-2021-17140,,20000,New Building,New Building,Withdrawn,EAST PRESTON,District 04,0,1,Accessory Structure,44.723804151452086,-63.43998121417154
10998,BPRES-2021-17152,2021-11-16,417000,New Building,New Building,Completed,GRAND LAKE,District 01,1,2,Dwelling - Single Detached,44.889579458626876,-63.59146681370219
10999,BPRES-2021-17153,2021-11-16,560000,New Building,New Building,Completed,UPPER HAMMONDS PLAINS,District 14,1,2,Dwelling - Single Detached,44.77238986261657,-63.85424226025589
11000,BPRES-2021-17173,2022-04-13,420000,New Building,New Building,Completed,HALIFAX,District 09,2,3,Dwelling - Semi-Detached,44.63032205133088,-63.6235469065801
11001,BPRES-2021-17179,2022-01-26,39000,Renovation,Renovation,Expired,HALIFAX,District 10,1,2,Dwelling - Single Detached,44.65838897483808,-63.631194074123194
11002,BPRES-2021-17189,2022-01-12,350000,New Building,New Building,Completed,KETCH HARBOUR,District 11,1,1,Dwelling - Single Detached,44.483014684890854,-63.57080068879095
11003,BPRES-2021-17197,2021-11-03,450000,New Building,New Building,Completed,BEDFORD,District 16,1,2,Dwelling - Single Detached,44.70382631656551,-63.7183492352091
11004,BPRES-2021-17203,2021-11-08,400000,New Building,New Building,Completed,BEDFORD,District 16,1,2,Dwelling - Single Detached,44.704956446536656,-63.716567201368186
11005,BPRES-2021-17209,2021-11-08,450000,New Building,New Building,Completed,BEDFORD,District 16,1,3,Dwelling - Single Detached,44.704187342554086,-63.71801453204571
11006,BPRES-2021-17215,2021-11-03,400000,New Building,New Building,Completed,BEDFORD,District 16,1,2,Dwelling - Single Detached,44.70488543401698,-63.716465330779556
11007,BPRES-2021-17222,2021-11-04,400000,New Building,New Building,Completed,BEDFORD,District 16,1,3,Dwelling - Single Detached,44.704762888004815,-63.71624433543874
11008,BPRES-2021-17228,2021-11-08,400000,New Building,New Building,Completed,BEDFORD,District 16,1,3,Dwelling - Single Detached,44.70466753402492,-63.71602463850435
11009,BPRES-2021-17238,2021-11-08,400000,New Building,New Building,Completed,BEDFORD,District 16,1,2,Dwelling - Single Detached,44.70450692862214,-63.71570132470324
11010,BPRES-2021-17242,2021-11-08,400000,New Building,New Building,Completed,BEDFORD,District 16,1,2,Dwelling - Single Detached,44.70445650432757,-63.71558916444873
11011,BPRES-2021-17245,2021-11-08,400000,New Building,New Building,Completed,BEDFORD,District 16,1,3,Dwelling - Single Detached,44.704400732961666,-63.71548338754993
11012,BPRES-2021-17251,2021-11-08,400000,New Building,New Building,Completed,BEDFORD,District 16,1,3,Dwelling - Single Detached,44.70430505577848,-63.71526126837173
11013,BPRES-2021-17257,2021-11-08,400000,New Building,New Building,Completed,BEDFORD,District 16,1,3,Dwelling - Single Detached,44.70418100135072,-63.715026201119215
11014,BPRES-2021-17261,2021-11-08,400000,New Building,New Building,Completed,BEDFORD,District 16,1,3,Dwelling - Single Detached,44.70406723329608,-63.71493935063509
11015,BPRES-2021-17265,2021-12-08,10500,Renovation,Renovation,Expired,DARTMOUTH,District 06,0,1,Dwelling - Single Detached,44.68687065444127,-63.5427940663268
11016,BPRES-2021-17273,2021-11-04,425000,New Building,New Building,Completed,BEDFORD,District 16,1,2,Dwelling - Single Detached,44.70369639479657,-63.71778843210186
11017,BPRES-2021-17279,2021-11-04,425000,New Building,New Building,Completed,BEDFORD,District 16,1,2,Dwelling - Single Detached,44.703491030588324,-63.717886012957344
11018,BPRES-2021-17282,2021-11-16,425000,New Building,New Building,Completed,BEDFORD,District 16,1,3,Dwelling - Single Detached,44.70338363021683,-63.717942272819506
11019,BPRES-2021-17292,,15000,New Building,New Building,Applicant Revisions,LOWER SACKVILLE,District 15,0,1,Accessory Structure,44.78953658439421,-63.68577932733606
11020,BPRES-2021-17304,2022-02-23,400000,New Building,New Building,Completed,PORTUGUESE COVE,District 11,1,2,Dwelling - Single Detached,44.524719477860366,-63.53656749188658
11021,BPRES-2021-17322,2021-11-16,32000,New Building,New Building,Completed,WELLINGTON,District 01,0,1,Accessory Structure,44.868787125997336,-63.62354250759217
11022,BPRES-2021-17339,2021-11-10,17352,Renovation,Renovation,Expired (Closed),HALIFAX,District 11,0,2,Dwelling - Single Detached,44.61106120500279,-63.60873322380796
11023,BPRES-2021-17353,2021-11-02,130000,Renovation,Renovation,Completed,COLE HARBOUR,District 04,0,2,Dwelling - Single Detached,44.64847730456965,-63.468043237549985
11024,BPRES-2021-17362,2021-12-10,130000,New Building,New Building,Completed,EAST PETPESWICK,District 02,1,1,Dwelling - Backyard Suite,44.69324018354629,-63.14789010348108
11025,BPRES-2021-17388,2021-11-29,20000,New Building,New Building,Completed,HAMMONDS PLAINS,District 14,0,1,Accessory Structure,44.716692299796904,-63.826310245503606
11026,BPRES-2021-17399,2021-11-18,150000,New Building,New Building,Expired (Closed),DEAN,District 01,0,1,Accessory Structure,45.19053975417532,-62.891405502463954
11027,BPRES-2021-17419,2022-01-05,26000,Renovation,Renovation,Expired,DARTMOUTH,District 06,1,2,Dwelling - Multiple Units,44.68390205523511,-63.49925016023489
11028,BPRES-2021-17430,2021-11-25,25000,New Building,New Building,Expired,MYERS POINT,District 02,0,1,Accessory Structure,44.77204957922125,-63.0517262066951
11029,BPRES-2021-17441,2022-01-12,100000,Renovation,Renovation,Expired,HALIFAX,District 09,0,2,Dwelling - Single Detached,44.64279950013558,-63.60013347053815
11030,BPRES-2021-17448,2022-05-18,24500,New Building,New Building,Expired,SHIP HARBOUR,District 02,1,1,Dwelling - Seasonal,44.803813908638666,-62.85123469326003
11031,BPRES-2021-17457,2021-11-16,400000,New Building,New Building,Completed,ENFIELD,District 01,1,2,Dwelling - Single Detached,44.924972318810774,-63.52644580634783
11032,BPRES-2021-17489,2021-11-29,450000,New Building,New Building,Completed,,District 03,3,1,Dwelling - Townhouse,44.60790070322148,-63.489824937129114
11033,BPRES-2021-17543,2022-06-14,75000,New Building,New Building,Amendment Application Incomplete,HEAD OF JEDDORE,District 02,1,1,Dwelling - Backyard Suite,44.77729675511897,-63.05060644218164
11034,BPRES-2021-17545,2021-12-15,229000,Renovation,Renovation,Expired,HALIFAX,District 07,0,2,Dwelling - Single Detached,44.63961827613562,-63.599133861781944
11035,BPRES-2021-17560,2022-02-14,47500,New Building,New Building,Completed,UPPER SACKVILLE,District 14,0,1,Accessory Structure,44.825414711145854,-63.7582617566709
11036,BPRES-2021-17565,,12000,Renovation,Renovation,Applicant Revisions,WEST JEDDORE,District 02,1,2,Dwelling - Backyard Suite,44.72916133806361,-63.03845443073093
11037,BPRES-2021-17605,2021-11-22,360000,New Building,New Building,Completed,HUBBARDS,District 13,1,1,Dwelling - Single Detached,44.633678072905724,-64.04687257835339
11038,BPRES-2021-17612,2021-11-09,30000,New Building,New Building,Expired,FALL RIVER,District 01,0,1,Accessory Structure,44.81005197007352,-63.5851895786909
11039,BPRES-2021-17648,2021-12-14,610784.5,Addition,Addition,Completed,HALIFAX,District 11,0,2,Dwelling - Single Detached,44.62282082546106,-63.5941359035366
11040,BPRES-2021-17669,2021-11-22,185000,New Building,New Building,Completed,HALIFAX,District 11,4,3,Dwelling - Semi-Detached,44.60191816561593,-63.61368928198048
11041,BPRES-2021-17669,2021-11-22,185000,New Building,New Building,Completed,HALIFAX,District 11,4,3,Dwelling - Semi-Detached,44.60191816561593,-63.61368928198048
11042,BPRES-2021-17676,2021-11-08,30000,New Building,New Building,Issued,COW BAY,District 03,0,1,Accessory Structure,44.63203744237304,-63.428618382598735
11043,BPRES-2021-17685,2022-02-03,28000,New Building,New Building,Completed,HAMMONDS PLAINS,District 14,0,1,Accessory Structure,44.722762564101686,-63.84093987734622
11044,BPRES-2021-17692,2021-11-19,31500,New Building,New Building,Expired,MIDDLE SACKVILLE,District 14,0,1,Accessory Structure,44.78684198892813,-63.73821999483175
11045,BPRES-2021-17708,2022-09-07,500000,New Building,New Building,Completed,HERRING COVE,District 11,1,3,Dwelling - Single Detached,44.56871485880691,-63.57009095138506
11046,BPRES-2021-17721,2021-12-13,12010,Addition,Addition,Completed,DARTMOUTH,District 05,-1,1,Dwelling - Single Detached,44.674166076574146,-63.588409015297536
11047,BPRES-2021-17752,2021-11-25,36900,New Building,New Building,Completed,PROSPECT,District 13,0,1,Accessory Structure,44.494716596791996,-63.80635397713056
11048,BPRES-2021-17757,2021-11-25,20000,New Building,New Building,Completed,HALIFAX,District 11,0,1,Accessory Structure,44.616722153344504,-63.57683389973996
11049,BPRES-2021-17785,2021-11-25,400000,New Building,New Building,Completed,TANTALLON,District 13,1,1,Dwelling - Single Detached,44.653622468316485,-63.91143757765588
11050,BPRES-2021-17807,2021-11-16,50000,New Building,New Building,Completed,HAMMONDS PLAINS,District 14,0,1,Accessory Structure,44.700853435637484,-63.72367729502748
11051,BPRES-2021-17828,2021-11-30,450000,New Building,New Building,Completed,,District 03,3,1,Dwelling - Townhouse,44.60790070322148,-63.489824937129114
11052,BPRES-2021-17844,2021-11-30,200000,New Building,New Building,Completed,TIMBERLEA,District 12,1,3,Dwelling - Single Detached,44.640127611095465,-63.723817625137215
11053,BPRES-2021-17864,2021-11-30,400000,New Building,New Building,Completed,TIMBERLEA,District 12,1,2,Dwelling - Single Detached,44.64040460061351,-63.7242779810843
11054,BPRES-2021-17865,2021-11-30,400000,New Building,New Building,Completed,TIMBERLEA,District 12,1,2,Dwelling - Single Detached,44.6402898031128,-63.72433060823971
11055,BPRES-2021-17875,2021-12-02,55000,Renovation,Renovation,Expired,EAST CHEZZETCOOK,District 02,0,2,Dwelling - Single Detached,44.72111713818005,-63.236252347855874
11056,BPRES-2021-17879,2022-05-05,650000,New Building,New Building,Completed,HALIFAX,District 11,3,3,Dwelling - Multiple Units,44.61640400591903,-63.61909223437774
11057,BPRES-2021-17885,2022-02-16,630000,New Building,New Building,Completed,DARTMOUTH,District 06,1,1,Dwelling - Single Detached,44.717478879796225,-63.54710521925442
11058,BPRES-2021-17887,,25514,New Building,New Building,Withdrawn,HALIFAX,District 09,0,1,Accessory Structure,44.64940798489877,-63.60770280777513
11059,BPRES-2021-17922,2021-11-12,600000,New Building,New Building,Completed,HUBLEY,District 13,1,1,Dwelling - Single Detached,44.66094943014136,-63.793913889635384
11060,BPRES-2021-17924,,15000,Addition,Addition,Applicant Revisions,HERRING COVE,District 11,0,1,Dwelling - Single Detached,44.56746542652454,-63.56335744893274
11061,BPRES-2021-17935,,18500,Renovation,Renovation,Withdrawn,BEDFORD,District 16,1,2,Dwelling - Semi-Detached,44.733616345212724,-63.64703776573187
11062,BPRES-2021-17961,2021-11-29,30000,Renovation,Renovation,Expired (Closed),HALIFAX,District 08,0,2,Dwelling - Multiple Units,44.66541722891154,-63.61353807443096
11063,BPRES-2021-17967,2021-11-25,566000,New Building,New Building,Completed,UPPER TANTALLON,District 13,1,2,Dwelling - Single Detached,44.696395442492545,-63.87267583397763
11064,BPRES-2021-17971,2021-11-30,30000,Renovation,Renovation,Completed,HALIFAX,District 09,0,3,Dwelling - Multiple Units,44.65203749917627,-63.625251880074416
11065,BPRES-2021-17994,2022-02-02,36300,New Building,New Building,Expired,COLE HARBOUR,District 04,0,1,Accessory Structure,44.68511711055993,-63.48534807499848
11066,BPRES-2021-17999,2021-11-30,180000,Renovation,Renovation,Expired (Closed),HALIFAX,District 11,0,3,Dwelling - Multiple Units,44.61595682834074,-63.620425690918914
11067,BPRES-2021-18003,2021-11-25,31000,New Building,New Building,Completed,SEAFORTH,District 02,0,1,Accessory Structure,44.66023101660386,-63.26349681688925
11068,BPRES-2021-18012,2021-11-16,675000,New Building,New Building,Completed,BEDFORD,District 16,1,3,Dwelling - Single Detached,44.70394568072134,-63.71730504984958
11069,BPRES-2021-18025,2021-12-01,675000,New Building,New Building,Completed,BEDFORD,District 16,1,3,Dwelling - Single Detached,44.704059378612016,-63.71687123037145
11070,BPRES-2021-18040,,150000,Addition,Addition,Withdrawn,HALIFAX,District 11,0,2,Dwelling - Single Detached,44.62854762660326,-63.606614495050344
11071,BPRES-2021-18072,2021-11-25,30000,New Building,New Building,Expired (Closed),BEAVER BANK,District 15,0,1,Accessory Structure,44.80618927534245,-63.669033861782154
11072,BPRES-2021-18078,2021-11-29,425000,New Building,New Building,Completed,HERRING COVE,District 11,1,2,Dwelling - Single Detached,44.576429106491375,-63.57122193210182
11073,BPRES-2021-18103,2022-08-05,800000,New Building,New Building,Expired,HALIFAX,District 07,1,2,Dwelling - Single Detached,44.63119786448722,-63.587417453409394
11074,BPRES-2021-18109,2021-11-16,400000,New Building,New Building,Completed,BEDFORD,District 16,1,3,Dwelling - Single Detached,44.70392578658572,-63.715726890398955
11075,BPRES-2021-18155,2022-04-05,387000,New Building,New Building,Completed,GAETZ BROOK,District 02,1,1,Dwelling - Single Detached,44.7787236130625,-63.19964431058383
11076,BPRES-2021-18158,2021-11-16,400000,New Building,New Building,Completed,BEDFORD,District 16,1,3,Dwelling - Single Detached,44.704032718585566,-63.715782388535914
11077,BPRES-2021-18173,2021-12-21,90000,Renovation,Renovation,Expired,HALIFAX,District 11,0,2,Dwelling - Single Detached,44.63033968799751,-63.61206193472284
11078,BPRES-2021-18179,2021-11-08,675000,New Building,New Building,Completed,BEDFORD,District 16,1,2,Dwelling - Single Detached,44.70429623653998,-63.71771591351204
11079,BPRES-2021-18194,2021-11-08,675000,New Building,New Building,Completed,BEDFORD,District 16,1,3,Dwelling - Single Detached,44.704395173347955,-63.717280714967494
11080,BPRES-2021-18200,2021-11-22,30000,New Building,New Building,Expired (Closed),MIDDLE SACKVILLE,District 14,0,1,Accessory Structure,44.790418967941825,-63.76489453825166
11081,BPRES-2021-18206,2021-11-29,17000,New Building,New Building,Expired (Closed),LAWRENCETOWN,District 02,0,1,Accessory Structure,44.69057705779665,-63.40244943616095
11082,BPRES-2021-18207,2022-06-08,275000,New Building,New Building,Completed,WINDSOR JUNCTION,District 01,1,2,Dwelling - Single Detached,44.80341081797554,-63.64134939755424
11083,BPRES-2021-18216,2022-02-03,2000,Renovation,Renovation,Completed,FALL RIVER,District 01,0,1,Dwelling - Multiple Units,44.81868812821057,-63.61366195763932
11084,BPRES-2021-18273,2021-11-08,675000,New Building,New Building,Completed,BEDFORD,District 16,1,2,Dwelling - Single Detached,44.704437620818005,-63.717133203080685
11085,BPRES-2021-18295,2021-11-29,25000,New Building,New Building,Completed,GRAND DESERT,District 02,0,1,Accessory Structure,44.69360735627873,-63.25964439165688
11086,BPRES-2021-18307,,63000,New Building,New Building,Withdrawn,EAST LAWRENCETOWN,District 02,1,2,Dwelling - Backyard Suite,44.67393182064531,-63.321969943970124
11087,BPRES-2021-18365,2021-11-30,800000,New Building,New Building,Completed,BEDFORD,District 16,1,2,Dwelling - Single Detached,44.7022841747062,-63.7143444215277
11088,BPRES-2021-18381,2022-03-25,155000,New Building,New Building,Completed,HALIFAX,District 11,1,1,Dwelling - Backyard Suite,44.633537256813696,-63.61065393090182
11089,BPRES-2021-18447,2021-12-15,300000,New Building,New Building,Expired,WEST CHEZZETCOOK,District 02,1,1,Dwelling - Single Detached,44.72617168519233,-63.2878115040272
11090,BPRES-2021-18453,2021-12-13,200000,New Building,New Building,Completed,BEDFORD,District 16,1,1,Dwelling - Single Detached,44.72049979606479,-63.71611755007077
11091,BPRES-2021-18465,2021-12-23,25000,New Building,New Building,Expired,MUSQUODOBOIT HARBOUR,District 02,0,1,Accessory Structure,44.81582709942426,-63.18721288148789
11092,BPRES-2021-18472,2022-01-17,81000,Addition,Addition,Expired,HALIFAX,District 09,0,2,Dwelling - Single Detached,44.649194009944495,-63.60623482461925
11093,BPRES-2021-18481,2021-12-21,525000,New Building,New Building,Completed,HALIFAX,District 10,1,3,Dwelling - Single Detached,44.67811191742298,-63.659417936910195
11094,BPRES-2021-18507,2021-12-07,27000,New Building,New Building,Completed,COLE HARBOUR,District 04,0,1,Accessory Structure,44.65641130507837,-63.487620678538995
11095,BPRES-2021-18515,2021-12-20,100000,Addition,Addition,Issued,MCGRATHS COVE,District 13,0,2,Dwelling - Single Detached,44.50588884881819,-63.84689636279219
11096,BPRES-2021-18548,2021-12-21,54000,New Building,New Building,Expired,WAVERLEY,District 01,0,1,Accessory Structure,44.73922462167844,-63.549391818626276
11097,BPRES-2021-18574,2022-01-14,115000,New Building,New Building,Completed,WILLIAMSWOOD,District 11,0,2,Accessory Structure,44.54157359495653,-63.64366490892201
11098,BPRES-2021-18610,,21000,New Building,New Building,Application Incomplete,MIDDLE SACKVILLE,District 14,0,1,Accessory Structure,44.78758456998539,-63.71311748399029
11099,BPRES-2021-18634,2022-06-22,290000,New Building,New Building,Completed,HACKETTS COVE,District 13,1,1,Dwelling - Single Detached,44.566704335911915,-63.930321756848244
11100,BPRES-2021-18656,2021-12-21,,Renovation,Renovation,Completed,HALIFAX,District 08,1,2,Dwelling - Multiple Units,44.650519605162515,-63.593321200582906
11101,BPRES-2021-18674,2021-12-13,45000,New Building,New Building,Expired (Closed),LAKE CHARLOTTE,District 02,0,1,Accessory Structure,44.768424569556636,-62.94913334851501
11102,BPRES-2021-18680,2021-12-13,600000,New Building,New Building,Completed,TANTALLON,District 13,1,2,Dwelling - Single Detached,44.652841995204255,-63.900754383616
11103,BPRES-2021-18698,2021-12-07,11000,Renovation,Renovation,Expired (Closed),BEDFORD,District 16,0,2,Dwelling - Single Detached,44.733413368812165,-63.64528766614607
11104,BPRES-2021-18717,2022-01-14,51000,Renovation,Renovation,Completed,HALIFAX,District 09,1,3,Dwelling - Multiple Units,44.64266330766122,-63.597523000120866
11105,BPRES-2021-18730,2022-02-02,15000,New Building,New Building,Completed,ELMSDALE,District 01,0,1,Accessory Structure,44.97228259639327,-63.481593858442444
11106,BPRES-2021-18781,2021-12-13,84000,New Building,New Building,Completed,HUBLEY,District 13,1,1,Dwelling - Single Detached,44.68067753239658,-63.82730450499691
11107,BPRES-2021-18787,,350000,Addition,Addition,Withdrawn,HALIFAX,District 09,1,1,Dwelling - Backyard Suite,44.63888028795029,-63.60900493420539
11108,BPRES-2021-18788,,300000,New Building,New Building,Withdrawn,HERRING COVE,District 11,1,2,Dwelling - Single Detached,44.574985196225064,-63.5717809360438
11109,BPRES-2021-18804,2022-02-23,470000,New Building,New Building,Completed,WAVERLEY,District 01,1,2,Dwelling - Single Detached,44.781935429320754,-63.580124855202804
11110,BPRES-2021-18808,2021-12-13,84000,New Building,New Building,Completed,HUBLEY,District 13,1,1,Dwelling - Single Detached,44.68024761442556,-63.82604909884764
11111,BPRES-2021-18814,2021-12-29,90000,Addition,Addition,Completed,HALIFAX,District 07,1,2,Dwelling - Multiple Units,44.634107722951676,-63.5899413217392
11112,BPRES-2021-18844,2021-12-13,20500,New Building,New Building,Expired (Closed),COW BAY,District 03,0,1,Accessory Structure,44.63231944943276,-63.432458239797356
11113,BPRES-2021-18873,2022-01-14,400000,New Building,New Building,Completed,COW BAY,District 03,1,3,Dwelling - Single Detached,44.621689017571846,-63.4442303214283
11114,BPRES-2021-18883,2022-04-28,5000000,New Building,New Building,Completed,UPPER HAMMONDS PLAINS,District 13,62,1,Dwelling - Townhouse,44.766503923587905,-63.85552058127338
11115,BPRES-2021-18883,2022-04-28,5000000,New Building,New Building,Completed,UPPER HAMMONDS PLAINS,District 14,62,1,Dwelling - Townhouse,44.766503923587905,-63.85552058127338
11116,BPRES-2021-18907,2021-12-16,48000,New Building,New Building,Completed,WEST PETPESWICK,District 02,0,1,Accessory Structure,44.74319457142293,-63.169982677377504
11117,BPRES-2021-18934,2025-06-09,125000,New Building,New Building,Completed,COW BAY,District 03,1,2,Dwelling - Backyard Suite,44.615731154535794,-63.43271496230916
11118,BPRES-2021-18942,2022-08-17,10000,Renovation,Renovation,Completed,HALIFAX,District 08,1,1,Dwelling - Backyard Suite,44.664164146842026,-63.61018186980988
11119,BPRES-2021-18946,2022-05-10,30000,Renovation,Renovation,Expired,HALIFAX,District 08,1,2,Dwelling - Multiple Units,44.66427960728411,-63.610399509729774
11120,BPRES-2021-18968,2021-12-13,300000,Addition,Addition,Expired,HALIFAX,District 07,0,2,Dwelling - Single Detached,44.623270426173264,-63.573671181682315
11121,BPRES-2021-18980,2021-12-14,500000,New Building,New Building,Completed,TIMBERLEA,District 12,4,3,Dwelling - Semi-Detached,44.65404635692062,-63.737350141059316
11122,BPRES-2021-18980,2021-12-14,500000,New Building,New Building,Completed,TIMBERLEA,District 12,4,3,Dwelling - Semi-Detached,44.65404635692062,-63.737350141059316
11123,BPRES-2021-18991,2021-12-13,86000,New Building,New Building,Expired,HUBLEY,District 13,1,1,Dwelling - Single Detached,44.6804395100593,-63.82776420460119
11124,BPRES-2021-18996,2021-12-14,86000,New Building,New Building,Completed,HUBLEY,District 13,1,1,Dwelling - Single Detached,44.68014270074384,-63.82630256416834
11125,BPRES-2021-19018,2022-03-15,361000,New Building,New Building,Issued,SAMBRO,District 11,1,3,Dwelling - Single Detached,44.47919140999627,-63.60923428421917
11126,BPRES-2021-19025,2021-12-22,30000,Renovation,Renovation,Completed,DARTMOUTH,District 06,1,2,Dwelling - Multiple Units,44.68658824910312,-63.50706088980453
11127,BPRES-2021-19054,2022-03-17,130000,New Building,New Building,Completed,HARRIETSFIELD,District 11,1,1,Dwelling - Single Detached,44.57165152528929,-63.637371250120204
11128,BPRES-2021-19067,2021-12-15,22000,New Building,New Building,Completed,MIDDLE SACKVILLE,District 14,0,1,Accessory Structure,44.79125643192408,-63.76579769103061
11129,BPRES-2021-19087,2021-12-14,27500,New Building,New Building,Completed,WILLIAMSWOOD,District 11,0,1,Accessory Structure,44.516076874705675,-63.63598647508849
11130,BPRES-2021-19093,2021-12-15,500000,New Building,New Building,Completed,MIDDLE SACKVILLE,District 14,1,2,Dwelling - Single Detached,44.77909271046309,-63.73490578067605
11131,BPRES-2021-19101,2021-12-30,147806.38,Renovation,Renovation,Completed,HALIFAX,District 11,1,2,Dwelling - Multiple Units,44.59368839757167,-63.59846900353565
11132,BPRES-2021-19117,2022-01-19,22000,New Building,New Building,Completed,EASTERN PASSAGE,District 03,0,1,Accessory Structure,44.60956891419569,-63.48310664839235
11133,BPRES-2021-19149,2021-12-13,122000,Renovation,Renovation,Completed,HALIFAX,District 09,0,2,Dwelling - Single Detached,44.64291786224788,-63.59438333300788
11134,BPRES-2021-19155,2021-12-08,3584,Renovation,Renovation,Completed,HALIFAX,District 12,0,1,Dwelling - Single Detached,44.67550328888641,-63.66399106668761
11135,BPRES-2021-19163,2022-01-12,375000,New Building,New Building,Completed,MINEVILLE,District 02,1,2,Dwelling - Single Detached,44.70933757539336,-63.38910044437114
11136,BPRES-2021-19168,2021-12-14,250000,New Building,New Building,Completed,LUCASVILLE,District 14,1,2,Dwelling - Single Detached,44.7418440058808,-63.751472830471194
11137,BPRES-2021-19170,2021-12-14,250000,New Building,New Building,Completed,LUCASVILLE,District 14,1,2,Dwelling - Single Detached,44.74334446756632,-63.75362941321344
11138,BPRES-2021-19193,2022-01-10,7500,Renovation,Renovation,Expired (Closed),HALIFAX,District 07,0,3,Dwelling - Single Detached,44.63239196186508,-63.574453989056835
11139,BPRES-2021-19198,,617500,New Building,New Building,Withdrawn,,District 14,4,2,Dwelling - Townhouse,44.766380630798636,-63.8496630262104
11140,BPRES-2021-19205,2022-02-02,100000,Renovation,Renovation,Completed,HALIFAX,District 07,1,3,Dwelling - Multiple Units,44.642902248236176,-63.59037866705414
11141,BPRES-2021-19235,2021-12-14,8300,New Building,New Building,Completed,CHASWOOD,District 01,0,1,Accessory Structure,45.0407128476539,-63.2353686211377
11142,BPRES-2021-19251,2021-12-21,,Renovation,Renovation,Expired (Closed),WEST JEDDORE,District 02,1,2,Accessory Structure,44.70616971365906,-63.018239314983234
11143,BPRES-2021-19272,,9500,New Building,New Building,Applicant Revisions,EAST JEDDORE,District 02,0,1,Accessory Structure,44.74424056831969,-63.0126109933137
11144,BPRES-2021-19274,2022-02-25,192000,New Building,New Building,Expired,PROSPECT BAY,District 13,1,1,Dwelling - Single Detached,44.503047707717684,-63.78462384123777
11145,BPRES-2021-19291,2022-01-06,10000,Addition,Addition,Completed,DARTMOUTH,District 06,0,1,Dwelling - Single Detached,44.69278743253364,-63.537912226108425
11146,BPRES-2021-19315,2021-11-25,12001,Renovation,Renovation,Expired,BROOKSIDE,District 13,0,1,Dwelling - Single Detached,44.52920102405717,-63.701533091806695
11147,BPRES-2021-19336,,24000,Renovation,Renovation,Withdrawn,HALIFAX,District 08,11,4,Dwelling - Multiple Units,44.659609409572646,-63.59726745304489
11148,BPRES-2021-19342,2022-01-19,684821.87,New Building,New Building,Completed,BLIND BAY,District 13,1,1,Dwelling - Single Detached,44.523875016318634,-63.82404873999231
11149,BPRES-2021-19355,2023-10-12,12000,New Building,New Building,Completed,WHITES LAKE,District 13,0,1,Accessory Structure,44.515401002531,-63.76823931308842
11150,BPRES-2021-19358,2022-04-01,225000,New Building,New Building,Completed,HALIFAX,District 08,1,2,Dwelling - Backyard Suite,44.665845053519774,-63.6120911689855
11151,BPRES-2021-19404,2021-12-15,45000,New Building,New Building,Expired,BEAVER BANK,District 15,0,1,Accessory Structure,44.816964519400074,-63.69957299373933
11152,BPRES-2021-19416,2021-12-15,100000,Renovation,Renovation,Completed,HALIFAX,District 08,0,2,Dwelling - Single Detached,44.65148183492706,-63.59368017747948
11153,BPRES-2021-19462,2022-09-26,180000,New Building,New Building,Issued,SHAD BAY,District 13,1,2,Dwelling - Single Detached,44.530696303313356,-63.786266472635965
11154,BPRES-2021-19494,,60000,New Building,New Building,Applicant Revisions,OAKFIELD,District 01,0,1,Accessory Structure,44.92342829241796,-63.560184066877476
11155,BPRES-2021-19511,2021-12-13,480000,New Building,New Building,Completed,UPPER TANTALLON,District 13,1,2,Dwelling - Single Detached,44.70394543791036,-63.888082578695084
11156,BPRES-2021-19553,2021-12-15,48000,New Building,New Building,Expired,WHITES LAKE,District 13,0,1,Accessory Structure,44.53523924744779,-63.749839995039935
11157,BPRES-2021-19577,,75000,New Building,New Building,Withdrawn,HATCHET LAKE,District 13,1,2,Dwelling - Single Detached,44.58373161731399,-63.697010177283126
11158,BPRES-2021-19585,2022-02-23,30000,New Building,New Building,Expired (Closed),INDIAN HARBOUR,District 13,0,1,Accessory Structure,44.53435551807919,-63.94039497317767
11159,BPRES-2021-19592,2021-12-30,289000,New Building,New Building,Completed,TIMBERLEA,District 12,1,1,Dwelling - Single Detached,44.638995879876425,-63.7234378118587
11160,BPRES-2021-19601,2022-02-23,50000,Renovation,Renovation,Expired,HALIFAX,District 07,0,2,Dwelling - Single Detached,44.631869979453626,-63.58371347221622
11161,BPRES-2021-19646,2022-01-14,330000,New Building,New Building,Completed,HEAD OF CHEZZETCOOK,District 02,1,1,Dwelling - Single Detached,44.75222474785437,-63.23362007338191
11162,BPRES-2021-19655,2022-01-14,600000,New Building,New Building,Completed,FALL RIVER,District 01,2,2,Dwelling - Multiple Units,44.834477431008914,-63.61587790085703
11163,BPRES-2021-19662,2022-09-29,75000,Renovation,Renovation,Completed,LAKE ECHO,District 02,1,3,Dwelling - Single Detached,44.73883530486088,-63.38265338505298
11164,BPRES-2021-19693,2021-12-23,200000,Addition,Addition,Expired,WEST PENNANT,District 11,0,2,Dwelling - Single Detached,44.472084383777684,-63.64221584955993
11165,BPRES-2021-19700,2022-02-07,650000,New Building,New Building,Completed,FALL RIVER,District 01,1,2,Dwelling - Single Detached,44.82621860809523,-63.64145785076354
11166,BPRES-2021-19708,2021-12-13,450000,New Building,New Building,Completed,UPPER TANTALLON,District 13,1,2,Dwelling - Single Detached,44.70481090439589,-63.88675819127885
11167,BPRES-2021-19728,2022-01-26,565000,New Building,New Building,Expired (Closed),STILLWATER LAKE,District 13,2,1,Dwelling - Multiple Units,44.70552502787692,-63.85197747004512
11168,BPRES-2021-19743,2021-12-29,80000,Renovation,Renovation,Completed,DARTMOUTH,District 06,0,1,Dwelling - Single Detached,44.67502322283088,-63.53124741347904
11169,BPRES-2021-19768,2021-12-13,450000,New Building,New Building,Completed,UPPER TANTALLON,District 13,1,2,Dwelling - Single Detached,44.70386975534297,-63.88364912047879
11170,BPRES-2021-19771,2021-12-13,450000,New Building,New Building,Completed,UPPER TANTALLON,District 13,1,2,Dwelling - Single Detached,44.704034727158714,-63.883927222735885
11171,BPRES-2021-19850,2021-12-13,500000,New Building,New Building,Completed,UPPER TANTALLON,District 13,1,2,Dwelling - Single Detached,44.70417499589255,-63.88439127911775
11172,BPRES-2021-19869,2022-02-10,245000,New Building,New Building,Withdrawn,MUSHABOOM,District 02,1,2,Dwelling - Single Detached,44.860626780245525,-62.55894261057529
11173,BPRES-2021-19880,,298000,New Building,New Building,Withdrawn,DEVON,District 01,1,1,Dwelling - Single Detached,44.90486812722007,-63.42871053530681
11174,BPRES-2021-19905,,2000,Renovation,Renovation,Applicant Revisions,DARTMOUTH,District 05,1,2,Dwelling - Multiple Units,44.667174485548834,-63.58092525419776
11175,BPRES-2021-19917,2022-02-24,35000,Renovation,Renovation,Completed,HALIFAX,District 08,1,2,Dwelling - Multiple Units,44.66680454549125,-63.616311117625976
11176,BPRES-2021-19934,2022-01-17,20000,Addition,Addition,Completed,BEDFORD,District 14,0,1,Accessory Structure,44.73187313100003,-63.70376656012436
11177,BPRES-2021-19948,2022-03-29,70450,Addition,Addition,Expired,PLEASANT HARBOUR,District 02,0,2,Dwelling - Single Detached,44.78874700614182,-62.73125874057119
11178,BPRES-2021-19952,2021-12-24,600000,New Building,New Building,Completed,UPPER TANTALLON,District 13,1,2,Dwelling - Single Detached,44.70307202796359,-63.883125691017966
11179,BPRES-2021-19960,2022-03-07,300000,New Building,New Building,Completed,HERRING COVE,District 11,2,2,Dwelling - Multiple Units,44.57382634085887,-63.57294811044954
11180,BPRES-2021-19961,2021-12-31,150000,Renovation,Renovation,Completed,HALIFAX,District 11,0,2,Dwelling - Multiple Units,44.62125577094962,-63.61609279233317
11181,BPRES-2021-19976,2022-01-05,62500,New Building,New Building,Completed,LUCASVILLE,District 14,0,1,Accessory Structure,44.754873826884356,-63.74232543728497
11182,BPRES-2021-19999,2022-02-02,15000,New Building,New Building,Completed,LOWER SACKVILLE,District 15,0,1,Accessory Structure,44.77287528860566,-63.63858149487806
11183,BPRES-2021-20034,2022-03-24,377400,New Building,New Building,Completed,WILLIAMSWOOD,District 11,2,2,Dwelling - Semi-Detached,44.518016687778385,-63.64316372328705
11184,BPRES-2021-20040,2021-12-24,270000,New Building,New Building,Completed,UPPER TANTALLON,District 13,1,2,Dwelling - Single Detached,44.69928552748177,-63.88668948044303
11185,BPRES-2021-20048,2022-01-13,65000,Renovation,Renovation,Cancelled,HALIFAX,District 07,0,2,Dwelling - Multiple Units,44.64039293536765,-63.57334368864277
11186,BPRES-2021-20064,2022-06-20,1400000,New Building,New Building,Amendment Applicant Revisions,WEST PORTERS LAKE,District 02,7,2,Dwelling - Townhouse,44.68236021594972,-63.303574524577954
11187,BPRES-2021-20083,,90000,New Building,New Building,Applicant Revisions,EAST PETPESWICK,District 02,1,1,Dwelling - Backyard Suite,44.693621413329694,-63.14993803214328
11188,BPRES-2021-20109,2022-01-06,41885,Renovation,Renovation,Completed,HUBLEY,District 13,0,2,Dwelling - Single Detached,44.66919526949841,-63.809727790221494
11189,BPRES-2021-20116,2022-02-17,86776.4,New Building,New Building,Completed,HACKETTS COVE,District 13,0,1,Accessory Structure,44.57433875205886,-63.923009352332045
11190,BPRES-2021-20118,2022-01-13,450000,New Building,New Building,Completed,,District 03,3,1,Dwelling - Multiple Units,44.60790070322148,-63.489824937129114
11191,BPRES-2021-20135,,200000,New Building,New Building,Application Incomplete,,District 02,1,1,Dwelling - Single Detached,44.69153670096638,-63.033965628977384
11192,BPRES-2021-20140,,340000,New Building,New Building,Cancelled,,District 09,3,2,Dwelling - Multiple Units,,
11193,BPRES-2021-20161,2022-02-07,500000,New Building,New Building,Issued,DARTMOUTH,District 06,1,2,Dwelling - Single Detached,44.70533339879977,-63.550894534238864
11194,BPRES-2021-20172,,155000,New Building,New Building,Application Incomplete,,District 13,3,1,Dwelling - Multiple Units,44.65480008360191,-63.9790968053851
11195,BPRES-2021-20206,2022-01-25,375000,New Building,New Building,Completed,WELLINGTON,District 01,1,1,Dwelling - Single Detached,44.87434839881449,-63.60546193891252
11196,BPRES-2021-20232,2022-02-10,259051,New Building,New Building,Completed,PORTERS LAKE,District 02,1,1,Dwelling - Single Detached,44.786111352491254,-63.36091363888159
11197,BPRES-2021-20259,2025-03-20,25000,New Building,New Building,Issued,EASTERN PASSAGE,District 03,0,1,Accessory Structure,44.62676115534133,-63.505942527930706
11198,BPRES-2021-20261,,40000,Renovation,Renovation,Withdrawn,,District 13,0,1,Accessory Structure,44.492855549136785,-63.91269867984104
11199,BPRES-2021-20278,,275000,Addition,Addition,Withdrawn,HALIFAX,District 07,8,3,Dwelling - Multiple Units,44.63487264272534,-63.57926217208144
11200,BPRES-2021-20316,2022-01-26,11000,Renovation,Renovation,Completed,COLE HARBOUR,District 04,1,2,Dwelling - Single Detached,44.67659167524211,-63.484801961507365
11201,BPRES-2021-20323,2022-12-20,139000,New Building,New Building,Completed,HALIFAX,District 07,1,2,Dwelling - Backyard Suite,44.63839972309576,-63.59014697987534
11202,BPRES-2021-20333,,5700,Renovation,Renovation,Application Incomplete,HALIFAX,District 10,1,2,Dwelling - Multiple Units,44.65399307197473,-63.65235957834668
11203,BPRES-2021-20356,2022-02-04,25000,New Building,New Building,Expired (Closed),SHAD BAY,District 13,0,1,Accessory Structure,44.52097680121309,-63.79001757435584
11204,BPRES-2021-20366,2024-08-06,1650,Renovation,Renovation,Issued,MIDDLE SACKVILLE,District 14,1,2,Dwelling - Single Detached,44.78727737329041,-63.701534445486885
11205,BPRES-2021-20372,2022-01-27,175000,New Building,New Building,Completed,PORTERS LAKE,District 02,1,1,Dwelling - Single Detached,44.75614129479747,-63.28612488885586
11206,BPRES-2021-20378,2022-06-08,80000,New Building,New Building,Completed,INGRAMPORT,District 13,1,2,Dwelling - Backyard Suite,44.661588396363044,-63.969119354508194
11207,BPRES-2022-00001,2022-04-05,43000,New Building,New Building,Completed,WELLINGTON,District 01,0,1,Accessory Structure,44.86846830769723,-63.604426800039825
11208,BPRES-2022-00011,2022-05-06,20000,New Building,New Building,Completed,WESTPHAL,District 04,0,1,Accessory Structure,44.6869164033972,-63.48298835395487
11209,BPRES-2022-00016,2022-04-14,225000,Addition,Addition,Expired,WEST CHEZZETCOOK,District 02,0,2,Dwelling - Single Detached,44.73618126605643,-63.26056531794537
11210,BPRES-2022-00063,,250000,New Building,New Building,Ready For Issue,BEDFORD,District 14,1,3,Dwelling - Single Detached,44.7252439748026,-63.69082207100307
11211,BPRES-2022-00088,2022-03-01,100000,New Building,New Building,Expired,HAMMONDS PLAINS,District 14,1,1,Dwelling - Backyard Suite,44.76790772984916,-63.76754868176583
11212,BPRES-2022-00094,2022-01-14,20000,New Building,New Building,Completed,COW BAY,District 03,0,1,Accessory Structure,44.63427184783698,-63.418951733696574
11213,BPRES-2022-00095,2022-07-13,600000,New Building,New Building,Completed,BEECHVILLE,District 12,4,3,Dwelling - Townhouse,44.64041390920927,-63.679548444251154
11214,BPRES-2022-00125,,25000,Addition,Addition,Applicant Revisions,DARTMOUTH,District 06,0,2,Dwelling - Single Detached,44.68009831597681,-63.534741868287746
11215,BPRES-2022-00143,2022-03-16,100000,Addition,Addition,Expired,LOWER SACKVILLE,District 15,0,1,Dwelling - Single Detached,44.773494484399684,-63.63053743004652
11216,BPRES-2022-00157,2022-03-25,400000,New Building,New Building,Completed,MIDDLE SACKVILLE,District 14,1,1,Dwelling - Single Detached,44.787418111076484,-63.740085214020894
11217,BPRES-2022-00160,,50000,Renovation,Renovation,Withdrawn,DARTMOUTH,District 05,1,2,Dwelling - Multiple Units,44.6757779865084,-63.56645942377788
11218,BPRES-2022-00173,2022-01-27,800000,New Building,New Building,Completed,BEDFORD,District 16,1,2,Dwelling - Single Detached,44.702112224081475,-63.71429015287113
11219,BPRES-2022-00222,,20500,Addition,Addition,Withdrawn,HACKETTS COVE,District 13,1,1,Accessory Structure,44.56771190005419,-63.93233905038537
11220,BPRES-2022-00237,2022-02-18,201500,Renovation,Renovation,Completed,HALIFAX,District 09,0,2,Dwelling - Single Detached,44.653445957735066,-63.607679993016355
11221,BPRES-2022-00239,2022-02-14,65000,New Building,New Building,Expired,WILLIAMSWOOD,District 11,0,1,Accessory Structure,44.540330158686174,-63.64353905505687
11222,BPRES-2022-00256,2022-05-17,68500,New Building,New Building,Completed,LUCASVILLE,District 14,0,1,Accessory Structure,44.76020442652336,-63.716542203170626
11223,BPRES-2022-00279,2022-03-17,400000,New Building,New Building,Completed,TIMBERLEA,District 12,1,2,Dwelling - Single Detached,44.64293464696978,-63.71172813451786
11224,BPRES-2022-00283,2022-03-23,1250000,New Building,New Building,Completed,BEDFORD,District 16,5,3,Dwelling - Townhouse,44.704424513647105,-63.696502698117904
11225,BPRES-2022-00293,2022-01-27,25000,New Building,New Building,Expired,LOWER SACKVILLE,District 15,0,1,Accessory Structure,44.78257649731759,-63.677019145095784
11226,BPRES-2022-00299,2022-05-03,30000,New Building,New Building,Amendment Applicant Revisions,LONG LAKE,District 01,1,1,Dwelling - Single Detached,45.03338107039675,-62.98490146786759
11227,BPRES-2022-00317,2022-04-12,100000,Addition,Addition,Expired (Closed),HALIFAX,District 09,0,1,Dwelling - Semi-Detached,44.648429536847814,-63.594641725933684
11228,BPRES-2022-00322,2022-03-03,20500,Addition,Addition,Completed,HACKETTS COVE,District 13,0,1,Dwelling - Single Detached,44.56771190005419,-63.93233905038537
11229,BPRES-2022-00340,2022-02-25,135000,Renovation,Renovation,Expired (Closed),DARTMOUTH,District 05,0,2,Dwelling - Multiple Units,44.67415265412584,-63.58582863134862
11230,BPRES-2022-00344,2022-02-16,500000,New Building,New Building,Expired,HALIFAX,District 12,1,2,Dwelling - Single Detached,44.66578882353524,-63.66775272540124
11231,BPRES-2022-00371,2022-02-17,180000,New Building,New Building,Completed,HALIFAX,District 11,4,3,Dwelling - Multiple Units,44.60179114743266,-63.61378973655016
11232,BPRES-2022-00371,2022-02-17,180000,New Building,New Building,Completed,HALIFAX,District 11,4,3,Dwelling - Multiple Units,44.60179114743266,-63.61378973655016
11233,BPRES-2022-00375,2022-02-07,24000,Renovation,Renovation,Expired (Closed),BEDFORD,District 16,0,2,Dwelling - Single Detached,44.73841297103321,-63.65123697742425
11234,BPRES-2022-00387,2025-03-31,20000,New Building,New Building,Completed,BEAVER BANK,District 15,0,1,Accessory Structure,44.87791754780347,-63.70084575577118
11235,BPRES-2022-00414,2022-02-04,10000,New Building,New Building,Expired (Closed),HAMMONDS PLAINS,District 14,0,1,Accessory Structure,44.72988408300799,-63.80627163168065
11236,BPRES-2022-00423,2022-02-04,10000,New Building,New Building,Expired,LAWRENCETOWN,District 02,0,1,Accessory Structure,44.65177499205098,-63.39501229634184
11237,BPRES-2022-00433,2022-02-07,45000,New Building,New Building,Completed,UPPER TANTALLON,District 13,1,1,Dwelling - Backyard Suite,44.73682886893363,-63.873398632940706
11238,BPRES-2022-00449,2022-08-26,750000,New Building,New Building,Completed,WAVERLEY,District 01,1,3,Dwelling - Single Detached,44.773719524659896,-63.58269964095426
11239,BPRES-2022-00472,2022-02-03,40000,New Building,New Building,Completed,BEDFORD,District 16,0,1,Accessory Structure,44.725546222105734,-63.67259946163688
11240,BPRES-2022-00498,2022-10-05,283000,New Building,New Building,Completed,TERENCE BAY,District 13,1,2,Dwelling - Single Detached,44.472381677572486,-63.720868318174006
11241,BPRES-2022-00516,2023-09-22,395000,New Building,New Building,Issued,HALIFAX,District 11,1,3,Dwelling - Single Detached,44.62541289830621,-63.614606579790355
11242,BPRES-2022-00534,2022-03-07,300000,New Building,New Building,Completed,HUBLEY,District 13,1,1,Dwelling - Single Detached,44.6629319245601,-63.796091099692404
11243,BPRES-2022-00549,2022-03-07,50000,New Building,New Building,Completed,HUBLEY,District 13,0,1,Accessory Structure,44.6629319245601,-63.796091099692404
11244,BPRES-2022-00550,2022-03-07,194000,New Building,New Building,Completed,HUBLEY,District 13,1,1,Dwelling - Backyard Suite,44.662469870086916,-63.796485017588374
11245,BPRES-2022-00567,2022-02-17,560000,New Building,New Building,Completed,MYERS POINT,District 02,2,2,Dwelling - Multiple Units,44.76149785661224,-63.035251472071295
11246,BPRES-2022-00567,2022-02-17,560000,New Building,New Building,Completed,MYERS POINT,District 02,2,2,Dwelling - Multiple Units,44.76149785661224,-63.035251472071295
11247,BPRES-2022-00584,2022-02-10,30000,Renovation,Renovation,Completed,DARTMOUTH,District 06,0,1,Dwelling - Single Detached,44.72029109543809,-63.54617344151923
11248,BPRES-2022-00586,2022-05-10,164000,New Building,New Building,Completed,WAVERLEY,District 01,1,2,Dwelling - Backyard Suite,44.78676632896243,-63.60622019659456
11249,BPRES-2022-00604,2024-09-04,150000,New Building,New Building,Completed,MIDDLE SACKVILLE,District 14,1,1,Dwelling - Backyard Suite,44.795546715196195,-63.72353897242005
11250,BPRES-2022-00632,2022-02-17,2000,New Building,New Building,Expired (Closed),HUBLEY,District 13,0,1,Accessory Structure,44.68084226248413,-63.824495670849956
11251,BPRES-2022-00638,2022-04-21,150000,New Building,New Building,Completed,ELMSVALE,District 01,1,1,Dwelling - Single Detached,45.079174505092126,-63.093961010519564
11252,BPRES-2022-00653,2022-04-19,314000,Addition,Addition,Completed,HALIFAX,District 08,1,2,Dwelling - Multiple Units,44.663243035071744,-63.59581898373848
11253,BPRES-2022-00667,2022-03-07,31200,Renovation,Renovation,Expired (Closed),HALIFAX,District 07,0,3,Dwelling - Townhouse,44.64223412737991,-63.56983384524396
11254,BPRES-2022-00681,2022-07-27,218200,New Building,New Building,Issued,HAMMONDS PLAINS,District 14,1,1,Dwelling - Single Detached,44.742901485156445,-63.80557937876919
11255,BPRES-2022-00712,2022-02-07,500000,New Building,New Building,Completed,ENFIELD,District 01,1,1,Dwelling - Single Detached,44.939427156816784,-63.52498730407451
11256,BPRES-2022-00752,2022-03-29,700000,New Building,New Building,Completed,FALL RIVER,District 01,1,2,Dwelling - Single Detached,44.82889655985994,-63.650227739285064
11257,BPRES-2022-00756,2022-08-05,495000,New Building,New Building,Completed,MUSQUODOBOIT HARBOUR,District 02,1,1,Dwelling - Single Detached,44.78636604137352,-63.16070406339904
11258,BPRES-2022-00764,2022-02-07,450000,New Building,New Building,Completed,GLEN HAVEN,District 13,1,1,Dwelling - Single Detached,44.64834101230383,-63.90665226656278
11259,BPRES-2022-00771,2022-04-05,450000,New Building,New Building,Issued,SHIP HARBOUR,District 02,1,1,Dwelling - Single Detached,44.79568626870372,-62.88722695546423
11260,BPRES-2022-00785,2022-06-02,62000,Addition,Addition,Expired,LUCASVILLE,District 14,0,2,Dwelling - Single Detached,44.7727824097237,-63.71643409906228
11261,BPRES-2022-00796,2022-03-03,200000,New Building,New Building,Completed,BEDFORD,District 16,1,2,Dwelling - Single Detached,44.72077269039887,-63.71743193598423
11262,BPRES-2022-00822,2022-02-11,1000000,New Building,New Building,Completed,HALIFAX,District 07,38,1,Dwelling - Multiple Units,44.649832081768274,-63.583006468914654
11263,BPRES-2022-00833,2022-03-15,23000,Renovation,Renovation,Expired (Closed),HEAD OF ST MARGARETS BAY,District 13,0,2,Dwelling - Single Detached,44.67285143749755,-63.92404929469082
11264,BPRES-2022-00847,2022-03-21,330000,New Building,New Building,Completed,DUTCH SETTLEMENT,District 01,1,1,Dwelling - Single Detached,44.98773089962627,-63.4507301523848
11265,BPRES-2022-00860,2022-05-24,500000,New Building,New Building,Issued,SAMBRO,District 11,1,1,Dwelling - Single Detached,44.48355840055364,-63.59445359435623
11266,BPRES-2022-00874,2022-04-06,118000,Renovation,Renovation,Completed,DARTMOUTH,District 06,1,2,Dwelling - Single Detached,44.6877942681833,-63.5470524037747
11267,BPRES-2022-00920,2022-04-05,20000,New Building,New Building,Expired,LUCASVILLE,District 14,0,1,Accessory Structure,44.763123731361055,-63.73617499537931
11268,BPRES-2022-00938,2022-03-02,480000,New Building,New Building,Completed,FALL RIVER,District 01,1,3,Dwelling - Single Detached,44.83152045454018,-63.65064981464086
11269,BPRES-2022-00950,2022-02-16,85000,New Building,New Building,Issued,PORTERS LAKE,District 02,0,1,Accessory Structure,44.786111352491254,-63.36091363888159
11270,BPRES-2022-00961,2022-02-17,134764.5,Renovation,Renovation,Completed,HALIFAX,District 08,0,2,Dwelling - Single Detached,44.65474008920809,-63.61403880397056
11271,BPRES-2022-00989,2022-09-27,80000,Renovation,Renovation,Expired,HALIFAX,District 09,1,1,Dwelling - Backyard Suite,44.64509760762329,-63.6137771446976
11272,BPRES-2022-01005,2022-05-09,,Renovation,Renovation,Completed,HALIFAX,District 10,0,1,Dwelling - Backyard Suite,44.65281910155669,-63.63186379012295
11273,BPRES-2022-01049,2022-03-03,318000,New Building,New Building,Completed,TIMBERLEA,District 12,1,3,Dwelling - Single Detached,44.639452118484435,-63.72242328565917
11274,BPRES-2022-01050,2022-03-03,318000,New Building,New Building,Completed,TIMBERLEA,District 12,1,3,Dwelling - Single Detached,44.639358332893494,-63.7224443449491
11275,BPRES-2022-01051,2022-03-03,318000,New Building,New Building,Completed,TIMBERLEA,District 12,1,2,Dwelling - Single Detached,44.63926689863743,-63.72245689953091
11276,BPRES-2022-01052,2022-03-15,370000,New Building,New Building,Completed,TIMBERLEA,District 12,1,2,Dwelling - Single Detached,44.6392344649021,-63.72402631713027
11277,BPRES-2022-01069,2022-09-27,270000,New Building,New Building,Completed,DARTMOUTH,District 03,2,2,Dwelling - Multiple Units,44.647744279617264,-63.53987008048242
11278,BPRES-2022-01078,2022-02-23,2700,Renovation,Renovation,Completed,HALIFAX,District 07,0,7,Dwelling - Multiple Units,44.6427672567122,-63.569268130226405
11279,BPRES-2022-01106,2022-02-17,475000,New Building,New Building,Completed,ENFIELD,District 01,1,2,Dwelling - Single Detached,44.94120048867246,-63.52415679063331
11280,BPRES-2022-01112,2022-03-17,300000,New Building,New Building,Expired (Closed),CARROLLS CORNER,District 01,0,1,Accessory Structure,45.03099192407639,-63.38637568379168
11281,BPRES-2022-01133,2022-06-20,13000,Renovation,Renovation,Completed,DARTMOUTH,District 06,1,2,Dwelling - Semi-Detached,44.682349536455476,-63.50947599628177
11282,BPRES-2022-01136,2022-02-18,87000,Renovation,Renovation,Completed,HALIFAX,District 09,0,2,Dwelling - Single Detached,44.64351489824795,-63.63071738684325
11283,BPRES-2022-01172,2022-04-21,120000,New Building,New Building,Completed,MUSHABOOM,District 02,1,1,Dwelling - Single Detached,44.860626780245525,-62.55894261057529
11284,BPRES-2022-01179,2022-05-13,115000,New Building,New Building,Completed,HALIFAX,District 09,1,2,Dwelling - Backyard Suite,44.65395112098362,-63.62861738492856
11285,BPRES-2022-01184,2022-06-22,30000,Renovation,Renovation,Completed,HALIFAX,District 09,1,3,Dwelling - Multiple Units,44.651092799222944,-63.600372115393085
11286,BPRES-2022-01195,2022-04-13,350000,New Building,New Building,Expired,WEST PORTERS LAKE,District 02,1,2,Dwelling - Single Detached,44.67785259245622,-63.328832466706096
11287,BPRES-2022-01219,2022-02-28,300000,New Building,New Building,Completed,TIMBERLEA,District 12,1,3,Dwelling - Single Detached,44.64053259406419,-63.72165225378573
11288,BPRES-2022-01222,2022-02-28,300000,New Building,New Building,Completed,TIMBERLEA,District 12,1,3,Dwelling - Single Detached,44.64043340441758,-63.72167742956307
11289,BPRES-2022-01223,2022-03-03,300000,New Building,New Building,Completed,TIMBERLEA,District 12,1,3,Dwelling - Single Detached,44.6403368920133,-63.72169240945866
11290,BPRES-2022-01224,2022-03-03,300000,New Building,New Building,Completed,TIMBERLEA,District 12,1,3,Dwelling - Single Detached,44.640243015950766,-63.72171298112403
11291,BPRES-2022-01250,2022-04-12,150000,Addition,Addition,Completed,FALL RIVER,District 01,1,2,Dwelling - Multiple Units,44.83230586238012,-63.61597432982241
11292,BPRES-2022-01250,2022-04-12,150000,Addition,Addition,Completed,FALL RIVER,District 01,1,2,Dwelling - Multiple Units,44.83230586238012,-63.61597432982241
11293,BPRES-2022-01257,2022-04-27,390000,New Building,New Building,Completed,TIMBERLEA,District 12,1,2,Dwelling - Single Detached,44.63912233440871,-63.72372512188167
11294,BPRES-2022-01259,2022-04-28,390000,New Building,New Building,Completed,TIMBERLEA,District 12,1,3,Dwelling - Single Detached,44.63906526620652,-63.723573453391616
11295,BPRES-2022-01270,2022-04-28,400000,New Building,New Building,Completed,TERENCE BAY,District 13,1,2,Dwelling - Single Detached,44.49696603500568,-63.72850948769269
11296,BPRES-2022-01277,2022-03-02,96712,Renovation,Renovation,Expired,KETCH HARBOUR,District 11,0,1,Dwelling - Single Detached,44.49242968554454,-63.55223290842578
11297,BPRES-2022-01283,2022-03-16,50000,Renovation,Renovation,Completed,HALIFAX,District 08,1,2,Dwelling - Multiple Units,44.66018925741539,-63.601917459452885
11298,BPRES-2022-01298,2022-03-30,400000,New Building,New Building,Cancelled,HALIFAX,District 10,2,3,Dwelling - Multiple Units,44.67900624907778,-63.655257860362184
11299,BPRES-2022-01310,2022-04-13,303000,New Building,New Building,Completed,WAVERLEY,District 01,1,2,Dwelling - Single Detached,44.78465930015215,-63.603535781972354
11300,BPRES-2022-01319,2022-05-18,456000,New Building,New Building,Completed,SHAD BAY,District 13,1,2,Dwelling - Single Detached,44.51929868469221,-63.79291728929011
11301,BPRES-2022-01323,,295000,New Building,New Building,Withdrawn,HAMMONDS PLAINS,District 14,1,2,Dwelling - Semi-Detached,44.72533070156322,-63.75743710082971
11302,BPRES-2022-01341,2022-04-05,75000,New Building,New Building,Completed,FERGUSONS COVE,District 11,0,1,Accessory Structure,44.60259893672921,-63.557515429875956
11303,BPRES-2022-01366,2022-02-23,600000,New Building,New Building,Completed,FALL RIVER,District 01,1,2,Dwelling - Single Detached,44.825961536659925,-63.6408167106542
11304,BPRES-2022-01403,2022-05-16,53000,New Building,New Building,Completed,HALIFAX,District 08,1,2,Dwelling - Backyard Suite,44.651328613960494,-63.59426915475723
11305,BPRES-2022-01418,2022-03-03,445603,New Building,New Building,Completed,MINEVILLE,District 02,1,1,Dwelling - Single Detached,44.6891558332368,-63.37826336948504
11306,BPRES-2022-01441,2022-03-01,480000,New Building,New Building,Completed,PORTERS LAKE,District 02,1,1,Dwelling - Single Detached,44.751638430145476,-63.331701639739265
11307,BPRES-2022-01451,2022-02-25,10000,New Building,New Building,Completed,WINDSOR JUNCTION,District 01,0,1,Accessory Structure,44.791853973457215,-63.64753311052794
11308,BPRES-2022-01470,2022-03-17,65000,New Building,New Building,Expired,WAVERLEY,District 01,0,1,Accessory Structure,44.77552176033887,-63.5974131815693
11309,BPRES-2022-01473,,250,Addition,Addition,Withdrawn,WEST PORTERS LAKE,District 02,0,2,Dwelling - Single Detached,44.675308683913485,-63.309005987162664
11310,BPRES-2022-01481,2022-05-31,200000,New Building,New Building,Completed,INGRAMPORT,District 13,1,2,Dwelling - Single Detached,44.652670499544975,-63.96968989740538
11311,BPRES-2022-01496,,90000,New Building,New Building,Withdrawn,LAKE LOON,District 04,0,1,Accessory Structure,44.70863949306719,-63.51708998401514
11312,BPRES-2022-01502,2022-03-04,300000,New Building,New Building,Completed,TIMBERLEA,District 12,1,3,Dwelling - Single Detached,44.64054372398635,-63.722248015051875
11313,BPRES-2022-01504,2022-03-03,300000,New Building,New Building,Completed,TIMBERLEA,District 12,1,3,Dwelling - Single Detached,44.640447817258945,-63.72227344471003
11314,BPRES-2022-01506,2022-03-03,300000,New Building,New Building,Completed,TIMBERLEA,District 12,1,3,Dwelling - Single Detached,44.64034532822499,-63.72228964426018
11315,BPRES-2022-01520,2022-05-24,2000,Renovation,Renovation,Expired,HALIFAX,District 07,1,2,Dwelling - Multiple Units,44.63906105837548,-63.59542437576144
11316,BPRES-2022-01528,2022-05-16,400000,New Building,New Building,Completed,HALIFAX,District 10,3,2,Dwelling - Multiple Units,44.65295025736071,-63.64007651796485
11317,BPRES-2022-01528,2022-05-16,400000,New Building,New Building,Completed,HALIFAX,District 10,3,2,Dwelling - Multiple Units,44.65295025736071,-63.64007651796485
11318,BPRES-2022-01546,2022-03-16,84500,New Building,New Building,Issued,HACKETTS COVE,District 13,0,2,Accessory Structure,44.57260813309165,-63.92765874529613
11319,BPRES-2022-01575,2023-05-24,20000,New Building,New Building,Expired,TIMBERLEA,District 12,0,1,Accessory Structure,44.66384280616783,-63.74683843894406
11320,BPRES-2022-01579,,20000,New Building,New Building,Withdrawn,TIMBERLEA,District 12,0,1,Accessory Structure,44.66384280616783,-63.74683843894406
11321,BPRES-2022-01590,2022-03-02,300000,New Building,New Building,Completed,TIMBERLEA,District 12,1,2,Dwelling - Single Detached,44.64025089919564,-63.72230264270116
11322,BPRES-2022-01600,2022-02-24,300000,New Building,New Building,Completed,TIMBERLEA,District 12,1,3,Dwelling - Single Detached,44.64006951202272,-63.72233514109811
11323,BPRES-2022-01632,2022-03-17,25000,Addition,Addition,Completed,BEDFORD,District 16,0,1,Dwelling - Single Detached,44.72986169294093,-63.67910164740574
11324,BPRES-2022-01641,2022-04-12,2700000,New Building,New Building,Completed,BEDFORD,District 16,6,2,Dwelling - Townhouse,44.70714226626331,-63.72137498862663
11325,BPRES-2022-01653,2022-04-01,550000,New Building,New Building,Completed,OAKFIELD,District 01,1,2,Dwelling - Single Detached,44.91839247157133,-63.55908245681826
11326,BPRES-2022-01656,2022-04-13,2700000,New Building,New Building,Completed,BEDFORD,District 16,6,2,Dwelling - Townhouse,44.70768629795701,-63.721730292313126
11327,BPRES-2022-01684,2022-03-17,250000,New Building,New Building,Completed,MEAGHERS GRANT,District 01,1,2,Dwelling - Single Detached,44.91956995706649,-63.23553373580268
11328,BPRES-2022-01691,2022-09-06,800000,New Building,New Building,Completed,BEECHVILLE,District 12,6,3,Dwelling - Townhouse,44.64045144879089,-63.67999587367805
11329,BPRES-2022-01700,2022-03-02,8000,New Building,New Building,Completed,MINEVILLE,District 02,0,1,Accessory Structure,44.700690436743116,-63.376425845399424
11330,BPRES-2022-01719,2024-01-23,1000000,New Building,New Building,Issued,HALIFAX,District 11,6,3,Dwelling - Townhouse,44.609501254833035,-63.60536128697287
11331,BPRES-2022-01764,2022-03-02,800000,New Building,New Building,Completed,BOUTILIERS POINT,District 13,1,2,Dwelling - Single Detached,44.65795327329212,-63.95667869465963
11332,BPRES-2022-01765,2022-05-03,10185.24,Renovation,Renovation,Completed,BEDFORD,District 16,0,3,Dwelling - Single Detached,44.72219055883601,-63.68427209807503
11333,BPRES-2022-01768,2022-03-16,87000,New Building,New Building,Completed,HUBLEY,District 13,1,1,Dwelling - Single Detached,44.68081240707096,-63.825183198554825
11334,BPRES-2022-01810,2022-03-02,28000,New Building,New Building,Completed,HERRING COVE,District 11,0,1,Accessory Structure,44.58141406703983,-63.582090623687876
11335,BPRES-2022-01813,2022-03-28,500000,New Building,New Building,Completed,UPPER TANTALLON,District 13,1,1,Dwelling - Single Detached,44.71000430910367,-63.86968549791538
11336,BPRES-2022-01827,2022-07-29,250000,New Building,New Building,Completed,PORTUGUESE COVE,District 11,1,1,Dwelling - Single Detached,44.52710519576792,-63.556356775458845
11337,BPRES-2022-01831,2022-03-17,300000,New Building,New Building,Completed,OAKFIELD,District 01,1,1,Dwelling - Single Detached,44.920915299198946,-63.56768166239786
11338,BPRES-2022-01861,2022-03-25,500000,New Building,New Building,Completed,MIDDLE SACKVILLE,District 14,1,1,Dwelling - Single Detached,44.789296869473255,-63.742724042820456
11339,BPRES-2022-01880,2022-04-13,2000,Renovation,Renovation,Completed,SALMON RIVER BRIDGE,District 02,1,2,Dwelling - Multiple Units,44.77639720418726,-63.02578572572678
11340,BPRES-2022-01896,2022-04-04,100000,Renovation,Renovation,Completed,HALIFAX,District 10,1,2,Dwelling - Multiple Units,44.65332852353726,-63.63751287614892
11341,BPRES-2022-01917,2022-04-06,52500,New Building,New Building,Completed,DARTMOUTH,District 06,0,1,Accessory Structure,44.69622142611778,-63.545496649847124
11342,BPRES-2022-01944,2022-03-09,30000,New Building,New Building,Expired,HUBLEY,District 13,0,1,Accessory Structure,44.66922905864153,-63.82074431440291
11343,BPRES-2022-01952,2022-03-07,834970,New Building,New Building,Issued,BLACK POINT,District 13,1,2,Dwelling - Single Detached,44.652703933557746,-63.9838187842408
11344,BPRES-2022-01961,2022-04-19,210000,New Building,New Building,Completed,LAWRENCETOWN,District 02,1,1,Dwelling - Single Detached,44.66901127883756,-63.37456013403635
11345,BPRES-2022-01963,,10000000,New Building,New Building,Withdrawn,EASTERN PASSAGE,District 03,60,4,Dwelling - Multiple Units,44.61351142649686,-63.49389358223156
11346,BPRES-2022-02009,2022-07-27,8500,Addition,Addition,Completed,HALIFAX,District 08,0,2,Dwelling - Multiple Units,44.65430862102461,-63.593559255187415
11347,BPRES-2022-02041,,40000,New Building,New Building,Applicant Revisions,WEST JEDDORE,District 02,0,1,Accessory Structure,44.71775009798435,-63.00956634504325
11348,BPRES-2022-02062,2022-03-31,58398,Renovation,Renovation,Completed,COLE HARBOUR,District 04,1,2,Dwelling - Multiple Units,44.651960844571335,-63.48562633617398
11349,BPRES-2022-02069,2022-03-21,250000,New Building,New Building,Completed,BEECHVILLE,District 12,1,3,Dwelling - Single Detached,44.636811968713246,-63.67896537736617
11350,BPRES-2022-02084,2022-03-17,250000,New Building,New Building,Completed,BEECHVILLE,District 12,1,2,Dwelling - Single Detached,44.63701590678666,-63.678948623597165
11351,BPRES-2022-02086,2022-03-17,250000,New Building,New Building,Completed,BEECHVILLE,District 12,1,2,Dwelling - Single Detached,44.637117432226624,-63.67896410742926
11352,BPRES-2022-02089,2022-03-17,250000,New Building,New Building,Completed,BEECHVILLE,District 12,1,2,Dwelling - Single Detached,44.63722317080574,-63.678988777507676
11353,BPRES-2022-02090,2022-03-17,250000,New Building,New Building,Completed,BEECHVILLE,District 12,1,2,Dwelling - Single Detached,44.637322117623405,-63.679030777995784
11354,BPRES-2022-02093,2022-04-14,100000,Addition,Addition,Expired,WAVERLEY,District 01,0,2,Dwelling - Single Detached,44.777262040604825,-63.60235719887211
11355,BPRES-2022-02094,2022-05-02,1320000,New Building,New Building,Expired,DARTMOUTH,District 05,6,3,Dwelling - Townhouse,44.68294144527419,-63.593118002935626
11356,BPRES-2022-02115,2022-03-03,400000,New Building,New Building,Completed,ENFIELD,District 01,1,2,Dwelling - Single Detached,44.93563692611057,-63.52515640227018
11357,BPRES-2022-02122,2022-04-12,40000,Renovation,Renovation,Expired,HALIFAX,District 09,1,1,Dwelling - Multiple Units,44.63580225221675,-63.63326520025568
11358,BPRES-2022-02139,2022-03-17,275000,New Building,New Building,Completed,BEECHVILLE,District 12,1,2,Dwelling - Single Detached,44.63742215864687,-63.67909579473387
11359,BPRES-2022-02140,2022-03-21,275000,New Building,New Building,Completed,BEECHVILLE,District 12,1,2,Dwelling - Single Detached,44.63767963401971,-63.67933465448683
11360,BPRES-2022-02140,2022-03-21,275000,New Building,New Building,Completed,BEECHVILLE,District 12,1,2,Dwelling - Single Detached,44.63767963401971,-63.67933465448683
11361,BPRES-2022-02141,2022-03-17,275000,New Building,New Building,Completed,BEECHVILLE,District 12,1,2,Dwelling - Single Detached,44.63776528650159,-63.67944232698887
11362,BPRES-2022-02142,2022-03-17,275000,New Building,New Building,Completed,BEECHVILLE,District 12,1,2,Dwelling - Single Detached,44.63783839459687,-63.67956761044734
11363,BPRES-2022-02145,2022-03-17,550000,New Building,New Building,Completed,CARROLLS CORNER,District 01,1,2,Dwelling - Single Detached,45.03099192407639,-63.38637568379168
11364,BPRES-2022-02156,2022-03-17,275000,New Building,New Building,Completed,BEECHVILLE,District 12,1,2,Dwelling - Single Detached,44.63790625742499,-63.679697146659926
11365,BPRES-2022-02157,2022-03-17,275000,New Building,New Building,Completed,BEECHVILLE,District 12,1,2,Dwelling - Single Detached,44.63797385734481,-63.67981904323817
11366,BPRES-2022-02161,2022-03-17,275000,New Building,New Building,Completed,BEECHVILLE,District 12,1,2,Dwelling - Single Detached,44.638043647523205,-63.67994129369806
11367,BPRES-2022-02162,2022-03-21,275000,New Building,New Building,Completed,BEECHVILLE,District 12,1,3,Dwelling - Single Detached,44.6381264093452,-63.680056326921324
11368,BPRES-2022-02165,2022-05-17,40500,Addition,Addition,Completed,HALIFAX,District 10,0,2,Dwelling - Single Detached,44.68562408846513,-63.68578605878048
11369,BPRES-2022-02168,2022-03-16,500000,New Building,New Building,Completed,GAETZ BROOK,District 02,1,2,Dwelling - Single Detached,44.77267785940486,-63.2097257989049
11370,BPRES-2022-02177,,,Renovation,Renovation,Withdrawn,WELLINGTON,District 01,0,1,Dwelling - Backyard Suite,44.8990631551204,-63.62374729097356
11371,BPRES-2022-02199,2022-03-15,600000,New Building,New Building,Completed,TIMBERLEA,District 12,1,2,Dwelling - Single Detached,44.638046675707145,-63.721841780989436
11372,BPRES-2022-02216,2022-04-05,40000,Renovation,Renovation,Completed,HALIFAX,District 09,0,2,Dwelling - Multiple Units,44.643955155936176,-63.59660982720283
11373,BPRES-2022-02227,2022-03-29,75000,Addition,Addition,Expired,MUSQUODOBOIT HARBOUR,District 02,0,2,Dwelling - Single Detached,44.79747330587261,-63.15937708844411
11374,BPRES-2022-02247,2022-09-27,72000,Renovation,Renovation,Completed,DARTMOUTH,District 05,1,1,Dwelling - Multiple Units,44.676091281382284,-63.578945879162745
11375,BPRES-2022-02272,2022-10-25,500000,New Building,New Building,Issued,MIDDLE PORTERS LAKE,District 02,1,2,Dwelling - Single Detached,44.694277106153926,-63.29440987795821
11376,BPRES-2022-02299,2022-03-17,10000,Addition,Addition,Completed,BEAVER BANK,District 15,0,1,Dwelling - Single Detached,44.84752658627816,-63.685813568664884
11377,BPRES-2022-02306,2022-03-21,73000,Renovation,Renovation,Expired,HALIFAX,District 08,1,2,Dwelling - Multiple Units,44.65334892984314,-63.59647914274586
11378,BPRES-2022-02312,2022-06-15,400000,New Building,New Building,Completed,FALL RIVER,District 01,1,1,Dwelling - Single Detached,44.82028145859066,-63.61870658952471
11379,BPRES-2022-02335,2022-03-15,375000,New Building,New Building,Completed,BEAVER BANK,District 15,1,1,Dwelling - Single Detached,44.81541248443196,-63.69577140801508
11380,BPRES-2022-02342,2022-08-25,35000,Renovation,Renovation,Expired,LOWER SACKVILLE,District 15,0,2,Dwelling - Single Detached,44.76975131682001,-63.68267271026525
11381,BPRES-2022-02379,2022-03-17,600000,New Building,New Building,Completed,TIMBERLEA,District 12,1,3,Dwelling - Single Detached,44.6382285286679,-63.721901827017895
11382,BPRES-2022-02383,2022-03-21,600000,New Building,New Building,Completed,TIMBERLEA,District 12,1,2,Dwelling - Single Detached,44.63813975401735,-63.72186803592894
11383,BPRES-2022-02389,2022-04-13,206054.93,Renovation,Renovation,Expired,DARTMOUTH,District 05,0,2,Dwelling - Multiple Units,44.6661678958035,-63.55941515704853
11384,BPRES-2022-02396,,80000,Renovation,Renovation,Withdrawn,DARTMOUTH,District 03,0,2,Dwelling - Single Detached,44.662334864886276,-63.5526600167611
11385,BPRES-2022-02411,2022-03-17,220000,New Building,New Building,Completed,WEST CHEZZETCOOK,District 02,1,1,Dwelling - Single Detached,44.70614516574219,-63.25947180242685
11386,BPRES-2022-02423,2022-04-05,2000,Renovation,Renovation,Completed,HAMMONDS PLAINS,District 14,0,3,Dwelling - Single Detached,44.69997812895647,-63.7723523631466
11387,BPRES-2022-02435,2023-08-22,20000,New Building,New Building,Completed,FALL RIVER,District 01,0,1,Accessory Structure,44.83631764817013,-63.6136323745734
11388,BPRES-2022-02443,2022-04-28,40000,Renovation,Renovation,Completed,HALIFAX,District 09,0,2,Dwelling - Single Detached,44.64929746113972,-63.600841109698074
11389,BPRES-2022-02448,2022-04-19,98000,Renovation,Renovation,Completed,DARTMOUTH,District 05,1,1,Dwelling - Multiple Units,44.67787967765318,-63.58728779442243
11390,BPRES-2022-02456,2022-03-28,50000,New Building,New Building,Expired,HALIFAX,District 09,0,2,Accessory Structure,44.65023021202126,-63.60593271891339
11391,BPRES-2022-02462,2022-03-28,12500,Renovation,Renovation,Expired (Closed),KINSAC,District 15,0,1,Dwelling - Single Detached,44.84059249871027,-63.65690569768252
11392,BPRES-2022-02475,2022-03-16,180000,New Building,New Building,Completed,HALIFAX,District 11,4,3,Dwelling - Semi-Detached,44.601672932087794,-63.6139776771773
11393,BPRES-2022-02475,2022-03-16,180000,New Building,New Building,Completed,HALIFAX,District 11,4,3,Dwelling - Semi-Detached,44.601672932087794,-63.6139776771773
11394,BPRES-2022-02518,,,New Building,New Building,Withdrawn,EASTERN PASSAGE,District 03,0,2,Accessory Structure,44.61097165606095,-63.494621857343446
11395,BPRES-2022-02530,2022-04-21,200000,New Building,New Building,Completed,BEECHVILLE,District 12,1,3,Dwelling - Single Detached,44.63891226785158,-63.68081841570664
11396,BPRES-2022-02531,2022-06-29,80000,Addition,Addition,Expired,MCGRATHS COVE,District 13,0,1,Dwelling - Single Detached,44.505821940234235,-63.84591453805002
11397,BPRES-2022-02536,2022-04-04,500000,New Building,New Building,Completed,MINEVILLE,District 02,1,2,Dwelling - Single Detached,44.701517143823864,-63.37557679821417
11398,BPRES-2022-02554,2022-04-12,400000,New Building,New Building,Completed,HALIFAX,District 11,1,2,Dwelling - Single Detached,44.631056438217634,-63.612503072270684
11399,BPRES-2022-02562,2022-03-21,500000,New Building,New Building,Completed,UPPER TANTALLON,District 13,2,2,Dwelling - Single Detached,44.70653770983267,-63.85206191797882
11400,BPRES-2022-02575,2022-03-21,25000,New Building,New Building,Expired,BEDFORD,District 16,0,1,Accessory Structure,44.72140474481266,-63.71565860391648
11401,BPRES-2022-02584,2022-03-17,500000,New Building,New Building,Completed,HUBLEY,District 13,1,2,Dwelling - Single Detached,44.672075590479196,-63.821886835409174
11402,BPRES-2022-02635,2022-03-09,46000,New Building,New Building,Completed,INDIAN HARBOUR,District 13,0,1,Accessory Structure,44.52409489986004,-63.949235242072824
11403,BPRES-2022-02642,2022-06-22,320000,Addition,Addition,Expired,DARTMOUTH,District 05,0,1,Dwelling - Single Detached,44.68063736953059,-63.56211154721487
11404,BPRES-2022-02657,2022-05-17,395000,Addition,Addition,Completed,HALIFAX,District 08,1,2,Dwelling - Multiple Units,44.66447485983374,-63.607796480084104
11405,BPRES-2022-02724,2022-03-17,57000,New Building,New Building,Expired,LOWER SACKVILLE,District 15,0,1,Accessory Structure,44.77583690619914,-63.660971202670844
11406,BPRES-2022-02729,2022-03-17,5000,Renovation,Renovation,Expired (Closed),DARTMOUTH,District 03,0,2,Dwelling - Single Detached,44.662334864886276,-63.5526600167611
11407,BPRES-2022-02735,2023-04-27,575000,New Building,New Building,Completed,HALIFAX,District 09,1,2,Dwelling - Single Detached,44.64258258622929,-63.61390894115461
11408,BPRES-2022-02748,2022-06-21,350000,Addition,Addition,Completed,HEAD OF ST MARGARETS BAY,District 13,0,2,Dwelling - Single Detached,44.6877362293092,-63.903440674766195
11409,BPRES-2022-02769,2022-03-23,20000,New Building,New Building,Expired (Closed),WEST JEDDORE,District 02,0,1,Accessory Structure,44.7275238961742,-63.02050855535129
11410,BPRES-2022-02801,2022-03-24,8400,New Building,New Building,Expired (Closed),TERENCE BAY,District 13,0,1,Accessory Structure,44.46768601494186,-63.719122958863515
11411,BPRES-2022-02810,2022-07-08,550000,New Building,New Building,Completed,TIMBERLEA,District 12,1,3,Dwelling - Single Detached,44.6399397247679,-63.724557334060535
11412,BPRES-2022-02821,2022-03-17,275000,New Building,New Building,Completed,BEECHVILLE,District 12,1,2,Dwelling - Single Detached,44.63842007762147,-63.68023106022211
11413,BPRES-2022-02822,2022-04-04,74000,Addition,Addition,Completed,MONTAGUE GOLD MINES,District 01,0,2,Dwelling - Single Detached,44.71867217649374,-63.51192145117967
11414,BPRES-2022-02827,2022-04-21,200000,New Building,New Building,Completed,BEECHVILLE,District 12,1,3,Dwelling - Single Detached,44.638687182173015,-63.68080673032715
11415,BPRES-2022-02828,2022-04-21,200000,New Building,New Building,Completed,BEECHVILLE,District 12,1,3,Dwelling - Single Detached,44.6385811897018,-63.680792778034586
11416,BPRES-2022-02838,2022-03-24,62000,New Building,New Building,Completed,UPPER HAMMONDS PLAINS,District 14,0,1,Accessory Structure,44.77133535118843,-63.85558941772084
11417,BPRES-2022-02840,2023-10-27,1200,Renovation,Renovation,Completed,HALIFAX,District 09,1,2,Dwelling - Multiple Units,44.64848486619214,-63.608888170983924
11418,BPRES-2022-02844,2022-03-21,200000,New Building,New Building,Completed,BEECHVILLE,District 12,1,3,Dwelling - Single Detached,44.63684667602155,-63.6795173242646
11419,BPRES-2022-02847,2022-03-22,200000,New Building,New Building,Completed,BEECHVILLE,District 12,1,3,Dwelling - Single Detached,44.636938842430595,-63.67950260767592
11420,BPRES-2022-02848,2022-03-22,200000,New Building,New Building,Completed,BEECHVILLE,District 12,1,3,Dwelling - Single Detached,44.63703658303793,-63.67949386653847
11421,BPRES-2022-02849,2022-03-22,200000,New Building,New Building,Completed,BEECHVILLE,District 12,1,3,Dwelling - Single Detached,44.637142599857455,-63.679502789013135
11422,BPRES-2022-02851,2022-03-21,200000,New Building,New Building,Completed,BEECHVILLE,District 12,1,2,Dwelling - Single Detached,44.637379687121594,-63.679644913626504
11423,BPRES-2022-02852,2022-03-21,200000,New Building,New Building,Completed,BEECHVILLE,District 12,1,3,Dwelling - Single Detached,44.6374757474827,-63.67977550499497
11424,BPRES-2022-02853,2022-03-21,275000,New Building,New Building,Completed,BEECHVILLE,District 12,1,2,Dwelling - Single Detached,44.63853949259352,-63.68025330818883
11425,BPRES-2022-02854,2022-03-28,200000,New Building,New Building,Completed,BEECHVILLE,District 12,1,3,Dwelling - Single Detached,44.63755207483341,-63.679900091235744
11426,BPRES-2022-02857,2022-03-21,200000,New Building,New Building,Completed,BEECHVILLE,District 12,1,3,Dwelling - Single Detached,44.63761527994401,-63.680027001664406
11427,BPRES-2022-02858,2022-03-23,275000,New Building,New Building,Completed,BEECHVILLE,District 12,1,2,Dwelling - Single Detached,44.63886766742502,-63.68028269208958
11428,BPRES-2022-02859,2022-03-28,200000,New Building,New Building,Completed,BEECHVILLE,District 12,1,3,Dwelling - Single Detached,44.637679010700765,-63.68014879998835
11429,BPRES-2022-02860,2022-03-28,200000,New Building,New Building,Completed,BEECHVILLE,District 12,1,2,Dwelling - Single Detached,44.63775170684241,-63.68027673193712
11430,BPRES-2022-02862,2022-03-17,275000,New Building,New Building,Completed,BEECHVILLE,District 12,1,2,Dwelling - Single Detached,44.638986225382595,-63.68028785726192
11431,BPRES-2022-02863,2022-03-30,200000,New Building,New Building,Completed,BEECHVILLE,District 12,1,2,Dwelling - Single Detached,44.637924554261254,-63.68049495771593
11432,BPRES-2022-02864,2022-03-17,275000,New Building,New Building,Completed,BEECHVILLE,District 12,1,2,Dwelling - Single Detached,44.6391032252637,-63.68025587924695
11433,BPRES-2022-02865,2022-03-17,275000,New Building,New Building,Completed,BEECHVILLE,District 12,1,2,Dwelling - Single Detached,44.63921550772541,-63.6801997428272
11434,BPRES-2022-02866,2022-03-30,200000,New Building,New Building,Completed,BEECHVILLE,District 12,1,2,Dwelling - Single Detached,44.638021526959584,-63.68058137361139
11435,BPRES-2022-02868,2022-03-17,275000,New Building,New Building,Completed,BEECHVILLE,District 12,1,2,Dwelling - Single Detached,44.63931947852129,-63.680119364880774
11436,BPRES-2022-02869,2022-03-17,275000,New Building,New Building,Completed,BEECHVILLE,District 12,1,2,Dwelling - Single Detached,44.63941459464897,-63.680017340820605
11437,BPRES-2022-02871,2022-03-17,275000,New Building,New Building,Completed,BEECHVILLE,District 12,1,2,Dwelling - Single Detached,44.63955993934159,-63.67975189725895
11438,BPRES-2022-02874,2022-03-17,275000,New Building,New Building,Completed,,District 12,1,2,Dwelling - Single Detached,44.63962753502866,-63.67926449608544
11439,BPRES-2022-02883,2022-05-10,605000,New Building,New Building,Completed,DARTMOUTH,District 06,1,2,Dwelling - Multiple Units,44.71302123706466,-63.5459149982992
11440,BPRES-2022-02892,,190000,New Building,New Building,Application Incomplete,UPPER HAMMONDS PLAINS,District 14,0,1,Accessory Structure,44.74998549456756,-63.8298585069687
11441,BPRES-2022-02895,2023-01-05,102000,Addition,Addition,Completed,WESTPHAL,District 04,0,2,Dwelling - Single Detached,44.68780566020097,-63.45341088883738
11442,BPRES-2022-02905,2022-03-17,275000,New Building,New Building,Completed,BEECHVILLE,District 12,1,3,Dwelling - Single Detached,44.63902824728873,-63.68081654675292
11443,BPRES-2022-02909,2022-03-17,275000,New Building,New Building,Completed,BEECHVILLE,District 12,1,3,Dwelling - Single Detached,44.63925627218355,-63.68075745664969
11444,BPRES-2022-02919,2022-03-17,275000,New Building,New Building,Completed,BEECHVILLE,District 12,1,2,Dwelling - Single Detached,44.63985312337603,-63.68008838688626
11445,BPRES-2022-02925,2022-03-21,700000,New Building,New Building,Completed,TIMBERLEA,District 12,1,3,Dwelling - Single Detached,44.63980410476623,-63.724578081341036
11446,BPRES-2022-02947,2022-03-30,30000,New Building,New Building,Completed,MIDDLE SACKVILLE,District 14,0,1,Accessory Structure,44.778597324729525,-63.73757666438646
11447,BPRES-2022-02954,2022-04-05,50000,Renovation,Renovation,Expired (Closed),HALIFAX,District 11,0,3,Dwelling - Multiple Units,44.620881703266164,-63.619865001325536
11448,BPRES-2022-02976,2022-04-05,1500000,New Building,New Building,Completed,BEDFORD,District 16,6,3,Dwelling - Townhouse,44.704937424686015,-63.69634271020622
11449,BPRES-2022-02992,2022-04-04,120000,Addition,Addition,Expired,HALIFAX,District 11,0,1,Dwelling - Single Detached,44.62854762660326,-63.606614495050344
11450,BPRES-2022-03010,2022-04-05,30000,Renovation,Renovation,Completed,LOWER SACKVILLE,District 15,0,2,Dwelling - Single Detached,44.77044855940008,-63.702079457859426
11451,BPRES-2022-03015,2022-03-24,29498,Renovation,Renovation,Completed,EASTERN PASSAGE,District 03,0,2,Dwelling - Single Detached,44.59860358014071,-63.45905549126406
11452,BPRES-2022-03019,2022-04-22,371000,New Building,New Building,Completed,GAETZ BROOK,District 02,1,1,Dwelling - Single Detached,44.78429347678411,-63.19432946235405
11453,BPRES-2022-03022,2022-07-29,65000,New Building,New Building,Expired,WEST CHEZZETCOOK,District 02,0,1,Accessory Structure,44.723464599745704,-63.287865189910015
11454,BPRES-2022-03056,2022-05-31,16000,New Building,New Building,Completed,WESTPHAL,District 04,-1,1,Accessory Structure,44.68780566020097,-63.45341088883738
11455,BPRES-2022-03059,2022-03-17,275000,New Building,New Building,Completed,BEECHVILLE,District 12,1,2,Dwelling - Single Detached,44.6399589170875,-63.67980705878256
11456,BPRES-2022-03064,2022-03-23,275000,New Building,New Building,Completed,BEECHVILLE,District 12,1,3,Dwelling - Single Detached,44.6399928200219,-63.67964803061367
11457,BPRES-2022-03122,2022-04-12,49000,Addition,Addition,Expired,HALIFAX,District 09,0,1,Dwelling - Single Detached,44.64199675834951,-63.597627256428765
11458,BPRES-2022-03140,,,Renovation,Renovation,Withdrawn,COLE HARBOUR,District 04,1,1,Dwelling - Single Detached,44.66013350305352,-63.497149108176544
11459,BPRES-2022-03141,2022-09-26,245000,New Building,New Building,Completed,PORTUGUESE COVE,District 11,1,1,Dwelling - Backyard Suite,44.526830688170094,-63.54525298969322
11460,BPRES-2022-03148,,15000,Renovation,Renovation,Withdrawn,HALIFAX,District 09,1,2,Dwelling - Multiple Units,44.645687117383254,-63.603528974047194
11461,BPRES-2022-03172,2022-04-04,300000,New Building,New Building,Completed,OSTREA LAKE,District 02,1,1,Dwelling - Single Detached,44.70761005290816,-63.0663425699086
11462,BPRES-2022-03209,2022-03-22,3000,Renovation,Renovation,Completed,HALIFAX,District 12,0,2,Dwelling - Single Detached,44.677599755155995,-63.66491073609285
11463,BPRES-2022-03254,2022-04-12,145000,New Building,New Building,Completed,HEAD OF CHEZZETCOOK,District 02,1,1,Dwelling - Single Detached,44.740458046094,-63.24580908631028
11464,BPRES-2022-03262,2022-03-29,300000,New Building,New Building,Completed,TIMBERLEA,District 12,1,3,Dwelling - Single Detached,44.63994954824429,-63.72389491930163
11465,BPRES-2022-03274,2022-04-05,400000,New Building,New Building,Completed,MIDDLE SACKVILLE,District 14,1,1,Dwelling - Single Detached,44.788813388280566,-63.742525933075434
11466,BPRES-2022-03280,2022-03-28,300000,New Building,New Building,Completed,TIMBERLEA,District 12,1,3,Dwelling - Single Detached,44.639539176866876,-63.72367868335555
11467,BPRES-2022-03286,2022-03-28,300000,New Building,New Building,Completed,TIMBERLEA,District 12,1,3,Dwelling - Single Detached,44.639454850492925,-63.72344527928093
11468,BPRES-2022-03289,2022-04-05,300000,New Building,New Building,Expired,TIMBERLEA,District 12,1,3,Dwelling - Single Detached,44.63940816558719,-63.72332863656103
11469,BPRES-2022-03299,2022-04-05,600000,New Building,New Building,Completed,BEDFORD,District 13,2,3,Dwelling - Semi-Detached,44.707866916349595,-63.72231081117533
11470,BPRES-2022-03299,2022-04-05,600000,New Building,New Building,Completed,BEDFORD,District 16,2,3,Dwelling - Semi-Detached,44.707866916349595,-63.72231081117533
11471,BPRES-2022-03305,2022-04-19,300000,New Building,New Building,Completed,BEDFORD,District 16,2,2,Dwelling - Semi-Detached,44.70768758227955,-63.722608072952646
11472,BPRES-2022-03308,2022-04-19,300000,New Building,New Building,Completed,BEDFORD,District 16,2,2,Dwelling - Semi-Detached,44.707522668320706,-63.7226278739892
11473,BPRES-2022-03324,2022-04-05,20000,New Building,New Building,Completed,WESTPHAL,District 04,0,1,Accessory Structure,44.698166478591915,-63.48151568657474
11474,BPRES-2022-03334,2022-05-19,60000,Renovation,Renovation,Completed,HALIFAX,District 10,1,2,Dwelling - Semi-Detached,44.6539583156035,-63.645531730721586
11475,BPRES-2022-03342,2022-04-05,650000,New Building,New Building,Completed,TIMBERLEA,District 12,1,2,Dwelling - Single Detached,44.639416477565696,-63.72434322515273
11476,BPRES-2022-03342,2022-04-05,650000,New Building,New Building,Completed,TIMBERLEA,District 12,1,2,Dwelling - Single Detached,44.639416477565696,-63.72434322515273
11477,BPRES-2022-03359,2022-09-01,300000,New Building,New Building,Completed,HAMMONDS PLAINS,District 14,1,1,Dwelling - Backyard Suite,44.74564512906797,-63.79143265438874
11478,BPRES-2022-03412,2022-08-12,345000,Addition,Addition,Issued,HALIFAX,District 09,1,2,Dwelling - Multiple Units,44.64653457618919,-63.612167252819
11479,BPRES-2022-03414,2022-04-12,200000,Addition,Addition,Expired,UPPER SACKVILLE,District 14,1,1,Dwelling - Single Detached,44.80396937101766,-63.75291750818705
11480,BPRES-2022-03433,2022-04-05,450000,New Building,New Building,Completed,MIDDLE SACKVILLE,District 14,1,2,Dwelling - Single Detached,44.78586823084049,-63.73551038890395
11481,BPRES-2022-03444,2022-04-12,500000,New Building,New Building,Completed,UPPER TANTALLON,District 13,1,2,Dwelling - Single Detached,44.724483996709964,-63.889319053246695
11482,BPRES-2022-03449,2022-04-12,264000,Renovation,Renovation,Completed,HAMMONDS PLAINS,District 14,0,2,Dwelling - Semi-Detached,44.72539414736475,-63.75736749001544
11483,BPRES-2022-03455,2022-04-28,200000,Addition,Addition,Completed,WELLINGTON,District 01,0,2,Dwelling - Single Detached,44.87097618832853,-63.62946731376625
11484,BPRES-2022-03463,2022-04-06,80000,Addition,Addition,Completed,DARTMOUTH,District 06,0,2,Dwelling - Single Detached,44.72616601342687,-63.54829525770095
11485,BPRES-2022-03475,2022-04-05,18500,New Building,New Building,Completed,WELLINGTON,District 01,0,1,Accessory Structure,44.86188764909513,-63.59811316243704
11486,BPRES-2022-03484,2022-06-29,550000,New Building,New Building,Completed,BEAVER BANK,District 15,3,3,Dwelling - Semi-Detached,44.80352499019965,-63.68843844375538
11487,BPRES-2022-03488,2022-07-21,130000,Renovation,Renovation,Cancelled,HALIFAX,District 10,1,3,Dwelling - Single Detached,44.65398199867831,-63.63324533164818
11488,BPRES-2022-03503,2022-03-29,25000,New Building,New Building,Completed,UPPER TANTALLON,District 13,0,1,Accessory Structure,44.73221962275849,-63.86858710831967
11489,BPRES-2022-03528,2023-07-04,100000,New Building,New Building,Issued,HALIBUT BAY,District 11,1,1,Dwelling - Single Detached,44.548235685490106,-63.55147750491969
11490,BPRES-2022-03539,2022-04-05,700000,New Building,New Building,Completed,BEDFORD,District 16,1,2,Dwelling - Single Detached,44.705060380707934,-63.72140447403362
11491,BPRES-2022-03541,2022-04-06,30000,New Building,New Building,Completed,HEAD OF ST MARGARETS BAY,District 13,0,1,Accessory Structure,44.683551861358296,-63.913480042836895
11492,BPRES-2022-03549,2022-04-05,500000,New Building,New Building,Completed,BEDFORD,District 16,1,3,Dwelling - Single Detached,44.70279802514857,-63.717181601542116
11493,BPRES-2022-03609,2022-04-13,1300000,New Building,New Building,Completed,HALIFAX,District 11,1,2,Dwelling - Single Detached,44.62409290730752,-63.587217009483346
11494,BPRES-2022-03628,2022-04-12,75000,New Building,New Building,Completed,HAMMONDS PLAINS,District 14,0,2,Accessory Structure,44.75893053253259,-63.79105511712129
11495,BPRES-2022-03632,2022-04-13,30000,New Building,New Building,Expired (Closed),HAMMONDS PLAINS,District 14,0,1,Accessory Structure,44.77441063287392,-63.76967980644725
11496,BPRES-2022-03642,2022-04-25,500000,New Building,New Building,Cancelled,HUBLEY,District 13,1,2,Dwelling - Single Detached,44.66528220504914,-63.809145955909834
11497,BPRES-2022-03668,2022-06-14,22000,New Building,New Building,Expired,PORTERS LAKE,District 02,0,1,Accessory Structure,44.75279297863456,-63.32266682517022
11498,BPRES-2022-03686,2022-04-20,85500,Renovation,Renovation,Expired,COLE HARBOUR,District 04,0,1,Dwelling - Single Detached,44.67918369616312,-63.48435783615028
11499,BPRES-2022-03690,2022-04-19,23848,Addition,Addition,Expired,MIDDLE SACKVILLE,District 14,0,2,Dwelling - Single Detached,44.79402319738876,-63.772619091451276
11500,BPRES-2022-03696,2022-04-26,161000,Addition,Addition,Expired,DARTMOUTH,District 06,0,1,Dwelling - Single Detached,44.72131762089127,-63.54384173298371
11501,BPRES-2022-03725,2022-05-06,83000,Renovation,Renovation,Completed,DARTMOUTH,District 05,1,2,Dwelling - Multiple Units,44.67561241141973,-63.57823959037535
11502,BPRES-2022-03733,2022-04-11,15000,New Building,New Building,Expired,HALIFAX,District 10,0,1,Accessory Structure,44.651709877720194,-63.63288204419621
11503,BPRES-2022-03751,2022-04-05,550000,New Building,New Building,Completed,MIDDLE SACKVILLE,District 14,1,3,Dwelling - Single Detached,44.780798407968774,-63.73814575959456
11504,BPRES-2022-03755,2022-06-24,40000,Renovation,Renovation,Completed,MIDDLE SACKVILLE,District 14,1,2,Dwelling - Multiple Units,44.78945065141701,-63.70409650994325
11505,BPRES-2022-03763,2022-04-19,700000,New Building,New Building,Amendment Review,BEDFORD,District 16,1,3,Dwelling - Single Detached,44.70673926016207,-63.72520483134178
11506,BPRES-2022-03769,2022-04-29,24000,New Building,New Building,Completed,COLE HARBOUR,District 04,0,1,Accessory Structure,44.66783585977502,-63.49775601852629
11507,BPRES-2022-03774,2022-04-11,41000,New Building,New Building,Expired,MIDDLE SACKVILLE,District 14,0,1,Accessory Structure,44.793523857831296,-63.70010608940321
11508,BPRES-2022-03782,2022-05-03,400000,New Building,New Building,Completed,BEDFORD,District 16,1,2,Dwelling - Single Detached,44.70594110179959,-63.72159172566349
11509,BPRES-2022-03794,2022-04-01,400000,New Building,New Building,Completed,BEDFORD,District 16,1,2,Dwelling - Single Detached,44.7062548652685,-63.720567708932734
11510,BPRES-2022-03798,2022-06-15,20000,Renovation,Renovation,Expired,DARTMOUTH,District 05,0,1,Dwelling - Multiple Units,44.67012431229327,-63.55354221935353
11511,BPRES-2022-03806,2022-04-07,700000,New Building,New Building,Completed,HAMMONDS PLAINS,District 14,1,2,Dwelling - Single Detached,44.75695003963961,-63.77481650893336
11512,BPRES-2022-03811,2022-04-05,550000,New Building,New Building,Expired (Closed),MIDDLE SACKVILLE,District 14,1,3,Dwelling - Single Detached,44.7813946239498,-63.74407446126257
11513,BPRES-2022-03834,2022-10-17,600000,New Building,New Building,Completed,HALIFAX,District 10,1,1,Dwelling - Single Detached,44.676195974031415,-63.651476216911355
11514,BPRES-2022-03870,2022-04-14,1280000,New Building,New Building,Completed,BEDFORD,District 16,1,2,Dwelling - Single Detached,44.707114457882454,-63.70116976823655
11515,BPRES-2022-03878,2022-04-01,600000,New Building,New Building,Completed,BEDFORD,District 16,1,2,Dwelling - Single Detached,44.706172786938794,-63.72409110015694
11516,BPRES-2022-03902,2022-08-25,53000,Addition,Addition,Completed,HALIFAX,District 08,0,3,Dwelling - Townhouse,44.66465922463549,-63.6027942511647
11517,BPRES-2022-03917,2022-05-02,10000,New Building,New Building,Completed,TERENCE BAY,District 13,0,1,Accessory Structure,44.48937991458691,-63.72858324266444
11518,BPRES-2022-03924,2022-06-22,256000,New Building,New Building,Completed,PORTERS LAKE,District 02,1,1,Dwelling - Single Detached,44.73875943829726,-63.28803767586607
11519,BPRES-2022-03935,2022-08-04,400000,New Building,New Building,Completed,,District 16,1,1,Dwelling - Single Detached,44.706377134994106,-63.72313655566199
11520,BPRES-2022-03956,2022-04-29,90000,Addition,Addition,Issued,GLEN HAVEN,District 13,0,1,Dwelling - Single Detached,44.634618499449296,-63.896699412425335
11521,BPRES-2022-03968,2022-04-12,325000,New Building,New Building,Completed,BAYSIDE,District 13,1,1,Dwelling - Single Detached,44.52867406132476,-63.814378996571186
11522,BPRES-2022-03978,2022-05-03,50000,Renovation,Renovation,Completed,DARTMOUTH,District 06,0,2,Dwelling - Single Detached,44.72463788463517,-63.54256795513748
11523,BPRES-2022-03981,2022-04-25,12000,New Building,New Building,Expired (Closed),STILLWATER LAKE,District 13,0,1,Accessory Structure,44.692580520621924,-63.832622101200045
11524,BPRES-2022-03993,2022-04-13,700000,New Building,New Building,Issued,MIDDLE SACKVILLE,District 14,1,2,Dwelling - Single Detached,44.78316210462171,-63.7398569473435
11525,BPRES-2022-04000,2022-05-05,321000,New Building,New Building,Completed,WEST PORTERS LAKE,District 02,1,1,Dwelling - Single Detached,44.690379155251264,-63.315172220231894
11526,BPRES-2022-04007,2022-06-28,750000,New Building,New Building,Expired,HALIFAX,District 07,1,2,Dwelling - Single Detached,44.63986933942057,-63.577003250329696
11527,BPRES-2022-04018,2022-06-21,406000,New Building,New Building,Expired,COLE HARBOUR,District 04,2,2,Dwelling - Single Detached,44.67638985256496,-63.4772539550087
11528,BPRES-2022-04021,2022-04-12,525000,New Building,New Building,Completed,MIDDLE SACKVILLE,District 14,1,2,Dwelling - Single Detached,44.78130628513398,-63.745259883360106
11529,BPRES-2022-04045,2022-07-18,72500,New Building,New Building,Completed,DARTMOUTH,District 06,-1,1,Dwelling - Backyard Suite,44.68858839167357,-63.531794897665335
11530,BPRES-2022-04057,,145000,New Building,New Building,Withdrawn,HALIFAX,District 09,0,2,Dwelling - Backyard Suite,44.64008984458134,-63.60715614624675
11531,BPRES-2022-04058,2022-05-16,634900,Addition,Addition,Completed,HALIFAX,District 09,0,3,Dwelling - Single Detached,44.639939586480615,-63.60268105689383
11532,BPRES-2022-04069,2022-04-28,37000,Addition,Addition,Completed,DARTMOUTH,District 06,0,2,Dwelling - Single Detached,44.68649109626736,-63.55265165040353
11533,BPRES-2022-04073,2022-04-29,45000,New Building,New Building,Completed,HALIFAX,District 11,0,1,Accessory Structure,44.62409290730752,-63.587217009483346
11534,BPRES-2022-04078,,15000,New Building,New Building,Withdrawn,HALIFAX,District 10,0,1,Accessory Structure,44.66587128785397,-63.63689684804611
11535,BPRES-2022-04100,2022-06-29,780000,New Building,New Building,Issued,LUCASVILLE,District 14,4,1,Dwelling - Townhouse,44.7692274952452,-63.71963496787773
11536,BPRES-2022-04102,2022-04-26,21500,New Building,New Building,Expired (Closed),DARTMOUTH,District 06,0,1,Accessory Structure,44.68365937582879,-63.54556661041184
11537,BPRES-2022-04111,2022-05-31,275000,Addition,Addition,Completed,HALIFAX,District 09,0,2,Dwelling - Single Detached,44.64847360095207,-63.59987805281904
11538,BPRES-2022-04117,2022-05-17,1000000,New Building,New Building,Completed,BEDFORD,District 16,5,2,Dwelling - Townhouse,44.70499297904316,-63.69681542457527
11539,BPRES-2022-04124,2022-04-28,5000,New Building,New Building,Completed,LAKE ECHO,District 02,0,1,Accessory Structure,44.73603673770036,-63.382318394941656
11540,BPRES-2022-04142,2022-04-26,252346.64,New Building,New Building,Completed,DARTMOUTH,District 05,1,1,Dwelling - Single Detached,44.67171400629165,-63.58308482844679
11541,BPRES-2022-04155,2022-04-21,27000,New Building,New Building,Completed,WAVERLEY,District 01,0,1,Accessory Structure,44.784902827481794,-63.612239572614286
11542,BPRES-2022-04178,2022-07-04,113500,Addition,Addition,Expired,DARTMOUTH,District 05,0,1,Dwelling - Single Detached,44.6747415396033,-63.55238874908363
11543,BPRES-2022-04188,2022-06-17,50000,Renovation,Renovation,Completed,HALIFAX,District 10,1,2,Dwelling - Multiple Units,44.66810191207075,-63.639469316088075
11544,BPRES-2022-04193,2022-07-18,87000,Addition,Addition,Expired,HALIFAX,District 09,0,2,Dwelling - Single Detached,44.646450479252934,-63.603197161401425
11545,BPRES-2022-04211,2023-05-02,100000,Addition,Addition,Issued,HALIFAX,District 09,0,2,Dwelling - Single Detached,44.64702226278491,-63.61465616774747
11546,BPRES-2022-04225,2022-04-22,383000,New Building,New Building,Completed,HALIFAX,District 16,1,2,Dwelling - Single Detached,44.69552750028447,-63.6810898444569
11547,BPRES-2022-04249,2022-05-12,380000,New Building,New Building,Completed,PORTERS LAKE,District 02,1,1,Dwelling - Single Detached,44.71397816121362,-63.31146100698626
11548,BPRES-2022-04252,2023-07-14,30000,Addition,Addition,Issued,DARTMOUTH,District 06,0,2,Dwelling - Single Detached,44.673390789354414,-63.52650073568775
11549,BPRES-2022-04276,2022-04-27,50000,New Building,New Building,Completed,WHITES LAKE,District 13,0,1,Accessory Structure,44.51962676402919,-63.75175821537095
11550,BPRES-2022-04303,2022-04-13,50000,New Building,New Building,Completed,UPPER TANTALLON,District 13,0,2,Accessory Structure,44.72096839361081,-63.880029306079145
11551,BPRES-2022-04312,,280000,Addition,Addition,Withdrawn,LOWER SACKVILLE,District 15,0,1,Dwelling - Single Detached,44.76845027123096,-63.66456586936484
11552,BPRES-2022-04321,2022-05-16,100000,New Building,New Building,Completed,HALIFAX,District 09,1,2,Dwelling - Backyard Suite,44.64272991429408,-63.59359126154664
11553,BPRES-2022-04345,2022-05-17,100000,New Building,New Building,Issued,HALIFAX,District 07,1,1,Dwelling - Backyard Suite,44.63512072203136,-63.58957150846937
11554,BPRES-2022-04362,2022-04-22,100000,Addition,Addition,Completed,HALIFAX,District 11,0,1,Dwelling - Single Detached,44.630453419205935,-63.61268406840068
11555,BPRES-2022-04374,2022-04-14,400000,New Building,New Building,Completed,HAMMONDS PLAINS,District 14,1,1,Dwelling - Single Detached,44.74272722762733,-63.801099410964554
11556,BPRES-2022-04383,2022-05-13,690000,New Building,New Building,Completed,UPPER TANTALLON,District 13,1,2,Dwelling - Single Detached,44.727434501590295,-63.89078187698773
11557,BPRES-2022-04404,2022-05-16,202000,Addition,Addition,Completed,HALIFAX,District 09,0,2,Dwelling - Single Detached,44.64297267473112,-63.61029242803271
11558,BPRES-2022-04437,2022-11-14,160000,New Building,New Building,Amendment Review,WYSES CORNER,District 01,1,2,Dwelling - Single Detached,44.95929818816902,-63.29690050993365
11559,BPRES-2022-04449,2022-09-01,250000,New Building,New Building,Completed,BROOKSIDE,District 13,1,2,Dwelling - Single Detached,44.538153929556856,-63.71679762752599
11560,BPRES-2022-04465,2022-04-28,25000,New Building,New Building,Expired,WEST CHEZZETCOOK,District 02,0,1,Accessory Structure,44.715901452122736,-63.265862224793125
11561,BPRES-2022-04476,2022-04-21,15000,New Building,New Building,Completed,GAETZ BROOK,District 02,0,1,Accessory Structure,44.78429347678411,-63.19432946235405
11562,BPRES-2022-04486,2022-09-28,30000,New Building,New Building,Completed,EAST PRESTON,District 04,0,1,Accessory Structure,44.721283222272916,-63.401168087173396
11563,BPRES-2022-04508,2022-04-25,81600,New Building,New Building,Expired,EASTERN PASSAGE,District 03,0,1,Accessory Structure,44.61542912528491,-63.48506062279519
11564,BPRES-2022-04517,2022-04-26,125000,New Building,New Building,Completed,HALIFAX,District 09,1,2,Dwelling - Backyard Suite,44.64361746485192,-63.62503933273926
11565,BPRES-2022-04546,,169500,Renovation,Renovation,Application Incomplete,HALIFAX,District 09,1,2,Dwelling - Single Detached,44.64132628176455,-63.60978815402039
11566,BPRES-2022-04551,2023-03-16,406000,New Building,New Building,Completed,LOWER SACKVILLE,District 15,1,1,Dwelling - Single Detached,44.76628980610105,-63.64286829225607
11567,BPRES-2022-04554,2022-05-02,86000,Renovation,Renovation,Expired,LOWER EAST CHEZZETCOOK,District 02,0,1,Accessory Structure,44.68392143122505,-63.20782349163881
11568,BPRES-2022-04571,,250000,New Building,New Building,Applicant Revisions,HALIFAX,District 11,1,2,Dwelling - Backyard Suite,44.62221698209165,-63.605111054595916
11569,BPRES-2022-04576,2022-04-25,35000,Renovation,Renovation,Completed,DARTMOUTH,District 06,0,1,Dwelling - Single Detached,44.68521997332716,-63.506510311709405
11570,BPRES-2022-04585,2022-08-24,130000,Addition,Addition,Expired,DARTMOUTH,District 06,1,1,Dwelling - Multiple Units,44.68515972393194,-63.504297739071816
11571,BPRES-2022-04593,2022-08-18,75000,Renovation,Renovation,Expired,HALIFAX,District 10,0,2,Dwelling - Multiple Units,44.656150501471274,-63.640692555098354
11572,BPRES-2022-04631,,10000,Addition,Addition,Withdrawn,SEAFORTH,District 02,0,1,Accessory Structure,44.65634087101206,-63.28706109241972
11573,BPRES-2022-04650,2022-06-09,610000,New Building,New Building,Completed,BEDFORD,District 16,2,3,Dwelling - Single Detached,44.71651483550334,-63.68268354114845
11574,BPRES-2022-04667,2022-05-17,50000,New Building,New Building,Completed,GRAND LAKE,District 01,0,1,Accessory Structure,44.87923452936279,-63.570168322171824
11575,BPRES-2022-04668,2022-11-10,65000,New Building,New Building,Completed,UPPER TANTALLON,District 13,1,2,Dwelling - Backyard Suite,44.68474697137589,-63.86649836917182
11576,BPRES-2022-04694,2022-05-31,7000,Renovation,Renovation,Expired,DARTMOUTH,District 06,1,2,Dwelling - Multiple Units,44.68738529644301,-63.55369425351774
11577,BPRES-2022-04700,2022-04-26,37000,New Building,New Building,Completed,COLE HARBOUR,District 04,0,1,Accessory Structure,44.66020360061143,-63.48933150073202
11578,BPRES-2022-04734,2022-05-06,47500,New Building,New Building,Completed,SEAFORTH,District 02,0,1,Accessory Structure,44.6588741264601,-63.272706937289115
11579,BPRES-2022-04743,2022-05-03,1037500,New Building,New Building,Completed,MIDDLE SACKVILLE,District 14,1,2,Dwelling - Single Detached,44.778598733919395,-63.74227358609006
11580,BPRES-2022-04753,2022-06-28,75000,New Building,New Building,Completed,MIDDLE SACKVILLE,District 14,1,2,Dwelling - Backyard Suite,44.78686810120855,-63.75755649368033
11581,BPRES-2022-04763,2022-04-28,26000,New Building,New Building,Expired (Closed),HAMMONDS PLAINS,District 14,0,1,Accessory Structure,44.735628101694154,-63.803349633954085
11582,BPRES-2022-04771,2022-04-28,700000,New Building,New Building,Completed,TIMBERLEA,District 12,1,3,Dwelling - Single Detached,44.639174908617534,-63.72245722309777
11583,BPRES-2022-04784,2022-05-02,25000,New Building,New Building,Completed,MIDDLE SACKVILLE,District 14,0,1,Accessory Structure,44.790843774221145,-63.73383009998329
11584,BPRES-2022-04805,2022-05-03,600000,New Building,New Building,Completed,,District 14,1,2,Dwelling - Single Detached,44.691749659724074,-63.79380871595119
11585,BPRES-2022-04808,2022-05-04,70000,New Building,New Building,Completed,CLAM BAY,District 02,0,1,Accessory Structure,44.72820706074268,-62.941195175491245
11586,BPRES-2022-04829,2022-11-07,80000,Renovation,Renovation,Issued,HARRIETSFIELD,District 11,1,2,Dwelling - Multiple Units,44.58366733893892,-63.64142198402568
11587,BPRES-2022-04839,2022-05-03,500000,New Building,New Building,Completed,GLEN HAVEN,District 13,1,2,Dwelling - Single Detached,44.649250084055474,-63.90837417670164
11588,BPRES-2022-04845,2022-05-30,60000,New Building,New Building,Completed,HALIFAX,District 11,0,1,Accessory Structure,44.63302184797687,-63.62350952447514
11589,BPRES-2022-04847,2022-07-06,200000,New Building,New Building,Completed,GOFFS,District 01,1,1,Dwelling - Single Detached,44.88583226289203,-63.4707296390872
11590,BPRES-2022-04868,,46500,Renovation,Renovation,Withdrawn,HALIFAX,District 10,1,2,Dwelling - Multiple Units,44.67236002512529,-63.65740511066448
11591,BPRES-2022-04879,2022-05-09,600000,New Building,New Building,Completed,HUBLEY,District 13,1,2,Dwelling - Single Detached,44.658040709432726,-63.78977116561773
11592,BPRES-2022-04896,2022-05-17,100000,Addition,Addition,Issued,HALIFAX,District 07,0,1,Dwelling - Single Detached,44.63417425410756,-63.58554268849131
11593,BPRES-2022-04920,2022-08-31,240000,New Building,New Building,Completed,BEAVER BANK,District 15,1,2,Dwelling - Single Detached,44.830036689494996,-63.67844184347289
11594,BPRES-2022-04933,,10000,New Building,New Building,Applicant Revisions,MIDDLE SACKVILLE,District 14,0,1,Accessory Structure,44.79593200202201,-63.71205925764179
11595,BPRES-2022-04958,2022-05-06,65000,New Building,New Building,Completed,BLACK POINT,District 13,0,1,Accessory Structure,44.64708719664597,-63.98147491178108
11596,BPRES-2022-04982,2022-05-13,250000,New Building,New Building,Issued,EAST JEDDORE,District 02,2,1,Dwelling - Multiple Units,44.72675483296042,-62.99907282147638
11597,BPRES-2022-04983,2022-05-13,75000,New Building,New Building,Completed,HEAD OF JEDDORE,District 02,0,2,Accessory Structure,44.748922333197875,-63.04719786458876
11598,BPRES-2022-05018,2022-05-03,160500,Renovation,Renovation,Expired,HALIFAX,District 11,0,3,Dwelling - Single Detached,44.63467533476163,-63.609559527700796
11599,BPRES-2022-05036,2022-05-03,50000,Renovation,Renovation,Expired,HALIFAX,District 07,0,2,Dwelling - Single Detached,44.63696374404027,-63.58537031829121
11600,BPRES-2022-05047,2022-07-14,4000,New Building,New Building,Expired,HUBLEY,District 13,0,1,Accessory Structure,44.68081240707096,-63.825183198554825
11601,BPRES-2022-05077,2024-05-01,400000,New Building,New Building,Amendment Application Incomplete,BEDFORD,District 16,1,3,Dwelling - Single Detached,44.71416949894696,-63.70395680116375
11602,BPRES-2022-05091,2024-04-26,400000,New Building,New Building,Issued,BEDFORD,District 16,1,3,Dwelling - Single Detached,44.7142566845137,-63.70363969103352
11603,BPRES-2022-05094,2022-05-02,29000,Renovation,Renovation,Expired,HALIFAX,District 10,0,2,Dwelling - Single Detached,44.66649915650518,-63.64367614726002
11604,BPRES-2022-05104,,50000,New Building,New Building,Applicant Revisions,MIDDLE SACKVILLE,District 14,0,1,Accessory Structure,44.80991466103758,-63.73490891558951
11605,BPRES-2022-05128,2022-05-02,58000,New Building,New Building,Completed,HAMMONDS PLAINS,District 14,0,1,Accessory Structure,44.746502224403464,-63.77659958838635
11606,BPRES-2022-05140,2022-05-26,60000,Renovation,Renovation,Completed,HALIFAX,District 16,0,2,Dwelling - Single Detached,44.696213337849365,-63.67050174965333
11607,BPRES-2022-05146,2022-05-02,210000,New Building,New Building,Completed,HERRING COVE,District 11,1,2,Dwelling - Single Detached,44.5746334118719,-63.571756723950905
11608,BPRES-2022-05150,2022-05-02,210000,New Building,New Building,Completed,HERRING COVE,District 11,1,2,Dwelling - Single Detached,44.574464058024375,-63.57170419440875
11609,BPRES-2022-05157,2022-07-21,60000,Renovation,Renovation,Completed,HALIFAX,District 07,0,2,Dwelling - Single Detached,44.634418277600446,-63.58713202953468
11610,BPRES-2022-05189,,325000,New Building,New Building,Withdrawn,MIDDLE SACKVILLE,District 14,1,2,Dwelling - Semi-Detached,44.79139712854224,-63.717385711432954
11611,BPRES-2022-05199,2022-05-16,500000,New Building,New Building,Completed,LAKE EGMONT,District 01,1,2,Dwelling - Single Detached,44.969638346262315,-63.30905216648102
11612,BPRES-2022-05223,2022-08-02,40000,New Building,New Building,Completed,BOUTILIERS POINT,District 13,0,2,Accessory Structure,44.65510851588307,-63.948536617358144
11613,BPRES-2022-05238,2022-06-09,569000,New Building,New Building,Completed,DUTCH SETTLEMENT,District 01,1,1,Dwelling - Single Detached,44.98623612804151,-63.42750159800036
11614,BPRES-2022-05251,2022-05-17,50000,New Building,New Building,Completed,HAMMONDS PLAINS,District 14,0,1,Accessory Structure,44.711747059867406,-63.769213534164436
11615,BPRES-2022-05253,,179000,New Building,New Building,Withdrawn,BEAVER BANK,District 15,1,1,Dwelling - Single Detached,44.845633114058,-63.676275453453165
11616,BPRES-2022-05257,2022-05-05,30000,New Building,New Building,Completed,COW BAY,District 03,0,2,Accessory Structure,44.63611020134973,-63.42216365065283
11617,BPRES-2022-05269,2022-06-06,396000,New Building,New Building,Completed,DEVON,District 01,1,1,Dwelling - Single Detached,44.90717433865213,-63.42356578944224
11618,BPRES-2022-05274,2023-02-23,500000,New Building,New Building,Expired,DARTMOUTH,District 05,2,3,Dwelling - Multiple Units,44.67386477301169,-63.56759779738449
11619,BPRES-2022-05291,2022-05-05,25000,New Building,New Building,Completed,WHITES LAKE,District 13,0,1,Accessory Structure,44.521907030612816,-63.75431201268923
11620,BPRES-2022-05312,2022-05-17,350000,New Building,New Building,Completed,OAKFIELD,District 01,1,2,Dwelling - Single Detached,44.90869076099586,-63.56395436943159
11621,BPRES-2022-05325,2022-05-02,40000,New Building,New Building,Issued,MIDDLE SACKVILLE,District 14,0,1,Accessory Structure,44.79068615553283,-63.76617406650804
11622,BPRES-2022-05347,2022-05-02,15000,Renovation,Renovation,Completed,HALIFAX,District 10,0,1,Dwelling - Single Detached,44.67126134796343,-63.657612693693764
11623,BPRES-2022-05370,2022-05-24,4200,New Building,New Building,Expired,,District 01,0,1,Accessory Structure,44.93497791968403,-63.49659001594762
11624,BPRES-2022-05389,2022-05-02,27500,New Building,New Building,Completed,LAKEVIEW,District 01,0,1,Accessory Structure,44.76457671539182,-63.63360209021521
11625,BPRES-2022-05399,2022-05-03,250000,New Building,New Building,Completed,PORTERS LAKE,District 02,1,1,Dwelling - Single Detached,44.75613830013529,-63.28648563340903
11626,BPRES-2022-05411,2022-05-18,21500,New Building,New Building,Expired,DEAN,District 01,0,1,Accessory Structure,45.20537720367087,-62.85710440685848
11627,BPRES-2022-05413,2023-02-13,100000,New Building,New Building,Cancelled,HALIFAX,District 08,1,2,Dwelling - Backyard Suite,44.65255005394733,-63.59727139747954
11628,BPRES-2022-05418,2022-05-05,40000,New Building,New Building,Completed,UPPER TANTALLON,District 13,0,1,Accessory Structure,44.72024496138459,-63.88063411210031
11629,BPRES-2022-05423,2022-06-20,20000,New Building,New Building,Completed,HEAD OF ST MARGARETS BAY,District 13,0,1,Accessory Structure,44.68677339551134,-63.900043795556286
11630,BPRES-2022-05430,2022-06-06,800000,New Building,New Building,Completed,HALIFAX,District 07,1,3,Dwelling - Single Detached,44.628113436730466,-63.5752170192143
11631,BPRES-2022-05440,2022-05-10,300000,Renovation,Renovation,Expired (Closed),DARTMOUTH,District 05,0,3,Dwelling - Multiple Units,44.68016669684653,-63.58745212077086
11632,BPRES-2022-05459,2022-05-24,700000,New Building,New Building,Completed,HEAD OF ST MARGARETS BAY,District 13,1,1,Dwelling - Single Detached,44.673664951714585,-63.90685386150573
11633,BPRES-2022-05480,,378000,New Building,New Building,Withdrawn,BEAVER BANK,District 15,1,2,Dwelling - Single Detached,44.813989892045676,-63.68569100916752
11634,BPRES-2022-05488,2022-05-16,77000,New Building,New Building,Completed,MIDDLE SACKVILLE,District 14,0,1,Accessory Structure,44.777723319075044,-63.74001783851757
11635,BPRES-2022-05496,2022-06-20,40000,New Building,New Building,Completed,STILLWATER LAKE,District 13,0,1,Accessory Structure,44.70747911597876,-63.843383885927594
11636,BPRES-2022-05515,,4000,Renovation,Renovation,Applicant Revisions,COLE HARBOUR,District 04,1,1,Dwelling - Multiple Units,44.676658061365416,-63.48538653215978
11637,BPRES-2022-05524,2022-05-06,7000,New Building,New Building,Completed,HAMMONDS PLAINS,District 14,0,1,Accessory Structure,44.70986272476177,-63.736257568131364
11638,BPRES-2022-05530,2022-07-20,150000,New Building,New Building,Completed,DARTMOUTH,District 05,0,1,Accessory Structure,44.68024919509241,-63.58967092356657
11639,BPRES-2022-05543,2022-10-26,5060774,New Building,New Building,Completed,HALIFAX,District 11,40,4,Dwelling - Multiple Units,44.60468470431524,-63.605966339554634
11640,BPRES-2022-05556,2022-06-29,97000,Addition,Addition,Expired,EASTERN PASSAGE,District 03,0,2,Dwelling - Single Detached,44.61423577265708,-63.486381734853985
11641,BPRES-2022-05569,2022-07-14,550000,New Building,New Building,Completed,HUBLEY,District 13,1,1,Dwelling - Single Detached,44.66357450244967,-63.808936809371374
11642,BPRES-2022-05576,2022-05-17,40000,New Building,New Building,Completed,MIDDLE SACKVILLE,District 14,0,1,Accessory Structure,44.801122915054286,-63.73799466851787
11643,BPRES-2022-05586,2022-06-16,664000,New Building,New Building,Completed,HAMMONDS PLAINS,District 14,1,2,Dwelling - Single Detached,44.76298148989529,-63.76758275298533
11644,BPRES-2022-05623,2022-05-12,200000,New Building,New Building,Completed,TIMBERLEA,District 12,1,3,Dwelling - Single Detached,44.639020885727206,-63.72191192951805
11645,BPRES-2022-05630,2022-05-04,95206,Renovation,Renovation,Expired (Closed),DARTMOUTH,District 03,0,2,Dwelling - Townhouse,44.66890911356725,-63.5088361575526
11646,BPRES-2022-05631,2022-05-12,200000,New Building,New Building,Issued,TIMBERLEA,District 12,1,3,Dwelling - Single Detached,44.638823910171446,-63.72192436011107
11647,BPRES-2022-05634,2022-05-12,200000,New Building,New Building,Expired,TIMBERLEA,District 12,1,3,Dwelling - Single Detached,44.63872897925318,-63.72193634320371
11648,BPRES-2022-05646,2022-08-18,599800,New Building,New Building,Completed,MIDDLE SACKVILLE,District 14,1,2,Dwelling - Single Detached,44.77970942287227,-63.74338456559973
11649,BPRES-2022-05664,2022-11-04,150000,Addition,Addition,Expired,DARTMOUTH,District 06,0,2,Dwelling - Single Detached,44.69115905020133,-63.53456286889445
11650,BPRES-2022-05677,2022-05-13,600000,New Building,New Building,Completed,BEDFORD,District 16,1,3,Dwelling - Single Detached,44.706615667332535,-63.722213295622396
11651,BPRES-2022-05692,2022-08-03,300000,New Building,New Building,Completed,EAST CHEZZETCOOK,District 02,1,1,Dwelling - Single Detached,44.72237085470366,-63.230477852993275
11652,BPRES-2022-05695,,20500,New Building,New Building,Applicant Revisions,PROSPECT,District 13,1,1,Dwelling - Single Detached,44.471108966748275,-63.788576904342754
11653,BPRES-2022-05701,2022-08-02,383105,Addition,Addition,Expired,HALIFAX,District 08,1,3,Dwelling - Multiple Units,44.66085043971352,-63.61732855463027
11654,BPRES-2022-05703,2022-06-14,350000,New Building,New Building,Completed,CLAM BAY,District 02,1,1,Dwelling - Single Detached,44.72826781266335,-62.92238806194935
11655,BPRES-2022-05730,2022-05-18,20000,Renovation,Renovation,Completed,BEDFORD,District 16,0,1,Dwelling - Single Detached,44.72863776923108,-63.67723156735128
11656,BPRES-2022-05754,2022-05-16,920000,New Building,New Building,Completed,HALIFAX,District 11,1,3,Dwelling - Single Detached,44.62553359931958,-63.59449804550416
11657,BPRES-2022-05766,,150000,Addition,Addition,In Review,EAST PRESTON,District 04,1,2,Dwelling - Multiple Units,44.71564811839739,-63.397722224230634
11658,BPRES-2022-05767,2022-09-15,1000000,New Building,New Building,Completed,HALIFAX,District 10,10,2,Dwelling - Townhouse,44.67740170098628,-63.66271023475955
11659,BPRES-2022-05767,2022-09-15,1000000,New Building,New Building,Completed,HALIFAX,District 10,10,2,Dwelling - Townhouse,44.67740170098628,-63.66271023475955
11660,BPRES-2022-05767,2022-09-15,1000000,New Building,New Building,Completed,HALIFAX,District 10,10,2,Dwelling - Townhouse,44.67740170098628,-63.66271023475955
11661,BPRES-2022-05767,2022-09-15,1000000,New Building,New Building,Completed,HALIFAX,District 10,10,2,Dwelling - Townhouse,44.67740170098628,-63.66271023475955
11662,BPRES-2022-05767,2022-09-15,1000000,New Building,New Building,Completed,HALIFAX,District 10,10,2,Dwelling - Townhouse,44.67740170098628,-63.66271023475955
11663,BPRES-2022-05772,2022-05-06,512000,New Building,New Building,Expired,HAMMONDS PLAINS,District 14,1,1,Dwelling - Single Detached,44.72777115656138,-63.838366366465955
11664,BPRES-2022-05778,2022-06-07,58000,New Building,New Building,Completed,HAMMONDS PLAINS,District 14,1,2,Dwelling - Backyard Suite,44.727764270059005,-63.83866811479808
11665,BPRES-2022-05796,2022-08-23,18000,New Building,New Building,Withdrawn,MIDDLE SACKVILLE,District 14,0,1,Accessory Structure,44.78034421614701,-63.70502902689716
11666,BPRES-2022-05803,,150000,New Building,New Building,Cancelled,HALIFAX,District 08,2,2,Dwelling - Semi-Detached,44.65382812337198,-63.58795446491734
11667,BPRES-2022-05821,2022-05-27,25000,Renovation,Renovation,Completed,HALIFAX,District 09,2,2,Dwelling - Multiple Units,44.64946038983786,-63.6091127706836
11668,BPRES-2022-05837,2022-05-27,471259,New Building,New Building,Completed,HEAD OF CHEZZETCOOK,District 02,1,1,Dwelling - Single Detached,44.74645767667176,-63.25247020022983
11669,BPRES-2022-05887,2022-05-16,500000,New Building,New Building,Completed,HUBLEY,District 13,1,2,Dwelling - Single Detached,44.66501855260273,-63.80901291465489
11670,BPRES-2022-05898,2022-05-17,12000,Renovation,Renovation,Completed,DARTMOUTH,District 05,0,1,Dwelling - Single Detached,44.6799999301134,-63.57834228317711
11671,BPRES-2022-05908,2022-06-29,40000,New Building,New Building,Expired,LAKE ECHO,District 02,0,1,Accessory Structure,44.72762026427864,-63.382462582579926
11672,BPRES-2022-05929,2022-09-15,400000,New Building,New Building,Completed,BEAVER BANK,District 15,1,2,Dwelling - Single Detached,44.913787769939724,-63.71175568216931
11673,BPRES-2022-05937,2022-07-28,1800000,New Building,New Building,Completed,WESTPHAL,District 04,2,1,Dwelling - Semi-Detached,44.70005106436116,-63.47697915144921
11674,BPRES-2022-05952,2022-05-18,600000,New Building,New Building,Completed,BEDFORD,District 16,1,3,Dwelling - Single Detached,44.706213373779654,-63.722434321719426
11675,BPRES-2022-05955,2022-06-23,55000,Renovation,Renovation,Expired,HALIFAX,District 10,1,1,Dwelling - Multiple Units,44.665253157310566,-63.64014071023877
11676,BPRES-2022-05959,2022-05-17,600000,New Building,New Building,Completed,BEDFORD,District 16,1,3,Dwelling - Single Detached,44.70613354749013,-63.72215058323402
11677,BPRES-2022-05972,2022-05-16,43000,New Building,New Building,Completed,HALIFAX,District 10,0,1,Accessory Structure,44.66457979840453,-63.65277281985191
11678,BPRES-2022-05977,2022-08-22,56000,Addition,Addition,Expired,TIMBERLEA,District 12,0,1,Dwelling - Single Detached,44.639843113706974,-63.71566818952054
11679,BPRES-2022-05992,2022-05-19,20000,New Building,New Building,Completed,DARTMOUTH,District 05,0,1,Accessory Structure,44.67155563983611,-63.56882252963585
11680,BPRES-2022-06017,2022-09-22,1000000,New Building,New Building,Completed,HALIFAX,District 11,3,2,Dwelling - Multiple Units,44.63349033689309,-63.62611561238333
11681,BPRES-2022-06017,2022-09-22,1000000,New Building,New Building,Completed,HALIFAX,District 11,3,2,Dwelling - Multiple Units,44.63349033689309,-63.62611561238333
11682,BPRES-2022-06039,2022-06-02,352000,New Building,New Building,Issued,UPPER TANTALLON,District 13,1,3,Dwelling - Single Detached,44.6992578493901,-63.88429977746688
11683,BPRES-2022-06044,2022-07-04,161500,Addition,Addition,Expired,QUEENSLAND,District 13,0,2,Dwelling - Seasonal,44.63479945645767,-64.03223195564199
11684,BPRES-2022-06064,2022-05-26,470000,New Building,New Building,Completed,HEAD OF JEDDORE,District 02,1,2,Dwelling - Single Detached,44.75171707849559,-63.05535031515721
11685,BPRES-2022-06095,2022-08-11,200000,New Building,New Building,Completed,BEDFORD,District 16,1,1,Dwelling - Backyard Suite,44.723469090910726,-63.716137711146644
11686,BPRES-2022-06120,2022-05-18,18000,New Building,New Building,Expired,UPPER HAMMONDS PLAINS,District 14,0,1,Accessory Structure,44.74489974044918,-63.832443027539384
11687,BPRES-2022-06136,2022-07-04,300000,New Building,New Building,Expired,OSTREA LAKE,District 02,1,2,Dwelling - Single Detached,44.77866985954211,-63.10433302281529
11688,BPRES-2022-06147,2022-05-18,28000,New Building,New Building,Completed,BEAVER BANK,District 15,0,1,Accessory Structure,44.79655852540928,-63.67755970259625
11689,BPRES-2022-06162,2022-05-30,250000,New Building,New Building,Expired,HACKETTS COVE,District 13,1,2,Dwelling - Single Detached,44.556680409924226,-63.93793260846078
11690,BPRES-2022-06168,2022-09-12,170000,New Building,New Building,Issued,EAST PRESTON,District 04,1,1,Dwelling - Single Detached,44.71627265617919,-63.41435880267636
11691,BPRES-2022-06182,,35000,New Building,New Building,Withdrawn,EASTERN PASSAGE,District 03,0,1,Accessory Structure,44.622657793803846,-63.451284898376954
11692,BPRES-2022-06214,2022-06-17,150000,Addition,Addition,Completed,DARTMOUTH,District 03,0,1,Dwelling - Single Detached,44.6656617970626,-63.511930081093396
11693,BPRES-2022-06226,2022-05-16,600000,New Building,New Building,Completed,BEDFORD,District 16,1,3,Dwelling - Single Detached,44.70607194489209,-63.72202047866399
11694,BPRES-2022-06239,2022-05-24,600000,New Building,New Building,Completed,BEDFORD,District 16,1,3,Dwelling - Single Detached,44.70625193356977,-63.72258300132344
11695,BPRES-2022-06246,2022-05-13,600000,New Building,New Building,Completed,BEDFORD,District 16,1,2,Dwelling - Single Detached,44.70649003698376,-63.72179250968688
11696,BPRES-2022-06258,2022-05-13,600000,New Building,New Building,Completed,BEDFORD,District 16,1,3,Dwelling - Single Detached,44.70598049730623,-63.72173530581389
11697,BPRES-2022-06271,2022-05-26,600000,New Building,New Building,Completed,FALL RIVER,District 01,1,2,Dwelling - Single Detached,44.82263456511107,-63.645532609769354
11698,BPRES-2022-06279,2025-04-28,100000,New Building,New Building,Issued,HEAD OF ST MARGARETS BAY,District 13,0,1,Accessory Structure,44.684778906019844,-63.91109602232239
11699,BPRES-2022-06289,2022-05-16,600000,New Building,New Building,Completed,BEDFORD,District 16,1,3,Dwelling - Single Detached,44.70320780016625,-63.71844018578474
11700,BPRES-2022-06325,2022-05-26,52000,New Building,New Building,Completed,UPPER TANTALLON,District 13,0,1,Accessory Structure,44.718793997785475,-63.869434277335
11701,BPRES-2022-06351,2022-06-08,1000000,New Building,New Building,Completed,UPPER TANTALLON,District 13,3,1,Dwelling - Multiple Units,44.69649557047498,-63.87177650154829
11702,BPRES-2022-06362,2022-11-01,3000,Renovation,Renovation,Completed,LAWRENCETOWN,District 02,0,1,Accessory Structure,44.68338168572807,-63.42230227236712
11703,BPRES-2022-06367,2022-09-29,31270,Addition,Addition,Expired,HALIFAX,District 07,0,2,Dwelling - Single Detached,44.62968433906555,-63.573736968094806
11704,BPRES-2022-06390,2022-06-20,600000,New Building,New Building,Expired,QUEENSLAND,District 13,1,2,Dwelling - Single Detached,44.64355377834827,-64.01531645428585
11705,BPRES-2022-06392,2022-06-30,500000,New Building,New Building,Completed,TERENCE BAY,District 13,2,2,Dwelling - Multiple Units,44.46977158416673,-63.726249220867864
11706,BPRES-2022-06400,,47000,Addition,Addition,Withdrawn,DARTMOUTH,District 05,0,2,Dwelling - Single Detached,44.66900461167517,-63.55298406433549
11707,BPRES-2022-06414,2022-05-19,25000,New Building,New Building,Completed,LOWER SACKVILLE,District 15,0,1,Accessory Structure,44.784272012157835,-63.69290081273366
11708,BPRES-2022-06427,2022-06-29,160000,Addition,Addition,Completed,WHITES LAKE,District 13,1,2,Dwelling - Multiple Units,44.546766070430365,-63.7390237042913
11709,BPRES-2022-06434,2022-05-19,11250,New Building,New Building,Completed,BEAVER BANK,District 15,0,1,Accessory Structure,44.83138536022718,-63.680974074735786
11710,BPRES-2022-06436,2022-06-22,6095,Renovation,Renovation,Expired,HALIFAX,District 09,0,1,Accessory Structure,44.65317547524916,-63.607732049753075
11711,BPRES-2022-06446,2022-05-19,52000,New Building,New Building,Expired,LAKE LOON,District 04,0,1,Accessory Structure,44.70070385891327,-63.49619286390795
11712,BPRES-2022-06460,2022-06-13,3500,Renovation,Renovation,Completed,LOWER SACKVILLE,District 15,0,2,Dwelling - Single Detached,44.76244087310026,-63.677775977627
11713,BPRES-2022-06470,2022-05-30,400000,New Building,New Building,Completed,MIDDLE SACKVILLE,District 14,1,2,Dwelling - Single Detached,44.80918436739663,-63.71703531287967
11714,BPRES-2022-06476,2025-06-03,40000,Addition,Addition,Issued,BEAVER BANK,District 15,0,1,Dwelling - Single Detached,44.80353827795139,-63.68417157683388
11715,BPRES-2022-06488,,50000,Renovation,Renovation,Withdrawn,DARTMOUTH,District 06,1,1,Dwelling - Backyard Suite,44.728676229018994,-63.5461621890137
11716,BPRES-2022-06504,2022-05-19,800000,New Building,New Building,Completed,UPPER TANTALLON,District 13,1,2,Dwelling - Single Detached,44.70695761061616,-63.854412236166695
11717,BPRES-2022-06517,2023-12-13,338000,Addition,Addition,Completed,HALIFAX,District 08,2,2,Dwelling - Multiple Units,44.668527899108284,-63.60722673078391
11718,BPRES-2022-06531,2022-09-01,211000,New Building,New Building,Issued,SEAFORTH,District 02,1,2,Dwelling - Single Detached,44.6611601850131,-63.27755866048523
11719,BPRES-2022-06540,,40550,Addition,Addition,Withdrawn,DARTMOUTH,District 03,0,1,Dwelling - Single Detached,44.66081476103795,-63.524744671490396
11720,BPRES-2022-06565,2022-09-22,250000,Renovation,Renovation,Completed,HALIFAX,District 10,1,2,Dwelling - Multiple Units,44.68112413343554,-63.66577460125147
11721,BPRES-2022-06572,2022-05-30,21000,New Building,New Building,Completed,DUTCH SETTLEMENT,District 01,0,1,Accessory Structure,44.98623612804151,-63.42750159800036
11722,BPRES-2022-06589,2022-07-26,3100,Renovation,Renovation,Completed,LOWER SACKVILLE,District 15,1,2,Dwelling - Multiple Units,44.78390858261943,-63.67498967665731
11723,BPRES-2022-06599,,21000,Renovation,Renovation,Withdrawn,DARTMOUTH,District 05,1,1,Dwelling - Single Detached,44.68331502935813,-63.57573017074836
11724,BPRES-2022-06629,2022-09-21,100000,New Building,New Building,Expired,MIDDLE MUSQUODOBOIT,District 01,1,1,Dwelling - Single Detached,45.05417823386457,-63.124828933148
11725,BPRES-2022-06648,2022-06-13,40000,New Building,New Building,Expired,ENFIELD,District 01,0,1,Accessory Structure,44.913465350395406,-63.55485138732868
11726,BPRES-2022-06653,2022-05-18,28500,New Building,New Building,Completed,WEST PORTERS LAKE,District 02,0,1,Accessory Structure,44.68379380172395,-63.31515502644579
11727,BPRES-2022-06657,2022-06-14,100000,Renovation,Renovation,Completed,HALIFAX,District 11,0,2,Dwelling - Multiple Units,44.61691437074117,-63.62053850888374
11728,BPRES-2022-06675,2022-09-21,41500,Renovation,Renovation,Completed,EASTERN PASSAGE,District 03,0,1,Dwelling - Single Detached,44.62305059283715,-63.45082849603786
11729,BPRES-2022-06679,2022-07-22,137000,Renovation,Renovation,Completed,DARTMOUTH,District 03,0,2,Dwelling - Semi-Detached,44.65965207237133,-63.54985393249277
11730,BPRES-2022-06691,2022-06-21,79500,Renovation,Renovation,Completed,DARTMOUTH,District 05,0,1,Dwelling - Single Detached,44.671945180962084,-63.55792190256128
11731,BPRES-2022-06699,2022-06-22,233000,Addition,Addition,Issued,HAMMONDS PLAINS,District 14,0,2,Dwelling - Single Detached,44.70804739786074,-63.76101809204708
11732,BPRES-2022-06709,2022-05-31,20000,New Building,New Building,Expired,EAST PETPESWICK,District 02,0,1,Accessory Structure,44.70788790569635,-63.16325619156181
11733,BPRES-2022-06719,2022-06-13,31000,New Building,New Building,Completed,HAMMONDS PLAINS,District 14,0,1,Accessory Structure,44.730731710607486,-63.73494910698133
11734,BPRES-2022-06722,2022-06-24,35000,Renovation,Renovation,Completed,WINDSOR JUNCTION,District 01,0,1,Accessory Structure,44.78584711786984,-63.65595460659105
11735,BPRES-2022-06745,2022-05-26,32000,New Building,New Building,Completed,SEABRIGHT,District 13,0,1,Accessory Structure,44.61937066013922,-63.92956605971801
11736,BPRES-2022-06772,2022-07-11,82000,Renovation,Renovation,Completed,FALL RIVER,District 01,0,2,Dwelling - Single Detached,44.806769816252064,-63.63674072448739
11737,BPRES-2022-06782,2022-07-15,400000,New Building,New Building,Completed,ENFIELD,District 01,2,1,Dwelling - Semi-Detached,44.91731364853236,-63.553117345503516
11738,BPRES-2022-06809,2022-06-06,50000,Renovation,Renovation,Completed,WELLINGTON,District 01,0,3,Dwelling - Single Detached,44.870864847044906,-63.62476951058172
11739,BPRES-2022-06820,2022-08-10,230339,Renovation,Renovation,Completed,HALIFAX,District 07,0,2,Dwelling - Multiple Units,44.63918991038161,-63.57315482979611
11740,BPRES-2022-06838,2022-09-08,300000,New Building,New Building,Completed,,District 04,4,1,Dwelling - Townhouse,44.73244826498924,-63.41182625517587
11741,BPRES-2022-06842,2022-06-24,41000,New Building,New Building,Completed,MIDDLE SACKVILLE,District 14,0,1,Accessory Structure,44.817106126283626,-63.71423456941481
11742,BPRES-2022-06856,2022-07-04,20000,New Building,New Building,Completed,LOWER SACKVILLE,District 15,0,1,Accessory Structure,44.78455929392087,-63.67554781219907
11743,BPRES-2022-06868,,100000,Addition,Addition,Withdrawn,SAMBRO,District 11,0,1,Dwelling - Semi-Detached,44.481067033049655,-63.59915166396241
11744,BPRES-2022-06895,2022-05-27,35000,New Building,New Building,Completed,UPPER TANTALLON,District 13,0,1,Accessory Structure,44.720977185376654,-63.88339204194482
11745,BPRES-2022-06901,2023-11-17,170000,New Building,New Building,Issued,EAST PRESTON,District 04,1,2,Dwelling - Backyard Suite,44.72350154610558,-63.43993009019853
11746,BPRES-2022-06911,2022-08-09,25000,Addition,Addition,Amendment Application Incomplete,WELLINGTON,District 01,0,2,Dwelling - Single Detached,44.85395773379346,-63.60299185784647
11747,BPRES-2022-06920,2022-11-10,20000,New Building,New Building,Issued,WINDSOR JUNCTION,District 01,0,2,Accessory Structure,44.782701689626485,-63.64903161062895
11748,BPRES-2022-06924,2022-06-27,325000,New Building,New Building,Completed,EASTERN PASSAGE,District 03,1,1,Dwelling - Single Detached,44.622879237491226,-63.46160916170825
11749,BPRES-2022-06929,2022-08-10,98400,Renovation,Renovation,Completed,COLE HARBOUR,District 04,1,1,Dwelling - Multiple Units,44.67918369616312,-63.48435783615028
11750,BPRES-2022-06957,2022-06-27,45000,New Building,New Building,Issued,MINEVILLE,District 02,1,1,Dwelling - Single Detached,44.68059450366722,-63.360751748896845
11751,BPRES-2022-06979,2022-06-17,20000,New Building,New Building,Completed,SPRY BAY,District 02,0,1,Accessory Structure,44.83228697237769,-62.60886615970167
11752,BPRES-2022-07001,2022-06-13,26000,New Building,New Building,Completed,COLE HARBOUR,District 04,0,1,Accessory Structure,44.6513546701606,-63.477459884092596
11753,BPRES-2022-07020,2022-06-13,157600,New Building,New Building,Completed,LAKE ECHO,District 02,1,1,Dwelling - Single Detached,44.72630554691698,-63.393765443009656
11754,BPRES-2022-07026,2022-06-20,150000,New Building,New Building,Completed,TANTALLON,District 13,1,1,Dwelling - Single Detached,44.657150009268086,-63.906306730102465
11755,BPRES-2022-07089,2022-06-02,600000,New Building,New Building,Completed,UPPER TANTALLON,District 13,1,2,Dwelling - Single Detached,44.702839025005126,-63.88822034852767
11756,BPRES-2022-07119,,318000,New Building,New Building,Applicant Revisions,FALL RIVER,District 01,1,1,Dwelling - Backyard Suite,44.81193030329587,-63.60315819727273
11757,BPRES-2022-07121,2022-09-29,63773,New Building,New Building,Expired,FALL RIVER,District 01,0,1,Accessory Structure,44.81193030329587,-63.60315819727273
11758,BPRES-2022-07125,2022-06-13,25000,New Building,New Building,Completed,LUCASVILLE,District 14,0,1,Accessory Structure,44.763161991217416,-63.713254483502844
11759,BPRES-2022-07140,,150000,Addition,Addition,Withdrawn,BEAVER BANK,District 15,0,2,Dwelling - Single Detached,44.84612010156236,-63.68110978017226
11760,BPRES-2022-07169,,50000,Addition,Addition,Applicant Revisions,HALIFAX,District 09,0,2,Dwelling - Single Detached,44.65252151080389,-63.60973288446962
11761,BPRES-2022-07192,2022-06-13,15000,New Building,New Building,Expired,HEAD OF ST MARGARETS BAY,District 13,0,1,Accessory Structure,44.689340344755365,-63.89615383936462
11762,BPRES-2022-07213,2022-06-13,269000,New Building,New Building,Issued,CLAM BAY,District 02,1,1,Dwelling - Single Detached,44.73471600735035,-62.929087423619954
11763,BPRES-2022-07222,2024-05-22,75000,Addition,Addition,Expired,DARTMOUTH,District 06,1,2,Dwelling - Multiple Units,44.6905588791664,-63.54658271614652
11764,BPRES-2022-07278,2022-06-16,5000,New Building,New Building,Cancelled,DARTMOUTH,District 06,0,1,Accessory Structure,44.68980632962327,-63.5357271597594
11765,BPRES-2022-07305,2022-06-13,15000,New Building,New Building,Expired,UPPER TANTALLON,District 13,0,1,Accessory Structure,44.72345220658991,-63.86829797089749
11766,BPRES-2022-07316,2022-06-21,27000,New Building,New Building,Expired,HAMMONDS PLAINS,District 14,0,1,Accessory Structure,44.73739496838348,-63.80446990138548
11767,BPRES-2022-07328,2022-06-17,92000,New Building,New Building,Completed,HUBLEY,District 13,1,1,Dwelling - Single Detached,44.681077896126865,-63.825234812269855
11768,BPRES-2022-07334,2022-06-22,8000,New Building,New Building,Expired,HUBLEY,District 13,0,1,Accessory Structure,44.681077896126865,-63.825234812269855
11769,BPRES-2022-07342,2022-06-17,93000,New Building,New Building,Completed,HUBLEY,District 13,1,1,Dwelling - Single Detached,44.680493165815264,-63.82722765479484
11770,BPRES-2022-07351,2022-06-17,7500,New Building,New Building,Expired,HUBLEY,District 13,0,1,Accessory Structure,44.680493165815264,-63.82722765479484
11771,BPRES-2022-07374,,12000,Renovation,Renovation,Withdrawn,HALIFAX,District 11,1,3,Dwelling - Townhouse,44.60244738064141,-63.61386151965369
11772,BPRES-2022-07386,2022-06-20,584000,New Building,New Building,Cancelled,UPPER SACKVILLE,District 14,1,1,Dwelling - Single Detached,44.80737480216605,-63.75762639919768
11773,BPRES-2022-07388,2022-06-22,25000,New Building,New Building,Completed,EAST SHIP HARBOUR,District 02,0,1,Accessory Structure,44.7790651479793,-62.79677013035401
11774,BPRES-2022-07444,2022-06-30,448000,Addition,Addition,Expired,HALIFAX,District 08,0,2,Dwelling - Single Detached,44.65451775846043,-63.61333737524
11775,BPRES-2022-07474,2022-06-14,600000,New Building,New Building,Completed,TANTALLON,District 13,1,2,Dwelling - Single Detached,44.65117667958698,-63.9011353509625
11776,BPRES-2022-07487,2022-06-13,600000,New Building,New Building,Completed,BOUTILIERS POINT,District 13,1,3,Dwelling - Single Detached,44.6621313685217,-63.94815048190746
11777,BPRES-2022-07521,2022-06-23,19000,New Building,New Building,Completed,STILLWATER LAKE,District 13,0,1,Accessory Structure,44.69214366573956,-63.820875402702505
11778,BPRES-2022-07537,2022-07-14,30000,New Building,New Building,Expired (Closed),BEAVER BANK,District 15,0,1,Accessory Structure,44.83285666588847,-63.6656701014144
11779,BPRES-2022-07566,2022-08-11,100000,Addition,Addition,Expired,WEST PETPESWICK,District 02,0,1,Dwelling - Single Detached,44.73245284108491,-63.170751217790915
11780,BPRES-2022-07572,2022-06-23,500000,New Building,New Building,Completed,HALIFAX,District 11,2,3,Dwelling - Semi-Detached,44.609333925738696,-63.624500470593375
11781,BPRES-2022-07573,2022-06-17,73500,Renovation,Renovation,Completed,HALIFAX,District 10,0,3,Dwelling - Single Detached,44.68572818747407,-63.66530614610419
11782,BPRES-2022-07610,2022-08-03,400000,New Building,New Building,Issued,HERRING COVE,District 11,2,3,Dwelling - Semi-Detached,44.57992497414373,-63.57560836417229
11783,BPRES-2022-07641,2024-05-22,255000,New Building,New Building,Issued,MIDDLE SACKVILLE,District 14,1,2,Dwelling - Single Detached,44.808916606269975,-63.736339456202906
11784,BPRES-2022-07714,2022-06-23,1000,Renovation,Renovation,Completed,HAMMONDS PLAINS,District 14,0,1,Dwelling - Single Detached,44.71837217772992,-63.81771419112753
11785,BPRES-2022-07730,2022-09-13,872000,New Building,New Building,Completed,MIDDLE SACKVILLE,District 14,2,2,Dwelling - Multiple Units,44.77912642798218,-63.73988507589459
11786,BPRES-2022-07731,2022-06-23,177700,New Building,New Building,Completed,MUSQUODOBOIT HARBOUR,District 02,1,1,Dwelling - Backyard Suite,44.798055638596956,-63.15607714780314
11787,BPRES-2022-07740,2022-07-26,100000,New Building,New Building,Completed,DARTMOUTH,District 05,0,1,Accessory Structure,44.67415265412584,-63.58582863134862
11788,BPRES-2022-07778,2022-06-16,500000,New Building,New Building,Completed,TANTALLON,District 13,1,1,Dwelling - Single Detached,44.65154390497016,-63.903763383915965
11789,BPRES-2022-07786,2022-06-14,48000,New Building,New Building,Completed,WHITES LAKE,District 13,0,1,Accessory Structure,44.52742242568275,-63.76540031363476
11790,BPRES-2022-07790,2022-08-18,250000,New Building,New Building,Completed,LUCASVILLE,District 14,2,1,Dwelling - Semi-Detached,44.76194064001277,-63.72537340865018
11791,BPRES-2022-07815,2022-06-15,450000,New Building,New Building,Completed,KETCH HARBOUR,District 11,1,2,Dwelling - Single Detached,44.48514141630314,-63.56217535031079
11792,BPRES-2022-07839,2022-08-19,200000,New Building,New Building,Completed,HALIFAX,District 08,1,2,Dwelling - Backyard Suite,44.66604886867701,-63.61201139250517
11793,BPRES-2022-07868,2022-06-16,42000,New Building,New Building,Completed,HAMMONDS PLAINS,District 14,0,1,Accessory Structure,44.700884142449254,-63.76250096942373
11794,BPRES-2022-07872,2022-11-03,40000,Renovation,Renovation,Completed,HALIFAX,District 11,0,2,Dwelling - Single Detached,44.615514124231844,-63.61194491989331
11795,BPRES-2022-07885,,82000,New Building,New Building,Withdrawn,,District 01,1,1,Dwelling - Single Detached,44.93497791968403,-63.49659001594762
11796,BPRES-2022-07896,,82000,New Building,New Building,Withdrawn,,District 01,1,1,Dwelling - Single Detached,44.93497791968403,-63.49659001594762
11797,BPRES-2022-07903,,82000,New Building,New Building,Withdrawn,,District 01,1,1,Dwelling - Single Detached,44.93497791968403,-63.49659001594762
11798,BPRES-2022-07908,,82000,New Building,New Building,Withdrawn,,District 01,1,1,Dwelling - Single Detached,44.93497791968403,-63.49659001594762
11799,BPRES-2022-07914,2022-06-23,175000,New Building,New Building,Amendment Application Incomplete,PORTERS LAKE,District 02,1,1,Dwelling - Single Detached,44.72187770594066,-63.30996298376157
11800,BPRES-2022-07919,,82000,New Building,New Building,Withdrawn,,District 01,1,1,Dwelling - Single Detached,44.93497791968403,-63.49659001594762
11801,BPRES-2022-07921,,571730,New Building,New Building,Application Incomplete,HALIFAX,District 11,3,3,Dwelling - Semi-Detached,44.61524671975655,-63.618685914774744
11802,BPRES-2022-07965,2022-06-23,41500,New Building,New Building,Completed,FALL RIVER,District 01,0,1,Accessory Structure,44.819873804244835,-63.63116912869074
11803,BPRES-2022-07979,,50000,Addition,Addition,Application Incomplete,PROSPECT,District 13,0,1,Dwelling - Single Detached,44.50592148469111,-63.80060790203149
11804,BPRES-2022-07993,2022-06-22,250000,New Building,New Building,Completed,BEECHVILLE,District 12,1,3,Dwelling - Single Detached,44.63787065288999,-63.67718123042822
11805,BPRES-2022-07997,2022-06-22,250000,New Building,New Building,Completed,BEECHVILLE,District 12,1,3,Dwelling - Single Detached,44.637792892318295,-63.67711057347966
11806,BPRES-2022-08001,2022-06-22,250000,New Building,New Building,Completed,BEECHVILLE,District 12,1,3,Dwelling - Single Detached,44.637715163356106,-63.677041062056055
11807,BPRES-2022-08003,,,Renovation,Renovation,Applicant Revisions,LUCASVILLE,District 14,0,1,Dwelling - Single Detached,44.74312761295847,-63.746750272653074
11808,BPRES-2022-08012,2022-07-28,525000,New Building,New Building,Completed,HALIBUT BAY,District 11,1,3,Dwelling - Single Detached,44.546625929445035,-63.552747573052535
11809,BPRES-2022-08015,,200000,New Building,New Building,Withdrawn,HALIFAX,District 11,1,2,Dwelling - Single Detached,44.608490581881185,-63.604809526676604
11810,BPRES-2022-08030,2022-06-21,200000,New Building,New Building,Expired,HALIFAX,District 11,1,2,Dwelling - Single Detached,44.60877146681875,-63.6045072999813
11811,BPRES-2022-08055,2022-06-27,210143,Renovation,Renovation,Expired,DARTMOUTH,District 05,0,2,Dwelling - Single Detached,44.672383390034994,-63.55649464940767
11812,BPRES-2022-08069,2022-09-14,36200,Addition,Addition,Completed,HALIFAX,District 12,0,1,Dwelling - Single Detached,44.677891350100154,-63.66812429032534
11813,BPRES-2022-08080,2022-08-11,425000,New Building,New Building,Completed,MIDDLE SACKVILLE,District 14,1,2,Dwelling - Single Detached,44.80317348290741,-63.73869318848751
11814,BPRES-2022-08084,,39000,New Building,New Building,Ready For Issue,NORTH PRESTON,District 04,1,2,Dwelling - Single Detached,44.74591885497085,-63.473770133569715
11815,BPRES-2022-08086,2022-06-20,250000,New Building,New Building,Completed,BEECHVILLE,District 12,1,3,Dwelling - Single Detached,44.63758624676604,-63.67773900044334
11816,BPRES-2022-08092,2022-06-22,250000,New Building,New Building,Completed,BEECHVILLE,District 12,1,3,Dwelling - Single Detached,44.637679602745,-63.67749895303023
11817,BPRES-2022-08099,2022-09-28,165000,Addition,Addition,Expired,MYERS POINT,District 02,0,2,Dwelling - Single Detached,44.773225184321454,-63.053781102528916
11818,BPRES-2022-08110,2022-07-22,80000,New Building,New Building,Issued,EAST LAWRENCETOWN,District 02,0,1,Accessory Structure,44.67393182064531,-63.321969943970124
11819,BPRES-2022-08117,,350000,New Building,New Building,Applicant Revisions,EAST LAWRENCETOWN,District 02,1,2,Dwelling - Single Detached,44.65223785196843,-63.34000917224078
11820,BPRES-2022-08123,,450000,New Building,New Building,Withdrawn,,District 10,2,3,Dwelling - Multiple Units,44.68411361644199,-63.66119503915572
11821,BPRES-2022-08126,2022-09-21,10000,Renovation,Renovation,Completed,HALIFAX,District 11,1,1,Dwelling - Backyard Suite,44.63099209902532,-63.61927342249598
11822,BPRES-2022-08148,2022-07-04,1,Renovation,Renovation,Expired,LAKE EGMONT,District 01,0,1,Dwelling - Backyard Suite,44.9697094184572,-63.30624748719323
11823,BPRES-2022-08173,2022-06-29,150000,Renovation,Renovation,Expired,HALIFAX,District 11,0,1,Dwelling - Single Detached,44.60637312762909,-63.622084595659565
11824,BPRES-2022-08191,2022-08-05,83000,New Building,New Building,Completed,GAETZ BROOK,District 02,0,1,Accessory Structure,44.782810568918705,-63.197953304838286
11825,BPRES-2022-08198,2022-06-29,6000,Renovation,Renovation,Expired,HALIFAX,District 08,0,2,Dwelling - Multiple Units,44.65670266626589,-63.59357114943611
11826,BPRES-2022-08222,2022-06-24,41000,New Building,New Building,Completed,LOWER SACKVILLE,District 15,0,1,Accessory Structure,44.785725937194215,-63.693990071462494
11827,BPRES-2022-08230,2022-08-10,25000,New Building,New Building,Expired,KETCH HARBOUR,District 11,0,2,Accessory Structure,44.48201106643132,-63.540739617868496
11828,BPRES-2022-08236,2022-08-25,675000,New Building,New Building,Completed,HALIFAX,District 09,3,3,Dwelling - Multiple Units,44.647006463414925,-63.598118892630346
11829,BPRES-2022-08261,2022-06-22,20000,Renovation,Renovation,Completed,HAMMONDS PLAINS,District 14,0,2,Dwelling - Single Detached,44.75183775387257,-63.77939238108695
11830,BPRES-2022-08272,2022-08-25,200000,New Building,New Building,Completed,BROOKSIDE,District 13,1,2,Dwelling - Single Detached,44.53744478744432,-63.71207495638421
11831,BPRES-2022-08277,,15000,Addition,Addition,Applicant Revisions,GLEN HAVEN,District 13,0,1,Dwelling - Single Detached,44.636289995637625,-63.909793889149825
11832,BPRES-2022-08310,2022-07-08,392000,New Building,New Building,Completed,BEDFORD,District 16,2,2,Dwelling - Multiple Units,44.72768185948311,-63.67696197883346
11833,BPRES-2022-08339,,1500,New Building,New Building,Withdrawn,DARTMOUTH,District 05,0,1,Accessory Structure,44.672200564777924,-63.55767813521063
11834,BPRES-2022-08359,2023-11-06,20000,Renovation,Renovation,Completed,BEDFORD,District 16,1,2,Dwelling - Single Detached,44.74457275512955,-63.65056467313473
11835,BPRES-2022-08361,2022-08-11,14050.13,New Building,New Building,Expired,PORTERS LAKE,District 02,0,1,Accessory Structure,44.74113880894973,-63.33968409834849
11836,BPRES-2022-08368,2022-08-09,80000,Addition,Addition,Amendment Application Incomplete,DARTMOUTH,District 05,0,2,Dwelling - Single Detached,44.67636695334982,-63.58542298750713
11837,BPRES-2022-08380,2022-07-14,750000,Addition,Addition,Issued,HALIFAX,District 07,0,2,Dwelling - Single Detached,44.628869379818845,-63.57890837119514
11838,BPRES-2022-08404,2022-06-27,500000,New Building,New Building,Completed,SEABRIGHT,District 13,1,2,Dwelling - Single Detached,44.60760817899448,-63.922311022375936
11839,BPRES-2022-08417,2022-06-23,500000,New Building,New Building,Completed,SEABRIGHT,District 13,1,2,Dwelling - Single Detached,44.607795014628884,-63.92244160009898
11840,BPRES-2022-08447,2022-08-10,125000,New Building,New Building,Expired,HALIFAX,District 09,1,2,Dwelling - Backyard Suite,44.65488648147642,-63.60775792632431
11841,BPRES-2022-08455,2023-03-20,90000,New Building,New Building,Completed,SPRY BAY,District 02,0,2,Accessory Structure,44.83228697237769,-62.60886615970167
11842,BPRES-2022-08471,,67000,New Building,New Building,Withdrawn,SAMBRO CREEK,District 11,0,1,Accessory Structure,44.467803838104956,-63.61862579358004
11843,BPRES-2022-08476,2022-08-02,200000,New Building,New Building,Completed,BEDFORD,District 16,1,2,Dwelling - Single Detached,44.720927778147804,-63.71579633469127
11844,BPRES-2022-08486,2022-07-22,200000,New Building,New Building,Completed,BEDFORD,District 16,1,2,Dwelling - Single Detached,44.72106581330033,-63.715740792003245
11845,BPRES-2022-08497,2022-07-04,500000,New Building,New Building,Completed,WHITES LAKE,District 13,1,2,Dwelling - Single Detached,44.5148585608003,-63.7444403745043
11846,BPRES-2022-08513,2022-07-05,150000,New Building,New Building,Completed,EASTERN PASSAGE,District 03,0,2,Accessory Structure,44.61024509993648,-63.455757921753104
11847,BPRES-2022-08521,2022-06-30,36200,New Building,New Building,Expired,HUBLEY,District 13,0,1,Accessory Structure,44.670362372887624,-63.78947635814748
11848,BPRES-2022-08541,2024-01-15,150000,New Building,New Building,Expired,GLEN HAVEN,District 13,0,2,Accessory Structure,44.64071044830784,-63.929021008114105
11849,BPRES-2022-08551,2022-10-14,1500000,New Building,New Building,Cancelled,BEDFORD,District 16,1,3,Dwelling - Single Detached,44.725500200771926,-63.65780224112748
11850,BPRES-2022-08566,2022-07-27,35000,New Building,New Building,Completed,MIDDLE SACKVILLE,District 14,0,1,Accessory Structure,44.81425102738089,-63.724830487886486
11851,BPRES-2022-08589,2022-06-29,500000,New Building,New Building,Completed,TANTALLON,District 13,1,2,Dwelling - Single Detached,44.65037859630729,-63.90151709538687
11852,BPRES-2022-08625,2022-08-23,15000,Renovation,Renovation,Completed,HALIFAX,District 07,1,3,Dwelling - Multiple Units,44.63973553027017,-63.59529250738578
11853,BPRES-2022-08633,2022-07-04,335000,New Building,New Building,Issued,PORTERS LAKE,District 02,1,1,Dwelling - Single Detached,44.76978111257004,-63.32503236604009
11854,BPRES-2022-08645,2023-03-02,18800,Renovation,Renovation,Completed,HALIFAX,District 08,0,2,Dwelling - Townhouse,44.665519105599024,-63.605251417592456
11855,BPRES-2022-08660,2022-07-20,250000,New Building,New Building,Expired,EAST CHEZZETCOOK,District 02,1,1,Dwelling - Single Detached,44.71145245731624,-63.23349205137146
11856,BPRES-2022-08665,2022-09-23,450000,New Building,New Building,Completed,HALIFAX,District 11,2,3,Dwelling - Semi-Detached,44.585436187742836,-63.58998315289016
11857,BPRES-2022-08679,,20000,New Building,New Building,Application Incomplete,DARTMOUTH,District 06,0,1,Accessory Structure,44.68992032353084,-63.534625084798535
11858,BPRES-2022-08687,2022-08-09,115000,New Building,New Building,Completed,WEST DOVER,District 13,1,2,Dwelling - Single Detached,44.50818107080117,-63.88403964664906
11859,BPRES-2022-08694,2022-08-15,1000000,New Building,New Building,Completed,WHITES LAKE,District 13,2,1,Dwelling - Multiple Units,44.516733842665204,-63.74869723780552
11860,BPRES-2022-08699,2022-09-12,230000,New Building,New Building,Completed,HALIFAX,District 08,1,2,Dwelling - Backyard Suite,44.67264634373995,-63.60671118193322
11861,BPRES-2022-08715,2022-06-30,40328,Renovation,Renovation,Expired,HALIFAX,District 09,0,2,Dwelling - Single Detached,44.645313744050256,-63.61623464507783
11862,BPRES-2022-08720,2022-06-29,88000,New Building,New Building,Expired,OSTREA LAKE,District 02,0,1,Accessory Structure,44.73902497002945,-63.106460711226
11863,BPRES-2022-08740,2024-03-22,35000,Renovation,Renovation,Completed,LOWER SACKVILLE,District 15,1,1,Dwelling - Multiple Units,44.77284091782394,-63.68607830916752
11864,BPRES-2022-08759,2023-08-18,433000,New Building,New Building,Issued,HALIFAX,District 11,2,3,Dwelling - Semi-Detached,44.61892740207644,-63.61407342687037
11865,BPRES-2022-08761,2022-07-29,33000,Renovation,Renovation,Completed,WESTPHAL,District 04,0,1,Dwelling - Single Detached,44.69761963068123,-63.490368886145205
11866,BPRES-2022-08802,2022-08-25,30000,New Building,New Building,Completed,WEST PORTERS LAKE,District 02,0,1,Accessory Structure,44.69833700403385,-63.30913860389043
11867,BPRES-2022-08818,,550000,New Building,New Building,Applicant Revisions,PORTUGUESE COVE,District 11,1,1,Dwelling - Single Detached,44.51966620419591,-63.590874344360316
11868,BPRES-2022-08824,2022-06-29,22000,New Building,New Building,Expired,GAETZ BROOK,District 02,0,1,Accessory Structure,44.76329342675477,-63.2164439538361
11869,BPRES-2022-08832,2022-08-31,375000,New Building,New Building,Completed,HUBBARDS,District 13,1,2,Dwelling - Single Detached,44.63094526210375,-64.04321842695622
11870,BPRES-2022-08850,2022-07-08,200000,New Building,New Building,Completed,UPPER TANTALLON,District 13,1,1,Dwelling - Backyard Suite,44.69675633781748,-63.87178698985485
11871,BPRES-2022-08861,2022-07-18,120000,Renovation,Renovation,Completed,HALIFAX,District 08,0,2,Dwelling - Multiple Units,44.653008102571036,-63.58992817432074
11872,BPRES-2022-08871,2022-07-26,1350000,New Building,New Building,Completed,BEDFORD,District 13,6,3,Dwelling - Townhouse,44.70754272120329,-63.72118132889641
11873,BPRES-2022-08871,2022-07-26,1350000,New Building,New Building,Completed,BEDFORD,District 16,6,3,Dwelling - Townhouse,44.70754272120329,-63.72118132889641
11874,BPRES-2022-08871,2022-07-26,1350000,New Building,New Building,Completed,BEDFORD,District 16,6,3,Dwelling - Townhouse,44.70754272120329,-63.72118132889641
11875,BPRES-2022-08871,2022-07-26,1350000,New Building,New Building,Completed,BEDFORD,District 16,6,3,Dwelling - Townhouse,44.70754272120329,-63.72118132889641
11876,BPRES-2022-08897,2022-12-16,45000,Renovation,Renovation,Completed,HALIFAX,District 07,0,2,Dwelling - Single Detached,44.63335440893664,-63.57260860227628
11877,BPRES-2022-08899,2022-09-16,8800000,New Building,New Building,Completed,BEDFORD,District 16,40,4,Dwelling - Multiple Units,44.71639712973912,-63.71033076694297
11878,BPRES-2022-08931,2022-07-04,13500,New Building,New Building,Completed,HALIFAX,District 11,0,1,Accessory Structure,44.62182699413439,-63.618738019704686
11879,BPRES-2022-08950,2022-06-28,25000,New Building,New Building,Completed,HALIFAX,District 09,0,1,Accessory Structure,44.652046320408836,-63.604781474747284
11880,BPRES-2022-08957,2022-07-12,500000,New Building,New Building,Completed,TANTALLON,District 13,1,2,Dwelling - Single Detached,44.65312348920234,-63.90357537026553
11881,BPRES-2022-08976,2022-07-29,100000,Renovation,Renovation,Completed,BEDFORD,District 16,1,2,Dwelling - Single Detached,44.727804131979774,-63.65110315641806
11882,BPRES-2022-08997,2022-08-19,50000,New Building,New Building,Issued,WEST PETPESWICK,District 02,1,1,Dwelling - Single Detached,44.742668028134354,-63.17033053271737
11883,BPRES-2022-09008,2022-07-26,25000,Renovation,Renovation,Completed,HALIFAX,District 11,1,2,Dwelling - Single Detached,44.593090639275104,-63.59902249069875
11884,BPRES-2022-09023,2022-07-25,503755,New Building,New Building,Completed,UPPER TANTALLON,District 13,1,2,Dwelling - Single Detached,44.73187365660336,-63.870517512725684
11885,BPRES-2022-09032,2022-09-27,345000,Addition,Addition,Expired,EAST PRESTON,District 04,0,1,Dwelling - Single Detached,44.71482023053683,-63.44172678769774
11886,BPRES-2022-09042,2022-07-20,71500,New Building,New Building,Completed,DARTMOUTH,District 05,0,1,Accessory Structure,44.67094066589769,-63.5674626544852
11887,BPRES-2022-09056,2022-08-19,100000,Addition,Addition,Issued,HEAD OF CHEZZETCOOK,District 02,0,2,Dwelling - Single Detached,44.74816188833013,-63.24041683190274
11888,BPRES-2022-09063,2022-09-27,350000,New Building,New Building,Completed,DARTMOUTH,District 03,3,3,Dwelling - Multiple Units,44.663937592395506,-63.54507813241782
11889,BPRES-2022-09064,2022-08-11,250000,Addition,Addition,Expired,HALIFAX,District 09,0,2,Dwelling - Single Detached,44.64001129251661,-63.60603043730224
11890,BPRES-2022-09071,2022-11-03,87000,New Building,New Building,Completed,HALIFAX,District 11,1,1,Dwelling - Backyard Suite,44.61441035526421,-63.57315890792002
11891,BPRES-2022-09086,2023-02-09,12000,Addition,Addition,Completed,DARTMOUTH,District 06,0,1,Dwelling - Single Detached,44.69128643095094,-63.537716304494374
11892,BPRES-2022-09106,2022-07-20,560000,New Building,New Building,Completed,SHAD BAY,District 13,1,2,Dwelling - Single Detached,44.520900396791404,-63.79078892703322
11893,BPRES-2022-09120,,49000,Renovation,Renovation,Cancelled,BEECHVILLE,District 12,0,2,Dwelling - Single Detached,44.633349654522355,-63.67843543423957
11894,BPRES-2022-09131,2022-07-20,450000,New Building,New Building,Completed,PORTERS LAKE,District 02,1,2,Dwelling - Single Detached,44.75188696353211,-63.33756274746692
11895,BPRES-2022-09137,2022-07-20,450000,New Building,New Building,Completed,PORTERS LAKE,District 02,1,1,Dwelling - Single Detached,44.75312657351221,-63.330143955214176
11896,BPRES-2022-09146,2022-07-20,30000,Renovation,Renovation,Expired,HALIFAX,District 08,0,2,Dwelling - Single Detached,44.66656746388448,-63.607763776115746
11897,BPRES-2022-09186,2023-05-19,40000,New Building,New Building,Expired,UPPER SACKVILLE,District 14,0,1,Accessory Structure,44.80791639102233,-63.75292487206303
11898,BPRES-2022-09193,2022-07-15,25000,New Building,New Building,Completed,COLE HARBOUR,District 04,0,1,Accessory Structure,44.67892898848032,-63.48066462203351
11899,BPRES-2022-09198,2022-07-20,200000,New Building,New Building,Completed,PORTERS LAKE,District 02,1,2,Dwelling - Single Detached,44.75384577972201,-63.28949252280552
11900,BPRES-2022-09215,2022-07-15,200000,New Building,New Building,Completed,PORTERS LAKE,District 02,1,1,Dwelling - Single Detached,44.755231673427645,-63.28689308640363
11901,BPRES-2022-09231,2022-10-12,55000,Addition,Addition,Completed,HALIFAX,District 09,0,2,Dwelling - Single Detached,44.645098468876014,-63.59506166074382
11902,BPRES-2022-09233,2022-08-24,490000,New Building,New Building,Completed,OAKFIELD,District 01,1,2,Dwelling - Single Detached,44.919740229572355,-63.566461179276786
11903,BPRES-2022-09273,2022-08-11,700000,New Building,New Building,Completed,HUBLEY,District 13,1,1,Dwelling - Single Detached,44.657727781942064,-63.81184477769409
11904,BPRES-2022-09309,2022-09-06,55000,New Building,New Building,Expired,BEAVER HARBOUR,District 02,0,1,Accessory Structure,44.90287159608144,-62.41129697401278
11905,BPRES-2022-09324,2022-12-09,650000,New Building,New Building,Completed,HALIFAX,District 08,2,2,Dwelling - Multiple Units,44.66143034570883,-63.59892239838988
11906,BPRES-2022-09329,2022-09-28,100000,Addition,Addition,Completed,OAKFIELD,District 01,0,1,Dwelling - Single Detached,44.91980878781779,-63.557963079310554
11907,BPRES-2022-09347,,520000,New Building,New Building,Withdrawn,,District 13,1,2,Dwelling - Single Detached,44.638497921091435,-63.92681281532877
11908,BPRES-2022-09353,2022-07-26,20000,Renovation,Renovation,Expired,HALIFAX,District 12,0,2,Dwelling - Single Detached,44.66987027077767,-63.66495849369681
11909,BPRES-2022-09382,,28600,New Building,New Building,Withdrawn,NORTH PRESTON,District 04,1,1,Dwelling - Single Detached,44.74385438371537,-63.464935526442424
11910,BPRES-2022-09389,2022-08-04,120000,Addition,Addition,Completed,MINEVILLE,District 02,0,1,Dwelling - Single Detached,44.689881257724984,-63.37786675623648
11911,BPRES-2022-09397,2022-10-19,22500,New Building,New Building,Issued,,District 02,1,1,Dwelling - Single Detached,44.80031981576717,-63.378053221132234
11912,BPRES-2022-09401,2022-10-19,1400000,New Building,New Building,Completed,DARTMOUTH,District 05,3,4,Dwelling - Multiple Units,44.665794517670534,-63.55956710178893
11913,BPRES-2022-09415,2025-11-10,250000,New Building,New Building,Issued,MIDDLE SACKVILLE,District 14,1,2,Dwelling - Single Detached,44.79858915217431,-63.76828282026279
11914,BPRES-2022-09437,2025-05-06,77000,Addition,Addition,Issued,BEDFORD,District 16,0,2,Dwelling - Single Detached,44.73242364400873,-63.651354917035306
11915,BPRES-2022-09442,,1000,Addition,Addition,Applicant Revisions,ENFIELD,District 01,0,1,Dwelling - Single Detached,44.92611375227039,-63.52654106599851
11916,BPRES-2022-09467,2022-09-22,10000,Renovation,Renovation,Issued,WEST PORTERS LAKE,District 02,0,2,Dwelling - Single Detached,44.68071024797454,-63.311944643136826
11917,BPRES-2022-09474,,5000000,New Building,New Building,Ready For Issue,,District 15,120,4,Dwelling - Multiple Units,44.800690848596986,-63.69101054452576
11918,BPRES-2022-09507,2022-08-08,2500,Renovation,Renovation,Issued,HAMMONDS PLAINS,District 14,0,2,Dwelling - Backyard Suite,44.74337326134836,-63.804965791473975
11919,BPRES-2022-09512,2022-09-22,30000,Renovation,Renovation,Completed,DARTMOUTH,District 06,1,1,Dwelling - Multiple Units,44.688006549967966,-63.54077197151008
11920,BPRES-2022-09564,2022-07-27,66884,Renovation,Renovation,Completed,HALIFAX,District 07,0,2,Dwelling - Single Detached,44.631395782371825,-63.58305418642935
11921,BPRES-2022-09577,2022-08-03,60000,New Building,New Building,Expired,PORTERS LAKE,District 02,0,1,Accessory Structure,44.738706640454716,-63.323996684582795
11922,BPRES-2022-09581,2022-08-19,349000,Addition,Addition,Expired,COLE HARBOUR,District 04,0,3,Dwelling - Single Detached,44.65509765734259,-63.48047158880616
11923,BPRES-2022-09593,2022-08-30,350000,New Building,New Building,Completed,OSTREA LAKE,District 02,1,2,Dwelling - Single Detached,44.766626107066955,-63.09731681004752
11924,BPRES-2022-09605,2022-07-19,40000,New Building,New Building,Expired,DARTMOUTH,District 06,0,1,Accessory Structure,44.679671781359545,-63.54408674239697
11925,BPRES-2022-09625,2022-07-27,800000,New Building,New Building,Completed,BEDFORD,District 16,1,3,Dwelling - Single Detached,44.70575597410681,-63.724270784251814
11926,BPRES-2022-09650,2022-08-08,60000,New Building,New Building,Completed,UPPER SACKVILLE,District 14,0,1,Accessory Structure,44.837981231828515,-63.792841726327524
11927,BPRES-2022-09662,2022-08-04,200000,New Building,New Building,Completed,EAST PENNANT,District 11,1,2,Dwelling - Backyard Suite,44.46381682179589,-63.635749279022285
11928,BPRES-2022-09675,2022-09-28,750000,New Building,New Building,Issued,DARTMOUTH,District 06,1,3,Dwelling - Single Detached,44.72886376770385,-63.546691117691765
11929,BPRES-2022-09720,2022-08-02,388000,New Building,New Building,Expired,PORTERS LAKE,District 02,1,1,Dwelling - Single Detached,44.75541129412823,-63.32807549194908
11930,BPRES-2022-09754,2022-09-26,191000,Renovation,Renovation,Issued,,District 13,0,2,Dwelling - Single Detached,44.49240005884674,-63.91367980527316
11931,BPRES-2022-09768,2022-08-25,18000,Renovation,Renovation,Expired,HALIFAX,District 11,0,2,Dwelling - Semi-Detached,44.63273232537917,-63.62460284778039
11932,BPRES-2022-09792,2022-08-25,40000,New Building,New Building,Completed,LUCASVILLE,District 14,0,1,Accessory Structure,44.76351386898274,-63.714138190902304
11933,BPRES-2022-09811,2022-08-19,25000,New Building,New Building,Completed,LAKE LOON,District 04,0,1,Accessory Structure,44.704060310101255,-63.49706759476203
11934,BPRES-2022-09817,2022-07-28,59000,New Building,New Building,Completed,UPPER SACKVILLE,District 14,0,1,Accessory Structure,44.81212322258268,-63.751759249167335
11935,BPRES-2022-09846,2022-09-09,495000,New Building,New Building,Completed,WEST PENNANT,District 11,1,2,Dwelling - Single Detached,44.46782509992452,-63.64341630490567
11936,BPRES-2022-09868,2022-08-09,44357,Renovation,Renovation,Expired,WINDSOR JUNCTION,District 01,0,2,Dwelling - Single Detached,44.780186370398,-63.62838984435835
11937,BPRES-2022-09870,2022-09-28,355000,New Building,New Building,Completed,LEWIS LAKE,District 13,2,1,Dwelling - Multiple Units,44.679620498597245,-63.835318157992816
11938,BPRES-2022-09874,2022-08-23,430000,New Building,New Building,Completed,DUTCH SETTLEMENT,District 01,2,1,Dwelling - Semi-Detached,44.98670509712243,-63.428554821188236
11939,BPRES-2022-09880,2022-08-02,48105,Renovation,Renovation,Expired,MIDDLE SACKVILLE,District 14,0,2,Dwelling - Single Detached,44.79669454979453,-63.70670682762961
11940,BPRES-2022-09888,2022-10-05,50000,Renovation,Renovation,Completed,DARTMOUTH,District 05,-1,3,Dwelling - Multiple Units,44.67190446404276,-63.5692192960311
11941,BPRES-2022-09896,2022-08-31,6100,Addition,Addition,Completed,HALIFAX,District 09,0,1,Dwelling - Single Detached,44.65382742260749,-63.62865568571635
11942,BPRES-2022-09906,2022-08-03,72283,Addition,Addition,Expired,HALIFAX,District 11,0,1,Dwelling - Single Detached,44.62952396884798,-63.612833060940474
11943,BPRES-2022-09912,2022-08-23,200000,New Building,New Building,Completed,HACKETTS COVE,District 13,1,2,Dwelling - Single Detached,44.574419740859966,-63.927337530337475
11944,BPRES-2022-09924,2022-09-07,65000,New Building,New Building,Issued,PORTERS LAKE,District 02,0,1,Accessory Structure,44.75094244235205,-63.33012015076615
11945,BPRES-2022-09932,2023-04-20,99000,Renovation,Renovation,Completed,DARTMOUTH,District 03,1,2,Dwelling - Multiple Units,44.65746422964792,-63.54839416250778
11946,BPRES-2022-09937,,400000,New Building,New Building,Withdrawn,MIDDLE SACKVILLE,District 14,1,2,Dwelling - Backyard Suite,44.78919283719495,-63.746752116685386
11947,BPRES-2022-09938,2022-08-12,400000,New Building,New Building,Completed,MIDDLE SACKVILLE,District 14,1,2,Dwelling - Backyard Suite,44.78919283719495,-63.746752116685386
11948,BPRES-2022-09948,2023-04-25,20000,Renovation,Renovation,Completed,WESTPHAL,District 04,0,3,Dwelling - Townhouse,44.689422333309416,-63.48485203429903
11949,BPRES-2022-09959,2022-08-03,43000,New Building,New Building,Completed,LAWRENCETOWN,District 02,0,1,Accessory Structure,44.69456592069013,-63.426687486445104
11950,BPRES-2022-09989,2022-09-23,358857.5,Addition,Addition,Completed,HALIFAX,District 09,0,3,Dwelling - Single Detached,44.64235717413483,-63.61180571367057
11951,BPRES-2022-10008,2022-08-12,30000,New Building,New Building,Expired,BOUTILIERS POINT,District 13,0,2,Accessory Structure,44.666237865701,-63.96000077849053
11952,BPRES-2022-10028,2022-09-21,500000,Addition,Addition,Completed,HALIFAX,District 07,0,2,Dwelling - Single Detached,44.62929261051278,-63.588463691803945
11953,BPRES-2022-10043,,50000,New Building,New Building,Withdrawn,WEST PORTERS LAKE,District 02,1,1,Dwelling - Single Detached,44.68878903595779,-63.30977280197957
11954,BPRES-2022-10050,2024-10-11,35000,Renovation,Renovation,Completed,WINDSOR JUNCTION,District 01,1,1,Dwelling - Backyard Suite,44.8018359745895,-63.64180254465556
11955,BPRES-2022-10072,2022-08-25,110000,New Building,New Building,Completed,EAST PETPESWICK,District 02,1,2,Dwelling - Backyard Suite,44.69579264833803,-63.15484637380079
11956,BPRES-2022-10092,2022-08-05,211000,Addition,Addition,Expired,LAWRENCETOWN,District 02,1,1,Dwelling - Multiple Units,44.68527487788312,-63.401096288848464
11957,BPRES-2022-10096,,50000,New Building,New Building,Withdrawn,WEST PORTERS LAKE,District 02,1,1,Dwelling - Single Detached,44.68878903595779,-63.30977280197957
11958,BPRES-2022-10105,2022-08-18,450000,New Building,New Building,Completed,WILLIAMSWOOD,District 11,1,1,Dwelling - Single Detached,44.542659870655186,-63.64246350402178
11959,BPRES-2022-10122,2022-08-04,450000,New Building,New Building,Completed,BROOKSIDE,District 13,1,2,Dwelling - Single Detached,44.53029860522487,-63.70900388516745
11960,BPRES-2022-10126,2022-12-22,900000,New Building,New Building,Completed,HALIFAX,District 07,2,2,Dwelling - Single Detached,44.63270088104555,-63.58396793174813
11961,BPRES-2022-10131,2022-08-18,38000,New Building,New Building,Expired,ANTRIM,District 01,0,1,Accessory Structure,44.962185385301865,-63.358643260332045
11962,BPRES-2022-10140,2023-01-04,43000,New Building,New Building,Expired,COLE HARBOUR,District 04,0,1,Accessory Structure,44.66873805693813,-63.50006316802537
11963,BPRES-2022-10157,2022-08-25,15000,Addition,Addition,Completed,HALIFAX,District 09,0,2,Dwelling - Semi-Detached,44.64624836334231,-63.61396952584521
11964,BPRES-2022-10161,2022-09-22,750000,Addition,Addition,Issued,QUEENSLAND,District 13,0,2,Dwelling - Single Detached,44.64242247771579,-64.00735523437721
11965,BPRES-2022-10170,2022-09-12,200000,New Building,New Building,Completed,FALL RIVER,District 01,2,2,Dwelling - Multiple Units,44.82045184679846,-63.58397287571667
11966,BPRES-2022-10170,2022-09-12,200000,New Building,New Building,Completed,FALL RIVER,District 01,2,2,Dwelling - Multiple Units,44.82045184679846,-63.58397287571667
11967,BPRES-2022-10184,2023-04-12,100000,New Building,New Building,Completed,EAST PRESTON,District 04,1,1,Dwelling - Single Detached,44.711480998650266,-63.411026896146645
11968,BPRES-2022-10198,2022-08-12,70000,New Building,New Building,Completed,LAWRENCETOWN,District 02,0,2,Accessory Structure,44.66449589433958,-63.378707307876255
11969,BPRES-2022-10200,2022-08-12,45000,New Building,New Building,Expired,COW BAY,District 03,0,2,Accessory Structure,44.634342038114305,-63.417652718958536
11970,BPRES-2022-10211,2022-08-03,7589,Renovation,Renovation,Expired,EASTERN PASSAGE,District 03,0,2,Dwelling - Semi-Detached,44.61150982774887,-63.46861529837637
11971,BPRES-2022-10214,2022-09-21,200000,New Building,New Building,Completed,LAKESIDE,District 12,1,3,Dwelling - Single Detached,44.637393585436776,-63.70028628742584
11972,BPRES-2022-10232,,240000,New Building,New Building,Withdrawn,WESTPHAL,District 04,1,2,Dwelling - Single Detached,44.70064987345866,-63.45632972413987
11973,BPRES-2022-10268,2022-08-24,247500,New Building,New Building,Completed,LAKEVIEW,District 01,3,3,Dwelling - Multiple Units,44.76337927416249,-63.62519988871415
11974,BPRES-2022-10309,,62000,Addition,Addition,Cancelled,HEAD OF CHEZZETCOOK,District 02,0,2,Dwelling - Single Detached,44.74673176203308,-63.24141439128148
11975,BPRES-2022-10315,2023-05-01,250000,New Building,New Building,Completed,HALIFAX,District 11,1,2,Dwelling - Single Detached,44.623001305592176,-63.601944209342214
11976,BPRES-2022-10354,2022-09-22,700000,New Building,New Building,Completed,HAMMONDS PLAINS,District 14,1,2,Dwelling - Single Detached,44.77083636466637,-63.7573912031931
11977,BPRES-2022-10360,2022-08-11,75000,New Building,New Building,Issued,EAST JEDDORE,District 02,1,1,Dwelling - Single Detached,44.730040513841594,-63.002247178337015
11978,BPRES-2022-10369,2024-07-24,30000,New Building,New Building,Issued,EAST PRESTON,District 04,0,1,Accessory Structure,44.723204779676664,-63.42012568612412
11979,BPRES-2022-10382,2022-09-01,569000,New Building,New Building,Completed,HEAD OF ST MARGARETS BAY,District 13,2,2,Dwelling - Single Detached,44.68738004058263,-63.90305715096543
11980,BPRES-2022-10402,2022-10-26,160000,Addition,Addition,Completed,WEST CHEZZETCOOK,District 02,1,2,Dwelling - Single Detached,44.70360389993805,-63.27066050827262
11981,BPRES-2022-10409,,,New Building,New Building,Application Incomplete,,Unidentified,0,,Accessory Structure,,
11982,BPRES-2022-10415,2022-08-11,30500,New Building,New Building,Completed,TIMBERLEA,District 12,0,1,Accessory Structure,44.67420760705552,-63.77093327545778
11983,BPRES-2022-10432,2022-08-12,20000,New Building,New Building,Completed,DUTCH SETTLEMENT,District 01,0,1,Accessory Structure,44.98670509712243,-63.428554821188236
11984,BPRES-2022-10474,2022-11-16,300000,New Building,New Building,Completed,,District 13,1,2,Dwelling - Single Detached,44.52203770552296,-63.79154113815744
11985,BPRES-2022-10477,2022-08-26,420000,New Building,New Building,Completed,HUBLEY,District 13,1,1,Dwelling - Single Detached,44.66690606095169,-63.7875375476349
11986,BPRES-2022-10490,2022-08-11,500000,New Building,New Building,Completed,BOUTILIERS POINT,District 13,1,1,Dwelling - Single Detached,44.66077836479389,-63.94822593878898
11987,BPRES-2022-10499,2022-09-13,95000,New Building,New Building,Expired,GRAND LAKE,District 01,0,1,Accessory Structure,44.893129270280795,-63.59236312940002
11988,BPRES-2022-10507,2023-01-06,30000,Renovation,Renovation,Completed,DARTMOUTH,District 05,0,2,Dwelling - Multiple Units,44.671078402917075,-63.56934474109796
11989,BPRES-2022-10553,2022-08-25,278000,Addition,Addition,Issued,HALIFAX,District 09,1,3,Dwelling - Multiple Units,44.64318099761321,-63.59024548449924
11990,BPRES-2022-10561,2022-09-21,225200,New Building,New Building,Issued,HALIFAX,District 08,1,1,Dwelling - Backyard Suite,44.65204856060904,-63.59487176867937
11991,BPRES-2022-10578,2022-09-21,52000,Addition,Addition,Completed,HALIFAX,District 10,0,1,Dwelling - Single Detached,44.65895149137465,-63.63037954754797
11992,BPRES-2022-10585,2022-09-21,15000,New Building,New Building,Expired,PORTERS LAKE,District 02,0,1,Accessory Structure,44.72444536550232,-63.305288373419
11993,BPRES-2022-10589,2022-09-26,45000,Renovation,Renovation,Completed,HALIFAX,District 07,1,2,Dwelling - Multiple Units,44.642129383998224,-63.5899533255609
11994,BPRES-2022-10602,2022-09-01,450000,New Building,New Building,Completed,LAKEVIEW,District 01,1,2,Dwelling - Single Detached,44.764004197944544,-63.62564952828519
11995,BPRES-2022-10615,2023-11-15,78000,New Building,New Building,Completed,BROOKSIDE,District 13,1,2,Dwelling - Backyard Suite,44.554523938496324,-63.722043755647015
11996,BPRES-2022-10637,2022-08-18,800000,New Building,New Building,Completed,MIDDLE SACKVILLE,District 14,1,3,Dwelling - Single Detached,44.776808581168964,-63.74584082164978
11997,BPRES-2022-10667,2022-08-31,30000,New Building,New Building,Expired,HERRING COVE,District 11,0,1,Accessory Structure,44.57326586217484,-63.575281186600435
11998,BPRES-2022-10679,2022-09-27,60000,Renovation,Renovation,Completed,BEDFORD,District 14,1,1,Dwelling - Backyard Suite,44.72738241160291,-63.7100356602528
11999,BPRES-2022-10691,2022-11-25,110000,Addition,Addition,Expired,MILL LAKE,District 01,0,2,Dwelling - Single Detached,45.12632149852274,-62.89784348797293
12000,BPRES-2022-10703,2022-08-25,1000000,New Building,New Building,Completed,UPPER TANTALLON,District 13,3,1,Dwelling - Townhouse,44.695825315287344,-63.87138975080563
12001,BPRES-2022-10704,,200000,New Building,New Building,Withdrawn,,District 13,1,1,Dwelling - Backyard Suite,,
12002,BPRES-2022-10719,2022-08-23,13000,New Building,New Building,Expired,PORTERS LAKE,District 02,0,1,Accessory Structure,44.75496515267673,-63.28796888126119
12003,BPRES-2022-10723,2023-02-03,,Renovation,Renovation,Completed,HERRING COVE,District 11,1,2,Dwelling - Single Detached,44.56869288978432,-63.56038161388004
12004,BPRES-2022-10729,2022-10-04,37000,Renovation,Renovation,Completed,BEDFORD,District 16,1,2,Dwelling - Multiple Units,44.73523028605856,-63.65009544029592
12005,BPRES-2022-10737,2022-10-04,37000,Renovation,Renovation,Completed,BEDFORD,District 16,1,2,Dwelling - Multiple Units,44.7350569587374,-63.65014469552176
12006,BPRES-2022-10760,2022-08-30,20000,New Building,New Building,Issued,MOSER RIVER,District 02,0,1,Accessory Structure,44.985926383535734,-62.264562501087184
12007,BPRES-2022-10775,2022-09-14,50000,New Building,New Building,Expired,SAMBRO,District 11,0,1,Accessory Structure,44.47957313803307,-63.61052045565647
12008,BPRES-2022-10813,2022-10-28,5500,Addition,Addition,Expired,HALIFAX,District 09,0,1,Dwelling - Single Detached,44.64617228564397,-63.603872120351866
12009,BPRES-2022-10816,2022-09-02,1350000,New Building,New Building,Completed,BEECHVILLE,District 12,6,3,Dwelling - Townhouse,44.639926994263305,-63.68080846305854
12010,BPRES-2022-10833,,70000,New Building,New Building,Applicant Revisions,UPPER LAKEVILLE,District 02,0,1,Accessory Structure,44.78281582804845,-62.95681030739483
12011,BPRES-2022-10839,2022-09-29,60000,Addition,Addition,Issued,HALIFAX,District 09,0,2,Dwelling - Semi-Detached,44.64629467678878,-63.5995138114959
12012,BPRES-2022-10854,2022-09-13,900000,New Building,New Building,Completed,BEECHVILLE,District 12,4,3,Dwelling - Townhouse,44.64083663477507,-63.68009875109232
12013,BPRES-2022-10864,2022-11-01,10840,New Building,New Building,Completed,WAVERLEY,District 01,0,1,Accessory Structure,44.74453851285484,-63.534374422386726
12014,BPRES-2022-10874,2022-08-31,224000,Addition,Addition,Completed,DARTMOUTH,District 05,0,2,Dwelling - Single Detached,44.67357386076906,-63.55756005205541
12015,BPRES-2022-10899,2022-09-27,50000,New Building,New Building,Expired,BEDFORD,District 16,0,2,Accessory Structure,44.7216393249468,-63.6558485741019
12016,BPRES-2022-10925,2023-02-13,87000,Addition,Addition,Expired,EASTERN PASSAGE,District 03,0,2,Dwelling - Single Detached,44.61488721606822,-63.47862328003932
12017,BPRES-2022-10954,2022-09-26,25000,New Building,New Building,Expired,DARTMOUTH,District 06,0,1,Accessory Structure,44.68291089418743,-63.54430983464991
12018,BPRES-2022-10965,2022-08-17,25500,New Building,New Building,Expired,MEAGHERS GRANT,District 01,0,1,Accessory Structure,44.9081820239285,-63.23830804056202
12019,BPRES-2022-10972,2022-09-13,1350000,New Building,New Building,Completed,BEECHVILLE,District 12,6,3,Dwelling - Townhouse,44.64024441191029,-63.680478769767845
12020,BPRES-2022-10991,2022-09-28,57000,Renovation,Renovation,Expired,COLE HARBOUR,District 04,1,1,Dwelling - Multiple Units,44.67719691388153,-63.50138772113297
12021,BPRES-2022-10998,2022-08-30,35000,New Building,New Building,Completed,TERENCE BAY,District 13,0,1,Accessory Structure,44.475947622155985,-63.721904476748875
12022,BPRES-2022-11022,2023-05-01,10000,Renovation,Renovation,Completed,HALIFAX,District 07,0,3,Dwelling - Single Detached,44.6336737616835,-63.596500819838454
12023,BPRES-2022-11041,2022-08-30,300000,New Building,New Building,Expired,HUBLEY,District 13,1,1,Dwelling - Single Detached,44.65777181403363,-63.8155323020434
12024,BPRES-2022-11070,,500,Addition,Addition,Applicant Revisions,TERENCE BAY,District 13,0,1,Dwelling - Single Detached,44.46651714107278,-63.716723493797986
12025,BPRES-2022-11091,2022-09-21,400000,New Building,New Building,Issued,TIMBERLEA,District 12,1,3,Dwelling - Single Detached,44.638660848838036,-63.72247453715566
12026,BPRES-2022-11098,2022-09-15,350000,New Building,New Building,Completed,TIMBERLEA,District 12,1,1,Dwelling - Single Detached,44.63882229281195,-63.72299665739009
12027,BPRES-2022-11108,2022-10-28,15000,Addition,Addition,Expired,FALL RIVER,District 01,0,2,Dwelling - Single Detached,44.80853623995789,-63.638814954657455
12028,BPRES-2022-11133,2022-08-22,25000,New Building,New Building,Completed,WESTPHAL,District 04,0,1,Accessory Structure,44.692928314426865,-63.49324526407525
12029,BPRES-2022-11145,2022-10-19,398000,New Building,New Building,Completed,WEST CHEZZETCOOK,District 02,1,1,Dwelling - Single Detached,44.723828223044656,-63.26398566480846
12030,BPRES-2022-11152,,5700,Renovation,Renovation,Withdrawn,MUSQUODOBOIT HARBOUR,District 02,0,1,Accessory Structure,44.783714648075126,-63.16931123159855
12031,BPRES-2022-11164,2022-08-25,42000,New Building,New Building,Completed,LOWER SACKVILLE,District 15,0,1,Accessory Structure,44.77511973456041,-63.68496102062274
12032,BPRES-2022-11180,2022-10-04,900000,New Building,New Building,Completed,BEECHVILLE,District 12,4,3,Dwelling - Townhouse,44.6402636316969,-63.681162423819686
12033,BPRES-2022-11208,2022-10-14,700000,New Building,New Building,Completed,LAKE CHARLOTTE,District 02,1,2,Dwelling - Single Detached,44.7643847220862,-62.95101587462577
12034,BPRES-2022-11261,2023-12-22,350000,Addition,Addition,Issued,HEAD OF CHEZZETCOOK,District 02,0,2,Dwelling - Single Detached,44.76071324660313,-63.22685407741798
12035,BPRES-2022-11263,2022-09-21,11000,Renovation,Renovation,Completed,,District 11,1,2,Dwelling - Multiple Units,44.58035911466876,-63.57636989439497
12036,BPRES-2022-11284,2022-08-30,39017,Renovation,Renovation,Completed,PORTERS LAKE,District 02,0,2,Dwelling - Single Detached,44.73282971904981,-63.30812466591114
12037,BPRES-2022-11290,2023-06-06,30000,Addition,Addition,Completed,BEDFORD,District 16,1,1,Dwelling - Backyard Suite,44.726211143303544,-63.676064154213805
12038,BPRES-2022-11295,2023-05-10,300000,New Building,New Building,Completed,UPPER TANTALLON,District 13,1,1,Dwelling - Single Detached,44.69044829413259,-63.881536989421704
12039,BPRES-2022-11306,2022-08-31,320000,New Building,New Building,Completed,GAETZ BROOK,District 02,1,1,Dwelling - Single Detached,44.767868063976756,-63.20149387660306
12040,BPRES-2022-11320,2022-12-19,100000,Addition,Addition,Issued,HALIFAX,District 09,0,2,Dwelling - Single Detached,44.64454406596127,-63.63473948018726
12041,BPRES-2022-11327,2022-09-27,60000,Renovation,Renovation,Completed,HALIFAX,District 08,2,3,Dwelling - Multiple Units,44.665875120230346,-63.60796229469173
12042,BPRES-2022-11336,2022-09-29,425000,New Building,New Building,Completed,BROOKSIDE,District 13,2,1,Dwelling - Multiple Units,44.554398886290116,-63.7123394118805
12043,BPRES-2022-11338,,449500,New Building,New Building,Applicant Revisions,DARTMOUTH,District 03,2,2,Dwelling - Single Detached,44.661211103571674,-63.50567592137017
12044,BPRES-2022-11377,2022-08-26,60800,New Building,New Building,Expired,BLACK POINT,District 13,0,1,Accessory Structure,44.64820016964669,-63.98212368422568
12045,BPRES-2022-11396,2022-09-28,223000,Addition,Addition,Expired,HALIFAX,District 07,0,2,Dwelling - Single Detached,44.62667490735532,-63.57664932944952
12046,BPRES-2022-11403,2022-09-23,10000,New Building,New Building,Expired,MINEVILLE,District 02,0,1,Accessory Structure,44.69118421575787,-63.37367234686941
12047,BPRES-2022-11405,2022-10-03,419000,New Building,New Building,Issued,FALL RIVER,District 01,2,1,Dwelling - Multiple Units,44.82860671195575,-63.61493156612818
12048,BPRES-2022-11409,2022-12-20,80000,Renovation,Renovation,Amendment Application Incomplete,LUCASVILLE,District 14,1,2,Dwelling - Multiple Units,44.76362726149623,-63.72303703815686
12049,BPRES-2022-11428,2022-12-12,241000,New Building,New Building,Completed,OSTREA LAKE,District 02,1,2,Dwelling - Single Detached,44.73023447632309,-63.10152071009795
12050,BPRES-2022-11439,2022-09-01,5800,Addition,Addition,Cancelled,HALIFAX,District 12,0,1,Dwelling - Single Detached,44.68257644501,-63.674579015020484
12051,BPRES-2022-11457,2024-04-12,400000,Addition,Addition,Issued,HALIFAX,District 11,0,2,Dwelling - Single Detached,44.60906451966274,-63.56403833122134
12052,BPRES-2022-11502,2022-09-13,500000,New Building,New Building,Completed,FALL RIVER,District 01,1,1,Dwelling - Single Detached,44.819513929604234,-63.64241023607249
12053,BPRES-2022-11516,2022-09-15,35000,New Building,New Building,Completed,WATT SECTION,District 02,0,1,Accessory Structure,44.9014665014629,-62.48727195131819
12054,BPRES-2022-11528,2022-11-22,200000,Addition,Addition,Completed,TIMBERLEA,District 12,1,1,Dwelling - Multiple Units,44.67006173463931,-63.77006771333672
12055,BPRES-2022-11540,2022-09-16,10000,Renovation,Renovation,Issued,HALIFAX,District 09,0,3,Dwelling - Multiple Units,44.642487813340864,-63.61530184675834
12056,BPRES-2022-11548,2022-12-19,80000,Addition,Addition,Expired,DARTMOUTH,District 06,0,1,Dwelling - Single Detached,44.69767192984363,-63.54643677851076
12057,BPRES-2022-11572,2022-09-28,80000,New Building,New Building,Expired,COLE HARBOUR,District 04,0,1,Accessory Structure,44.675748633984306,-63.484124668249514
12058,BPRES-2022-11608,2022-09-01,20000,New Building,New Building,Completed,HAMMONDS PLAINS,District 14,0,1,Accessory Structure,44.72499498636031,-63.8214964484269
12059,BPRES-2022-11615,2022-09-13,6500,New Building,New Building,Expired,COOKS BROOK,District 01,0,1,Accessory Structure,45.008453763440286,-63.26879484689494
12060,BPRES-2022-11647,2022-09-22,84500,New Building,New Building,Completed,BEDFORD,District 16,0,1,Accessory Structure,44.72602662641483,-63.64399133863674
12061,BPRES-2022-11715,2022-10-14,650000,New Building,New Building,Completed,MUSQUODOBOIT HARBOUR,District 02,1,2,Dwelling - Single Detached,44.82416841369047,-63.204167809831475
12062,BPRES-2022-11732,2022-09-22,26000,Addition,Addition,Expired,DARTMOUTH,District 05,0,1,Dwelling - Single Detached,44.67796187403578,-63.58718883301353
12063,BPRES-2022-11738,2022-09-12,31000,New Building,New Building,Completed,MIDDLE SACKVILLE,District 14,0,1,Accessory Structure,44.81917642123651,-63.711812867978544
12064,BPRES-2022-11745,2022-10-26,140000,Addition,Addition,Completed,HALIFAX,District 08,0,2,Dwelling - Townhouse,44.66483607238431,-63.603195060031226
12065,BPRES-2022-11777,2022-10-04,14700,Renovation,Renovation,Cancelled,HALIFAX,District 07,0,2,Dwelling - Multiple Units,44.63482589317434,-63.57505061458283
12066,BPRES-2022-11802,2022-09-22,20000,New Building,New Building,Issued,DARTMOUTH,District 06,0,1,Accessory Structure,44.7060059136931,-63.54970839416978
12067,BPRES-2022-11806,2022-10-27,116000,Addition,Addition,Completed,HAMMONDS PLAINS,District 14,1,1,Dwelling - Single Detached,44.71703778436367,-63.741448148714156
12068,BPRES-2022-11819,2022-09-21,25000,Addition,Addition,Issued,BEAVER BANK,District 15,0,1,Dwelling - Single Detached,44.84644113218348,-63.68013494080115
12069,BPRES-2022-11822,2022-09-20,30000,New Building,New Building,Expired,OWLS HEAD,District 02,0,1,Accessory Structure,44.733988070738455,-62.83049698711386
12070,BPRES-2022-11839,,15000,New Building,New Building,Applicant Revisions,,District 02,0,1,Accessory Structure,44.685152803884705,-63.222926056810195
12071,BPRES-2022-11853,2022-09-20,60561,Addition,Addition,Completed,HAMMONDS PLAINS,District 14,0,2,Dwelling - Single Detached,44.71784693133092,-63.7607546700581
12072,BPRES-2022-11900,2022-09-15,400000,New Building,New Building,Completed,BEAVER BANK,District 15,1,2,Dwelling - Single Detached,44.827857049001224,-63.67599615859755
12073,BPRES-2022-11912,2022-09-07,475000,New Building,New Building,Completed,BEAVER BANK,District 15,1,2,Dwelling - Single Detached,44.82793876338909,-63.675434949770185
12074,BPRES-2022-11925,2022-11-03,300000,Addition,Addition,Completed,HALIFAX,District 09,0,2,Dwelling - Single Detached,44.644143675029355,-63.615058595167184
12075,BPRES-2022-11941,2022-12-13,240000,Addition,Addition,Completed,HEAD OF ST MARGARETS BAY,District 13,0,2,Dwelling - Single Detached,44.67669502915092,-63.92294255702494
12076,BPRES-2022-11952,,4000,Addition,Addition,Applicant Revisions,EASTERN PASSAGE,District 03,0,1,Dwelling - Single Detached,44.61206356658891,-63.48248351060311
12077,BPRES-2022-11977,2022-09-26,250000,Addition,Addition,Cancelled,HAMMONDS PLAINS,District 14,1,2,Dwelling - Multiple Units,44.76733648281522,-63.77440024437737
12078,BPRES-2022-11981,2022-09-29,452000,New Building,New Building,Completed,UPPER TANTALLON,District 13,1,1,Dwelling - Single Detached,44.68475394999002,-63.86679165335112
12079,BPRES-2022-11992,2022-10-03,158530.21,Addition,Addition,Completed,BEDFORD,District 16,1,2,Dwelling - Single Detached,44.72424728198495,-63.67454941349233
12080,BPRES-2022-11996,2022-09-16,55348.49,Renovation,Renovation,Completed,SHAD BAY,District 13,0,2,Dwelling - Single Detached,44.5229108030198,-63.786813732220025
12081,BPRES-2022-11997,2022-10-27,125000,Renovation,Renovation,Completed,UPPER TANTALLON,District 13,1,1,Dwelling - Multiple Units,44.68572227374802,-63.868880714861795
12082,BPRES-2022-12011,2022-09-21,200000,New Building,New Building,Expired,BLACK POINT,District 13,1,2,Dwelling - Single Detached,44.659119182370894,-63.980069232493086
12083,BPRES-2022-12013,2022-09-16,400000,New Building,New Building,Completed,OAKFIELD,District 01,1,1,Dwelling - Single Detached,44.9061743396584,-63.567204683714756
12084,BPRES-2022-12018,2022-09-15,800000,New Building,New Building,Completed,MIDDLE SACKVILLE,District 14,1,1,Dwelling - Single Detached,44.81812404895362,-63.74214213043591
12085,BPRES-2022-12035,2022-09-22,40000,New Building,New Building,Expired,FALL RIVER,District 01,0,1,Accessory Structure,44.78931964064907,-63.62898601883331
12086,BPRES-2022-12040,2022-10-12,400000,New Building,New Building,Completed,HALIFAX,District 11,2,2,Dwelling - Semi-Detached,44.58566582317719,-63.588412232342556
12087,BPRES-2022-12040,2022-10-12,400000,New Building,New Building,Completed,HALIFAX,District 11,2,2,Dwelling - Semi-Detached,44.58566582317719,-63.588412232342556
12088,BPRES-2022-12044,2022-11-24,300000,New Building,New Building,Completed,HALIFAX,District 08,1,2,Dwelling - Single Detached,44.65865037096283,-63.594377858010304
12089,BPRES-2022-12048,2022-09-16,30000,New Building,New Building,Completed,GLEN HAVEN,District 13,0,1,Accessory Structure,44.63562074631324,-63.905422681663424
12090,BPRES-2022-12092,2026-04-08,25000,New Building,New Building,Issued,MIDDLE SACKVILLE,District 14,0,1,Accessory Structure,44.77761341844601,-63.70579580718288
12091,BPRES-2022-12094,2023-05-15,32000,Addition,Addition,Amendment Requested,PROSPECT BAY,District 13,0,1,Dwelling - Single Detached,44.51553533666269,-63.77669431203998
12092,BPRES-2022-12098,2022-11-04,250000,New Building,New Building,Completed,PORTERS LAKE,District 02,1,1,Dwelling - Single Detached,44.800251987487826,-63.38286789068155
12093,BPRES-2022-12103,2024-05-13,5000,Renovation,Renovation,Completed,HALIFAX,District 10,1,1,Dwelling - Multiple Units,44.65363337071159,-63.6531276290452
12094,BPRES-2022-12105,2022-11-08,500000,Addition,Addition,Cancelled,HALIFAX,District 11,6,1,Dwelling - Multiple Units,44.60762908164769,-63.61443727234554
12095,BPRES-2022-12108,,8000,New Building,New Building,Application Incomplete,HALIFAX,District 08,0,1,Accessory Structure,44.65993286753278,-63.614262314432594
12096,BPRES-2022-12138,2022-09-21,25000,New Building,New Building,Completed,LUCASVILLE,District 14,0,1,Accessory Structure,44.76731471446921,-63.71646334798484
12097,BPRES-2022-12150,2022-09-20,200000,New Building,New Building,Completed,UPPER TANTALLON,District 13,1,1,Dwelling - Backyard Suite,44.69557384234713,-63.871412052475826
12098,BPRES-2022-12168,2022-09-20,27000,Renovation,Renovation,Expired,HALIFAX,District 09,0,2,Dwelling - Single Detached,44.65072721405289,-63.59874759481529
12099,BPRES-2022-12202,2022-09-21,450000,New Building,New Building,Completed,KINSAC,District 15,1,2,Dwelling - Single Detached,44.83877263822191,-63.656019798676965
12100,BPRES-2022-12206,2022-10-07,500000,New Building,New Building,Completed,WEST PORTERS LAKE,District 02,1,2,Dwelling - Single Detached,44.69866633135427,-63.30623639054985
12101,BPRES-2022-12295,2022-09-22,3000,Renovation,Renovation,Completed,BEDFORD,District 16,0,2,Dwelling - Single Detached,44.72738980816289,-63.65775714388226
12102,BPRES-2022-12302,2022-10-25,3000,Renovation,Renovation,Completed,BEDFORD,District 16,0,1,Dwelling - Single Detached,44.70977679699352,-63.67868503663298
12103,BPRES-2022-12322,2022-09-21,75000,New Building,New Building,Completed,MIDDLE SACKVILLE,District 14,0,1,Accessory Structure,44.781259182818374,-63.752481923381524
12104,BPRES-2022-12350,2022-09-26,8500,Renovation,Renovation,Issued,HALIFAX,District 09,0,1,Dwelling - Single Detached,44.64405296735945,-63.6041165387501
12105,BPRES-2022-12358,2023-04-20,550000,New Building,New Building,Completed,HALIFAX,District 09,1,3,Dwelling - Single Detached,44.63924919686585,-63.61790446921667
12106,BPRES-2022-12366,2022-10-27,5500,Renovation,Renovation,Completed,DARTMOUTH,District 06,1,1,Dwelling - Multiple Units,44.67799699676493,-63.52587868680708
12107,BPRES-2022-12372,2022-09-28,40000,New Building,New Building,Completed,ENFIELD,District 01,0,1,Accessory Structure,44.911937870903664,-63.55641865821458
12108,BPRES-2022-12378,2023-06-12,328000,New Building,New Building,Completed,DARTMOUTH,District 03,2,2,Dwelling - Multiple Units,44.659893831279966,-63.54883967534134
12109,BPRES-2022-12392,2023-03-28,3500000,New Building,New Building,Completed,DARTMOUTH,District 05,12,2,Dwelling - Multiple Units,44.68948651790305,-63.58290186980796
12110,BPRES-2022-12393,2023-09-05,90000,New Building,New Building,Completed,HAMMONDS PLAINS,District 14,1,2,Dwelling - Backyard Suite,44.72355188378054,-63.82821704041688
12111,BPRES-2022-12416,2023-09-07,22000,New Building,New Building,Expired,DARTMOUTH,District 03,0,1,Accessory Structure,44.66870920405959,-63.51830963458732
12112,BPRES-2022-12433,2022-09-27,37500,New Building,New Building,Completed,LAWRENCETOWN,District 02,0,1,Accessory Structure,44.67477283143414,-63.400087678818785
12113,BPRES-2022-12468,2023-02-22,2333000,New Building,New Building,Completed,DARTMOUTH,District 05,8,3,Dwelling - Multiple Units,44.68979753698294,-63.58383946572595
12114,BPRES-2022-12486,2022-09-23,113100,New Building,New Building,Completed,LAWRENCETOWN,District 02,0,1,Accessory Structure,44.698954963884965,-63.41194659931345
12115,BPRES-2022-12511,,19300,Renovation,Renovation,Applicant Revisions,HALIFAX,District 12,0,3,Dwelling - Multiple Units,44.67117097700218,-63.66758717218407
12116,BPRES-2022-12560,2022-09-23,36000,New Building,New Building,Completed,LEWIS LAKE,District 13,0,1,Accessory Structure,44.67176957333651,-63.82540436433393
12117,BPRES-2022-12566,2023-03-20,330000,New Building,New Building,Completed,TIMBERLEA,District 12,1,3,Dwelling - Single Detached,44.63996459816178,-63.72176680216262
12118,BPRES-2022-12570,2022-10-12,600000,New Building,New Building,Completed,OAKFIELD,District 01,1,2,Dwelling - Single Detached,44.907492493990716,-63.56415043823362
12119,BPRES-2022-12576,2023-03-20,330000,New Building,New Building,Completed,TIMBERLEA,District 12,1,3,Dwelling - Single Detached,44.639871872367245,-63.72178078701806
12120,BPRES-2022-12595,2023-03-23,50000,New Building,New Building,Expired,HAMMONDS PLAINS,District 14,0,1,Accessory Structure,44.73833936024119,-63.781257199185085
12121,BPRES-2022-12600,2022-11-24,400000,New Building,New Building,Completed,WEST PETPESWICK,District 02,1,2,Dwelling - Single Detached,44.74690504677141,-63.165454518808815
12122,BPRES-2022-12607,2023-01-05,1600000,New Building,New Building,Issued,DARTMOUTH,District 06,16,2,Dwelling - Townhouse,44.68454788194175,-63.59477269772543
12123,BPRES-2022-12607,2023-01-05,1600000,New Building,New Building,Issued,DARTMOUTH,District 05,16,2,Dwelling - Townhouse,44.68454788194175,-63.59477269772543
12124,BPRES-2022-12613,2022-11-30,43000,New Building,New Building,Issued,SEABRIGHT,District 13,0,2,Accessory Structure,44.61751330317049,-63.92721348211078
12125,BPRES-2022-12617,,1200000,New Building,New Building,Application Incomplete,HALIFAX,District 09,2,3,Dwelling - Single Detached,44.64517162793205,-63.59157862671329
12126,BPRES-2022-12620,2022-09-26,20000,New Building,New Building,Expired,FALL RIVER,District 01,0,1,Accessory Structure,44.83603382025648,-63.59337782572998
12127,BPRES-2022-12623,2023-06-14,248000,New Building,New Building,Completed,OSTREA LAKE,District 02,1,2,Dwelling - Single Detached,44.719843752621216,-63.091128236533
12128,BPRES-2022-12651,,300000,New Building,New Building,Cancelled,HALIFAX,District 11,2,2,Dwelling - Semi-Detached,44.60269684242249,-63.60632530796214
12129,BPRES-2022-12654,2022-09-28,11525,Renovation,Renovation,Expired,BEDFORD,District 16,0,3,Dwelling - Multiple Units,44.71476662927208,-63.68011270836117
12130,BPRES-2022-12664,2022-10-13,50000,Renovation,Renovation,Completed,WEST PORTERS LAKE,District 02,1,1,Dwelling - Multiple Units,44.67259476733433,-63.30796835534103
12131,BPRES-2022-12702,2023-05-26,20900,New Building,New Building,Withdrawn,SEAFORTH,District 02,0,1,Accessory Structure,44.6611601850131,-63.27755866048523
12132,BPRES-2022-12728,2022-09-29,550000,New Building,New Building,Completed,MUSQUODOBOIT HARBOUR,District 02,1,1,Dwelling - Single Detached,44.80286834730373,-63.1977372517611
12133,BPRES-2022-12750,2023-07-21,20000,Addition,Addition,Cancelled,EAST PRESTON,District 04,1,1,Dwelling - Multiple Units,44.73113875088163,-63.41828490305449
12134,BPRES-2022-12765,2023-06-09,161500,Addition,Addition,Completed,DARTMOUTH,District 05,0,2,Dwelling - Single Detached,44.67046858092606,-63.56104991347877
12135,BPRES-2022-12771,2022-12-22,20000,New Building,New Building,Completed,HALIFAX,District 07,0,1,Accessory Structure,44.64178236502083,-63.5909041820324
12136,BPRES-2022-12785,2022-11-28,300000,New Building,New Building,Completed,ELDERBANK,District 01,1,1,Dwelling - Single Detached,44.98917418225859,-63.24889857623323
12137,BPRES-2022-12799,2022-09-29,20000,New Building,New Building,Completed,BEAVER BANK,District 15,0,1,Accessory Structure,44.84493965876044,-63.66702550342606
12138,BPRES-2022-12810,2022-10-27,151000,Addition,Addition,Issued,HALIFAX,District 09,0,2,Dwelling - Single Detached,44.6432359300601,-63.615565290002614
12139,BPRES-2022-12824,2022-10-27,84500,Renovation,Renovation,Completed,BEAVER BANK,District 15,0,1,Dwelling - Single Detached,44.81878226018688,-63.68881194406709
12140,BPRES-2022-12847,2022-10-13,350000,New Building,New Building,Completed,EAST PETPESWICK,District 02,1,2,Dwelling - Single Detached,44.74798576394376,-63.14198589499554
12141,BPRES-2022-12856,2023-03-08,200000,Addition,Addition,Expired,HALIFAX,District 09,0,2,Dwelling - Multiple Units,44.65105988687062,-63.607531234209056
12142,BPRES-2022-12879,2022-09-28,200000,New Building,New Building,Completed,BEECHVILLE,District 12,1,3,Dwelling - Single Detached,44.6380496817829,-63.67670615904979
12143,BPRES-2022-12910,2022-11-07,350000,New Building,New Building,Completed,WEST QUODDY,District 02,1,1,Dwelling - Single Detached,44.88426831774705,-62.34562766030692
12144,BPRES-2022-13000,2022-10-13,40000,Renovation,Renovation,Completed,DARTMOUTH,District 06,0,2,Dwelling - Townhouse,44.700507882959386,-63.54075513742573
12145,BPRES-2022-13006,2022-10-12,37000,Renovation,Renovation,Expired,HALIFAX,District 09,0,2,Dwelling - Single Detached,44.63993216210116,-63.63132424439477
12146,BPRES-2022-13008,2022-10-21,3500,Renovation,Renovation,Completed,HALIFAX,District 10,0,3,Dwelling - Single Detached,44.672071799570894,-63.65310654999471
12147,BPRES-2022-13040,2022-10-13,281000,New Building,New Building,Expired,PROSPECT,District 13,1,2,Dwelling - Single Detached,44.482757311687315,-63.78630634162597
12148,BPRES-2022-13069,2022-10-26,8000,New Building,New Building,Completed,HEAD OF ST MARGARETS BAY,District 13,0,1,Accessory Structure,44.68721560498073,-63.8954946684148
12149,BPRES-2022-13073,2023-08-08,31000,New Building,New Building,Issued,HEAD OF ST MARGARETS BAY,District 13,0,1,Accessory Structure,44.68116023923515,-63.90973373900298
12150,BPRES-2022-13079,,130000,New Building,New Building,Applicant Revisions,EASTERN PASSAGE,District 03,0,1,Accessory Structure,44.602307884293424,-63.47216194544947
12151,BPRES-2022-13094,2022-10-27,350000,New Building,New Building,Completed,TIMBERLEA,District 12,1,2,Dwelling - Single Detached,44.63966112601629,-63.72456428965576
12152,BPRES-2022-13111,2022-11-16,14000,Renovation,Renovation,Issued,COLE HARBOUR,District 04,1,2,Dwelling - Multiple Units,44.66017228348204,-63.48820043484989
12153,BPRES-2022-13120,,200000,Renovation,Renovation,Applicant Revisions,DARTMOUTH,District 06,0,3,Dwelling - Multiple Units,44.68284969341177,-63.54355647992427
12154,BPRES-2022-13132,2022-10-07,36800,New Building,New Building,Completed,STILLWATER LAKE,District 13,0,1,Accessory Structure,44.707841252225265,-63.838470430892265
12155,BPRES-2022-13139,2022-11-17,58000,Addition,Addition,Completed,PROSPECT,District 13,0,1,Dwelling - Single Detached,44.50049829590052,-63.80385581942143
12156,BPRES-2022-13142,2022-10-26,17500,Renovation,Renovation,Cancelled,DARTMOUTH,District 06,0,2,Dwelling - Semi-Detached,44.689715668831454,-63.52937751315232
12157,BPRES-2022-13149,2022-11-01,110000,Renovation,Renovation,Expired,DARTMOUTH,District 05,0,1,Dwelling - Single Detached,44.66917189064365,-63.5563411151406
12158,BPRES-2022-13155,,4500,Renovation,Renovation,Withdrawn,DARTMOUTH,District 05,0,4,Dwelling - Single Detached,44.674589872750495,-63.559738233016034
12159,BPRES-2022-13161,2022-10-25,668000,Renovation,Renovation,Completed,HALIFAX,District 07,0,3,Dwelling - Single Detached,44.63099856362367,-63.574541636249805
12160,BPRES-2022-13170,2022-12-05,900000,New Building,New Building,Completed,MINEVILLE,District 02,1,1,Dwelling - Single Detached,44.70183793893067,-63.374997084651646
12161,BPRES-2022-13174,2023-04-25,100000,Renovation,Renovation,Expired,HALIFAX,District 10,1,2,Dwelling - Multiple Units,44.6565751128901,-63.64153154900114
12162,BPRES-2022-13187,2022-10-12,25000,Renovation,Renovation,Completed,GLEN HAVEN,District 13,0,2,Dwelling - Single Detached,44.64341540702412,-63.91136674733407
12163,BPRES-2022-13210,2022-10-18,30000,Renovation,Renovation,Completed,HALIFAX,District 10,0,2,Dwelling - Single Detached,44.66361501491914,-63.64732269736823
12164,BPRES-2022-13224,,298000,Renovation,Renovation,Withdrawn,DARTMOUTH,District 05,0,2,Dwelling - Multiple Units,44.667226712246034,-63.560667978775356
12165,BPRES-2022-13231,2022-12-14,200000,Renovation,Renovation,Expired,DARTMOUTH,District 05,0,3,Dwelling - Multiple Units,44.68566024266513,-63.58588986567082
12166,BPRES-2022-13242,,51000,New Building,New Building,Applicant Revisions,BROOKSIDE,District 13,0,1,Accessory Structure,44.537853653029565,-63.70424763823704
12167,BPRES-2022-13257,2022-12-02,92000,Renovation,Renovation,Completed,UPPER TANTALLON,District 13,1,2,Dwelling - Multiple Units,44.68602702083149,-63.856576604371135
12168,BPRES-2022-13263,2022-10-25,50000,Addition,Addition,Completed,BEDFORD,District 16,0,1,Dwelling - Single Detached,44.721285854696625,-63.71750930954432
12169,BPRES-2022-13271,2022-10-13,550000,New Building,New Building,Completed,BEDFORD,District 16,1,2,Dwelling - Single Detached,44.706708766267184,-63.72249426926543
12170,BPRES-2022-13292,2022-10-13,600000,New Building,New Building,Completed,HAMMONDS PLAINS,District 14,1,2,Dwelling - Single Detached,44.76875537147364,-63.7610241756672
12171,BPRES-2022-13308,,40000,New Building,New Building,Applicant Revisions,COW BAY,District 03,0,2,Accessory Structure,44.62723759456753,-63.43343880454041
12172,BPRES-2022-13317,2022-10-20,375000,New Building,New Building,Completed,BEAVER BANK,District 15,1,2,Dwelling - Single Detached,44.828512551088686,-63.67612659454242
12173,BPRES-2022-13329,2022-10-19,425000,New Building,New Building,Completed,MIDDLE SACKVILLE,District 14,1,1,Dwelling - Single Detached,44.787235221450686,-63.74473110826578
12174,BPRES-2022-13335,2022-10-24,375000,New Building,New Building,Completed,BEAVER BANK,District 15,1,2,Dwelling - Single Detached,44.82802431389718,-63.676023393035294
12175,BPRES-2022-13354,2022-10-21,5000,New Building,New Building,Completed,EAST PETPESWICK,District 02,0,1,Accessory Structure,44.711605991978146,-63.16418663431718
12176,BPRES-2022-13366,2022-10-20,375000,New Building,New Building,Completed,BEAVER BANK,District 15,1,2,Dwelling - Single Detached,44.827178785647284,-63.67531128861502
12177,BPRES-2022-13375,2022-10-26,901000,New Building,New Building,Completed,MIDDLE SACKVILLE,District 14,1,2,Dwelling - Single Detached,44.77945966918685,-63.73920387734397
12178,BPRES-2022-13395,2022-11-08,375000,New Building,New Building,Completed,BEAVER BANK,District 15,1,2,Dwelling - Single Detached,44.82704219138989,-63.67420117467165
12179,BPRES-2022-13413,2023-05-03,2000,New Building,New Building,Expired,HERRING COVE,District 11,0,1,Accessory Structure,44.56427290654231,-63.564872809758995
12180,BPRES-2022-13433,2022-10-21,15000,New Building,New Building,Completed,ELDERBANK,District 01,0,1,Accessory Structure,44.98021317360358,-63.22155998245347
12181,BPRES-2022-13439,2022-11-16,63000,New Building,New Building,Expired,DUTCH SETTLEMENT,District 01,0,1,Accessory Structure,44.98256096877558,-63.463888588268446
12182,BPRES-2022-13440,2022-11-04,369000,New Building,New Building,Expired,DUTCH SETTLEMENT,District 01,1,1,Dwelling - Single Detached,44.98256096877558,-63.463888588268446
12183,BPRES-2022-13445,2022-11-22,2000,Renovation,Renovation,Expired,SHEET HARBOUR,District 02,0,2,Dwelling - Single Detached,44.91958764185292,-62.53169865447617
12184,BPRES-2022-13458,2022-10-19,53500,Addition,Addition,Expired,WAVERLEY,District 01,0,2,Dwelling - Single Detached,44.781296731672604,-63.58869233043276
12185,BPRES-2022-13474,2022-11-03,101000,Addition,Addition,Expired,DARTMOUTH,District 05,0,2,Dwelling - Single Detached,44.67349122463552,-63.557688777845634
12186,BPRES-2022-13488,2022-10-19,425000,New Building,New Building,Completed,MIDDLE SACKVILLE,District 14,1,1,Dwelling - Single Detached,44.786476749244486,-63.74585959617535
12187,BPRES-2022-13493,,500000,New Building,New Building,Withdrawn,MIDDLE SACKVILLE,District 14,1,2,Dwelling - Single Detached,44.785902182167185,-63.74124297783688
12188,BPRES-2022-13505,2022-12-22,100000,New Building,New Building,Completed,GLEN HAVEN,District 13,0,2,Accessory Structure,44.645564646064884,-63.912982188482665
12189,BPRES-2022-13509,2022-10-19,30000,New Building,New Building,Completed,MUSQUODOBOIT HARBOUR,District 02,0,1,Accessory Structure,44.77931202497634,-63.16433291364952
12190,BPRES-2022-13530,2022-10-24,525000,New Building,New Building,Completed,BEDFORD,District 16,1,3,Dwelling - Single Detached,44.70634432936972,-63.72136853817034
12191,BPRES-2022-13536,2022-10-17,525000,New Building,New Building,Completed,BEDFORD,District 16,1,2,Dwelling - Single Detached,44.706258898783794,-63.72106985311052
12192,BPRES-2022-13554,2022-10-19,425000,New Building,New Building,Completed,MIDDLE SACKVILLE,District 14,1,1,Dwelling - Single Detached,44.78770070431872,-63.7471121030774
12193,BPRES-2022-13561,2022-10-17,425000,New Building,New Building,Completed,MIDDLE SACKVILLE,District 14,1,1,Dwelling - Single Detached,44.78878238104923,-63.7461574650842
12194,BPRES-2022-13569,,190000,Addition,Addition,Application Incomplete,TIMBERLEA,District 12,1,2,Dwelling - Single Detached,44.64785900580656,-63.73606958291609
12195,BPRES-2022-13573,2022-10-21,300000,New Building,New Building,Completed,BOUTILIERS POINT,District 13,1,1,Dwelling - Single Detached,44.65632946865545,-63.95261981997503
12196,BPRES-2022-13580,2022-11-22,75500,Renovation,Renovation,Completed,DARTMOUTH,District 05,1,1,Dwelling - Multiple Units,44.68485570986635,-63.58331134968425
12197,BPRES-2022-13584,,1000,Renovation,Renovation,Applicant Revisions,DARTMOUTH,District 03,1,3,Dwelling - Multiple Units,44.65923020103397,-63.54887593543116
12198,BPRES-2022-13601,2022-10-19,150010,Renovation,Renovation,Expired,DARTMOUTH,District 05,0,3,Dwelling - Multiple Units,44.67854997533685,-63.54910523804176
12199,BPRES-2022-13614,2022-10-19,275000,New Building,New Building,Completed,HUBLEY,District 13,1,1,Dwelling - Single Detached,44.67503747000679,-63.818190376819516
12200,BPRES-2022-13640,,35000,Renovation,Renovation,Application Incomplete,HALIFAX,District 08,1,1,Dwelling - Multiple Units,44.66283108537039,-63.60585894639464
12201,BPRES-2022-13655,2022-10-24,190000,New Building,New Building,Completed,UPPER TANTALLON,District 13,1,3,Dwelling - Single Detached,44.710708197150275,-63.87140058285014
12202,BPRES-2022-13662,2023-02-03,20000,Renovation,Renovation,Completed,SHAD BAY,District 13,1,2,Dwelling - Multiple Units,44.52084742543858,-63.782508535239025
12203,BPRES-2022-13673,2022-10-25,800000,New Building,New Building,Issued,HERRING COVE,District 11,2,3,Dwelling - Semi-Detached,44.57981297322443,-63.575421561968405
12204,BPRES-2022-13679,2022-12-01,35800,New Building,New Building,Completed,WESTPHAL,District 04,0,1,Accessory Structure,44.69669167729118,-63.489532605572954
12205,BPRES-2022-13681,2023-10-11,15000000,New Building,New Building,Issued,UPPER HAMMONDS PLAINS,District 14,99,4,Dwelling - Multiple Units,44.74732570872564,-63.81116212951654
12206,BPRES-2022-13687,2022-11-01,5000,New Building,New Building,Completed,HALIFAX,District 07,0,1,Accessory Structure,44.639717962689126,-63.601507141195015
12207,BPRES-2022-13697,2022-11-30,108000,Renovation,Renovation,Completed,DARTMOUTH,District 05,1,2,Dwelling - Multiple Units,44.68299895425743,-63.56012907808532
12208,BPRES-2022-13756,2022-10-21,25000,New Building,New Building,Completed,FALL RIVER,District 01,0,1,Accessory Structure,44.84627207897865,-63.618243346920295
12209,BPRES-2022-13763,2024-07-31,350000,New Building,New Building,Issued,FLETCHERS LAKE,District 01,1,1,Dwelling - Single Detached,44.83966564838361,-63.60648011526026
12210,BPRES-2022-13771,2023-04-12,333000,New Building,New Building,Issued,WILLIAMSWOOD,District 11,1,1,Dwelling - Single Detached,44.536722335831776,-63.656731565335015
12211,BPRES-2022-13778,2022-11-10,20000,New Building,New Building,Expired,HAMMONDS PLAINS,District 14,0,1,Accessory Structure,44.713923081293615,-63.74719361389849
12212,BPRES-2022-13781,2022-11-04,350000,New Building,New Building,Issued,WINDSOR JUNCTION,District 01,1,1,Dwelling - Single Detached,44.800955053855134,-63.65819083395657
12213,BPRES-2022-13800,2022-11-01,48000,New Building,New Building,Completed,FALL RIVER,District 01,0,1,Accessory Structure,44.82413402318906,-63.644777142517775
12214,BPRES-2022-13812,2022-10-24,36700,New Building,New Building,Completed,BROOKSIDE,District 13,0,1,Accessory Structure,44.52601046570156,-63.70404024188272
12215,BPRES-2022-13834,2022-10-31,94000,New Building,New Building,Expired,DARTMOUTH,District 05,0,1,Accessory Structure,44.680016173410074,-63.56681398147323
12216,BPRES-2022-13853,,20000,Addition,Addition,Withdrawn,WELLINGTON,District 01,0,2,Dwelling - Single Detached,44.85395773379346,-63.60299185784647
12217,BPRES-2022-13872,2022-10-25,1000,New Building,New Building,Completed,GRAND DESERT,District 02,1,1,Dwelling - Seasonal,44.68766837755974,-63.26246352641998
12218,BPRES-2022-13913,2023-05-08,850000,New Building,New Building,Completed,WEST PORTERS LAKE,District 02,1,3,Dwelling - Single Detached,44.68456641830282,-63.30757620732663
12219,BPRES-2022-13952,2023-02-21,9000,New Building,New Building,Expired,HAMMONDS PLAINS,District 14,0,1,Accessory Structure,44.76819125082531,-63.768027429393584
12220,BPRES-2022-13962,2022-12-21,147000,Addition,Addition,Completed,HALIFAX,District 07,0,2,Dwelling - Single Detached,44.63404620072917,-63.59727900002546
12221,BPRES-2022-13989,2022-11-03,20069,New Building,New Building,Completed,HALIFAX,District 10,0,1,Accessory Structure,44.68044825184799,-63.65913407764082
12222,BPRES-2022-13998,2023-04-26,40000,Renovation,Renovation,Expired,HALIFAX,District 11,0,2,Dwelling - Single Detached,44.62968918527402,-63.618483076519404
12223,BPRES-2022-14028,2022-11-09,37679,Renovation,Renovation,Expired,LOWER SACKVILLE,District 15,0,2,Dwelling - Semi-Detached,44.77083478121036,-63.699915035775376
12224,BPRES-2022-14030,2023-05-08,100000,New Building,New Building,Completed,TIMBERLEA,District 12,1,2,Dwelling - Backyard Suite,44.68213986612139,-63.77626468609475
12225,BPRES-2022-14048,2023-01-12,8000,New Building,New Building,Completed,EASTERN PASSAGE,District 03,0,1,Accessory Structure,44.61362303370835,-63.49698386140984
12226,BPRES-2022-14092,2023-02-03,400000,New Building,New Building,Completed,WESTPHAL,District 04,2,3,Dwelling - Single Detached,44.690935039812565,-63.494827515889185
12227,BPRES-2022-14096,2022-11-10,537875.6,New Building,New Building,Completed,LOWER SHIP HARBOUR,District 02,1,1,Dwelling - Single Detached,44.76745541327283,-62.80210139277804
12228,BPRES-2022-14111,2022-11-04,20000,New Building,New Building,Completed,DUTCH SETTLEMENT,District 01,0,1,Accessory Structure,44.996925026020264,-63.42668310241644
12229,BPRES-2022-14125,2022-12-12,17000,Addition,Addition,Expired,COLE HARBOUR,District 04,0,1,Dwelling - Single Detached,44.65129855500379,-63.48512847624985
12230,BPRES-2022-14132,2022-11-04,500000,New Building,New Building,Completed,BROOKSIDE,District 13,1,2,Dwelling - Single Detached,44.531655292404444,-63.70884910728027
12231,BPRES-2022-14151,,317000,New Building,New Building,Withdrawn,TIMBERLEA,District 12,1,1,Dwelling - Single Detached,44.67134310602418,-63.77559556605947
12232,BPRES-2022-14156,2022-11-14,750000,New Building,New Building,Completed,BEDFORD,District 16,1,3,Dwelling - Single Detached,44.72539058611381,-63.653159601023766
12233,BPRES-2022-14190,2022-11-23,40000,New Building,New Building,Completed,HAMMONDS PLAINS,District 14,0,1,Accessory Structure,44.74204379827727,-63.79861733271018
12234,BPRES-2022-14193,2022-11-10,360000,New Building,New Building,Completed,BEAVER BANK,District 15,1,1,Dwelling - Single Detached,44.82756637732967,-63.66523835128167
12235,BPRES-2022-14209,2023-07-25,4500000,New Building,New Building,Completed,HAMMONDS PLAINS,District 14,74,3,Dwelling - Multiple Units,44.74082634606791,-63.80347111595539
12236,BPRES-2022-14214,2022-11-04,425000,New Building,New Building,Completed,MIDDLE SACKVILLE,District 14,1,1,Dwelling - Single Detached,44.785902182167185,-63.74124297783688
12237,BPRES-2022-14219,2022-11-10,50000,New Building,New Building,Completed,BEAVER BANK,District 15,0,1,Accessory Structure,44.82756637732967,-63.66523835128167
12238,BPRES-2022-14222,2023-02-23,105000,New Building,New Building,Completed,HAMMONDS PLAINS,District 14,1,2,Dwelling - Backyard Suite,44.74582285386315,-63.72502620611169
12239,BPRES-2022-14265,2023-09-05,158000,Renovation,Renovation,Completed,HALIFAX,District 10,0,2,Dwelling - Multiple Units,44.65670794432784,-63.64026191268086
12240,BPRES-2022-14267,2022-12-21,110000,New Building,New Building,Completed,LAWRENCETOWN,District 02,1,1,Dwelling - Backyard Suite,44.69655970651544,-63.40908469880583
12241,BPRES-2022-14269,2022-11-14,8000,Renovation,Renovation,Completed,BEDFORD,District 16,0,2,Dwelling - Single Detached,44.70977679699352,-63.67868503663298
12242,BPRES-2022-14279,2022-12-08,375000,New Building,New Building,Completed,HATCHET LAKE,District 13,1,2,Dwelling - Single Detached,44.55866792285755,-63.73656452460216
12243,BPRES-2022-14317,2022-11-14,425000,New Building,New Building,Cancelled,MIDDLE SACKVILLE,District 14,1,1,Dwelling - Single Detached,44.79075117795905,-63.74199810555473
12244,BPRES-2022-14329,2022-11-24,50000,New Building,New Building,Completed,HALIFAX,District 09,0,1,Accessory Structure,44.65034408565316,-63.60864158413879
12245,BPRES-2022-14344,2022-11-21,20000,New Building,New Building,Expired,DARTMOUTH,District 06,0,1,Accessory Structure,44.68341100770047,-63.53848363258951
12246,BPRES-2022-14363,,275000,New Building,New Building,Withdrawn,,District 10,2,2,Dwelling - Semi-Detached,44.67113387773591,-63.65116361288065
12247,BPRES-2022-14384,2022-12-01,50000,New Building,New Building,Expired,MILFORD,District 01,0,1,Accessory Structure,45.04252116295976,-63.418364774730954
12248,BPRES-2022-14401,2022-11-09,66000,Renovation,Renovation,Completed,HALIFAX,District 09,0,3,Dwelling - Single Detached,44.64044129145245,-63.61009664323992
12249,BPRES-2022-14420,2022-11-10,30000,Renovation,Renovation,Expired,HALIFAX,District 07,0,3,Dwelling - Single Detached,44.6410884578651,-63.59067551349409
12250,BPRES-2022-14424,2022-11-29,15000,New Building,New Building,Expired,MYERS POINT,District 02,0,1,Accessory Structure,44.77190836268757,-63.050040279664955
12251,BPRES-2022-14471,2022-11-09,70000,New Building,New Building,Completed,BEAVER BANK,District 15,0,1,Accessory Structure,44.87403643046897,-63.70026275517645
12252,BPRES-2022-14540,2023-01-12,300000,New Building,New Building,Completed,PROSPECT BAY,District 13,1,1,Dwelling - Single Detached,44.51287236018998,-63.79541196443438
12253,BPRES-2022-14561,2022-12-22,200000,New Building,New Building,Completed,BOUTILIERS POINT,District 13,1,2,Dwelling - Single Detached,44.66416611164913,-63.9590445367413
12254,BPRES-2022-14589,2023-01-05,40000,Renovation,Renovation,Expired,WAVERLEY,District 01,0,2,Dwelling - Single Detached,44.75668828129029,-63.57244764371531
12255,BPRES-2022-14619,2022-12-01,500,Renovation,Renovation,Completed,DARTMOUTH,District 05,0,2,Dwelling - Single Detached,44.66692148236003,-63.55912428693275
12256,BPRES-2022-14650,2023-04-11,498000,New Building,New Building,Completed,HALIFAX,District 11,4,2,Dwelling - Multiple Units,44.619419928414764,-63.61762139542838
12257,BPRES-2022-14657,2022-11-23,4000,New Building,New Building,Expired,BEAVER BANK,District 15,0,1,Accessory Structure,44.804196229719935,-63.67379406439768
12258,BPRES-2022-14667,2022-11-23,200000,New Building,New Building,Completed,BEECHVILLE,District 12,1,3,Dwelling - Single Detached,44.63796268860607,-63.676621475223165
12259,BPRES-2022-14679,2023-04-26,1000,Renovation,Renovation,Cancelled,LOWER SACKVILLE,District 15,1,3,Dwelling - Multiple Units,44.77481645373858,-63.65849906235162
12260,BPRES-2022-14683,2023-03-20,26000,Renovation,Renovation,Completed,WESTPHAL,District 04,1,1,Dwelling - Multiple Units,44.69093422646114,-63.455172617035025
12261,BPRES-2022-14685,2024-06-26,55000,New Building,New Building,Issued,LEWIS LAKE,District 13,0,1,Accessory Structure,44.68016278370492,-63.85021688873741
12262,BPRES-2022-14699,2022-11-28,425000,New Building,New Building,Completed,OAKFIELD,District 01,1,1,Dwelling - Single Detached,44.92354671332984,-63.556329542561045
12263,BPRES-2022-14722,2023-03-30,100000,Renovation,Renovation,Completed,HALIFAX,District 08,0,3,Dwelling - Multiple Units,44.65830829872075,-63.59631643303878
12264,BPRES-2022-14732,2022-11-25,116000,Renovation,Renovation,Completed,HALIFAX,District 08,1,2,Dwelling - Multiple Units,44.66849764759416,-63.61637345753234
12265,BPRES-2022-14749,2022-12-22,200000,Renovation,Renovation,Expired,DARTMOUTH,District 05,0,3,Dwelling - Multiple Units,44.685994292213046,-63.58220845242529
12266,BPRES-2022-14754,2022-11-25,100000,Addition,Addition,Completed,BEECHVILLE,District 12,0,2,Dwelling - Single Detached,44.6326284040771,-63.68080788179682
12267,BPRES-2022-14779,2022-11-28,425000,New Building,New Building,Completed,OAKFIELD,District 01,1,1,Dwelling - Single Detached,44.92439114691278,-63.558111585000134
12268,BPRES-2022-14789,2022-12-06,425000,New Building,New Building,Completed,OAKFIELD,District 01,1,1,Dwelling - Single Detached,44.92494940543718,-63.55631599972677
12269,BPRES-2022-14794,2022-12-12,24000,New Building,New Building,Expired,PROSPECT,District 13,0,1,Accessory Structure,44.47585961177622,-63.7792679745747
12270,BPRES-2022-14797,2022-12-08,425000,New Building,New Building,Completed,OAKFIELD,District 01,1,1,Dwelling - Single Detached,44.926096860413594,-63.55916966950854
12271,BPRES-2022-14805,2022-12-12,15000,Renovation,Renovation,Completed,HALIFAX,District 10,1,3,Dwelling - Multiple Units,44.663686148045954,-63.64731281715207
12272,BPRES-2022-14812,2023-11-02,550000,New Building,New Building,Completed,UPPER TANTALLON,District 13,1,1,Dwelling - Single Detached,44.73315124744404,-63.87231732643875
12273,BPRES-2022-14832,2022-11-28,125000,Renovation,Renovation,Expired,HALIFAX,District 08,0,2,Dwelling - Multiple Units,44.67175108157939,-63.606587008638236
12274,BPRES-2022-14841,2022-11-28,150000,New Building,New Building,Completed,HAMMONDS PLAINS,District 14,0,1,Accessory Structure,44.75998272895772,-63.78316897146713
12275,BPRES-2022-14862,2022-12-08,177000,Addition,Addition,Completed,GLEN MARGARET,District 13,0,1,Dwelling - Seasonal,44.585968266310516,-63.924982976712705
12276,BPRES-2022-14864,2022-12-23,890000,New Building,New Building,Expired,COW BAY,District 03,1,3,Dwelling - Single Detached,44.62042625100943,-63.44072709449816
12277,BPRES-2022-14869,2022-11-25,37000,New Building,New Building,Completed,HAMMONDS PLAINS,District 14,0,1,Accessory Structure,44.75720874353275,-63.78669828897003
12278,BPRES-2022-14876,2024-08-19,1790000,New Building,New Building,Issued,HALIFAX,District 11,6,3,Dwelling - Townhouse,44.63278660561785,-63.630264665982956
12279,BPRES-2022-14884,2022-12-22,150000,New Building,New Building,Expired,HATCHET LAKE,District 13,1,2,Dwelling - Multiple Units,44.56798848507987,-63.72372472769965
12280,BPRES-2022-14886,,45000,Renovation,Renovation,Withdrawn,COLE HARBOUR,District 04,1,3,Dwelling - Multiple Units,44.67938831710324,-63.47858662827312
12281,BPRES-2022-14891,2022-12-13,690000,New Building,New Building,Completed,THREE FATHOM HARBOUR,District 02,1,2,Dwelling - Single Detached,44.64124725630675,-63.30538456214026
12282,BPRES-2022-14910,2022-11-25,25200,Renovation,Renovation,Expired,LOWER SACKVILLE,District 15,0,2,Dwelling - Multiple Units,44.75636229886516,-63.663276532075244
12283,BPRES-2022-14923,2022-12-05,600000,Addition,Addition,Completed,DARTMOUTH,District 05,0,3,Dwelling - Single Detached,44.6768979671862,-63.563976817604555
12284,BPRES-2022-14930,,5000,Renovation,Renovation,Application Incomplete,HALIFAX,District 10,0,3,Dwelling - Multiple Units,44.64995040795067,-63.6378025305371
12285,BPRES-2022-14969,2022-12-14,55000,Renovation,Renovation,Completed,DARTMOUTH,District 05,0,2,Dwelling - Single Detached,44.679536457015644,-63.56813479575183
12286,BPRES-2022-14982,,30000,Renovation,Renovation,Applicant Revisions,DARTMOUTH,District 03,0,2,Dwelling - Multiple Units,44.658467424211075,-63.54719707490107
12287,BPRES-2022-15027,2024-01-17,470000,New Building,New Building,Issued,MUSQUODOBOIT HARBOUR,District 02,1,1,Dwelling - Single Detached,44.78991290167289,-63.16965136467569
12288,BPRES-2022-15036,2023-02-17,65000,Addition,Addition,Expired,DARTMOUTH,District 06,0,2,Dwelling - Single Detached,44.67932257723098,-63.5096487445614
12289,BPRES-2022-15042,2022-12-14,16000,Renovation,Renovation,Expired,HALIFAX,District 08,0,2,Dwelling - Multiple Units,44.66652786847545,-63.597801739592455
12290,BPRES-2022-15058,2023-01-06,10000,Renovation,Renovation,Expired,DARTMOUTH,District 05,0,2,Dwelling - Multiple Units,44.676566373702634,-63.58593826116331
12291,BPRES-2022-15081,2023-03-20,631642,New Building,New Building,Completed,ELMSDALE,District 01,3,1,Dwelling - Townhouse,44.968705715447086,-63.48358380549355
12292,BPRES-2022-15093,2023-07-11,15000,New Building,New Building,Completed,HAMMONDS PLAINS,District 14,0,1,Accessory Structure,44.768933468481755,-63.77830295065827
12293,BPRES-2022-15109,2022-12-13,100000,Addition,Addition,Issued,HALIFAX,District 09,0,2,Dwelling - Single Detached,44.65214056242767,-63.60119813557842
12294,BPRES-2022-15130,,5000,New Building,New Building,Withdrawn,GLEN HAVEN,District 13,0,1,Accessory Structure,44.636606979956376,-63.917492224545164
12295,BPRES-2022-15141,2023-03-30,50000,Addition,Addition,Expired,SHAD BAY,District 13,0,1,Dwelling - Single Detached,44.53001689897301,-63.78687589209149
12296,BPRES-2022-15142,2023-06-29,125000,Addition,Addition,Expired,EAST PRESTON,District 04,1,2,Dwelling - Semi-Detached,44.7121325771811,-63.41046033052664
12297,BPRES-2022-15147,2022-12-13,21500,Renovation,Renovation,Expired,HALIFAX,District 10,1,3,Dwelling - Multiple Units,44.65398199867831,-63.63324533164818
12298,BPRES-2022-15152,2022-12-08,26500,Renovation,Renovation,Amendment Application Incomplete,COW BAY,District 03,0,2,Dwelling - Single Detached,44.63327265259226,-63.427120487055724
12299,BPRES-2022-15171,2022-12-06,90000,Renovation,Renovation,Issued,HALIFAX,District 09,0,1,Dwelling - Single Detached,44.64111354285645,-63.60789931228516
12300,BPRES-2022-15190,2023-02-15,30000,New Building,New Building,Completed,MIDDLE SACKVILLE,District 14,0,1,Accessory Structure,44.78967966696253,-63.76253017595169
12301,BPRES-2022-15192,2022-12-01,30000,New Building,New Building,Expired,UPPER SACKVILLE,District 14,0,1,Accessory Structure,44.810652779651356,-63.75493511699214
12302,BPRES-2022-15202,2022-12-02,15000,New Building,New Building,Expired,HAMMONDS PLAINS,District 14,0,1,Accessory Structure,44.77097861899412,-63.776244676727174
12303,BPRES-2022-15233,2022-12-07,28000,Renovation,Renovation,Completed,HALIFAX,District 10,0,2,Dwelling - Townhouse,44.65596558443665,-63.65451722879075
12304,BPRES-2022-15251,2022-12-22,75000,Renovation,Renovation,Expired,TANTALLON,District 13,1,2,Dwelling - Single Detached,44.6662242265858,-63.89711282647406
12305,BPRES-2022-15265,2022-12-14,135000,Renovation,Renovation,Completed,HALIFAX,District 09,0,2,Dwelling - Multiple Units,44.64642353554123,-63.60102923317571
12306,BPRES-2022-15276,,120000,Addition,Addition,Applicant Revisions,HERRING COVE,District 11,0,2,Dwelling - Single Detached,44.562671265282574,-63.56338154363305
12307,BPRES-2022-15313,2023-03-28,70000,New Building,New Building,Completed,BALD ROCK,District 11,1,1,Dwelling - Backyard Suite,44.46914065775974,-63.58265577098085
12308,BPRES-2022-15364,2023-01-04,70000,Addition,Addition,Expired,TERENCE BAY,District 13,0,1,Dwelling - Single Detached,44.49227660092092,-63.73214602511151
12309,BPRES-2022-15372,2022-12-08,200000,New Building,New Building,Completed,BEECHVILLE,District 12,1,2,Dwelling - Single Detached,44.63786869774509,-63.67654873421027
12310,BPRES-2022-15416,2023-01-27,67000,New Building,New Building,Expired,WAVERLEY,District 01,1,2,Dwelling - Backyard Suite,44.782272587961565,-63.59248524616501
12311,BPRES-2022-15429,2022-12-28,171000,New Building,New Building,Expired,DARTMOUTH,District 05,1,1,Dwelling - Backyard Suite,44.66919625598838,-63.55869575294908
12312,BPRES-2022-15457,,525000,New Building,New Building,Application Incomplete,WYSES CORNER,District 01,1,1,Dwelling - Single Detached,44.961983241148296,-63.295572908470255
12313,BPRES-2022-15499,2023-02-09,43000,New Building,New Building,Completed,HALIFAX,District 12,0,1,Accessory Structure,44.67857868737098,-63.672683127946776
12314,BPRES-2022-15509,2023-02-10,50000,New Building,New Building,Expired,GLEN HAVEN,District 13,0,1,Accessory Structure,44.64077133471741,-63.92540750969023
12315,BPRES-2022-15530,2023-09-07,275000,New Building,New Building,Expired,,District 13,0,1,Accessory Structure,,
12316,BPRES-2022-15547,2022-12-21,135000,Renovation,Renovation,Completed,HALIFAX,District 09,0,1,Dwelling - Multiple Units,44.64645963939972,-63.60104254297112
12317,BPRES-2022-15559,2022-12-16,339000,Renovation,Renovation,Expired,HATCHET LAKE,District 13,0,2,Dwelling - Single Detached,44.565297167468486,-63.733504999997066
12318,BPRES-2022-15597,2023-12-08,1000,Renovation,Renovation,Completed,BEAVER BANK,District 15,1,2,Dwelling - Multiple Units,44.81032374655966,-63.68692675104612
12319,BPRES-2022-15659,2023-01-11,16000,Renovation,Renovation,Completed,WESTPHAL,District 04,1,2,Dwelling - Multiple Units,44.694826941075725,-63.48599401478512
12320,BPRES-2022-15664,2023-03-29,204000,Addition,Addition,Completed,HALIFAX,District 09,1,3,Dwelling - Multiple Units,44.64670945008717,-63.60053693745382
12321,BPRES-2022-15669,2022-12-23,10500,New Building,New Building,Issued,SOBER ISLAND,District 02,0,1,Accessory Structure,44.84991742408406,-62.47510028008927
12322,BPRES-2022-15680,2025-12-15,1273700,New Building,New Building,Amendment Applicant Revisions,LUCASVILLE,District 14,1,1,Dwelling - Single Detached,44.767163179995364,-63.743362546938556
12323,BPRES-2022-15699,,10000,Renovation,Renovation,Withdrawn,DARTMOUTH,District 05,0,1,Dwelling - Backyard Suite,44.66718652431927,-63.5772866439201
12324,BPRES-2022-15708,2022-12-30,194000,New Building,New Building,Completed,HALIFAX,District 11,1,2,Dwelling - Single Detached,44.60712705869788,-63.601157130678274
12325,BPRES-2022-15714,2023-01-13,455000,New Building,New Building,Completed,DARTMOUTH,District 05,2,3,Dwelling - Multiple Units,44.68185309291989,-63.59323853366684
12326,BPRES-2022-15747,2023-06-30,20000,New Building,New Building,Expired,HATCHET LAKE,District 13,0,1,Accessory Structure,44.565297167468486,-63.733504999997066
12327,BPRES-2022-15783,2022-12-23,79700,Renovation,Renovation,Completed,HALIFAX,District 09,0,2,Dwelling - Single Detached,44.63822544258185,-63.628081230017045
12328,BPRES-2022-15804,2023-01-12,365000,Addition,Addition,Completed,HALIFAX,District 09,0,2,Dwelling - Single Detached,44.64652518186293,-63.59851010525343
12329,BPRES-2022-15816,2022-12-29,36000,New Building,New Building,Completed,HEAD OF JEDDORE,District 02,0,1,Accessory Structure,44.77769521079443,-63.082500144137505
12330,BPRES-2022-15823,2023-01-05,5000,Renovation,Renovation,Expired,HALIFAX,District 09,0,2,Dwelling - Multiple Units,44.64454595899737,-63.60627470285204
12331,BPRES-2022-15865,2023-01-05,4000,Renovation,Renovation,Completed,HERRING COVE,District 11,1,2,Dwelling - Single Detached,44.58431194498074,-63.58595785943883
12332,BPRES-2022-15879,2023-03-30,24000,Renovation,Renovation,Completed,PORTERS LAKE,District 02,1,2,Dwelling - Single Detached,44.74464624283667,-63.28787221487416
12333,BPRES-2022-15889,2023-02-16,60000,Addition,Addition,Issued,DUTCH SETTLEMENT,District 01,0,1,Dwelling - Single Detached,44.980447581893344,-63.44988312585042
12334,BPRES-2022-15900,,7500,New Building,New Building,Withdrawn,GLEN HAVEN,District 13,0,1,Accessory Structure,44.636606979956376,-63.917492224545164
12335,BPRES-2022-15937,2023-01-12,194000,New Building,New Building,Issued,HALIFAX,District 11,1,2,Dwelling - Single Detached,44.60696488796534,-63.60134604780935
12336,BPRES-2022-15946,2023-01-20,194000,New Building,New Building,Completed,HALIFAX,District 11,1,2,Dwelling - Single Detached,44.606806478987664,-63.60155854892929
12337,BPRES-2022-15949,2023-08-22,555000,New Building,New Building,Expired,DARTMOUTH,District 05,2,2,Dwelling - Multiple Units,44.666345032034926,-63.57784101644268
12338,BPRES-2023-00001,,50000,New Building,New Building,Applicant Revisions,PLEASANT VALLEY,District 01,0,2,Accessory Structure,45.091193855284104,-62.866343338658844
12339,BPRES-2023-00012,2023-04-12,130000,New Building,New Building,Issued,MILFORD,District 01,1,2,Dwelling - Backyard Suite,45.04114238380371,-63.419881082735
12340,BPRES-2023-00027,,172500,Renovation,Renovation,Withdrawn,DARTMOUTH,District 06,0,1,Dwelling - Multiple Units,44.71357797400574,-63.54596955891366
12341,BPRES-2023-00036,2023-01-10,20000,New Building,New Building,Completed,TANTALLON,District 13,0,1,Accessory Structure,44.65832889071,-63.89761586291969
12342,BPRES-2023-00046,2023-01-11,182200,Renovation,Renovation,Expired,HALIFAX,District 09,0,2,Dwelling - Single Detached,44.640034908958604,-63.63265005370613
12343,BPRES-2023-00074,2023-01-12,143500,Renovation,Renovation,Expired,DARTMOUTH,District 06,0,2,Dwelling - Single Detached,44.71357797400574,-63.54596955891366
12344,BPRES-2023-00101,2023-01-12,100000,Renovation,Renovation,Completed,HALIFAX,District 09,0,3,Dwelling - Multiple Units,44.64392785828555,-63.59668588826807
12345,BPRES-2023-00125,2024-02-01,20500,New Building,New Building,Expired,FALL RIVER,District 01,0,1,Accessory Structure,44.8388235290662,-63.6203596519491
12346,BPRES-2023-00136,,,Renovation,Renovation,Application Incomplete,DARTMOUTH,District 06,1,1,Dwelling - Single Detached,44.680608301243566,-63.51668951868324
12347,BPRES-2023-00205,2023-03-23,53800,New Building,New Building,Completed,FALL RIVER,District 01,0,2,Accessory Structure,44.83668155876483,-63.6475917579546
12348,BPRES-2023-00236,,80000,Renovation,Renovation,Application Incomplete,BEDFORD,District 16,0,1,Dwelling - Single Detached,44.72868005795433,-63.67113197188754
12349,BPRES-2023-00244,2023-01-25,1700,Renovation,Renovation,Amendment Applicant Revisions,HALIFAX,District 09,0,1,Dwelling - Single Detached,44.649829211405574,-63.60920672375901
12350,BPRES-2023-00316,2023-02-21,40000,Renovation,Renovation,Completed,DARTMOUTH,District 06,1,2,Dwelling - Single Detached,44.70472640004945,-63.536194795299664
12351,BPRES-2023-00360,,31700,Addition,Addition,Withdrawn,CONROD SETTLEMENT,District 02,0,1,Dwelling - Single Detached,44.75690484482719,-63.24189678116576
12352,BPRES-2023-00370,,150000,Addition,Addition,Withdrawn,HALIFAX,District 10,1,3,Dwelling - Multiple Units,44.658302284578745,-63.632106623622164
12353,BPRES-2023-00403,2023-01-23,21000,Renovation,Renovation,Completed,HALIFAX,District 10,1,2,Dwelling - Multiple Units,44.656462461477034,-63.637579862977326
12354,BPRES-2023-00412,2023-01-25,40705,Renovation,Renovation,Completed,LEWIS LAKE,District 13,0,2,Dwelling - Single Detached,44.67040922628507,-63.82664780380853
12355,BPRES-2023-00436,2023-05-25,2000,Renovation,Renovation,Expired,COLE HARBOUR,District 04,0,1,Dwelling - Single Detached,44.67311963181378,-63.4990852868895
12356,BPRES-2023-00448,2023-02-07,152500,New Building,New Building,Completed,WEST CHEZZETCOOK,District 02,1,1,Dwelling - Single Detached,44.72456348533775,-63.26628539330218
12357,BPRES-2023-00458,2023-03-29,70000,New Building,New Building,Expired,WINDSOR JUNCTION,District 01,0,1,Accessory Structure,44.793099320989285,-63.656039522967355
12358,BPRES-2023-00469,2023-02-01,800000,New Building,New Building,Completed,BEECHVILLE,District 12,4,2,Dwelling - Townhouse,44.63786522914897,-63.67832841801914
12359,BPRES-2023-00491,2023-01-31,50095,Renovation,Renovation,Expired,HALIFAX,District 16,0,7,Dwelling - Multiple Units,44.7011324862241,-63.66343585559099
12360,BPRES-2023-00507,2023-02-10,200000,New Building,New Building,Completed,BOUTILIERS POINT,District 13,1,2,Dwelling - Single Detached,44.66361371297514,-63.95912490445797
12361,BPRES-2023-00533,2023-01-23,400000,New Building,New Building,Completed,HAMMONDS PLAINS,District 14,1,1,Dwelling - Single Detached,44.70015264157529,-63.80969526086471
12362,BPRES-2023-00540,2023-09-29,500000,New Building,New Building,Issued,HALIFAX,District 10,2,2,Dwelling - Multiple Units,44.67894329147172,-63.65973006111054
12363,BPRES-2023-00548,2023-03-03,350000,New Building,New Building,Completed,SEAFORTH,District 02,1,1,Dwelling - Single Detached,44.669251400316206,-63.25761554003707
12364,BPRES-2023-00591,2023-04-06,42000,New Building,New Building,Amendment Application Incomplete,HEAD OF CHEZZETCOOK,District 02,0,2,Accessory Structure,44.741829221465714,-63.257588133132984
12365,BPRES-2023-00607,2023-02-07,178000,New Building,New Building,Expired,MIDDLE PORTERS LAKE,District 02,1,2,Dwelling - Single Detached,44.706172998765645,-63.2898653129058
12366,BPRES-2023-00624,2023-02-07,500,Renovation,Renovation,Completed,DARTMOUTH,District 05,1,2,Dwelling - Multiple Units,44.66684900154862,-63.58015303592851
12367,BPRES-2023-00647,2023-01-31,186000,Addition,Addition,Completed,SPRY HARBOUR,District 02,0,1,Dwelling - Single Detached,44.82702676378731,-62.62405249948385
12368,BPRES-2023-00671,,4280,Renovation,Renovation,Withdrawn,DARTMOUTH,District 05,1,2,Accessory Structure,44.667238703985184,-63.5679476327619
12369,BPRES-2023-00673,2023-03-14,500000,New Building,New Building,Completed,HALIFAX,District 08,2,3,Dwelling - Multiple Units,44.65271216453767,-63.59118874705441
12370,BPRES-2023-00676,2023-02-03,4400,Renovation,Renovation,Completed,DARTMOUTH,District 06,0,2,Dwelling - Single Detached,44.67486149636819,-63.51465516605217
12371,BPRES-2023-00694,2023-06-23,450000,New Building,New Building,Expired,BOUTILIERS POINT,District 13,1,2,Dwelling - Single Detached,44.672965417580485,-63.9343737710121
12372,BPRES-2023-00695,2023-06-19,15000,Addition,Addition,Completed,DARTMOUTH,District 05,1,2,Dwelling - Multiple Units,44.66773567875565,-63.57708498063337
12373,BPRES-2023-00702,2023-02-03,65000,Renovation,Renovation,Completed,HALIFAX,District 09,1,2,Dwelling - Semi-Detached,44.65003522184244,-63.6208714959067
12374,BPRES-2023-00707,2023-03-15,123500,Addition,Addition,Expired,DARTMOUTH,District 05,0,2,Dwelling - Single Detached,44.672772359488874,-63.568815699042574
12375,BPRES-2023-00743,2023-02-16,122290.99,Addition,Addition,Completed,HALIFAX,District 08,0,1,Dwelling - Single Detached,44.669529404098,-63.61217143326905
12376,BPRES-2023-00766,2023-03-08,236861,New Building,New Building,Completed,COLE HARBOUR,District 04,1,1,Dwelling - Backyard Suite,44.660297483577395,-63.48885573329433
12377,BPRES-2023-00808,2023-02-08,15000,Renovation,Renovation,Completed,GLEN HAVEN,District 13,1,1,Dwelling - Single Detached,44.649250084055474,-63.90837417670164
12378,BPRES-2023-00821,2023-01-30,20000,Renovation,Renovation,Completed,DARTMOUTH,District 03,0,1,Dwelling - Townhouse,44.65803813176861,-63.52524953056219
12379,BPRES-2023-00841,,36000,Renovation,Renovation,Withdrawn,DARTMOUTH,District 05,1,2,Dwelling - Multiple Units,44.68031792286669,-63.575486431298124
12380,BPRES-2023-00858,2023-03-16,145000,Addition,Addition,Expired,DARTMOUTH,District 05,0,2,Dwelling - Single Detached,44.6823365659868,-63.568610914692414
12381,BPRES-2023-00871,2023-02-02,75000,Renovation,Renovation,Completed,BEDFORD,District 16,0,2,Dwelling - Single Detached,44.73175520944555,-63.66248764476859
12382,BPRES-2023-00880,,31300,Renovation,Renovation,Withdrawn,HALIFAX,District 10,1,3,Dwelling - Multiple Units,44.66176433084352,-63.62867841962592
12383,BPRES-2023-00887,2023-03-06,600000,New Building,New Building,Completed,BEECHVILLE,District 12,4,3,Dwelling - Townhouse,44.640790581559486,-63.67928539975175
12384,BPRES-2023-00887,2023-03-06,600000,New Building,New Building,Completed,BEECHVILLE,District 12,4,3,Dwelling - Townhouse,44.640790581559486,-63.67928539975175
12385,BPRES-2023-00887,2023-03-06,600000,New Building,New Building,Completed,BEECHVILLE,District 12,4,3,Dwelling - Townhouse,44.640790581559486,-63.67928539975175
12386,BPRES-2023-00887,2023-03-06,600000,New Building,New Building,Completed,BEECHVILLE,District 12,4,3,Dwelling - Townhouse,44.640790581559486,-63.67928539975175
12387,BPRES-2023-00906,2023-06-21,120000,New Building,New Building,Expired,SAMBRO CREEK,District 11,1,2,Dwelling - Single Detached,44.46435818209639,-63.60616260928675
12388,BPRES-2023-00914,2023-11-30,2000,New Building,New Building,Issued,WAVERLEY,District 01,0,1,Accessory Structure,44.76823019574424,-63.574664048740445
12389,BPRES-2023-00937,2025-11-24,2500,Renovation,Renovation,Completed,HALIFAX,District 10,1,3,Dwelling - Multiple Units,44.65457645056841,-63.634759211019876
12390,BPRES-2023-00944,2023-02-16,50000,New Building,New Building,Completed,EAST LAWRENCETOWN,District 02,0,1,Accessory Structure,44.643815687942386,-63.3288890518864
12391,BPRES-2023-00949,2023-04-18,450000,New Building,New Building,Expired,WATT SECTION,District 02,1,1,Dwelling - Single Detached,44.90791670484913,-62.49933695713868
12392,BPRES-2023-00969,2023-03-27,59500,New Building,New Building,Completed,HALIFAX,District 11,0,1,Accessory Structure,44.591143441886,-63.5951960662343
12393,BPRES-2023-00974,2023-03-09,500000,New Building,New Building,Issued,DARTMOUTH,District 06,1,2,Dwelling - Single Detached,44.704916671094765,-63.551744069172614
12394,BPRES-2023-00988,,191500,Addition,Addition,Application Incomplete,PORTERS LAKE,District 02,0,1,Dwelling - Single Detached,44.75493647456157,-63.3209081789318
12395,BPRES-2023-01000,2023-02-06,4000,Renovation,Renovation,Completed,HALIFAX,District 11,1,3,Dwelling - Townhouse,44.60226507686255,-63.61337539052401
12396,BPRES-2023-01003,2023-02-06,4000,Renovation,Renovation,Expired,HALIFAX,District 11,1,3,Dwelling - Townhouse,44.60213256197881,-63.61354646920104
12397,BPRES-2023-01032,2023-05-11,280000,New Building,New Building,Issued,DARTMOUTH,District 06,0,1,Dwelling - Single Detached,44.70963356734611,-63.546127830816204
12398,BPRES-2023-01036,2023-04-18,51000,Addition,Addition,Completed,HALIFAX,District 09,0,3,Dwelling - Single Detached,44.640373867574944,-63.604666207236704
12399,BPRES-2023-01067,2023-05-16,2200000,New Building,New Building,Completed,GLEN HAVEN,District 13,1,3,Dwelling - Single Detached,44.63603244234739,-63.92941438661398
12400,BPRES-2023-01080,2023-02-07,70000,Renovation,Renovation,Expired,DARTMOUTH,District 06,0,1,Dwelling - Single Detached,44.68182469375011,-63.50159635961824
12401,BPRES-2023-01097,2023-02-10,80000,New Building,New Building,Amendment Applicant Revisions,HEAD OF ST MARGARETS BAY,District 13,0,2,Accessory Structure,44.669122802787356,-63.91822319403863
12402,BPRES-2023-01129,2023-03-03,276000,New Building,New Building,Expired,KINSAC,District 15,1,2,Dwelling - Single Detached,44.842597557159124,-63.6598972403307
12403,BPRES-2023-01139,,105000,Addition,Addition,Applicant Revisions,POPES HARBOUR,District 02,0,1,Dwelling - Single Detached,44.808344608884376,-62.64897251784587
12404,BPRES-2023-01163,2023-03-08,1000000,New Building,New Building,Completed,INDIAN HARBOUR,District 13,1,1,Dwelling - Single Detached,44.52354391589146,-63.94905102896945
12405,BPRES-2023-01174,2023-05-02,185000,New Building,New Building,Completed,UPPER SACKVILLE,District 14,1,1,Dwelling - Backyard Suite,44.82527297302437,-63.76194222122316
12406,BPRES-2023-01191,2023-02-13,30000,New Building,New Building,Completed,HAMMONDS PLAINS,District 14,0,1,Accessory Structure,44.713447721480314,-63.746075218173814
12407,BPRES-2023-01213,2023-02-17,450000,New Building,New Building,Completed,WHITES LAKE,District 13,1,1,Dwelling - Single Detached,44.523295464023995,-63.75637495629646
12408,BPRES-2023-01220,2024-03-19,500000,New Building,New Building,Expired,HALIFAX,District 10,2,2,Dwelling - Multiple Units,44.678936723481755,-63.659918817232395
12409,BPRES-2023-01233,2023-04-11,300000,New Building,New Building,Completed,EAST SHIP HARBOUR,District 02,1,1,Dwelling - Single Detached,44.77682875317771,-62.794813491302314
12410,BPRES-2023-01249,2023-03-28,195000,Renovation,Renovation,Completed,EASTERN PASSAGE,District 03,1,1,Dwelling - Single Detached,44.61168778291274,-63.49300490171621
12411,BPRES-2023-01303,2023-04-18,136000,Renovation,Renovation,Expired,,District 08,0,3,Dwelling - Multiple Units,44.65132749151296,-63.5852297081119
12412,BPRES-2023-01311,2023-02-14,30000,New Building,New Building,Completed,SPRY BAY,District 02,0,1,Accessory Structure,44.82439239916873,-62.596725072577755
12413,BPRES-2023-01343,,33000,New Building,New Building,Withdrawn,DARTMOUTH,District 06,0,1,Accessory Structure,44.711079005697826,-63.60332718540767
12414,BPRES-2023-01369,2023-03-09,274500,New Building,New Building,Completed,HATCHET LAKE,District 13,1,2,Dwelling - Single Detached,44.57096843969688,-63.714475386892076
12415,BPRES-2023-01378,,25000,New Building,New Building,Applicant Revisions,MIDDLE SACKVILLE,District 14,0,1,Accessory Structure,44.81451285389846,-63.75093479897791
12416,BPRES-2023-01381,2023-04-18,150000,New Building,New Building,Expired,KINSAC,District 15,1,1,Dwelling - Backyard Suite,44.8420243753976,-63.66143857794967
12417,BPRES-2023-01387,2023-03-09,200000,Renovation,Renovation,Completed,HACKETTS COVE,District 13,0,1,Dwelling - Single Detached,44.57424655936029,-63.927311656534954
12418,BPRES-2023-01392,2023-02-28,25000,Renovation,Renovation,Expired,HALIFAX,District 07,0,2,Dwelling - Multiple Units,44.639447026374185,-63.571015368683355
12419,BPRES-2023-01399,2023-07-18,539069.95,New Building,New Building,Completed,OSTREA LAKE,District 02,1,1,Dwelling - Single Detached,44.751505954376896,-63.11198896460243
12420,BPRES-2023-01403,2023-07-14,95000,New Building,New Building,Expired,HATCHET LAKE,District 13,1,2,Dwelling - Backyard Suite,44.57278539977735,-63.70851219273521
12421,BPRES-2023-01418,2023-03-27,11000,Renovation,Renovation,Completed,EAST DOVER,District 13,0,2,Dwelling - Single Detached,44.493402178342684,-63.84401253128686
12422,BPRES-2023-01423,2023-03-21,25000,New Building,New Building,Issued,WEST PENNANT,District 11,1,1,Dwelling - Seasonal,44.46744639026877,-63.66751834713838
12423,BPRES-2023-01449,,65000,Addition,Addition,Withdrawn,UPPER MUSQUODOBOIT,District 01,0,2,Dwelling - Single Detached,45.133649725349265,-62.95539730293721
12424,BPRES-2023-01460,2023-04-04,20000,Addition,Addition,Completed,HAMMONDS PLAINS,District 14,0,1,Dwelling - Single Detached,44.70845547892875,-63.76010676254103
12425,BPRES-2023-01466,2024-07-03,26000,New Building,New Building,Amendment Review,WEST DOVER,District 13,1,1,Dwelling - Single Detached,44.50711886173106,-63.889410483164525
12426,BPRES-2023-01506,,125000,New Building,New Building,Expired (Closed),HALIFAX,District 10,1,2,Dwelling - Backyard Suite,44.675125316905394,-63.65236781972154
12427,BPRES-2023-01525,2023-07-07,40000,Addition,Addition,Completed,DARTMOUTH,District 03,1,1,Dwelling - Single Detached,44.66374746515473,-63.54936713606132
12428,BPRES-2023-01557,2023-05-08,1000,New Building,New Building,Expired,LOWER SACKVILLE,District 15,0,1,Accessory Structure,44.765770157949184,-63.68371541704643
12429,BPRES-2023-01567,2023-11-15,6299000,New Building,New Building,Issued,HALIFAX,District 07,24,7,Dwelling - Multiple Units,44.63811070846947,-63.57258711297626
12430,BPRES-2023-01635,2023-02-21,1200000,New Building,New Building,Completed,,District 12,6,3,Dwelling - Townhouse,,
12431,BPRES-2023-01667,2023-04-05,950618,New Building,New Building,Completed,BEDFORD,District 16,5,3,Dwelling - Townhouse,44.707043196483816,-63.71623007571622
12432,BPRES-2023-01674,2023-03-15,20000,New Building,New Building,Expired,EAST JEDDORE,District 02,0,1,Accessory Structure,44.744748232567545,-63.016130068925925
12433,BPRES-2023-01709,,4200,Renovation,Renovation,Application Incomplete,HALIFAX,District 08,0,2,Dwelling - Semi-Detached,44.65567022324929,-63.59366414025092
12434,BPRES-2023-01728,2023-03-20,25000,New Building,New Building,Completed,ELMSVALE,District 01,0,1,Accessory Structure,45.079174505092126,-63.093961010519564
12435,BPRES-2023-01800,2023-03-22,515000,New Building,New Building,Completed,HACKETTS COVE,District 13,1,2,Dwelling - Backyard Suite,44.551671767466864,-63.94081813666599
12436,BPRES-2023-01820,2023-03-02,100000,Addition,Addition,Expired,STILLWATER LAKE,District 13,0,1,Dwelling - Single Detached,44.702834479897874,-63.84621521316983
12437,BPRES-2023-01863,2023-06-19,20000,Addition,Addition,Completed,QUEENSLAND,District 13,0,2,Accessory Structure,44.64323015990496,-64.00861322144638
12438,BPRES-2023-01878,2023-11-14,800000,New Building,New Building,Issued,HALIFAX,District 11,4,2,Dwelling - Multiple Units,44.62400723395196,-63.619706120061466
12439,BPRES-2023-01878,2023-11-14,800000,New Building,New Building,Issued,HALIFAX,District 11,4,2,Dwelling - Multiple Units,44.62400723395196,-63.619706120061466
12440,BPRES-2023-01898,2023-08-11,3000,Renovation,Renovation,Completed,WINDSOR JUNCTION,District 01,1,1,Dwelling - Backyard Suite,44.78641680768787,-63.633643901881904
12441,BPRES-2023-01914,2023-04-05,1140741,New Building,New Building,Completed,BEDFORD,District 16,6,3,Dwelling - Townhouse,44.70692182937202,-63.715669534698016
12442,BPRES-2023-01933,2023-03-22,100000,Renovation,Renovation,Completed,HALIFAX,District 09,0,2,Dwelling - Multiple Units,44.649798320861564,-63.60640456618428
12443,BPRES-2023-01956,2023-03-06,400000,Addition,Addition,Expired,HALIFAX,District 07,0,2,Dwelling - Single Detached,44.63116003855632,-63.583957782265465
12444,BPRES-2023-01961,2023-03-16,35000,New Building,New Building,Completed,PORTERS LAKE,District 02,0,1,Accessory Structure,44.70811460225156,-63.30745879908185
12445,BPRES-2023-01998,2023-03-23,425000,New Building,New Building,Completed,PORTUGUESE COVE,District 11,1,1,Dwelling - Single Detached,44.51551648363445,-63.54483122472489
12446,BPRES-2023-02030,,500000,New Building,New Building,Cancelled,WELLINGTON,District 01,1,2,Dwelling - Single Detached,44.87543461981124,-63.605092663905076
12447,BPRES-2023-02061,2023-04-18,260000,New Building,New Building,Issued,WINDSOR JUNCTION,District 01,1,2,Dwelling - Single Detached,44.80035345911392,-63.639426453170586
12448,BPRES-2023-02071,2023-05-11,239500,Addition,Addition,Amendment Applicant Revisions,DARTMOUTH,District 05,1,2,Dwelling - Multiple Units,44.67291756592704,-63.586535118735284
12449,BPRES-2023-02136,2023-03-06,210000,New Building,New Building,Completed,WEST CHEZZETCOOK,District 02,1,2,Dwelling - Single Detached,44.71837934445362,-63.28697677861434
12450,BPRES-2023-02162,2023-03-29,1000,Renovation,Renovation,Completed,QUEENSLAND,District 13,1,1,Dwelling - Single Detached,44.64819573504721,-64.0017150138056
12451,BPRES-2023-02175,2023-03-27,300000,Renovation,Renovation,Expired,HALIFAX,District 09,0,2,Dwelling - Multiple Units,44.6436771046774,-63.612443746154376
12452,BPRES-2023-02215,,213749.76,New Building,New Building,Withdrawn,EAST PETPESWICK,District 02,1,1,Dwelling - Single Detached,44.68958441214623,-63.14534922180693
12453,BPRES-2023-02246,,160000,New Building,New Building,Withdrawn,,District 13,1,2,Dwelling - Single Detached,44.54356644808976,-63.73671581989732
12454,BPRES-2023-02260,,10000,New Building,New Building,Applicant Revisions,COLE HARBOUR,District 04,0,1,Accessory Structure,44.68008386553969,-63.50301198603184
12455,BPRES-2023-02292,2023-03-15,216000,Addition,Addition,Expired,HALIFAX,District 09,0,2,Dwelling - Single Detached,44.650620041617586,-63.60825282416314
12456,BPRES-2023-02302,2024-10-09,75000,Addition,Addition,Issued,HALIFAX,District 08,0,3,Dwelling - Multiple Units,44.65135414005226,-63.58387327820159
12457,BPRES-2023-02316,2023-06-12,135500,New Building,New Building,Expired,HALIFAX,District 07,0,1,Accessory Structure,44.63476583148403,-63.584792267662166
12458,BPRES-2023-02335,2023-03-16,323000,New Building,New Building,Completed,KINSAC,District 15,1,1,Dwelling - Single Detached,44.8448989102139,-63.65929961211842
12459,BPRES-2023-02342,2023-03-10,137000,Addition,Addition,Completed,HUBLEY,District 13,0,2,Dwelling - Single Detached,44.65949367654211,-63.81202382002428
12460,BPRES-2023-02355,,26000,Addition,Addition,Application Incomplete,HALIFAX,District 10,1,2,Dwelling - Multiple Units,44.65383938700833,-63.64790724326783
12461,BPRES-2023-02356,2023-09-19,22000000,Addition,Addition,Issued,HALIFAX,District 07,71,9,Dwelling - Multiple Units,44.6403300005738,-63.570035027251244
12462,BPRES-2023-02356,2023-09-19,22000000,Addition,Addition,Issued,HALIFAX,District 07,71,9,Dwelling - Multiple Units,44.6403300005738,-63.570035027251244
12463,BPRES-2023-02356,2023-09-19,22000000,Addition,Addition,Issued,HALIFAX,District 07,71,9,Dwelling - Multiple Units,44.6403300005738,-63.570035027251244
12464,BPRES-2023-02359,,355801,Renovation,Renovation,Application Incomplete,HALIBUT BAY,District 11,0,2,Dwelling - Single Detached,44.54043648721126,-63.546396375259576
12465,BPRES-2023-02379,2023-03-16,45000,New Building,New Building,Completed,DARTMOUTH,District 05,0,1,Accessory Structure,44.68024919509241,-63.58967092356657
12466,BPRES-2023-02385,2023-09-29,21000000,New Building,New Building,Issued,UPPER HAMMONDS PLAINS,District 14,102,3,Dwelling - Multiple Units,44.76130673147603,-63.85565515883645
12467,BPRES-2023-02386,2023-04-18,500000,New Building,New Building,Completed,HAMMONDS PLAINS,District 14,1,1,Dwelling - Single Detached,44.696765573782585,-63.803451116403906
12468,BPRES-2023-02409,2023-04-19,10000,Renovation,Renovation,Completed,HALIFAX,District 10,0,2,Dwelling - Multiple Units,44.66176433084352,-63.62867841962592
12469,BPRES-2023-02424,,300000,New Building,New Building,Withdrawn,SEAFORTH,District 02,1,1,Dwelling - Seasonal,44.67496217505484,-63.25475873132843
12470,BPRES-2023-02444,2023-03-27,35000,New Building,New Building,Completed,WAVERLEY,District 06,0,1,Accessory Structure,44.73883683294438,-63.55602480552214
12471,BPRES-2023-02457,2023-06-21,345000,New Building,New Building,Issued,HALIFAX,District 09,0,3,Dwelling - Single Detached,44.63562058919133,-63.6244353564166
12472,BPRES-2023-02475,2023-03-17,3500,Renovation,Renovation,Expired,HALIFAX,District 11,0,3,Dwelling - Semi-Detached,44.60043284122823,-63.60065579449375
12473,BPRES-2023-02481,2023-06-20,40000,New Building,New Building,Completed,,District 02,0,1,Accessory Structure,,
12474,BPRES-2023-02489,,92800000,New Building,New Building,Cancelled,BEDFORD,District 16,464,12,Dwelling - Multiple Units,44.70838421680836,-63.71201439881824
12475,BPRES-2023-02504,2023-04-19,850000,New Building,New Building,Completed,BEAVER BANK,District 15,2,1,Dwelling - Multiple Units,44.85124414965986,-63.68262949318019
12476,BPRES-2023-02505,2023-05-03,200000,Addition,Addition,Completed,HERRING COVE,District 11,1,2,Dwelling - Backyard Suite,44.568627345315186,-63.561410410709804
12477,BPRES-2023-02515,2023-03-15,5000,Renovation,Renovation,Expired,HALIFAX,District 09,0,2,Dwelling - Single Detached,44.64338464405916,-63.63800313175347
12478,BPRES-2023-02528,,246500,New Building,New Building,Withdrawn,MUSHABOOM,District 02,1,2,Dwelling - Single Detached,44.857278730786064,-62.555589425344195
12479,BPRES-2023-02538,2023-03-27,100000,New Building,New Building,Completed,HERRING COVE,District 11,0,1,Accessory Structure,44.56238919508134,-63.56812317655485
12480,BPRES-2023-02548,2023-04-20,350000,New Building,New Building,Completed,WEST PORTERS LAKE,District 02,1,2,Dwelling - Single Detached,44.68166843892836,-63.32235267174114
12481,BPRES-2023-02554,2023-03-27,1100000,New Building,New Building,Completed,HALIFAX,District 09,0,2,Dwelling - Single Detached,44.64696392978774,-63.61120087626804
12482,BPRES-2023-02594,2023-03-21,40000,New Building,New Building,Completed,HUBLEY,District 13,0,1,Accessory Structure,44.66424122135843,-63.81516127471157
12483,BPRES-2023-02626,,100000,New Building,New Building,Application Incomplete,MIDDLE SACKVILLE,District 14,1,1,Dwelling - Backyard Suite,44.77775767501206,-63.703982906877485
12484,BPRES-2023-02630,2023-03-23,20000,Renovation,Renovation,Issued,LAKESIDE,District 12,1,1,Dwelling - Single Detached,44.63950885571748,-63.703780455066074
12485,BPRES-2023-02660,2023-04-11,360000,New Building,New Building,Completed,INDIAN HARBOUR,District 13,1,2,Dwelling - Single Detached,44.52477193960311,-63.94959512564814
12486,BPRES-2023-02667,2023-03-22,175000,Addition,Addition,Completed,PORTERS LAKE,District 02,0,2,Dwelling - Single Detached,44.74841542942456,-63.32997130680698
12487,BPRES-2023-02697,2023-07-11,226000,New Building,New Building,Cancelled,HERRING COVE,District 11,0,1,Accessory Structure,44.56553565605601,-63.557337112631565
12488,BPRES-2023-02716,,489000,New Building,New Building,Withdrawn,PORTUGUESE COVE,District 11,1,1,Dwelling - Single Detached,44.52275034063903,-63.54505760275464
12489,BPRES-2023-02731,2023-03-23,600000,New Building,New Building,Completed,BEECHVILLE,District 12,4,3,Dwelling - Townhouse,44.64090024659392,-63.67969300679523
12490,BPRES-2023-02737,2023-04-25,400000,New Building,New Building,Completed,EAST PETPESWICK,District 02,1,2,Dwelling - Single Detached,44.730703044603324,-63.15510232670482
12491,BPRES-2023-02753,2023-03-23,800000,New Building,New Building,Expired,HALIFAX,District 09,1,2,Dwelling - Single Detached,44.64525981668011,-63.62900330943158
12492,BPRES-2023-02761,2024-04-19,1446000,New Building,New Building,Completed,HALIFAX,District 08,2,2,Dwelling - Semi-Detached,44.66052903679356,-63.60187009446267
12493,BPRES-2023-02784,2023-06-19,195000,Addition,Addition,Issued,HERRING COVE,District 11,0,1,Dwelling - Single Detached,44.57317312526451,-63.55612799609917
12494,BPRES-2023-02804,2023-04-19,520000,New Building,New Building,Expired,DUTCH SETTLEMENT,District 01,1,1,Dwelling - Single Detached,44.98444672619146,-63.43223077618004
12495,BPRES-2023-02809,2023-04-20,250000,Addition,Addition,Issued,HALIFAX,District 09,0,2,Dwelling - Single Detached,44.6448793332005,-63.59035910621985
12496,BPRES-2023-02811,2023-07-17,115000,New Building,New Building,Expired,PLEASANT VALLEY,District 01,1,2,Dwelling - Single Detached,45.132169867981965,-62.856011290395074
12497,BPRES-2023-02823,2023-04-18,25000,Addition,Addition,Completed,MILL LAKE,District 01,0,1,Dwelling - Single Detached,45.12667289485675,-62.89817727717156
12498,BPRES-2023-02830,2023-08-18,436000,New Building,New Building,Issued,HALIFAX,District 11,2,3,Dwelling - Semi-Detached,44.61890970093261,-63.61400296893346
12499,BPRES-2023-02846,2023-09-05,500000,New Building,New Building,Completed,DARTMOUTH,District 05,2,3,Dwelling - Multiple Units,44.67519939733978,-63.56305828347889
12500,BPRES-2023-02850,2023-05-17,115000,New Building,New Building,Completed,BEAVER BANK,District 15,1,2,Dwelling - Backyard Suite,44.847122805580376,-63.66737893078014
12501,BPRES-2023-02858,2023-04-13,37000,Addition,Addition,Expired,HERRING COVE,District 11,0,1,Accessory Structure,44.577898812173615,-63.576589091183436
12502,BPRES-2023-02880,2023-03-24,75000,Addition,Addition,Amendment Applicant Revisions,COLE HARBOUR,District 04,1,1,Dwelling - Multiple Units,44.66803318511947,-63.4911841716817
12503,BPRES-2023-02902,2023-04-03,1125000,New Building,New Building,Completed,BEECHVILLE,District 12,5,3,Dwelling - Townhouse,44.63748713637706,-63.678743066104886
12504,BPRES-2023-02915,,200000,New Building,New Building,Withdrawn,HUBLEY,District 13,1,2,Dwelling - Single Detached,44.66209544924855,-63.792648216114515
12505,BPRES-2023-02954,2023-03-24,25000,New Building,New Building,Completed,MIDDLE SACKVILLE,District 14,0,1,Accessory Structure,44.822794300291925,-63.72219204904327
12506,BPRES-2023-02960,2023-03-30,90000,New Building,New Building,Completed,WATT SECTION,District 02,1,1,Dwelling - Single Detached,44.89887571738187,-62.48541208240764
12507,BPRES-2023-02971,2023-04-05,150000,New Building,New Building,Completed,OAKFIELD,District 01,1,1,Dwelling - Backyard Suite,44.91710312289302,-63.565760346512924
12508,BPRES-2023-02987,2023-05-17,657600,New Building,New Building,Issued,HERRING COVE,District 11,1,2,Dwelling - Single Detached,44.56563557143343,-63.556998772770896
12509,BPRES-2023-03009,2023-04-19,84500,Addition,Addition,Expired,HAMMONDS PLAINS,District 14,1,1,Dwelling - Backyard Suite,44.71105818490294,-63.76110437927999
12510,BPRES-2023-03013,2023-03-24,22000,Renovation,Renovation,Completed,HALIFAX,District 07,0,2,Dwelling - Single Detached,44.64011144029693,-63.589365948413196
12511,BPRES-2023-03032,2023-05-03,200000,Renovation,Renovation,Expired,HAMMONDS PLAINS,District 14,0,2,Dwelling - Single Detached,44.75080891097125,-63.76778217070546
12512,BPRES-2023-03061,2023-04-17,150000,Addition,Addition,Expired,HALIFAX,District 07,0,3,Dwelling - Single Detached,44.640859361932534,-63.589257185567234
12513,BPRES-2023-03105,,62000,New Building,New Building,Withdrawn,HALIFAX,District 09,1,2,Dwelling - Backyard Suite,44.63562058919133,-63.6244353564166
12514,BPRES-2023-03125,2023-04-20,640000,New Building,New Building,Completed,MONTAGUE GOLD MINES,District 01,1,3,Dwelling - Single Detached,44.723979813031704,-63.5234231361957
12515,BPRES-2023-03132,,5000,New Building,New Building,Withdrawn,BEDFORD,District 16,0,1,Accessory Structure,44.70257275943478,-63.688665878116794
12516,BPRES-2023-03148,2023-05-25,545000,Renovation,Renovation,Completed,HALIFAX,District 08,1,2,Dwelling - Multiple Units,44.65461967419584,-63.61196676323374
12517,BPRES-2023-03166,2023-04-05,70825,Addition,Addition,Expired,HALIFAX,District 08,0,2,Dwelling - Single Detached,44.64919280990786,-63.5927248852034
12518,BPRES-2023-03248,2023-06-29,4000,Renovation,Renovation,Completed,LOWER SACKVILLE,District 15,1,2,Dwelling - Single Detached,44.78643872615074,-63.681578568297034
12519,BPRES-2023-03280,2023-04-17,40000,New Building,New Building,Expired,HAMMONDS PLAINS,District 14,0,1,Accessory Structure,44.71105818490294,-63.76110437927999
12520,BPRES-2023-03299,2023-04-03,467000,New Building,New Building,Issued,INGRAMPORT,District 13,1,2,Dwelling - Single Detached,44.654840753927665,-63.96915391672802
12521,BPRES-2023-03312,2023-05-05,200000,New Building,New Building,Issued,HALIFAX,District 11,1,2,Dwelling - Single Detached,44.606718227218984,-63.601658157535475
12522,BPRES-2023-03321,2023-04-20,20000,New Building,New Building,Expired,LOWER SACKVILLE,District 15,0,1,Accessory Structure,44.76228227994496,-63.660318320716925
12523,BPRES-2023-03329,2023-05-30,40000,Addition,Addition,Completed,HALIFAX,District 10,0,1,Dwelling - Single Detached,44.684055150760464,-63.66823289892096
12524,BPRES-2023-03331,2023-05-30,100000,Addition,Addition,Completed,HALIFAX,District 09,0,3,Dwelling - Semi-Detached,44.64404925906997,-63.59383248512747
12525,BPRES-2023-03347,,2500,Renovation,Renovation,Withdrawn,HALIFAX,District 10,0,2,Dwelling - Single Detached,44.67201689360833,-63.6570663805381
12526,BPRES-2023-03360,2023-04-19,305000,New Building,New Building,Completed,BEAVER BANK,District 15,1,2,Dwelling - Single Detached,44.9090597853944,-63.70941251188592
12527,BPRES-2023-03389,2023-04-17,65000,Renovation,Renovation,Completed,DARTMOUTH,District 05,0,2,Dwelling - Semi-Detached,44.668456178312844,-63.55305099697891
12528,BPRES-2023-03399,2023-05-10,110000,Renovation,Renovation,Completed,BEDFORD,District 16,1,1,Dwelling - Multiple Units,44.72659287659543,-63.644577376237564
12529,BPRES-2023-03419,2023-04-11,8500,Renovation,Renovation,Expired,HALIFAX,District 10,0,2,Dwelling - Single Detached,44.66676176961207,-63.65404882748373
12530,BPRES-2023-03441,2023-05-08,20000,New Building,New Building,Expired,MEAGHERS GRANT,District 01,0,1,Accessory Structure,44.91072560641415,-63.236139853153865
12531,BPRES-2023-03494,2023-04-25,38900,Renovation,Renovation,Completed,HALIFAX,District 09,0,2,Dwelling - Semi-Detached,44.64805238170795,-63.597249692469106
12532,BPRES-2023-03502,2023-10-13,850000,New Building,New Building,Completed,HALIFAX,District 11,4,3,Dwelling - Multiple Units,44.62296626452601,-63.61927348123273
12533,BPRES-2023-03516,2024-11-19,608000,New Building,New Building,Issued,HALIFAX,District 11,4,3,Dwelling - Multiple Units,44.61577774013249,-63.62095392239779
12534,BPRES-2023-03516,2024-11-19,608000,New Building,New Building,Issued,HALIFAX,District 11,4,3,Dwelling - Multiple Units,44.61577774013249,-63.62095392239779
12535,BPRES-2023-03521,2023-04-11,15000,New Building,New Building,Issued,HAMMONDS PLAINS,District 14,0,1,Accessory Structure,44.72426138734407,-63.82026662213436
12536,BPRES-2023-03525,2023-05-25,243200,Addition,Addition,Completed,WINDSOR JUNCTION,District 01,1,1,Dwelling - Semi-Detached,44.797011227974664,-63.64172451324693
12537,BPRES-2023-03528,2023-10-13,850000,New Building,New Building,Completed,HALIFAX,District 11,4,3,Dwelling - Multiple Units,44.62284662066164,-63.619490283538745
12538,BPRES-2023-03555,2023-05-01,450000,New Building,New Building,Completed,PORTUGUESE COVE,District 11,2,2,Dwelling - Multiple Units,44.51564892974753,-63.54656896142739
12539,BPRES-2023-03578,2023-05-01,100000,New Building,New Building,Completed,LOWER SACKVILLE,District 15,1,1,Dwelling - Backyard Suite,44.757494645188984,-63.68498088722725
12540,BPRES-2023-03586,,15000,New Building,New Building,Withdrawn,EAST PRESTON,District 04,1,1,Dwelling - Backyard Suite,44.730567652467215,-63.41798600739624
12541,BPRES-2023-03593,2023-07-17,2342000,New Building,New Building,Completed,UPPER HAMMONDS PLAINS,District 14,24,2,Dwelling - Townhouse,44.747861006520516,-63.81876860346581
12542,BPRES-2023-03602,2025-05-28,500000,New Building,New Building,Completed,DARTMOUTH,District 03,4,3,Dwelling - Multiple Units,44.65826943182422,-63.547434996288956
12543,BPRES-2023-03613,2023-07-19,2678000,New Building,New Building,Completed,UPPER HAMMONDS PLAINS,District 14,31,2,Dwelling - Townhouse,44.74729917161149,-63.81945838714352
12544,BPRES-2023-03621,2023-04-25,300000,New Building,New Building,Cancelled,WEST CHEZZETCOOK,District 02,3,1,Dwelling - Townhouse,44.73872707458973,-63.27346542067294
12545,BPRES-2023-03636,2023-10-16,850000,New Building,New Building,Completed,HALIFAX,District 11,4,2,Dwelling - Multiple Units,44.62274551092223,-63.61961968210907
12546,BPRES-2023-03643,2023-09-19,650000,New Building,New Building,Expired,FERGUSONS COVE,District 11,1,3,Dwelling - Single Detached,44.59138975380557,-63.561477474190376
12547,BPRES-2023-03664,2023-04-27,40000,New Building,New Building,Expired,MEAGHERS GRANT,District 01,0,1,Accessory Structure,44.96148552717177,-63.23953079195507
12548,BPRES-2023-03668,2023-05-26,91000,Renovation,Renovation,Expired,DARTMOUTH,District 05,0,1,Dwelling - Single Detached,44.6759811384578,-63.56488710000544
12549,BPRES-2023-03676,2023-06-08,65000,New Building,New Building,Completed,BAYSIDE,District 13,1,2,Dwelling - Backyard Suite,44.53499892668364,-63.796393742441396
12550,BPRES-2023-03694,2023-04-20,42900,New Building,New Building,Completed,DARTMOUTH,District 03,0,1,Accessory Structure,44.66917413681348,-63.51669755386364
12551,BPRES-2023-03718,2023-05-03,25000,Addition,Addition,Expired,HAMMONDS PLAINS,District 14,0,2,Dwelling - Single Detached,44.76517726682458,-63.779755753115516
12552,BPRES-2023-03734,,167000,New Building,New Building,Applicant Revisions,PORTERS LAKE,District 02,1,1,Dwelling - Backyard Suite,44.71397816121362,-63.31146100698626
12553,BPRES-2023-03743,2025-03-04,250000,New Building,New Building,Cancelled,COLE HARBOUR,District 04,1,1,Dwelling - Backyard Suite,44.676621395319756,-63.46385237598254
12554,BPRES-2023-03761,2023-04-13,105000,Renovation,Renovation,Expired,COLE HARBOUR,District 04,0,1,Dwelling - Single Detached,44.679823814323846,-63.50343020199298
12555,BPRES-2023-03789,2023-04-19,27000,New Building,New Building,Completed,HALIFAX,District 11,0,1,Accessory Structure,44.60465501173304,-63.61670854609575
12556,BPRES-2023-03795,2023-09-11,373500,New Building,New Building,Completed,MIDDLE SACKVILLE,District 14,1,1,Dwelling - Single Detached,44.78814418516095,-63.73281637155865
12557,BPRES-2023-03859,2023-04-13,34000,New Building,New Building,Expired,FALL RIVER,District 01,0,1,Accessory Structure,44.81005197007352,-63.5851895786909
12558,BPRES-2023-03885,2023-04-13,90000,New Building,New Building,Completed,HAMMONDS PLAINS,District 14,0,1,Accessory Structure,44.71070659337335,-63.7696502917574
12559,BPRES-2023-03895,2023-11-17,1000000,New Building,New Building,Completed,PORTERS LAKE,District 02,8,1,Dwelling - Townhouse,44.75343815748643,-63.29788046695957
12560,BPRES-2023-03902,2023-05-11,300000,New Building,New Building,Completed,PORTERS LAKE,District 02,1,1,Dwelling - Single Detached,44.75452074677671,-63.28996616723476
12561,BPRES-2023-03909,2023-04-18,600000,New Building,New Building,Completed,BROOKSIDE,District 13,1,2,Dwelling - Single Detached,44.5304788475088,-63.71018223885421
12562,BPRES-2023-03926,,100000,New Building,New Building,Applicant Revisions,BEAVER BANK,District 15,0,1,Accessory Structure,44.810099269690284,-63.685861623375345
12563,BPRES-2023-03931,,28000,New Building,New Building,Withdrawn,KINSAC,District 15,0,1,Accessory Structure,44.842597557159124,-63.6598972403307
12564,BPRES-2023-03936,2023-05-23,52600,New Building,New Building,Expired,HALIFAX,District 08,0,1,Accessory Structure,44.6539860289822,-63.58436518201558
12565,BPRES-2023-03948,2023-05-04,61500,Addition,Addition,Completed,,District 13,0,1,Dwelling - Single Detached,44.63693626219206,-64.0253874174161
12566,BPRES-2023-03983,2023-05-03,30000,New Building,New Building,Expired,PORTERS LAKE,District 02,0,1,Accessory Structure,44.780003875105656,-63.358841044565686
12567,BPRES-2023-04005,2025-03-20,125000,New Building,New Building,Cancelled,EASTERN PASSAGE,District 03,1,1,Dwelling - Backyard Suite,44.62676115534133,-63.505942527930706
12568,BPRES-2023-04033,2023-04-20,459000,New Building,New Building,Completed,GOFFS,District 01,1,1,Dwelling - Single Detached,44.89368839711696,-63.46020331340095
12569,BPRES-2023-04053,2023-04-25,600000,New Building,New Building,Completed,HAMMONDS PLAINS,District 14,1,2,Dwelling - Single Detached,44.69607247926083,-63.80200970065251
12570,BPRES-2023-04064,2023-04-20,19000,Renovation,Renovation,Completed,HALIFAX,District 09,-1,2,Dwelling - Multiple Units,44.64386277618284,-63.61678865207626
12571,BPRES-2023-04096,2023-08-28,31500,New Building,New Building,Expired,MIDDLE SACKVILLE,District 14,0,1,Accessory Structure,44.81940973763435,-63.7378268960462
12572,BPRES-2023-04097,2023-05-11,114500,Addition,Addition,Completed,UPPER LAKEVILLE,District 02,0,2,Dwelling - Single Detached,44.785157626086765,-62.95426523954961
12573,BPRES-2023-04119,2023-05-02,70000,New Building,New Building,Completed,EAST LAWRENCETOWN,District 02,0,1,Accessory Structure,44.65457523729939,-63.34090148763949
12574,BPRES-2023-04147,2023-05-31,250000,New Building,New Building,Expired,LAWRENCETOWN,District 02,1,1,Dwelling - Single Detached,44.648425156062444,-63.408283189984445
12575,BPRES-2023-04156,2023-07-10,712000,New Building,New Building,Completed,HALIFAX,District 12,1,2,Dwelling - Single Detached,44.680397288318424,-63.6727488367168
12576,BPRES-2023-04163,,32000,Addition,Addition,Application Incomplete,HALIFAX,District 08,2,3,Dwelling - Multiple Units,44.6585321251531,-63.59548325416529
12577,BPRES-2023-04177,2023-04-19,200000,New Building,New Building,Completed,HALIFAX,District 11,1,3,Dwelling - Single Detached,44.60788851801175,-63.6004754966225
12578,BPRES-2023-04219,2023-05-08,15000,Addition,Addition,Issued,KETCH HARBOUR,District 11,0,2,Dwelling - Single Detached,44.48711691917608,-63.546284174822716
12579,BPRES-2023-04237,2023-05-05,101500,Renovation,Renovation,Expired,HALIFAX,District 09,0,2,Dwelling - Townhouse,44.648390960772225,-63.59852784564573
12580,BPRES-2023-04245,2023-04-20,43000,New Building,New Building,Completed,EAST CHEZZETCOOK,District 02,0,1,Accessory Structure,44.73511057519038,-63.23519465665072
12581,BPRES-2023-04254,2023-08-04,6701,Renovation,Renovation,Completed,DARTMOUTH,District 06,1,1,Dwelling - Multiple Units,44.68363061648994,-63.51483642876039
12582,BPRES-2023-04264,2023-05-10,370000,Addition,Addition,Completed,HALIFAX,District 08,0,2,Dwelling - Semi-Detached,44.65205779470205,-63.59140808086276
12583,BPRES-2023-04302,2023-04-20,37000,New Building,New Building,Completed,MIDDLE SACKVILLE,District 14,0,1,Accessory Structure,44.82175471238296,-63.728804164763694
12584,BPRES-2023-04313,2024-05-23,4500,Renovation,Renovation,Completed,COLE HARBOUR,District 04,1,2,Dwelling - Multiple Units,44.67616105857896,-63.4900240409307
12585,BPRES-2023-04324,2023-04-27,50000,New Building,New Building,Completed,LAWRENCETOWN,District 02,0,1,Accessory Structure,44.6839079582689,-63.399289023123735
12586,BPRES-2023-04341,2023-04-25,60000,New Building,New Building,Completed,HEAD OF JEDDORE,District 02,0,1,Accessory Structure,44.748580286294946,-63.04398907381134
12587,BPRES-2023-04344,2023-10-10,49000,Renovation,Renovation,Expired,HALIFAX,District 11,0,2,Dwelling - Semi-Detached,44.6118338457049,-63.613357940899334
12588,BPRES-2023-04373,,1400000,New Building,New Building,Application Incomplete,BEDFORD,District 16,4,3,Dwelling - Multiple Units,44.737264455213655,-63.65040600395546
12589,BPRES-2023-04373,,1400000,New Building,New Building,Application Incomplete,BEDFORD,District 16,4,3,Dwelling - Multiple Units,44.737264455213655,-63.65040600395546
12590,BPRES-2023-04389,2023-09-19,310000,New Building,New Building,Issued,BEDFORD,District 16,2,3,Dwelling - Multiple Units,44.73122538765956,-63.65398919175179
12591,BPRES-2023-04392,2023-05-05,60000,Addition,Addition,Completed,LOWER SACKVILLE,District 15,0,2,Dwelling - Single Detached,44.76315000030648,-63.63975509288502
12592,BPRES-2023-04421,2023-05-23,800000,New Building,New Building,Completed,OAKFIELD,District 01,1,1,Dwelling - Single Detached,44.90626778630565,-63.58840261574231
12593,BPRES-2023-04424,2023-04-27,400000,New Building,New Building,Completed,HALIFAX,District 11,2,3,Dwelling - Semi-Detached,44.60092138648975,-63.604239085428254
12594,BPRES-2023-04434,2023-05-05,501000,New Building,New Building,Completed,BEDFORD,District 16,2,3,Dwelling - Semi-Detached,44.72650663996957,-63.66545474512961
12595,BPRES-2023-04446,2023-06-30,546000,New Building,New Building,Completed,HALIFAX,District 11,4,2,Dwelling - Multiple Units,44.60251734320758,-63.60546233137808
12596,BPRES-2023-04446,2023-06-30,546000,New Building,New Building,Completed,HALIFAX,District 11,4,2,Dwelling - Multiple Units,44.60251734320758,-63.60546233137808
12597,BPRES-2023-04446,2023-06-30,546000,New Building,New Building,Completed,HALIFAX,District 11,4,2,Dwelling - Multiple Units,44.60251734320758,-63.60546233137808
12598,BPRES-2023-04464,2023-04-26,400000,New Building,New Building,Completed,HALIFAX,District 11,2,3,Dwelling - Semi-Detached,44.60102411331747,-63.60442337107931
12599,BPRES-2023-04469,2023-04-26,400000,New Building,New Building,Completed,HALIFAX,District 11,2,3,Dwelling - Semi-Detached,44.60112635431081,-63.604607026173305
12600,BPRES-2023-04478,2023-05-17,46000,New Building,New Building,Expired,ENFIELD,District 01,0,1,Accessory Structure,44.91659025640038,-63.540943759425204
12601,BPRES-2023-04496,2023-04-26,400000,New Building,New Building,Completed,HALIFAX,District 11,2,3,Dwelling - Semi-Detached,44.60123153633962,-63.60478749001427
12602,BPRES-2023-04519,2023-05-05,30000,Addition,Addition,Expired,BEDFORD,District 16,0,1,Dwelling - Single Detached,44.72427628649262,-63.68585610835947
12603,BPRES-2023-04542,,19000,New Building,New Building,Applicant Revisions,INDIAN HARBOUR,District 13,1,1,Dwelling - Backyard Suite,44.53258315208163,-63.94034709879453
12604,BPRES-2023-04552,,70000,New Building,New Building,Withdrawn,MIDDLE SACKVILLE,District 14,0,1,Accessory Structure,44.786293888852924,-63.7404287969529
12605,BPRES-2023-04589,2023-06-27,58000,Renovation,Renovation,Expired,DARTMOUTH,District 05,0,1,Dwelling - Single Detached,44.6802672905755,-63.58080538180983
12606,BPRES-2023-04615,2023-06-15,70000,Addition,Addition,Issued,HARRIETSFIELD,District 11,0,2,Dwelling - Single Detached,44.56742343615221,-63.63916777125006
12607,BPRES-2023-04622,2023-05-10,500000,New Building,New Building,Completed,EAST CHEZZETCOOK,District 02,1,2,Dwelling - Single Detached,44.749211443463665,-63.23263620406393
12608,BPRES-2023-04645,2023-05-24,50000,New Building,New Building,Expired,TANTALLON,District 13,0,2,Accessory Structure,44.65752226187416,-63.89602874106777
12609,BPRES-2023-04662,2023-04-27,200000,New Building,New Building,Completed,HALIFAX,District 11,1,3,Dwelling - Single Detached,44.608069777451135,-63.600677093999174
12610,BPRES-2023-04687,2023-05-02,180000,New Building,New Building,Completed,MUSQUODOBOIT HARBOUR,District 02,1,1,Dwelling - Single Detached,44.80811370404565,-63.17422506721064
12611,BPRES-2023-04699,2023-05-03,650000,New Building,New Building,Completed,BROOKSIDE,District 13,1,3,Dwelling - Single Detached,44.53143582478312,-63.70937544329729
12612,BPRES-2023-04740,2024-01-04,100000,Addition,Addition,Expired,UPPER SACKVILLE,District 14,0,2,Dwelling - Single Detached,44.805740545895205,-63.75296054257636
12613,BPRES-2023-04761,2023-05-04,50000,Addition,Addition,Completed,WEST PETPESWICK,District 02,0,1,Dwelling - Single Detached,44.765318573289306,-63.16027665293557
12614,BPRES-2023-04784,2023-05-08,17000,New Building,New Building,Expired,PROSPECT,District 13,0,1,Accessory Structure,44.482757311687315,-63.78630634162597
12615,BPRES-2023-04787,2023-07-07,200000,Renovation,Renovation,Expired,HALIFAX,District 07,5,3,Dwelling - Multiple Units,44.63923893563624,-63.586608969123546
12616,BPRES-2023-04798,2023-05-02,250000,New Building,New Building,Completed,DEVON,District 01,1,1,Dwelling - Single Detached,44.90411644944247,-63.435958255876294
12617,BPRES-2023-04842,2023-05-26,40000,New Building,New Building,Expired,BROOKSIDE,District 13,0,1,Accessory Structure,44.54487311030749,-63.70816002884213
12618,BPRES-2023-04845,,25000,New Building,New Building,Withdrawn,THIRD LAKE,District 02,0,1,Accessory Structure,44.84621494560608,-62.67708711059921
12619,BPRES-2023-04855,2023-07-10,15000,New Building,New Building,Completed,EASTERN PASSAGE,District 03,0,1,Accessory Structure,44.60617924943427,-63.481659156234585
12620,BPRES-2023-04866,2023-05-03,15000,New Building,New Building,Completed,HALIFAX,District 11,0,1,Accessory Structure,44.63111927037159,-63.62023224312799
12621,BPRES-2023-04891,,330000,New Building,New Building,Withdrawn,HALIFAX,District 09,1,3,Dwelling - Single Detached,44.63562058919133,-63.6244353564166
12622,BPRES-2023-04920,2023-06-13,75000,Renovation,Renovation,Completed,DARTMOUTH,District 05,2,3,Dwelling - Multiple Units,44.671348778648124,-63.58633431145118
12623,BPRES-2023-04926,,5000,Renovation,Renovation,Withdrawn,HALIFAX,District 10,0,2,Dwelling - Single Detached,44.675149131469,-63.64782104649405
12624,BPRES-2023-04954,2023-05-03,20000,New Building,New Building,Completed,UPPER TANTALLON,District 13,0,1,Accessory Structure,44.70292332416967,-63.883854884076335
12625,BPRES-2023-04989,2023-05-31,1000,Renovation,Renovation,Completed,HALIFAX,District 09,1,2,Dwelling - Multiple Units,44.65658854086061,-63.62312691437431
12626,BPRES-2023-05022,,50000,New Building,New Building,Applicant Revisions,NORTH PRESTON,District 04,0,1,Accessory Structure,44.74132474784152,-63.465191696552
12627,BPRES-2023-05027,2023-06-06,600000,New Building,New Building,Completed,PORTERS LAKE,District 02,1,2,Dwelling - Single Detached,44.76744683355045,-63.3425179042727
12628,BPRES-2023-05043,2023-05-02,600000,New Building,New Building,Completed,BROOKSIDE,District 13,1,2,Dwelling - Single Detached,44.53099203157035,-63.708321510093576
12629,BPRES-2023-05056,2023-05-03,2000,New Building,New Building,Completed,SEABRIGHT,District 13,0,1,Accessory Structure,44.60754910654155,-63.922851779499034
12630,BPRES-2023-05063,2023-06-30,120000,New Building,New Building,Issued,COLLEGE LAKE,District 01,1,1,Dwelling - Single Detached,45.2261271832014,-62.797290260489866
12631,BPRES-2023-05076,2023-05-09,10000,Addition,Addition,Issued,HALIFAX,District 09,0,1,Dwelling - Single Detached,44.65247630972367,-63.60624998888892
12632,BPRES-2023-05110,2023-06-15,635000,New Building,New Building,Completed,WESTPHAL,District 04,1,1,Dwelling - Single Detached,44.703606776361546,-63.44945503114363
12633,BPRES-2023-05114,2023-05-11,50000,Addition,Addition,Issued,HALIFAX,District 08,0,2,Dwelling - Single Detached,44.671369247677845,-63.60253810836946
12634,BPRES-2023-05127,2023-07-11,50000,New Building,New Building,Expired,BEDFORD,District 16,0,1,Accessory Structure,44.73201037190306,-63.64854801256168
12635,BPRES-2023-05129,,775800,New Building,New Building,Withdrawn,DARTMOUTH,District 05,4,3,Dwelling - Multiple Units,44.67047947461363,-63.56708283592191
12636,BPRES-2023-05166,2023-06-02,360000,New Building,New Building,Completed,BEDFORD,District 16,1,3,Dwelling - Single Detached,44.706483847079554,-63.72321371185167
12637,BPRES-2023-05166,2023-06-02,360000,New Building,New Building,Completed,BEDFORD,District 16,1,3,Dwelling - Single Detached,44.706483847079554,-63.72321371185167
12638,BPRES-2023-05177,2023-07-25,20000,Renovation,Renovation,Completed,BEAVER BANK,District 15,1,1,Dwelling - Backyard Suite,44.81880061713442,-63.68462831642944
12639,BPRES-2023-05199,2023-05-16,27000,Addition,Addition,Completed,UPPER HAMMONDS PLAINS,District 14,0,2,Dwelling - Single Detached,44.75358268198377,-63.830189432048236
12640,BPRES-2023-05238,2023-05-10,18000,New Building,New Building,Completed,MINEVILLE,District 02,0,1,Accessory Structure,44.70405600777896,-63.38213895081381
12641,BPRES-2023-05253,,385000,New Building,New Building,Applicant Revisions,DARTMOUTH,District 06,2,3,Dwelling - Multiple Units,44.680054587177956,-63.543576832404284
12642,BPRES-2023-05257,2023-09-22,34000,New Building,New Building,Completed,HALIFAX,District 09,0,1,Accessory Structure,44.64940798489877,-63.60770280777513
12643,BPRES-2023-05270,2023-05-05,35000,New Building,New Building,Completed,HUBLEY,District 13,0,1,Accessory Structure,44.65280913707545,-63.819774711145065
12644,BPRES-2023-05345,,550000,New Building,New Building,Withdrawn,HUBBARDS,District 13,0,1,Accessory Structure,44.62817225611663,-64.03295037424313
12645,BPRES-2023-05354,2023-05-08,27000,New Building,New Building,Completed,COLE HARBOUR,District 04,0,1,Accessory Structure,44.68368049218256,-63.482932718796526
12646,BPRES-2023-05378,2023-05-23,29000,New Building,New Building,Expired,SEABRIGHT,District 13,0,1,Accessory Structure,44.60023335097594,-63.921867242294844
12647,BPRES-2023-05387,2023-05-29,30000,New Building,New Building,Expired,DARTMOUTH,District 05,0,1,Accessory Structure,44.68690845707825,-63.57883195152298
12648,BPRES-2023-05405,2023-05-08,20000,New Building,New Building,Expired,ENFIELD,District 01,0,1,Accessory Structure,44.93785493746028,-63.52671084547621
12649,BPRES-2023-05412,,250000,New Building,New Building,Applicant Revisions,SEABRIGHT,District 13,1,2,Dwelling - Single Detached,44.61499080064182,-63.921775426324274
12650,BPRES-2023-05420,2023-05-09,500000,New Building,New Building,Completed,WHITES LAKE,District 13,1,1,Dwelling - Single Detached,44.52308530247832,-63.755892335634194
12651,BPRES-2023-05435,2023-05-15,113500,Addition,Addition,Expired,EAST LAWRENCETOWN,District 02,0,2,Dwelling - Single Detached,44.65401634722192,-63.33846588428897
12652,BPRES-2023-05454,2023-05-29,500000,New Building,New Building,Completed,BEAVER BANK,District 15,2,3,Dwelling - Multiple Units,44.814056330919385,-63.685634462796465
12653,BPRES-2023-05457,2023-05-15,250000,New Building,New Building,Completed,TIMBERLEA,District 12,1,2,Dwelling - Single Detached,44.639796170412914,-63.722372000025466
12654,BPRES-2023-05497,2023-06-09,25000,New Building,New Building,Completed,COLE HARBOUR,District 04,0,1,Accessory Structure,44.68798376839091,-63.49364767317468
12655,BPRES-2023-05539,2023-05-25,250000,New Building,New Building,Issued,PROSPECT,District 13,1,2,Dwelling - Single Detached,44.50554739384524,-63.79944197493143
12656,BPRES-2023-05553,,20000,New Building,New Building,Withdrawn,BEECH HILL,District 02,1,1,Dwelling - Single Detached,44.77142911671152,-62.91963471150795
12657,BPRES-2023-05579,2023-06-23,501000,New Building,New Building,Completed,BEDFORD,District 16,2,3,Dwelling - Semi-Detached,44.726761459062224,-63.6650856566643
12658,BPRES-2023-05606,2023-09-14,800000,New Building,New Building,Completed,HAMMONDS PLAINS,District 14,1,1,Dwelling - Single Detached,44.71901867093338,-63.768260787676624
12659,BPRES-2023-05627,2023-05-26,20000,Renovation,Renovation,Completed,LOWER SACKVILLE,District 15,0,1,Accessory Structure,44.77911373921983,-63.67581111724247
12660,BPRES-2023-05643,2023-06-01,20000,New Building,New Building,Completed,WESTPHAL,District 04,0,1,Accessory Structure,44.68559096023392,-63.482407284232195
12661,BPRES-2023-05649,2024-09-13,20000,Renovation,Renovation,Completed,HALIFAX,District 08,1,2,Dwelling - Multiple Units,44.66732487875188,-63.60123320223172
12662,BPRES-2023-05655,2023-11-29,8000,Renovation,Renovation,Expired,HALIFAX,District 08,1,2,Dwelling - Multiple Units,44.671394139024905,-63.603415520972824
12663,BPRES-2023-05660,2023-11-23,120000,New Building,New Building,Completed,GLEN MARGARET,District 13,0,1,Accessory Structure,44.59123347964444,-63.923887618439146
12664,BPRES-2023-05677,,175000,Addition,Addition,Applicant Revisions,SEABRIGHT,District 13,0,1,Dwelling - Single Detached,44.613975031214906,-63.9188283848195
12665,BPRES-2023-05681,,125000,New Building,New Building,Withdrawn,LAWRENCETOWN,District 02,1,1,Dwelling - Backyard Suite,44.66449589433958,-63.378707307876255
12666,BPRES-2023-05701,2023-06-05,77821.43,Renovation,Renovation,Completed,HALIFAX,District 09,0,2,Dwelling - Multiple Units,44.65173176429718,-63.60667495309385
12667,BPRES-2023-05734,2023-05-23,27000,Renovation,Renovation,Completed,DARTMOUTH,District 05,0,2,Dwelling - Multiple Units,44.667423639906104,-63.57889171220294
12668,BPRES-2023-05769,2023-05-23,501000,New Building,New Building,Completed,BEDFORD,District 16,2,3,Dwelling - Semi-Detached,44.7269005569163,-63.664901668290554
12669,BPRES-2023-05773,2023-05-23,10000,New Building,New Building,Expired,UPPER MUSQUODOBOIT,District 01,0,1,Accessory Structure,45.14399604625419,-62.94429367847295
12670,BPRES-2023-05793,,80000,New Building,New Building,Withdrawn,WEST CHEZZETCOOK,District 02,0,2,Accessory Structure,44.740514393543215,-63.27824986686528
12671,BPRES-2023-05796,2023-06-21,100000,New Building,New Building,Expired,EAST PETPESWICK,District 02,1,2,Dwelling - Backyard Suite,44.6870947216752,-63.14907071073711
12672,BPRES-2023-05802,2023-05-24,250000,New Building,New Building,Completed,MEAGHERS GRANT,District 01,1,1,Dwelling - Single Detached,44.96138461996807,-63.218840809516436
12673,BPRES-2023-05807,2023-06-05,290086,New Building,New Building,Completed,COW BAY,District 03,1,1,Dwelling - Backyard Suite,44.62422194552201,-63.42399874483327
12674,BPRES-2023-05860,2023-06-23,501000,New Building,New Building,Issued,BEDFORD,District 16,2,3,Dwelling - Semi-Detached,44.72703537921128,-63.66472820356412
12675,BPRES-2023-05883,2023-05-17,26000,New Building,New Building,Completed,HAMMONDS PLAINS,District 14,0,1,Accessory Structure,44.740453824670865,-63.793416400031056
12676,BPRES-2023-05927,2023-06-13,152000,Addition,Addition,Completed,COW BAY,District 03,1,2,Dwelling - Single Detached,44.62698205547191,-63.44223881529735
12677,BPRES-2023-05935,2023-07-27,380000,New Building,New Building,Expired,MIDDLE MUSQUODOBOIT,District 01,1,1,Dwelling - Single Detached,45.044801289023745,-63.14332021413878
12678,BPRES-2023-05942,,12200,Renovation,Renovation,Applicant Revisions,HALIFAX,District 11,1,2,Dwelling - Townhouse,44.624261898252584,-63.62256458422783
12679,BPRES-2023-05972,2023-06-12,700000,New Building,New Building,Completed,BEAVER BANK,District 15,2,1,Dwelling - Multiple Units,44.810005226596694,-63.681172072526444
12680,BPRES-2023-05979,2023-05-30,300000,New Building,New Building,Completed,OLDHAM,District 01,1,2,Dwelling - Single Detached,44.911946240341656,-63.496517425567475
12681,BPRES-2023-05994,2023-07-17,60000,Renovation,Renovation,Completed,HALIFAX,District 09,0,2,Dwelling - Semi-Detached,44.64754216270315,-63.61664833279473
12682,BPRES-2023-05997,2023-05-30,90000,Renovation,Renovation,Completed,HALIFAX,District 08,0,16,Dwelling - Multiple Units,44.655580180555646,-63.58406396523584
12683,BPRES-2023-06005,2023-06-15,276000,New Building,New Building,Completed,LAKE EGMONT,District 01,1,1,Dwelling - Single Detached,44.99454955982508,-63.29966513027789
12684,BPRES-2023-06046,2023-07-06,700000,New Building,New Building,Expired,HAMMONDS PLAINS,District 14,1,2,Dwelling - Single Detached,44.73747697906513,-63.798401108613014
12685,BPRES-2023-06069,2024-06-18,80000,New Building,New Building,Completed,BEAVER BANK,District 15,0,1,Accessory Structure,44.8416734615555,-63.67815725447707
12686,BPRES-2023-06079,2023-06-09,325000,New Building,New Building,Amendment Requested,COW BAY,District 03,1,1,Dwelling - Single Detached,44.6262743094915,-63.4436084339246
12687,BPRES-2023-06105,2023-06-22,101000,Renovation,Renovation,Completed,BEAVER BANK,District 15,0,2,Dwelling - Single Detached,44.80859737950462,-63.67571726956423
12688,BPRES-2023-06112,2023-05-23,39300,New Building,New Building,Completed,HACKETTS COVE,District 13,0,1,Accessory Structure,44.56864533038075,-63.922278259186456
12689,BPRES-2023-06121,2023-06-05,350000,New Building,New Building,Completed,WYSES CORNER,District 01,1,2,Dwelling - Single Detached,44.96082271597388,-63.28981395254991
12690,BPRES-2023-06131,2023-06-27,33000,New Building,New Building,Completed,PROSPECT BAY,District 13,0,1,Accessory Structure,44.51071860923239,-63.78322779920698
12691,BPRES-2023-06138,2023-11-02,200000,New Building,New Building,Completed,GLENMORE,District 01,1,1,Dwelling - Single Detached,45.07147869219184,-63.15313835213013
12692,BPRES-2023-06162,,3000,Renovation,Renovation,Applicant Revisions,BEDFORD,District 16,1,2,Dwelling - Single Detached,44.724836714146605,-63.685569262706046
12693,BPRES-2023-06172,2023-06-19,10500,Renovation,Renovation,Completed,HALIFAX,District 07,0,1,Accessory Structure,44.640275484033005,-63.588381419757035
12694,BPRES-2023-06195,2023-06-12,42500,New Building,New Building,Completed,BEAVER BANK,District 15,0,1,Accessory Structure,44.82967589548513,-63.677589389911745
12695,BPRES-2023-06202,2023-05-30,32466.5,New Building,New Building,Expired,WAVERLEY,District 01,0,1,Accessory Structure,44.74101412189089,-63.541894642114144
12696,BPRES-2023-06215,2023-05-30,600000,New Building,New Building,Completed,TANTALLON,District 13,1,3,Dwelling - Single Detached,44.650255993747265,-63.898297635206355
12697,BPRES-2023-06217,2023-06-06,700000,New Building,New Building,Completed,HAMMONDS PLAINS,District 14,1,2,Dwelling - Single Detached,44.695285714367344,-63.800858518503176
12698,BPRES-2023-06241,2023-06-05,5000,Renovation,Renovation,Expired,HALIFAX,District 12,0,3,Dwelling - Semi-Detached,44.66266919538779,-63.66712102034073
12699,BPRES-2023-06271,2023-06-12,116343.42,Addition,Addition,Completed,LOWER SACKVILLE,District 15,0,1,Dwelling - Single Detached,44.7733145205228,-63.703835405660506
12700,BPRES-2023-06288,2023-07-06,13000,Renovation,Renovation,Completed,HALIFAX,District 09,1,3,Dwelling - Multiple Units,44.64913050557587,-63.629490032903476
12701,BPRES-2023-06300,2023-08-25,550000,New Building,New Building,Completed,DARTMOUTH,District 06,4,3,Dwelling - Multiple Units,44.68776726444413,-63.52512428791746
12702,BPRES-2023-06300,2023-08-25,550000,New Building,New Building,Completed,DARTMOUTH,District 06,4,3,Dwelling - Multiple Units,44.68776726444413,-63.52512428791746
12703,BPRES-2023-06301,2023-09-06,20000,Renovation,Renovation,Completed,HALIFAX,District 10,1,3,Dwelling - Multiple Units,44.658296307042534,-63.630379253751265
12704,BPRES-2023-06304,2023-07-19,6577089,New Building,New Building,Issued,UPPER HAMMONDS PLAINS,District 14,88,2,Dwelling - Townhouse,44.76589589864854,-63.856439513428306
12705,BPRES-2023-06305,2023-11-10,320000,New Building,New Building,Completed,LUCASVILLE,District 14,1,1,Dwelling - Single Detached,44.76256965481725,-63.726909055742794
12706,BPRES-2023-06309,2023-05-30,44800,New Building,New Building,Completed,HAMMONDS PLAINS,District 14,0,1,Accessory Structure,44.76752152239514,-63.78762108046201
12707,BPRES-2023-06319,2023-05-26,28000,Renovation,Renovation,Expired,LOWER SACKVILLE,District 15,0,2,Dwelling - Single Detached,44.76689384230013,-63.64551065629197
12708,BPRES-2023-06377,2023-07-05,383500,Addition,Addition,Amendment Requested,HALIFAX,District 07,0,2,Dwelling - Single Detached,44.63368474208368,-63.58521636628487
12709,BPRES-2023-06401,2024-04-08,178000,Addition,Addition,Completed,HALIFAX,District 12,1,2,Dwelling - Multiple Units,44.681142867212365,-63.67096896699443
12710,BPRES-2023-06403,2023-06-13,10000,Renovation,Renovation,Expired,HALIFAX,District 10,1,3,Dwelling - Semi-Detached,44.68101002499928,-63.66053620982973
12711,BPRES-2023-06411,2024-01-11,5000000,New Building,New Building,Issued,HAMMONDS PLAINS,District 14,27,2,Dwelling - Townhouse,44.72508421537417,-63.75917617688268
12712,BPRES-2023-06427,2023-11-28,50000,New Building,New Building,Completed,BEAVER BANK,District 15,0,1,Accessory Structure,44.87418883370884,-63.68102528700436
12713,BPRES-2023-06432,2023-07-20,8958832,New Building,New Building,Issued,UPPER HAMMONDS PLAINS,District 14,96,2,Dwelling - Townhouse,44.766002442105155,-63.85314290767157
12714,BPRES-2023-06433,2023-08-11,17773693,New Building,New Building,Amendment Review,UPPER HAMMONDS PLAINS,District 14,143,3,Dwelling - Townhouse,44.761595119530085,-63.852805846910464
12715,BPRES-2023-06447,2023-07-07,1,Renovation,Renovation,Expired,HALIFAX,District 09,1,3,Dwelling - Multiple Units,44.64754216270315,-63.61664833279473
12716,BPRES-2023-06476,2023-06-22,183000,New Building,New Building,Completed,WILLIAMSWOOD,District 11,1,1,Dwelling - Single Detached,44.53310827797328,-63.64169001573149
12717,BPRES-2023-06481,2023-06-09,300000,New Building,New Building,Completed,PORTERS LAKE,District 02,1,1,Dwelling - Single Detached,44.754438655889864,-63.28964575546166
12718,BPRES-2023-06492,2023-06-06,260000,New Building,New Building,Cancelled,EAST LAWRENCETOWN,District 02,1,1,Dwelling - Single Detached,44.64276501695647,-63.316944440832735
12719,BPRES-2023-06519,,250,Renovation,Renovation,Cancelled,HALIFAX,District 08,0,3,Dwelling - Multiple Units,44.65257007328377,-63.58399282609199
12720,BPRES-2023-06544,2023-06-14,15277,New Building,New Building,Completed,UPPER TANTALLON,District 13,0,1,Accessory Structure,44.730746563349065,-63.87493578510284
12721,BPRES-2023-06555,2023-06-27,298000,New Building,New Building,Issued,MUSHABOOM,District 02,1,1,Dwelling - Single Detached,44.85018963543584,-62.52750279965104
12722,BPRES-2023-06561,2023-06-01,18000,New Building,New Building,Issued,UPPER TANTALLON,District 13,0,1,Accessory Structure,44.7098443473535,-63.86256989720904
12723,BPRES-2023-06583,2023-08-29,4000,Renovation,Renovation,Completed,COLE HARBOUR,District 04,1,2,Dwelling - Semi-Detached,44.67669123704154,-63.48203707517486
12724,BPRES-2023-06592,2023-07-28,40000,Renovation,Renovation,Completed,HALIFAX,District 08,1,2,Dwelling - Multiple Units,44.66898987087526,-63.60530900443126
12725,BPRES-2023-06601,2023-06-12,250000,Renovation,Renovation,Completed,HALIFAX,District 07,0,3,Dwelling - Single Detached,44.631393926751464,-63.57479625946257
12726,BPRES-2023-06618,2023-06-02,360000,New Building,New Building,Completed,BEDFORD,District 16,1,3,Dwelling - Single Detached,44.70652372998913,-63.72333437790507
12727,BPRES-2023-06622,2023-06-02,360000,New Building,New Building,Completed,BEDFORD,District 16,1,3,Dwelling - Single Detached,44.7065651384809,-63.72345375921958
12728,BPRES-2023-06629,2023-06-02,360000,New Building,New Building,Completed,BEDFORD,District 16,1,3,Dwelling - Single Detached,44.70660845898954,-63.72357217117968
12729,BPRES-2023-06635,2023-06-02,39000,New Building,New Building,Completed,INGRAMPORT,District 13,0,1,Accessory Structure,44.66533750701133,-63.96792877956701
12730,BPRES-2023-06643,2023-06-06,360000,New Building,New Building,Completed,BEDFORD,District 16,1,2,Dwelling - Single Detached,44.70674817908264,-63.72391933603824
12731,BPRES-2023-06652,2023-06-06,360000,New Building,New Building,Completed,BEDFORD,District 16,1,3,Dwelling - Single Detached,44.7067980978961,-63.72403235011632
12732,BPRES-2023-06675,2023-06-06,500000,New Building,New Building,Completed,BEDFORD,District 16,1,3,Dwelling - Single Detached,44.70683467570733,-63.72415665946271
12733,BPRES-2023-06677,2023-06-07,500000,New Building,New Building,Completed,BEDFORD,District 16,1,3,Dwelling - Single Detached,44.70688770834748,-63.72426731404721
12734,BPRES-2023-06680,2023-06-09,550000,New Building,New Building,Completed,BEDFORD,District 16,1,2,Dwelling - Single Detached,44.707563981395715,-63.72530702705378
12735,BPRES-2023-06694,2024-03-21,25000,Renovation,Renovation,Expired,COW BAY,District 03,1,1,Dwelling - Multiple Units,44.62542572427324,-63.42148356789068
12736,BPRES-2023-06720,2023-06-09,168500,New Building,New Building,Completed,BEDFORD,District 16,1,1,Dwelling - Backyard Suite,44.72515588604894,-63.711821393024046
12737,BPRES-2023-06731,2023-06-05,34539.85,New Building,New Building,Expired,HEAD OF JEDDORE,District 02,0,1,Accessory Structure,44.777120008381786,-63.080291122062576
12738,BPRES-2023-06766,2023-06-20,350000,New Building,New Building,Completed,BEAVER BANK,District 15,1,1,Dwelling - Single Detached,44.842527914921426,-63.6720767657828
12739,BPRES-2023-06790,2023-09-18,14000,New Building,New Building,Expired,MEAGHERS GRANT,District 01,0,1,Accessory Structure,44.913383404905815,-63.22090835347867
12740,BPRES-2023-06812,2023-06-05,75000,New Building,New Building,Completed,PORTERS LAKE,District 02,0,1,Accessory Structure,44.75152999415934,-63.32424306588057
12741,BPRES-2023-06823,2023-06-08,500000,New Building,New Building,Completed,BEDFORD,District 16,1,3,Dwelling - Single Detached,44.70794725269472,-63.72717715946272
12742,BPRES-2023-06847,2023-06-08,200000,New Building,New Building,Completed,WILLIAMSWOOD,District 11,1,1,Dwelling - Single Detached,44.54007662623549,-63.63009889986874
12743,BPRES-2023-06849,2023-06-27,308000,New Building,New Building,Completed,LAWRENCETOWN,District 02,1,1,Dwelling - Single Detached,44.66870691045397,-63.381252711685356
12744,BPRES-2023-06860,,30000,New Building,New Building,Cancelled,HALIFAX,District 11,0,2,Accessory Structure,44.59473629234689,-63.59832725960865
12745,BPRES-2023-06877,2023-07-28,300000,New Building,New Building,Completed,WEST CHEZZETCOOK,District 02,4,1,Dwelling - Townhouse,44.738465618193885,-63.275403651723906
12746,BPRES-2023-06881,2023-06-07,800000,New Building,New Building,Completed,OAKFIELD,District 01,1,1,Dwelling - Single Detached,44.90219677445915,-63.58330537802044
12747,BPRES-2023-06904,2023-08-22,115000,New Building,New Building,Completed,MIDDLE SACKVILLE,District 14,1,1,Dwelling - Backyard Suite,44.81062864341122,-63.71746524062839
12748,BPRES-2023-06915,2023-07-24,220000,New Building,New Building,Completed,LAKE ECHO,District 02,1,1,Dwelling - Single Detached,44.728032612784475,-63.39284458099271
12749,BPRES-2023-06939,2023-07-06,250000,New Building,New Building,Completed,CLAM BAY,District 02,1,1,Dwelling - Single Detached,44.734370232019145,-62.93529494586002
12750,BPRES-2023-06945,,,Renovation,Renovation,Withdrawn,WESTPHAL,District 04,1,2,Dwelling - Multiple Units,44.69257383566883,-63.484423498450425
12751,BPRES-2023-06950,2023-06-28,300000,New Building,New Building,Completed,HEAD OF JEDDORE,District 02,1,1,Dwelling - Single Detached,44.76596164609523,-63.0672806419867
12752,BPRES-2023-06957,2023-08-16,41000,Renovation,Renovation,Completed,KETCH HARBOUR,District 11,0,2,Dwelling - Backyard Suite,44.48940272753286,-63.546583869732046
12753,BPRES-2023-06979,2023-06-09,20000,New Building,New Building,Completed,LAKE CHARLOTTE,District 02,0,1,Accessory Structure,44.76698046733678,-62.945260340824674
12754,BPRES-2023-06990,2023-06-14,414000,New Building,New Building,Completed,MINEVILLE,District 02,1,2,Dwelling - Single Detached,44.69861826959159,-63.37792516969936
12755,BPRES-2023-07012,2023-06-13,285000,New Building,New Building,Completed,OSTREA LAKE,District 02,1,2,Dwelling - Single Detached,44.71142592821457,-63.06260089787558
12756,BPRES-2023-07024,2023-07-12,30000,New Building,New Building,Completed,BROOKSIDE,District 13,0,1,Accessory Structure,44.555524916972715,-63.711244489861855
12757,BPRES-2023-07071,2023-07-05,60000,Renovation,Renovation,Completed,TIMBERLEA,District 12,1,2,Dwelling - Single Detached,44.65857743385794,-63.75205025406317
12758,BPRES-2023-07076,2023-11-07,629900,Addition,Addition,Issued,HALIFAX,District 09,1,2,Dwelling - Multiple Units,44.64597895099423,-63.60228793174409
12759,BPRES-2023-07093,2023-06-14,25872.47,New Building,New Building,Expired,HALIFAX,District 08,0,1,Accessory Structure,44.66994963164444,-63.60846607519885
12760,BPRES-2023-07110,2023-10-12,29812.03,New Building,New Building,Expired,BEDFORD,District 16,0,1,Accessory Structure,44.71006148200111,-63.67940164573169
12761,BPRES-2023-07116,2024-07-03,70000,New Building,New Building,Completed,COW BAY,District 03,0,1,Accessory Structure,44.64198790185877,-63.421278617339865
12762,BPRES-2023-07133,2023-08-04,200000,New Building,New Building,Issued,WEST PETPESWICK,District 02,1,3,Dwelling - Single Detached,44.73597912177868,-63.1657154976032
12763,BPRES-2023-07165,2023-11-03,900000,New Building,New Building,Completed,HALIFAX,District 07,1,2,Dwelling - Single Detached,44.63151028639285,-63.5894550141199
12764,BPRES-2023-07176,,228000,Addition,Addition,Withdrawn,HAMMONDS PLAINS,District 14,0,2,Dwelling - Single Detached,44.69696175638246,-63.76846972095455
12765,BPRES-2023-07193,2023-07-14,70000,New Building,New Building,Completed,EAST SHIP HARBOUR,District 02,0,2,Accessory Structure,44.775528447519356,-62.778405832693934
12766,BPRES-2023-07201,2025-07-24,150000,New Building,New Building,Issued,MUSQUODOBOIT HARBOUR,District 02,0,1,Accessory Structure,44.78980867182607,-63.172417381602074
12767,BPRES-2023-07212,,425000,New Building,New Building,Withdrawn,ENFIELD,District 01,1,3,Dwelling - Single Detached,44.937909209824895,-63.54901767246401
12768,BPRES-2023-07223,2023-06-19,400000,New Building,New Building,Completed,ENFIELD,District 01,1,1,Dwelling - Single Detached,44.93756337704835,-63.55006372036385
12769,BPRES-2023-07228,2023-11-10,600000,New Building,New Building,Completed,FALL RIVER,District 01,1,2,Dwelling - Single Detached,44.835514979052135,-63.65107488554677
12770,BPRES-2023-07239,2023-06-15,10500,Addition,Addition,Completed,DARTMOUTH,District 03,0,1,Dwelling - Single Detached,44.637006629953,-63.52507209145061
12771,BPRES-2023-07259,,2000,Renovation,Renovation,Withdrawn,DARTMOUTH,District 06,0,1,Dwelling - Single Detached,44.68276521868498,-63.54206681069056
12772,BPRES-2023-07265,2023-10-04,75000,Renovation,Renovation,Completed,FALL RIVER,District 01,1,2,Dwelling - Multiple Units,44.827430651333806,-63.609234372051894
12773,BPRES-2023-07275,2024-01-16,80000,Addition,Addition,Completed,LAKE LOON,District 04,0,2,Dwelling - Single Detached,44.70566774384888,-63.49882310097664
12774,BPRES-2023-07291,2023-06-30,325000,New Building,New Building,Completed,DUTCH SETTLEMENT,District 01,3,2,Dwelling - Multiple Units,44.97685314021046,-63.44592831898978
12775,BPRES-2023-07317,2023-06-16,30800,New Building,New Building,Completed,FALL RIVER,District 01,0,1,Accessory Structure,44.80001163634483,-63.633342423142786
12776,BPRES-2023-07335,2023-06-28,316000,New Building,New Building,Completed,EAST PETPESWICK,District 02,1,2,Dwelling - Single Detached,44.7301560921228,-63.155324459328085
12777,BPRES-2023-07353,2023-07-13,455000,New Building,New Building,Issued,HEAD OF JEDDORE,District 02,1,2,Dwelling - Single Detached,44.78188974660911,-63.09417901483318
12778,BPRES-2023-07365,2023-06-16,650000,New Building,New Building,Completed,TANTALLON,District 13,1,2,Dwelling - Single Detached,44.653419857488046,-63.90215368194976
12779,BPRES-2023-07416,2023-06-26,18000,New Building,New Building,Completed,PORTERS LAKE,District 02,0,1,Accessory Structure,44.739141435778315,-63.31944691246505
12780,BPRES-2023-07464,,,New Building,New Building,Withdrawn,EAST PETPESWICK,District 02,1,1,Dwelling - Backyard Suite,44.68677350689331,-63.1490584233794
12781,BPRES-2023-07487,2023-09-22,25000,New Building,New Building,Completed,DARTMOUTH,District 06,0,1,Accessory Structure,44.68029111545294,-63.52821046111993
12782,BPRES-2023-07531,,2050,Renovation,Renovation,Cancelled,HALIFAX,District 09,0,1,Dwelling - Multiple Units,44.653010536259075,-63.609777097288124
12783,BPRES-2023-07550,2023-06-20,35600,New Building,New Building,Completed,HALIFAX,District 10,0,1,Accessory Structure,44.687355555966285,-63.68665577487041
12784,BPRES-2023-07562,2023-07-07,20000,Renovation,Renovation,Completed,DARTMOUTH,District 05,1,2,Dwelling - Multiple Units,44.65949606049983,-63.553820876747025
12785,BPRES-2023-07569,2023-07-07,386000,Addition,Addition,Expired,HALIFAX,District 09,0,2,Dwelling - Single Detached,44.64389567481125,-63.61267349356281
12786,BPRES-2023-07605,2023-06-29,404000,New Building,New Building,Expired,LAKE ECHO,District 02,1,2,Dwelling - Single Detached,44.717443210121225,-63.38776263091568
12787,BPRES-2023-07616,2023-09-14,440000,New Building,New Building,Completed,MIDDLE SACKVILLE,District 14,2,2,Dwelling - Multiple Units,44.81790489417329,-63.742197790367435
12788,BPRES-2023-07620,2023-06-26,62000,Addition,Addition,Completed,FALL RIVER,District 01,1,2,Dwelling - Single Detached,44.83168714386832,-63.589914456894384
12789,BPRES-2023-07623,2023-09-22,18000,New Building,New Building,Expired,NORTH PRESTON,District 04,0,1,Accessory Structure,44.73799090842259,-63.4631220814429
12790,BPRES-2023-07629,2023-07-07,30000,New Building,New Building,Completed,WAVERLEY,District 06,0,1,Accessory Structure,44.734728836017716,-63.549226811203816
12791,BPRES-2023-07635,2023-07-25,480000,New Building,New Building,Completed,,District 11,4,2,Dwelling - Multiple Units,44.60281395609837,-63.60509251970937
12792,BPRES-2023-07635,2023-07-25,480000,New Building,New Building,Completed,,District 11,4,2,Dwelling - Multiple Units,44.60281395609837,-63.60509251970937
12793,BPRES-2023-07643,2023-07-06,50000,New Building,New Building,Completed,MIDDLE SACKVILLE,District 14,0,2,Accessory Structure,44.81178225447074,-63.72426744928625
12794,BPRES-2023-07663,2023-08-15,51000,New Building,New Building,Issued,COOKS BROOK,District 01,1,2,Dwelling - Single Detached,45.00127258583276,-63.26960043998389
12795,BPRES-2023-07692,2023-06-19,37000,New Building,New Building,Expired,HAMMONDS PLAINS,District 14,0,2,Accessory Structure,44.74337326134836,-63.804965791473975
12796,BPRES-2023-07719,2023-07-13,100000,Addition,Addition,Expired,HEAD OF CHEZZETCOOK,District 02,0,2,Dwelling - Single Detached,44.74673176203308,-63.24141439128148
12797,BPRES-2023-07722,2023-06-30,400000,New Building,New Building,Completed,HALIFAX,District 11,2,2,Dwelling - Semi-Detached,44.58587220489966,-63.588178808158965
12798,BPRES-2023-07723,2023-06-30,400000,New Building,New Building,Completed,HALIFAX,District 11,2,2,Dwelling - Semi-Detached,44.58600873018241,-63.58802946847619
12799,BPRES-2023-07742,2023-08-15,647000,New Building,New Building,Completed,PORTUGUESE COVE,District 11,2,1,Dwelling - Multiple Units,44.51598222377669,-63.546077589658594
12800,BPRES-2023-07747,2023-08-09,8000,Addition,Addition,Expired,DARTMOUTH,District 05,0,1,Dwelling - Single Detached,44.68538830780257,-63.578929225786474
12801,BPRES-2023-07760,2023-06-29,221000,New Building,New Building,Completed,LAKE ECHO,District 02,1,1,Dwelling - Single Detached,44.7368109097476,-63.37676226577108
12802,BPRES-2023-07775,2023-07-17,585000,New Building,New Building,Completed,OSTREA LAKE,District 02,1,1,Dwelling - Single Detached,44.755142234076516,-63.107323326993416
12803,BPRES-2023-07798,2023-06-28,225000,New Building,New Building,Completed,SEABRIGHT,District 13,1,1,Dwelling - Backyard Suite,44.59965611162932,-63.9301345296694
12804,BPRES-2023-07801,2023-07-24,130000,Addition,Addition,Completed,HALIFAX,District 07,0,2,Dwelling - Multiple Units,44.64140203871841,-63.576257244857096
12805,BPRES-2023-07809,2023-07-11,60000,New Building,New Building,Expired,WILLIAMSWOOD,District 11,0,2,Accessory Structure,44.54289825571675,-63.63676435982792
12806,BPRES-2023-07832,2023-06-22,57000,New Building,New Building,Expired,DARTMOUTH,District 06,0,1,Accessory Structure,44.67755930231942,-63.54223443183337
12807,BPRES-2023-07841,2023-06-23,54000,New Building,New Building,Expired,WINDSOR JUNCTION,District 01,0,1,Accessory Structure,44.7888717939393,-63.647944295711994
12808,BPRES-2023-07890,2023-06-23,34500,New Building,New Building,Expired,DEVON,District 01,0,1,Accessory Structure,44.90653316968193,-63.42831431203105
12809,BPRES-2023-07906,2023-06-30,80000,New Building,New Building,Completed,HUBLEY,District 13,0,1,Accessory Structure,44.66209544924855,-63.792648216114515
12810,BPRES-2023-07934,2023-06-27,59000,Addition,Addition,Expired,PORTERS LAKE,District 02,0,2,Dwelling - Semi-Detached,44.73571325418327,-63.28840716847436
12811,BPRES-2023-07972,2023-06-27,500000,New Building,New Building,Completed,WHITES LAKE,District 13,1,1,Dwelling - Single Detached,44.51567278553851,-63.747390002179415
12812,BPRES-2023-07975,2023-06-26,500000,New Building,New Building,Completed,WHITES LAKE,District 13,1,1,Dwelling - Single Detached,44.51478062848306,-63.74794706691967
12813,BPRES-2023-07977,2023-07-26,300000,New Building,New Building,Completed,UPPER TANTALLON,District 13,1,1,Dwelling - Backyard Suite,44.696899337976014,-63.871279245502194
12814,BPRES-2023-07985,2023-10-17,3200,Renovation,Renovation,Expired,HALIFAX,District 08,1,3,Dwelling - Multiple Units,44.67223424150921,-63.60829863330255
12815,BPRES-2023-08004,2023-06-28,15000,Renovation,Renovation,Expired,HALIFAX,District 08,0,12,Dwelling - Multiple Units,44.65452967071038,-63.5979599755388
12816,BPRES-2023-08024,2023-07-20,40000,New Building,New Building,Completed,WAVERLEY,District 01,0,1,Accessory Structure,44.78786003174664,-63.59998143058683
12817,BPRES-2023-08040,2023-06-23,79300,New Building,New Building,Completed,MIDDLE SACKVILLE,District 14,0,1,Accessory Structure,44.79868981430701,-63.72599318831109
12818,BPRES-2023-08052,2023-08-04,275000,New Building,New Building,Issued,BROOKSIDE,District 13,1,1,Dwelling - Single Detached,44.557055790210555,-63.71831895192967
12819,BPRES-2023-08081,2023-06-26,18797,Renovation,Renovation,Completed,DARTMOUTH,District 06,0,2,Dwelling - Single Detached,44.677354788042884,-63.551811408118844
12820,BPRES-2023-08086,2023-06-26,77168,Renovation,Renovation,Expired,HALIFAX,District 09,0,2,Dwelling - Single Detached,44.65258177412586,-63.61843407173136
12821,BPRES-2023-08129,2023-07-14,500000,New Building,New Building,Completed,WHITES LAKE,District 13,1,1,Dwelling - Single Detached,44.515156873416025,-63.74774109460868
12822,BPRES-2023-08158,2023-06-29,163000,New Building,New Building,Completed,HALIFAX,District 07,0,1,Accessory Structure,44.62497209734786,-63.575760092140825
12823,BPRES-2023-08170,2024-01-02,35000,New Building,New Building,Completed,COLE HARBOUR,District 04,0,1,Accessory Structure,44.67597254169201,-63.46266567969226
12824,BPRES-2023-08189,2023-09-26,250000,Addition,Addition,Completed,HALIFAX,District 08,1,2,Dwelling - Multiple Units,44.66173189169608,-63.60306762720696
12825,BPRES-2023-08199,2023-10-30,230000,New Building,New Building,Completed,MYERS POINT,District 02,1,1,Dwelling - Single Detached,44.7623893895775,-63.037832010769506
12826,BPRES-2023-08215,2023-07-06,600000,New Building,New Building,Completed,HAMMONDS PLAINS,District 13,1,2,Dwelling - Single Detached,44.719640856361615,-63.768388472406144
12827,BPRES-2023-08232,2024-06-19,50000,New Building,New Building,Issued,WELLINGTON,District 01,1,2,Dwelling - Backyard Suite,44.8626851533546,-63.618816480125886
12828,BPRES-2023-08241,2023-07-20,90500,Addition,Addition,Issued,SHIP HARBOUR,District 02,0,1,Dwelling - Single Detached,44.80326625553315,-62.86682142264902
12829,BPRES-2023-08276,2023-07-13,100000,Renovation,Renovation,Expired,HALIFAX,District 12,0,2,Dwelling - Single Detached,44.682723350060755,-63.67248542553198
12830,BPRES-2023-08307,,12000000,New Building,New Building,Withdrawn,,District 08,60,7,Dwelling - Multiple Units,,
12831,BPRES-2023-08308,2023-08-01,25000,Renovation,Renovation,Completed,HALIFAX,District 10,1,1,Dwelling - Multiple Units,44.660693922184045,-63.643619036903765
12832,BPRES-2023-08333,2023-07-28,317000,New Building,New Building,Issued,TANTALLON,District 13,1,2,Dwelling - Backyard Suite,44.680278109941014,-63.893958735436996
12833,BPRES-2023-08359,2023-08-30,28000,New Building,New Building,Expired,WEST CHEZZETCOOK,District 02,0,1,Accessory Structure,44.737858924935885,-63.26848173181408
12834,BPRES-2023-08367,2023-07-17,475000,New Building,New Building,Completed,PORTUGUESE COVE,District 11,2,2,Dwelling - Multiple Units,44.51647358419042,-63.544011325805705
12835,BPRES-2023-08374,2023-07-14,425000,New Building,New Building,Completed,PORTUGUESE COVE,District 11,1,1,Dwelling - Single Detached,44.513410851801886,-63.543005114347544
12836,BPRES-2023-08394,2023-09-27,350000,New Building,New Building,Completed,HALIFAX,District 11,1,1,Dwelling - Single Detached,44.589367444480544,-63.59170377221644
12837,BPRES-2023-08413,2023-07-11,250000,New Building,New Building,Completed,TIMBERLEA,District 12,1,2,Dwelling - Single Detached,44.6396371784338,-63.72239447632347
12838,BPRES-2023-08426,2026-04-22,400000,New Building,New Building,Issued,HALIFAX,District 11,4,3,Dwelling - Semi-Detached,44.59912944733082,-63.60094789028848
12839,BPRES-2023-08426,2026-04-22,400000,New Building,New Building,Issued,HALIFAX,District 11,4,3,Dwelling - Semi-Detached,44.59912944733082,-63.60094789028848
12840,BPRES-2023-08426,2026-04-22,400000,New Building,New Building,Issued,HALIFAX,District 11,4,3,Dwelling - Semi-Detached,44.59912944733082,-63.60094789028848
12841,BPRES-2023-08502,,20,New Building,New Building,Applicant Revisions,COW BAY,District 03,0,1,Accessory Structure,44.6262743094915,-63.4436084339246
12842,BPRES-2023-08524,2023-07-18,32000,New Building,New Building,Expired,HEAD OF JEDDORE,District 02,0,1,Accessory Structure,44.75751346484873,-63.06124627295903
12843,BPRES-2023-08551,2023-07-31,300000,New Building,New Building,Completed,HAMMONDS PLAINS,District 14,1,1,Dwelling - Single Detached,44.7328340066661,-63.80482936487785
12844,BPRES-2023-08555,2023-07-14,35000,New Building,New Building,Expired,TIMBERLEA,District 12,0,1,Accessory Structure,44.66744351678137,-63.75266144942603
12845,BPRES-2023-08562,2023-09-20,48000,New Building,New Building,Expired,WEST PETPESWICK,District 02,0,1,Accessory Structure,44.73494431823022,-63.1635681601084
12846,BPRES-2023-08569,2023-08-30,75000,Addition,Addition,Completed,HALIFAX,District 11,0,2,Dwelling - Semi-Detached,44.63043572588732,-63.61658186013511
12847,BPRES-2023-08599,2023-08-01,40000,Renovation,Renovation,Completed,DARTMOUTH,District 06,0,2,Accessory Structure,44.708106983099654,-63.55259179673356
12848,BPRES-2023-08610,2023-11-30,222500,New Building,New Building,Completed,WHITES LAKE,District 13,1,2,Dwelling - Single Detached,44.52003018532186,-63.74466843639528
12849,BPRES-2023-08627,2023-07-14,400000,New Building,New Building,Completed,HALIFAX,District 11,4,3,Dwelling - Multiple Units,44.586161437294145,-63.58785920366294
12850,BPRES-2023-08636,2023-07-10,19000,Renovation,Renovation,Completed,HALIFAX,District 09,0,3,Dwelling - Multiple Units,44.63619655968921,-63.629457757621914
12851,BPRES-2023-08637,2023-07-14,400000,New Building,New Building,Completed,HALIFAX,District 11,3,3,Dwelling - Multiple Units,44.586218066598654,-63.58779524726457
12852,BPRES-2023-08646,2023-07-14,216000,New Building,New Building,Completed,HAMMONDS PLAINS,District 14,1,2,Dwelling - Single Detached,44.73307886567892,-63.804757567624236
12853,BPRES-2023-08657,2023-07-14,70000,New Building,New Building,Expired,HATCHET LAKE,District 13,0,1,Accessory Structure,44.5692703035387,-63.709750737921084
12854,BPRES-2023-08673,2023-07-11,10000,Renovation,Renovation,Expired,LAKE ECHO,District 02,0,1,Dwelling - Single Detached,44.74624415600254,-63.38591467236108
12855,BPRES-2023-08697,2023-09-05,675000,New Building,New Building,Completed,HALIFAX,District 08,2,3,Dwelling - Single Detached,44.652943888104964,-63.59096535709133
12856,BPRES-2023-08699,2023-07-13,600000,New Building,New Building,Completed,HATCHET LAKE,District 13,1,1,Dwelling - Single Detached,44.56920136820042,-63.71809452828961
12857,BPRES-2023-08715,2023-08-22,300000,New Building,New Building,Completed,HEAD OF CHEZZETCOOK,District 02,1,1,Dwelling - Single Detached,44.74013071489213,-63.25673990903801
12858,BPRES-2023-08722,2023-07-13,4000,Addition,Addition,Issued,PORTERS LAKE,District 02,0,1,Accessory Structure,44.74029807468194,-63.32648620482356
12859,BPRES-2023-08728,2023-07-24,500000,New Building,New Building,Completed,BEDFORD,District 16,2,1,Dwelling - Single Detached,44.727212632705076,-63.645397863399225
12860,BPRES-2023-08738,2023-07-24,450000,New Building,New Building,Completed,EASTERN PASSAGE,District 03,3,1,Dwelling - Townhouse,44.60876524748898,-63.487829612447214
12861,BPRES-2023-08745,2023-07-18,567000,New Building,New Building,Completed,MINEVILLE,District 02,1,2,Dwelling - Single Detached,44.68798215752973,-63.36407989196489
12862,BPRES-2023-08757,,123000,New Building,New Building,Withdrawn,EASTERN PASSAGE,District 03,1,1,Dwelling - Townhouse,44.62932492850858,-63.509745252352516
12863,BPRES-2023-08767,2023-07-14,72500,Renovation,Renovation,Expired,DARTMOUTH,District 05,0,1,Dwelling - Single Detached,44.68082647933335,-63.569946982742614
12864,BPRES-2023-08772,,117500,Addition,Addition,Applicant Revisions,HALIFAX,District 08,0,3,Dwelling - Multiple Units,44.65808253905113,-63.593436427809756
12865,BPRES-2023-08783,2023-08-15,60000,New Building,New Building,Completed,FALL RIVER,District 01,0,2,Accessory Structure,44.80832261261586,-63.60681175179178
12866,BPRES-2023-08785,2023-08-04,200000,New Building,New Building,Completed,HALIFAX,District 11,2,2,Dwelling - Semi-Detached,44.60015495200962,-63.60370572384734
12867,BPRES-2023-08788,2023-08-04,200000,New Building,New Building,Completed,HALIFAX,District 11,2,2,Dwelling - Semi-Detached,44.60025074734786,-63.60388797251401
12868,BPRES-2023-08788,2023-08-04,200000,New Building,New Building,Completed,HALIFAX,District 11,2,2,Dwelling - Semi-Detached,44.60025074734786,-63.60388797251401
12869,BPRES-2023-08790,2023-08-04,200000,New Building,New Building,Completed,HALIFAX,District 11,2,2,Dwelling - Semi-Detached,44.60034985058577,-63.60406263049227
12870,BPRES-2023-08792,2023-08-11,200000,New Building,New Building,Completed,HALIFAX,District 11,2,2,Dwelling - Semi-Detached,44.60044559392418,-63.60424038786224
12871,BPRES-2023-08794,2023-08-17,200000,New Building,New Building,Completed,HALIFAX,District 11,4,3,Dwelling - Multiple Units,44.60064446211877,-63.6045926606448
12872,BPRES-2023-08808,,30000,Renovation,Renovation,Withdrawn,HALIFAX,District 11,1,1,Dwelling - Multiple Units,44.6309652702753,-63.62950313660699
12873,BPRES-2023-08811,2023-09-18,389000,Renovation,Renovation,Completed,HALIFAX,District 08,1,4,Dwelling - Townhouse,44.65571459104155,-63.58849005827719
12874,BPRES-2023-08817,2023-08-18,449625,New Building,New Building,Completed,,District 03,5,2,Dwelling - Townhouse,44.65992607213436,-63.53458807492483
12875,BPRES-2023-08831,2023-07-11,170000,New Building,New Building,Completed,HACKETTS COVE,District 13,0,1,Accessory Structure,44.561295185361736,-63.93696798391613
12876,BPRES-2023-08842,2026-03-04,16000,Addition,Addition,Issued,BEAVER BANK,District 15,0,1,Accessory Structure,44.81111150575747,-63.686085056875044
12877,BPRES-2023-08863,,15650,Renovation,Renovation,Withdrawn,DARTMOUTH,District 05,0,3,Dwelling - Single Detached,44.66697360531068,-63.56620318231092
12878,BPRES-2023-08897,2023-10-24,90000,New Building,New Building,Cancelled,HATCHET LAKE,District 13,1,1,Dwelling - Single Detached,44.550508368251975,-63.73842068351371
12879,BPRES-2023-08921,2023-07-18,510000,New Building,New Building,Completed,PORTUGUESE COVE,District 11,1,2,Dwelling - Single Detached,44.51776881853306,-63.537129007183374
12880,BPRES-2023-08929,2023-07-18,451200,New Building,New Building,Completed,WEST PETPESWICK,District 02,1,1,Dwelling - Single Detached,44.77159527945668,-63.15889681319141
12881,BPRES-2023-08931,,150000,Renovation,Renovation,Withdrawn,DARTMOUTH,District 05,6,2,Dwelling - Multiple Units,44.6857782972825,-63.56302399706346
12882,BPRES-2023-08945,2023-07-14,425000,New Building,New Building,Completed,PORTUGUESE COVE,District 11,1,2,Dwelling - Single Detached,44.51385667640321,-63.54400149711549
12883,BPRES-2023-08952,2023-07-18,400000,New Building,New Building,Completed,FLETCHERS LAKE,District 01,1,3,Dwelling - Single Detached,44.85048210547468,-63.59876765667088
12884,BPRES-2023-08958,2023-07-17,400000,New Building,New Building,Completed,FLETCHERS LAKE,District 01,1,3,Dwelling - Single Detached,44.85085351035645,-63.59766641735558
12885,BPRES-2023-08963,2023-07-17,400000,New Building,New Building,Completed,FLETCHERS LAKE,District 01,1,1,Dwelling - Single Detached,44.8521837151056,-63.59805257467999
12886,BPRES-2023-08970,2023-08-30,25000,New Building,New Building,Completed,HATCHET LAKE,District 13,0,2,Accessory Structure,44.56386299811498,-63.712881248227546
12887,BPRES-2023-08981,2023-08-04,400000,New Building,New Building,Completed,HALIFAX,District 11,4,1,Dwelling - Semi-Detached,44.60084120030665,-63.604949584032994
12888,BPRES-2023-08987,2023-07-17,500000,New Building,New Building,Completed,WHITES LAKE,District 13,1,1,Dwelling - Single Detached,44.51615867569925,-63.74727107825368
12889,BPRES-2023-09002,2023-08-02,115000,New Building,New Building,Issued,PORTERS LAKE,District 02,1,1,Dwelling - Backyard Suite,44.743429835324136,-63.327659695798886
12890,BPRES-2023-09018,,67000,Addition,Addition,Cancelled,LOWER SACKVILLE,District 15,0,1,Dwelling - Single Detached,44.78172254599013,-63.68608680636522
12891,BPRES-2023-09052,2023-07-19,750000,New Building,New Building,Completed,BEDFORD,District 16,1,2,Dwelling - Single Detached,44.70754340617469,-63.72736838742602
12892,BPRES-2023-09079,2023-08-01,550000,New Building,New Building,Issued,HAMMONDS PLAINS,District 14,2,1,Dwelling - Semi-Detached,44.736999413664094,-63.78337426662294
12893,BPRES-2023-09117,2023-07-28,813000,New Building,New Building,Issued,UPPER LAKEVILLE,District 02,1,1,Dwelling - Single Detached,44.79573819390149,-62.96103498838736
12894,BPRES-2023-09122,2023-08-21,20000,New Building,New Building,Completed,WAVERLEY,District 01,0,1,Accessory Structure,44.76738950467627,-63.57264347954693
12895,BPRES-2023-09144,2023-09-22,266973.8,Addition,Addition,Issued,DARTMOUTH,District 05,0,2,Dwelling - Single Detached,44.683413354836915,-63.5873935843349
12896,BPRES-2023-09180,2024-05-07,52000,New Building,New Building,Expired,WEST CHEZZETCOOK,District 02,1,1,Dwelling - Backyard Suite,44.70383615232613,-63.26220408781609
12897,BPRES-2023-09197,2023-10-17,32000,New Building,New Building,Completed,CARROLLS CORNER,District 01,0,1,Accessory Structure,44.97019913877483,-63.38123432680865
12898,BPRES-2023-09228,2024-01-23,94500,Addition,Addition,Expired,HALIFAX,District 11,0,2,Dwelling - Single Detached,44.609974320170664,-63.61397333400724
12899,BPRES-2023-09246,2023-07-24,523500,New Building,New Building,Issued,BEDFORD,District 16,2,2,Dwelling - Single Detached,44.73093142801006,-63.67949430633247
12900,BPRES-2023-09286,2023-07-26,75000,New Building,New Building,Issued,GRAND DESERT,District 02,0,2,Accessory Structure,44.69147432543566,-63.25347628076055
12901,BPRES-2023-09301,2024-11-18,53000,New Building,New Building,Issued,BEDFORD,District 16,0,1,Accessory Structure,44.73360248529118,-63.65968015521943
12902,BPRES-2023-09354,2023-07-26,64900,New Building,New Building,Completed,HAMMONDS PLAINS,District 14,0,1,Accessory Structure,44.724844865036104,-63.823042110961794
12903,BPRES-2023-09368,2023-09-22,38500,Addition,Addition,Expired,ENFIELD,District 01,0,1,Dwelling - Single Detached,44.927616090896166,-63.53335221837997
12904,BPRES-2023-09379,2023-09-14,150000,New Building,New Building,Issued,HAMMONDS PLAINS,District 14,1,1,Dwelling - Backyard Suite,44.73304041049511,-63.788830281584204
12905,BPRES-2023-09505,,51500,Renovation,Renovation,Cancelled,HALIFAX,District 09,1,1,Dwelling - Backyard Suite,44.64748531011222,-63.599405451062715
12906,BPRES-2023-09507,2023-08-31,900000,New Building,New Building,Completed,MIDDLE SACKVILLE,District 14,1,2,Dwelling - Single Detached,44.79670700301605,-63.77037212742134
12907,BPRES-2023-09627,,27000,New Building,New Building,Applicant Revisions,BEAVER BANK,District 15,1,2,Dwelling - Backyard Suite,44.84476349820239,-63.66779716777056
12908,BPRES-2023-09715,2023-07-25,300000,New Building,New Building,Completed,MUSQUODOBOIT HARBOUR,District 02,1,1,Dwelling - Single Detached,44.79058550995143,-63.142617789106794
12909,BPRES-2023-09782,2023-09-05,115000,New Building,New Building,Expired,SEABRIGHT,District 13,1,2,Dwelling - Seasonal,44.62169502252745,-63.936362366843426
12910,BPRES-2023-09784,2023-08-01,215000,Addition,Addition,Completed,UPPER TANTALLON,District 13,1,2,Dwelling - Multiple Units,44.72782903098038,-63.87982211608417
12911,BPRES-2023-09795,2023-10-27,249999.96,Addition,Addition,Completed,DARTMOUTH,District 06,0,1,Dwelling - Single Detached,44.6764215984166,-63.522982548787006
12912,BPRES-2023-09804,2023-07-24,500000,New Building,New Building,Completed,WHITES LAKE,District 13,1,2,Dwelling - Single Detached,44.51607805106643,-63.74857889580809
12913,BPRES-2023-09805,2023-09-12,600000,New Building,New Building,Completed,MIDDLE SACKVILLE,District 14,1,1,Dwelling - Single Detached,44.790363351845215,-63.752568834994676
12914,BPRES-2023-09852,2023-07-28,20000,New Building,New Building,Expired,DARTMOUTH,District 05,0,1,Accessory Structure,44.69046485229686,-63.56725320549324
12915,BPRES-2023-09864,2023-08-29,2500000,New Building,New Building,Issued,,District 13,0,1,Accessory Structure,44.669451295634055,-63.91054004522449
12916,BPRES-2023-09902,2023-07-27,40000,New Building,New Building,Completed,PORTUGUESE COVE,District 11,0,1,Accessory Structure,44.51278482954456,-63.54437623288323
12917,BPRES-2023-09921,2023-11-01,470000,New Building,New Building,Issued,HALIFAX,District 10,2,2,Dwelling - Semi-Detached,44.68694133443548,-63.6823597126647
12918,BPRES-2023-09933,2023-08-14,650000,New Building,New Building,Expired,HAMMONDS PLAINS,District 14,1,2,Dwelling - Single Detached,44.737664137791086,-63.80091700965173
12919,BPRES-2023-09946,,27500,Addition,Addition,Application Incomplete,HERRING COVE,District 11,0,1,Accessory Structure,44.57451663397857,-63.57414199547899
12920,BPRES-2023-09958,,214157.42,New Building,New Building,Withdrawn,HARRIETSFIELD,District 11,1,1,Dwelling - Backyard Suite,44.5638339338143,-63.63075528139662
12921,BPRES-2023-09988,2023-10-06,300000,Renovation,Renovation,Completed,HALIFAX,District 09,1,3,Dwelling - Multiple Units,44.64327788303292,-63.61864176797388
12922,BPRES-2023-10003,,200000,Addition,Addition,Applicant Revisions,HALIFAX,District 09,0,2,Dwelling - Single Detached,44.63912599217829,-63.61875378059962
12923,BPRES-2023-10021,2023-08-03,99000,Renovation,Renovation,Issued,HALIFAX,District 09,0,2,Dwelling - Single Detached,44.64299873297172,-63.61794638775968
12924,BPRES-2023-10026,2023-08-16,1000000,New Building,New Building,Completed,COLE HARBOUR,District 04,1,2,Dwelling - Single Detached,44.64603461362097,-63.465964752730216
12925,BPRES-2023-10050,2023-08-17,460000,New Building,New Building,Completed,BEDFORD,District 16,1,2,Dwelling - Single Detached,44.707345850416125,-63.72412711740973
12926,BPRES-2023-10079,2023-08-17,6500,Renovation,Renovation,Expired,LUCASVILLE,District 14,0,2,Dwelling - Single Detached,44.7615869153494,-63.724738136474166
12927,BPRES-2023-10088,2023-10-18,117797,Renovation,Renovation,Completed,HALIFAX,District 09,1,2,Dwelling - Multiple Units,44.65008049771311,-63.60825100227382
12928,BPRES-2023-10093,2023-08-08,53000,Renovation,Renovation,Expired,BEDFORD,District 16,0,3,Dwelling - Semi-Detached,44.720930102258485,-63.68105958032091
12929,BPRES-2023-10109,,30000,New Building,New Building,Application Incomplete,,District 01,0,1,Accessory Structure,44.92558912011093,-63.25245470323281
12930,BPRES-2023-10115,2023-08-29,35000,New Building,New Building,Completed,ENFIELD,District 01,0,1,Accessory Structure,44.934923745921324,-63.52595308909552
12931,BPRES-2023-10117,2023-08-25,750000,New Building,New Building,Issued,BEDFORD,District 16,1,2,Dwelling - Single Detached,44.72200795078568,-63.66965090046495
12932,BPRES-2023-10125,2024-06-07,15000,Renovation,Renovation,Completed,HALIFAX,District 10,1,2,Dwelling - Multiple Units,44.650956814364285,-63.643816649600254
12933,BPRES-2023-10140,2023-08-04,250000,New Building,New Building,Completed,MINEVILLE,District 02,1,2,Dwelling - Single Detached,44.68752510954177,-63.38195731978442
12934,BPRES-2023-10158,2023-12-15,300000,New Building,New Building,Issued,HALIFAX,District 09,2,3,Dwelling - Multiple Units,44.635817515107654,-63.624565865062635
12935,BPRES-2023-10198,2023-09-06,610000,New Building,New Building,Completed,UPPER TANTALLON,District 13,1,2,Dwelling - Single Detached,44.725866649537345,-63.87285455904787
12936,BPRES-2023-10202,2023-11-29,640000,Addition,Addition,Expired,DARTMOUTH,District 05,0,3,Dwelling - Single Detached,44.675501613399646,-63.56678044702943
12937,BPRES-2023-10212,2023-08-03,317000,Renovation,Renovation,Expired,LAKE ECHO,District 02,0,2,Dwelling - Single Detached,44.722069030633335,-63.39430991295999
12938,BPRES-2023-10224,2023-08-28,4000,Renovation,Renovation,Cancelled,CONROD SETTLEMENT,District 02,1,2,Dwelling - Multiple Units,44.76548607248819,-63.24303700759945
12939,BPRES-2023-10232,2023-09-01,454000,New Building,New Building,Completed,HALIFAX,District 11,2,3,Dwelling - Semi-Detached,44.60152427333976,-63.60575508403857
12940,BPRES-2023-10236,2023-08-09,454000,New Building,New Building,Completed,HALIFAX,District 11,2,2,Dwelling - Semi-Detached,44.601381723310375,-63.605659035460626
12941,BPRES-2023-10239,2023-10-26,250000,Addition,Addition,Issued,HALIFAX,District 07,1,4,Dwelling - Multiple Units,44.63608182748122,-63.5859412906041
12942,BPRES-2023-10243,2023-08-09,454000,New Building,New Building,Completed,HALIFAX,District 11,2,2,Dwelling - Semi-Detached,44.601239493480755,-63.60553252164019
12943,BPRES-2023-10247,2023-08-29,150000,Addition,Addition,Expired,ELDERBANK,District 01,0,1,Dwelling - Single Detached,45.00290964756209,-63.23421003909931
12944,BPRES-2023-10253,2023-08-03,25000,Renovation,Renovation,Expired,HALIFAX,District 07,0,2,Dwelling - Single Detached,44.64076672229441,-63.59367811933298
12945,BPRES-2023-10260,,30000,Addition,Addition,Cancelled,LUCASVILLE,District 14,1,3,Dwelling - Backyard Suite,44.763190735074616,-63.72303026108139
12946,BPRES-2023-10289,2023-08-16,75000,Addition,Addition,Expired,MIDDLE SACKVILLE,District 14,0,1,Dwelling - Single Detached,44.786293888852924,-63.7404287969529
12947,BPRES-2023-10292,2023-08-22,500000,New Building,New Building,Completed,ENFIELD,District 01,2,1,Dwelling - Semi-Detached,44.92620190289532,-63.54647777523895
12948,BPRES-2023-10377,2023-08-25,57190,Renovation,Renovation,Completed,HALIFAX,District 08,1,2,Dwelling - Multiple Units,44.65620900993022,-63.59090196375275
12949,BPRES-2023-10396,2023-09-12,7250,Renovation,Renovation,Completed,,District 09,1,2,Dwelling - Multiple Units,44.6368266936427,-63.63401176336385
12950,BPRES-2023-10418,2023-08-16,15000,New Building,New Building,Expired,MIDDLE SACKVILLE,District 14,0,1,Accessory Structure,44.779313604708186,-63.75039264282691
12951,BPRES-2023-10424,2023-08-11,40000,Renovation,Renovation,Completed,HALIFAX,District 09,0,3,Dwelling - Single Detached,44.64270234416607,-63.637751027901565
12952,BPRES-2023-10434,,65000,New Building,New Building,Applicant Revisions,HALIFAX,District 09,1,2,Dwelling - Backyard Suite,44.635696459155206,-63.62424590624905
12953,BPRES-2023-10434,,65000,New Building,New Building,Applicant Revisions,HALIFAX,District 09,1,2,Dwelling - Backyard Suite,44.635696459155206,-63.62424590624905
12954,BPRES-2023-10442,2023-08-30,345000,Renovation,Renovation,Completed,DARTMOUTH,District 05,0,3,Dwelling - Single Detached,44.667919557379015,-63.57024018240982
12955,BPRES-2023-10450,2023-09-12,358000,New Building,New Building,Completed,UPPER TANTALLON,District 13,2,2,Dwelling - Multiple Units,44.68494055868266,-63.86738755514175
12956,BPRES-2023-10456,2023-09-11,65000,Renovation,Renovation,Issued,HALIFAX,District 08,1,2,Dwelling - Multiple Units,44.65476844328324,-63.612473653619936
12957,BPRES-2023-10481,2023-08-28,354500,Addition,Addition,Completed,HALIFAX,District 08,0,1,Dwelling - Single Detached,44.66325500389386,-63.605402249233606
12958,BPRES-2023-10516,2023-08-15,16000,New Building,New Building,Expired,HAMMONDS PLAINS,District 14,0,1,Accessory Structure,44.74956122576056,-63.7229659928031
12959,BPRES-2023-10529,2023-08-15,52500,Addition,Addition,Completed,COLE HARBOUR,District 04,0,2,Dwelling - Single Detached,44.683176190026224,-63.476354139116346
12960,BPRES-2023-10534,2023-10-16,25000,Addition,Addition,Completed,PORTERS LAKE,District 02,0,1,Accessory Structure,44.74160528709637,-63.30076694784988
12961,BPRES-2023-10546,,80000,New Building,New Building,Withdrawn,BEDFORD,District 16,1,1,Dwelling - Backyard Suite,44.72722871452662,-63.67552579137794
12962,BPRES-2023-10619,2023-09-11,30000,New Building,New Building,Expired,HEAD OF CHEZZETCOOK,District 02,0,1,Accessory Structure,44.74741279079471,-63.240577962744744
12963,BPRES-2023-10626,2023-08-11,30000,New Building,New Building,Completed,THIRD LAKE,District 02,0,1,Accessory Structure,44.84845799964125,-62.677348863198624
12964,BPRES-2023-10638,2023-08-31,10000,Addition,Addition,Expired,QUEENSLAND,District 13,0,1,Dwelling - Seasonal,44.643130470056704,-64.01567930244273
12965,BPRES-2023-10651,2023-08-18,460000,New Building,New Building,Completed,BEDFORD,District 16,1,3,Dwelling - Single Detached,44.70728879965852,-63.724020491067336
12966,BPRES-2023-10664,2023-09-19,62000,Renovation,Renovation,Completed,COLE HARBOUR,District 04,0,2,Dwelling - Single Detached,44.663367777412,-63.49441663018358
12967,BPRES-2023-10671,2023-08-31,600000,New Building,New Building,Completed,BEDFORD,District 16,1,2,Dwelling - Single Detached,44.70807509228188,-63.72742576393561
12968,BPRES-2023-10730,2023-09-15,750000,New Building,New Building,Completed,,District 02,6,1,Dwelling - Townhouse,44.740837247711944,-63.28298758902505
12969,BPRES-2023-10811,2023-09-15,175000,New Building,New Building,Completed,KINSAC,District 15,1,1,Dwelling - Backyard Suite,44.84418291543505,-63.65750134982873
12970,BPRES-2023-10829,2023-08-23,600000,New Building,New Building,Completed,HAMMONDS PLAINS,District 14,1,3,Dwelling - Single Detached,44.724943017630224,-63.84323431710503
12971,BPRES-2023-10831,2023-08-17,545000,New Building,New Building,Completed,TIMBERLEA,District 12,1,2,Dwelling - Single Detached,44.64149285469253,-63.72285667585457
12972,BPRES-2023-10856,2023-09-05,40000,New Building,New Building,Expired,THIRD LAKE,District 02,0,1,Accessory Structure,44.84876645512529,-62.677819439156686
12973,BPRES-2023-10868,,175000,New Building,New Building,Withdrawn,LAKE LOON,District 04,0,2,Accessory Structure,44.70848699565094,-63.514008506228855
12974,BPRES-2023-10894,2023-08-31,929500,New Building,New Building,Completed,HAMMONDS PLAINS,District 14,1,2,Dwelling - Single Detached,44.73876613330938,-63.80414124045987
12975,BPRES-2023-10899,2023-09-08,1332000,New Building,New Building,Completed,PORTERS LAKE,District 02,1,2,Dwelling - Single Detached,44.73625782794884,-63.291973542702024
12976,BPRES-2023-10908,2024-09-06,50000,Renovation,Renovation,Issued,OSTREA LAKE,District 02,0,2,Dwelling - Single Detached,44.73981825783623,-63.108315818639554
12977,BPRES-2023-10947,2024-08-20,80000,Addition,Addition,Issued,DARTMOUTH,District 05,1,1,Dwelling - Multiple Units,44.67503785355773,-63.5880333547359
12978,BPRES-2023-10986,2023-09-08,800000,New Building,New Building,Cancelled,DARTMOUTH,District 06,0,2,Dwelling - Single Detached,44.7037306338867,-63.54145353270001
12979,BPRES-2023-11011,2024-01-11,145500,Renovation,Renovation,Completed,DARTMOUTH,District 06,0,1,Dwelling - Single Detached,44.6918791812959,-63.538105195261835
12980,BPRES-2023-11025,2023-09-15,250000,Addition,Addition,Expired,BOUTILIERS POINT,District 13,0,2,Dwelling - Single Detached,44.65996465262981,-63.94684719007321
12981,BPRES-2023-11030,2024-04-19,346000,New Building,New Building,Amendment Requested,LOWER SACKVILLE,District 15,2,2,Dwelling - Semi-Detached,44.76529841643636,-63.6859011695121
12982,BPRES-2023-11036,2023-08-29,5500,Renovation,Renovation,Completed,MIDDLE SACKVILLE,District 14,0,2,Dwelling - Multiple Units,44.7925831311633,-63.71301105045988
12983,BPRES-2023-11053,2023-08-21,800000,New Building,New Building,Completed,HAMMONDS PLAINS,District 14,1,2,Dwelling - Single Detached,44.694824738269276,-63.8003293954436
12984,BPRES-2023-11073,2024-05-16,6000,Addition,Addition,Expired,HALIFAX,District 08,0,2,Dwelling - Single Detached,44.653011691986,-63.59230350166284
12985,BPRES-2023-11093,2023-09-21,35000,New Building,New Building,Expired,SHAD BAY,District 13,0,1,Accessory Structure,44.52170513045517,-63.784456752416084
12986,BPRES-2023-11094,2023-10-16,68000,Renovation,Renovation,Expired,DARTMOUTH,District 05,0,2,Dwelling - Single Detached,44.67627220928304,-63.576115836505316
12987,BPRES-2023-11110,2023-08-28,480000,New Building,New Building,Completed,HAMMONDS PLAINS,District 14,2,1,Dwelling - Multiple Units,44.7306170988216,-63.80707152172503
12988,BPRES-2023-11140,2023-09-11,230000,New Building,New Building,Completed,DARTMOUTH,District 05,1,2,Dwelling - Backyard Suite,44.671698336033145,-63.58649278083607
12989,BPRES-2023-11148,,800,New Building,New Building,Application Incomplete,LAKE CHARLOTTE,District 02,0,1,Accessory Structure,44.773964191258756,-62.942744724437595
12990,BPRES-2023-11164,2024-01-18,115000,Addition,Addition,Completed,HALIFAX,District 11,0,2,Dwelling - Single Detached,44.63144916043362,-63.61726038811183
12991,BPRES-2023-11189,2023-10-25,203000,Addition,Addition,Expired,DARTMOUTH,District 05,0,2,Dwelling - Single Detached,44.67381785852573,-63.58943358800157
12992,BPRES-2023-11199,2023-11-29,75000,Renovation,Renovation,Expired,HALIFAX,District 11,0,2,Dwelling - Single Detached,44.61415792923949,-63.61311216845744
12993,BPRES-2023-11221,2023-08-22,40000,New Building,New Building,Completed,BROOKSIDE,District 13,0,1,Accessory Structure,44.5268696230582,-63.70057906914629
12994,BPRES-2023-11235,2023-09-20,60000,New Building,New Building,Completed,WEST CHEZZETCOOK,District 02,0,1,Accessory Structure,44.70617900566957,-63.27440301107893
12995,BPRES-2023-11248,2023-11-22,100000,New Building,New Building,Issued,NORTH PRESTON,District 04,1,1,Dwelling - Single Detached,44.746306723778396,-63.46873166253926
12996,BPRES-2023-11252,2023-09-29,75000,New Building,New Building,Completed,COOKS BROOK,District 01,1,1,Dwelling - Single Detached,45.029491166987896,-63.298176741661976
12997,BPRES-2023-11281,2023-09-28,5000,Addition,Addition,Completed,HALIFAX,District 08,0,2,Dwelling - Townhouse,44.65020124386576,-63.594485562423436
12998,BPRES-2023-11304,2024-07-08,80000,New Building,New Building,Issued,JACKET LAKE,District 02,1,1,Dwelling - Single Detached,44.87713853093395,-62.69222060828618
12999,BPRES-2023-11317,2025-05-28,8000,New Building,New Building,Issued,BEDFORD,District 14,0,1,Accessory Structure,44.72691258663949,-63.695524719058774
13000,BPRES-2023-11329,2023-09-11,650000,New Building,New Building,Completed,BEAVER BANK,District 15,4,3,Dwelling - Multiple Units,44.836847915931564,-63.6797848177091
13001,BPRES-2023-11336,2023-09-29,429500,New Building,New Building,Issued,WELLINGTON,District 01,1,1,Dwelling - Backyard Suite,44.85514614771333,-63.61535585871025
13002,BPRES-2023-11337,2023-08-31,800000,New Building,New Building,Completed,BEDFORD,District 16,1,2,Dwelling - Single Detached,44.707160833178186,-63.72664292783498
13003,BPRES-2023-11366,2023-11-03,200000,New Building,New Building,Expired,HALIFAX,District 09,0,2,Dwelling - Backyard Suite,44.644925022057855,-63.591465559685
13004,BPRES-2023-11375,2023-10-18,200000,New Building,New Building,Issued,HALIFAX,District 11,1,3,Dwelling - Single Detached,44.60703286368038,-63.60042936158941
13005,BPRES-2023-11396,2023-10-19,200000,New Building,New Building,Completed,HALIFAX,District 11,1,3,Dwelling - Single Detached,44.6072331598116,-63.60031458740803
13006,BPRES-2023-11408,2023-09-15,20000,New Building,New Building,Completed,HEAD OF CHEZZETCOOK,District 02,0,1,Accessory Structure,44.74287125762015,-63.248427887033316
13007,BPRES-2023-11422,2023-08-31,45000,New Building,New Building,Expired,BEAVER BANK,District 15,0,1,Accessory Structure,44.832348234029574,-63.68291253329374
13008,BPRES-2023-11427,2023-08-30,500000,New Building,New Building,Completed,HAMMONDS PLAINS,District 14,1,2,Dwelling - Single Detached,44.739645939869966,-63.80255905214905
13009,BPRES-2023-11432,2023-10-26,37700,Renovation,Renovation,Expired,HALIFAX,District 07,0,3,Dwelling - Single Detached,44.6405737264161,-63.59521772128837
13010,BPRES-2023-11457,2023-08-29,15000,New Building,New Building,Expired,FALL RIVER,District 01,0,1,Accessory Structure,44.82925779737999,-63.59995521886384
13011,BPRES-2023-11494,,710000,New Building,New Building,Withdrawn,QUEENSLAND,District 13,1,2,Dwelling - Single Detached,44.653149621628465,-63.99824235121978
13012,BPRES-2023-11501,2023-09-26,18000,Renovation,Renovation,Completed,TIMBERLEA,District 12,1,2,Dwelling - Single Detached,44.652740058856,-63.73298211839488
13013,BPRES-2023-11529,2023-09-05,100000,New Building,New Building,Issued,COOKS BROOK,District 01,0,1,Accessory Structure,45.028489246381184,-63.27841242022451
13014,BPRES-2023-11534,2023-11-15,25000,Renovation,Renovation,Issued,HALIFAX,District 10,1,1,Accessory Structure,44.656163568499984,-63.64159262890872
13015,BPRES-2023-11536,2024-04-22,80000,Addition,Addition,Expired,LAWRENCETOWN,District 02,0,2,Dwelling - Single Detached,44.68576791176339,-63.431853863074934
13016,BPRES-2023-11541,2024-06-04,690000,New Building,New Building,Issued,PORTUGUESE COVE,District 11,2,2,Dwelling - Multiple Units,44.52931794683499,-63.55368597663858
13017,BPRES-2023-11552,2023-09-11,100000,New Building,New Building,Completed,HAMMONDS PLAINS,District 14,0,2,Accessory Structure,44.725556455037214,-63.8346641805727
13018,BPRES-2023-11556,2023-09-13,24000,New Building,New Building,Expired,EASTERN PASSAGE,District 03,0,1,Accessory Structure,44.61213350058206,-63.481533963273314
13019,BPRES-2023-11564,2023-09-07,900000,New Building,New Building,Completed,GLEN HAVEN,District 13,1,2,Dwelling - Single Detached,44.648803084884705,-63.91440296275385
13020,BPRES-2023-11571,2023-09-05,7500,New Building,New Building,Completed,DARTMOUTH,District 03,0,1,Accessory Structure,44.666253265095406,-63.539610825631975
13021,BPRES-2023-11576,,1000000,Addition,Addition,Withdrawn,HALIFAX,District 07,4,3,Dwelling - Multiple Units,44.640538540980074,-63.575207020796405
13022,BPRES-2023-11587,2023-09-11,200000,New Building,New Building,Completed,OSTREA LAKE,District 02,2,2,Dwelling - Multiple Units,44.71943595197001,-63.06850284855839
13023,BPRES-2023-11600,2024-03-21,100000,New Building,New Building,Amendment Applicant Revisions,GLEN HAVEN,District 13,1,2,Dwelling - Single Detached,44.63166591069553,-63.89433289786841
13024,BPRES-2023-11602,2023-08-31,600000,New Building,New Building,Completed,HAMMONDS PLAINS,District 14,1,2,Dwelling - Single Detached,44.73651419698729,-63.803798409029504
13025,BPRES-2023-11617,2023-09-01,60000,Renovation,Renovation,Expired,DARTMOUTH,District 05,0,2,Dwelling - Multiple Units,44.681053713484424,-63.58425685307283
13026,BPRES-2023-11623,2023-10-27,35000,New Building,New Building,Expired,EAST PRESTON,District 04,0,2,Accessory Structure,44.73339506706662,-63.409692433220364
13027,BPRES-2023-11643,2023-09-11,250000,New Building,New Building,Completed,BEAVER HARBOUR,District 02,1,1,Dwelling - Single Detached,44.89348672321963,-62.42113029435199
13028,BPRES-2023-11662,2023-09-26,590000,New Building,New Building,Completed,FALL RIVER,District 01,2,2,Dwelling - Multiple Units,44.83022415354819,-63.63050864784016
13029,BPRES-2023-11682,2023-09-05,60000,Renovation,Renovation,Expired,DARTMOUTH,District 05,0,3,Dwelling - Multiple Units,44.6829585686188,-63.5846557483215
13030,BPRES-2023-11690,2023-09-11,950000,New Building,New Building,Completed,HAMMONDS PLAINS,District 14,1,2,Dwelling - Single Detached,44.76823963858795,-63.76176879017436
13031,BPRES-2023-11701,2023-08-31,755000,New Building,New Building,Completed,UPPER TANTALLON,District 13,1,2,Dwelling - Single Detached,44.72341932146333,-63.87053692897756
13032,BPRES-2023-11706,2023-09-27,50000,New Building,New Building,Completed,HUBLEY,District 13,0,2,Accessory Structure,44.67403443067752,-63.81299519210147
13033,BPRES-2023-11763,2023-09-29,900000,New Building,New Building,Expired,HALIFAX,District 07,1,2,Dwelling - Single Detached,44.632983942121015,-63.58481033587252
13034,BPRES-2023-11773,,95000,Addition,Addition,Application Incomplete,DARTMOUTH,District 05,0,2,Dwelling - Multiple Units,44.680007504569836,-63.56817896746546
13035,BPRES-2023-11787,2023-09-12,720000,New Building,New Building,Completed,HAMMONDS PLAINS,District 14,1,2,Dwelling - Single Detached,44.77060703310984,-63.76178361721885
13036,BPRES-2023-11793,2023-09-08,60000,Renovation,Renovation,Expired,DARTMOUTH,District 05,0,3,Dwelling - Multiple Units,44.67989269333976,-63.5829052476378
13037,BPRES-2023-11802,2023-09-07,38000,New Building,New Building,Completed,WHITES LAKE,District 13,0,1,Accessory Structure,44.53014675584537,-63.76571295954524
13038,BPRES-2023-11819,2023-10-12,40000,Renovation,Renovation,Completed,DARTMOUTH,District 03,1,2,Dwelling - Multiple Units,44.6649635209531,-63.55248863308883
13039,BPRES-2023-11846,2023-10-17,85000,Renovation,Renovation,Expired,DARTMOUTH,District 03,0,3,Dwelling - Single Detached,44.663780226809536,-63.55038426673993
13040,BPRES-2023-11860,,10000,Renovation,Renovation,Applicant Revisions,DARTMOUTH,District 05,0,3,Dwelling - Multiple Units,44.6629938676759,-63.55632519031463
13041,BPRES-2023-11874,2024-11-18,2000,Renovation,Renovation,Issued,BEAVER BANK,District 15,0,2,Dwelling - Semi-Detached,44.80804457309115,-63.687804534428516
13042,BPRES-2023-11877,2023-09-08,60000,Renovation,Renovation,Expired,DARTMOUTH,District 05,0,2,Dwelling - Multiple Units,44.67997247153757,-63.58308941679258
13043,BPRES-2023-11887,2023-09-27,30000,New Building,New Building,Expired,BEAVER BANK,District 15,0,1,Accessory Structure,44.82809815357278,-63.67719451706209
13044,BPRES-2023-11927,2023-09-20,193750,Addition,Addition,Completed,DARTMOUTH,District 05,0,2,Dwelling - Single Detached,44.67497557099703,-63.55728636273037
13045,BPRES-2023-11965,2023-09-11,30000,New Building,New Building,Completed,GAETZ BROOK,District 02,0,1,Accessory Structure,44.78537893357992,-63.19443279064944
13046,BPRES-2023-11969,2023-09-12,35000,New Building,New Building,Completed,PORTERS LAKE,District 02,0,1,Accessory Structure,44.74884129564923,-63.295153434748315
13047,BPRES-2023-11978,2023-09-27,850000,New Building,New Building,Completed,BEDFORD,District 16,1,3,Dwelling - Single Detached,44.70862792050791,-63.728847399694494
13048,BPRES-2023-11997,2023-09-25,35000,New Building,New Building,Completed,HALIFAX,District 08,1,1,Dwelling - Backyard Suite,44.67096734984107,-63.60729065913098
13049,BPRES-2023-12043,2024-01-03,150000,Addition,Addition,Completed,LOWER SACKVILLE,District 15,1,1,Dwelling - Multiple Units,44.772673829580384,-63.655596395559755
13050,BPRES-2023-12045,2023-09-20,50000,Renovation,Renovation,Completed,HALIFAX,District 08,1,2,Dwelling - Multiple Units,44.65664907572129,-63.5935089394275
13051,BPRES-2023-12061,2023-09-15,19241,Addition,Addition,Cancelled,EASTERN PASSAGE,District 03,0,1,Dwelling - Single Detached,44.612348489085534,-63.47549726371381
13052,BPRES-2023-12096,2024-01-12,80000,Renovation,Renovation,Completed,BEDFORD,District 16,1,1,Accessory Structure,44.73097813181173,-63.66243194562453
13053,BPRES-2023-12110,2023-09-27,240000,New Building,New Building,Completed,GRAND DESERT,District 02,1,2,Dwelling - Single Detached,44.69025745259632,-63.254057368752534
13054,BPRES-2023-12118,2023-09-27,190000,Addition,Addition,Issued,HALIFAX,District 10,0,3,Dwelling - Single Detached,44.66836777713029,-63.639877786757914
13055,BPRES-2023-12143,2023-11-28,400000,New Building,New Building,Completed,BEAVER BANK,District 15,2,2,Dwelling - Multiple Units,44.81832468589929,-63.692572538411405
13056,BPRES-2023-12148,2023-09-13,545000,New Building,New Building,Completed,BEDFORD,District 16,1,3,Dwelling - Single Detached,44.70777784361545,-63.72783295146439
13057,BPRES-2023-12184,2023-12-22,85000,Renovation,Renovation,Completed,HALIFAX,District 11,1,1,Dwelling - Multiple Units,44.58679597862062,-63.59450286495176
13058,BPRES-2023-12205,2023-12-21,27000,Addition,Addition,Completed,OAKFIELD,District 01,0,1,Dwelling - Single Detached,44.89799487848894,-63.584283281181605
13059,BPRES-2023-12214,,1000000,Addition,Addition,Withdrawn,HALIFAX,District 07,3,3,Dwelling - Multiple Units,44.64051236068794,-63.575308280634026
13060,BPRES-2023-12229,2023-09-15,150000,Renovation,Renovation,Completed,HEAD OF ST MARGARETS BAY,District 13,0,2,Dwelling - Single Detached,44.6943859054843,-63.894932387093455
13061,BPRES-2023-12236,2023-12-15,17000,Renovation,Renovation,Issued,DARTMOUTH,District 05,0,3,Dwelling - Single Detached,44.68927555138817,-63.58064392709071
13062,BPRES-2023-12238,2023-11-07,900000,New Building,New Building,Issued,HALIFAX,District 07,1,2,Dwelling - Single Detached,44.63194641744729,-63.589218809433774
13063,BPRES-2023-12257,2023-09-19,600000,New Building,New Building,Completed,UPPER TANTALLON,District 13,1,2,Dwelling - Single Detached,44.72430171697218,-63.87785642426793
13064,BPRES-2023-12259,2023-09-19,800000,New Building,New Building,Completed,HAMMONDS PLAINS,District 14,1,2,Dwelling - Single Detached,44.72593515657642,-63.84179877047737
13065,BPRES-2023-12262,2023-09-19,500000,New Building,New Building,Completed,HUBLEY,District 13,1,1,Dwelling - Single Detached,44.66274501715317,-63.817133797043425
13066,BPRES-2023-12268,2023-11-02,104210,Addition,Addition,Completed,BEDFORD,District 16,0,1,Dwelling - Single Detached,44.724176688263775,-63.71366251048476
13067,BPRES-2023-12287,2023-10-17,810000,Addition,Addition,Issued,HALIFAX,District 09,0,3,Dwelling - Single Detached,44.640248593999694,-63.60432633760965
13068,BPRES-2023-12291,2023-09-21,30000,New Building,New Building,Completed,UPPER TANTALLON,District 13,0,1,Accessory Structure,44.722642469974744,-63.8763442505727
13069,BPRES-2023-12313,2023-10-04,175000,Renovation,Renovation,Completed,HALIFAX,District 08,-1,3,Dwelling - Multiple Units,44.65040045533907,-63.58218758685868
13070,BPRES-2023-12324,2023-09-18,68068,Addition,Addition,Expired,STILLWATER LAKE,District 13,0,1,Dwelling - Single Detached,44.70432052946176,-63.842344418462034
13071,BPRES-2023-12330,2023-10-12,172000,Addition,Addition,Expired,HALIFAX,District 08,0,2,Dwelling - Single Detached,44.6684665759436,-63.6037646008965
13072,BPRES-2023-12338,2023-09-20,332000,New Building,New Building,Expired,TERENCE BAY,District 13,1,1,Dwelling - Single Detached,44.48918251492029,-63.72851136181559
13073,BPRES-2023-12344,2023-12-18,350000,Renovation,Renovation,Issued,HALIFAX,District 07,0,2,Dwelling - Single Detached,44.634623365549125,-63.585320104084076
13074,BPRES-2023-12358,2023-09-26,320000,New Building,New Building,Completed,HALIFAX,District 09,1,3,Dwelling - Single Detached,44.63596050634278,-63.63010668704589
13075,BPRES-2023-12384,2023-09-28,910100,New Building,New Building,Issued,LAWRENCETOWN,District 02,1,2,Dwelling - Single Detached,44.65872972058126,-63.3605637031525
13076,BPRES-2023-12409,2023-10-11,45000,New Building,New Building,Issued,LAWRENCETOWN,District 02,0,2,Accessory Structure,44.65872972058126,-63.3605637031525
13077,BPRES-2023-12437,2023-12-21,700000,New Building,New Building,Completed,BROOKSIDE,District 13,1,1,Dwelling - Single Detached,44.55313987756656,-63.72968257631307
13078,BPRES-2023-12450,2023-09-19,450000,New Building,New Building,Completed,HAMMONDS PLAINS,District 14,1,2,Dwelling - Single Detached,44.727935478482834,-63.839759071169894
13079,BPRES-2023-12473,2023-09-20,670000,New Building,New Building,Completed,BEDFORD,District 16,1,3,Dwelling - Single Detached,44.70785536922336,-63.72799517190023
13080,BPRES-2023-12486,2023-09-21,2500,New Building,New Building,Completed,HALIFAX,District 11,0,1,Accessory Structure,44.60733564373272,-63.61502635078331
13081,BPRES-2023-12507,2023-09-26,40000,New Building,New Building,Completed,MUSQUODOBOIT HARBOUR,District 02,0,1,Accessory Structure,44.80286834730373,-63.1977372517611
13082,BPRES-2023-12516,2023-09-21,550000,New Building,New Building,Completed,HAMMONDS PLAINS,District 13,1,2,Dwelling - Single Detached,44.71929909705664,-63.77045807345226
13083,BPRES-2023-12539,2023-09-26,250000,New Building,New Building,Issued,FALL RIVER,District 01,2,2,Dwelling - Semi-Detached,44.812120856238245,-63.62320727543579
13084,BPRES-2023-12544,2023-10-04,489000,New Building,New Building,Completed,ELDERBANK,District 01,1,2,Dwelling - Single Detached,44.990388349859785,-63.26006826968054
13085,BPRES-2023-12564,2023-11-03,960000,New Building,New Building,Completed,HAMMONDS PLAINS,District 14,1,2,Dwelling - Single Detached,44.723327042384454,-63.84354779746449
13086,BPRES-2023-12588,2023-10-17,2400,Addition,Addition,Completed,DARTMOUTH,District 05,0,1,Dwelling - Single Detached,44.68120660462329,-63.56293490885416
13087,BPRES-2023-12598,2023-09-22,33000,New Building,New Building,Completed,LAKE ECHO,District 02,0,1,Accessory Structure,44.722069030633335,-63.39430991295999
13088,BPRES-2023-12608,2023-09-28,800000,New Building,New Building,Completed,MIDDLE SACKVILLE,District 14,1,2,Dwelling - Single Detached,44.795502254752314,-63.76984845608952
13089,BPRES-2023-12622,2024-01-10,15000,Addition,Addition,Expired,BEDFORD,District 16,0,1,Dwelling - Semi-Detached,44.72198841758564,-63.70512477575942
13090,BPRES-2023-12631,2023-09-26,18115.95,New Building,New Building,Completed,EAST CHEZZETCOOK,District 02,0,1,Accessory Structure,44.711190292394896,-63.22191385588168
13091,BPRES-2023-12649,2023-09-28,428000,New Building,New Building,Completed,EAST LAWRENCETOWN,District 02,1,1,Dwelling - Single Detached,44.6505021206367,-63.322497437682316
13092,BPRES-2023-12661,2023-10-03,300000,New Building,New Building,Completed,PORTERS LAKE,District 02,1,1,Dwelling - Single Detached,44.75507067911096,-63.2877049499969
13093,BPRES-2023-12692,2025-12-19,650000,New Building,New Building,Issued,DARTMOUTH,District 06,4,3,Dwelling - Semi-Detached,44.67968422276241,-63.51358222464237
13094,BPRES-2023-12692,2025-12-19,650000,New Building,New Building,Issued,DARTMOUTH,District 06,4,3,Dwelling - Semi-Detached,44.67968422276241,-63.51358222464237
13095,BPRES-2023-12701,2023-10-05,75000,Addition,Addition,Completed,HALIFAX,District 08,0,2,Dwelling - Single Detached,44.65998637991471,-63.61443172699181
13096,BPRES-2023-12722,2023-10-06,762000,New Building,New Building,Completed,DARTMOUTH,District 06,1,3,Dwelling - Single Detached,44.709823368268566,-63.54726431149925
13097,BPRES-2023-12731,2023-10-30,100000,Renovation,Renovation,Completed,HALIFAX,District 11,1,2,Dwelling - Multiple Units,44.62198763289389,-63.59552491355041
13098,BPRES-2023-12737,2023-09-28,700000,New Building,New Building,Completed,HAMMONDS PLAINS,District 14,1,3,Dwelling - Single Detached,44.73975401897998,-63.80380315727016
13099,BPRES-2023-12778,2023-10-18,500000,New Building,New Building,Completed,HALIFAX,District 10,1,2,Dwelling - Single Detached,44.684962068758274,-63.661834354960675
13100,BPRES-2023-12781,2023-10-10,475000,New Building,New Building,Completed,HAMMONDS PLAINS,District 14,1,1,Dwelling - Single Detached,44.720805818332686,-63.835432196979184
13101,BPRES-2023-12809,2023-10-27,250000,New Building,New Building,Expired,HALIFAX,District 09,1,2,Dwelling - Single Detached,44.642992256304076,-63.59399846695656
13102,BPRES-2023-12826,2023-11-07,900000,New Building,New Building,Issued,HALIFAX,District 07,1,2,Dwelling - Single Detached,44.6317466991904,-63.58906814166224
13103,BPRES-2023-12834,2024-03-25,127500,New Building,New Building,Issued,DUNCANS COVE,District 11,1,1,Dwelling - Single Detached,44.50100231129367,-63.54641112787317
13104,BPRES-2023-12842,2023-10-04,432000,New Building,New Building,Completed,HAMMONDS PLAINS,District 14,1,1,Dwelling - Single Detached,44.731638587470535,-63.806437723520744
13105,BPRES-2023-12871,2023-10-17,535000,New Building,New Building,Completed,OSTREA LAKE,District 02,1,2,Dwelling - Single Detached,44.75741147417433,-63.10787984313126
13106,BPRES-2023-12874,2023-10-13,111000,Renovation,Renovation,Expired,HALIFAX,District 08,0,2,Dwelling - Single Detached,44.650784293521475,-63.584864389335465
13107,BPRES-2023-12885,2023-11-08,500000,New Building,New Building,Completed,UPPER SACKVILLE,District 14,2,1,Dwelling - Semi-Detached,44.80768739705829,-63.75919839970986
13108,BPRES-2023-12898,2023-10-19,35000,New Building,New Building,Issued,PORTERS LAKE,District 02,0,2,Accessory Structure,44.74027929738637,-63.311754040394995
13109,BPRES-2023-12925,2023-10-13,200000,New Building,New Building,Completed,TERENCE BAY,District 13,1,1,Dwelling - Single Detached,44.49611969058514,-63.725485792974816
13110,BPRES-2023-12927,2024-12-10,135000,Addition,Addition,Completed,HALIFAX,District 09,1,1,Dwelling - Backyard Suite,44.64476392155857,-63.61533865988067
13111,BPRES-2023-12945,2023-10-04,45000,Addition,Addition,Expired,MIDDLE SACKVILLE,District 14,0,2,Dwelling - Single Detached,44.80405848153869,-63.74522121271996
13112,BPRES-2023-12959,2023-10-06,2000,Renovation,Renovation,Completed,LOWER SACKVILLE,District 15,0,2,Dwelling - Semi-Detached,44.76949812718036,-63.700394584635156
13113,BPRES-2023-12975,2023-10-04,200000,New Building,New Building,Completed,WYSES CORNER,District 01,1,1,Dwelling - Single Detached,44.964398864317744,-63.3071640069476
13114,BPRES-2023-12978,2023-11-02,25000,Addition,Addition,Issued,TIMBERLEA,District 12,0,3,Dwelling - Single Detached,44.65811186466209,-63.737859284669476
13115,BPRES-2023-12991,2023-10-06,516200,New Building,New Building,Completed,FALL RIVER,District 01,1,2,Dwelling - Single Detached,44.833299194358226,-63.63176458763842
13116,BPRES-2023-13004,2023-11-24,300000,New Building,New Building,Expired,WATT SECTION,District 02,1,1,Dwelling - Single Detached,44.907891371633106,-62.48073600677808
13117,BPRES-2023-13012,2024-02-05,175000,New Building,New Building,Completed,WINDSOR JUNCTION,District 01,1,1,Dwelling - Backyard Suite,44.79312226176553,-63.65458883967763
13118,BPRES-2023-13024,2023-10-13,449625,New Building,New Building,Completed,,District 03,5,2,Dwelling - Townhouse,44.659554274289995,-63.53394365456322
13119,BPRES-2023-13048,2024-05-21,20000,New Building,New Building,Issued,HALIFAX,District 08,0,1,Accessory Structure,44.65199802270317,-63.58617040121621
13120,BPRES-2023-13051,,237500,Addition,Addition,Cancelled,HALIFAX,District 08,1,2,Dwelling - Multiple Units,44.6525430200497,-63.58792319468508
13121,BPRES-2023-13061,2023-10-11,500000,New Building,New Building,Completed,BEDFORD,District 16,1,3,Dwelling - Single Detached,44.70706327612326,-63.72458286900743
13122,BPRES-2023-13067,2023-10-11,250000,New Building,New Building,Completed,TIMBERLEA,District 12,1,2,Dwelling - Single Detached,44.63935464399219,-63.723089562253435
13123,BPRES-2023-13077,2023-10-10,250000,New Building,New Building,Completed,TIMBERLEA,District 12,1,3,Dwelling - Single Detached,44.63931131313321,-63.72297360887634
13124,BPRES-2023-13087,2024-05-09,20000,Renovation,Renovation,Completed,DARTMOUTH,District 03,2,2,Dwelling - Multiple Units,44.6650447025231,-63.54412637402196
13125,BPRES-2023-13100,2023-10-13,625000,New Building,New Building,Completed,HAMMONDS PLAINS,District 14,1,1,Dwelling - Single Detached,44.72444193921884,-63.83056013084159
13126,BPRES-2023-13108,2023-10-13,1268163,New Building,New Building,Completed,,District 03,6,2,Dwelling - Townhouse,44.65912038185931,-63.53317008473489
13127,BPRES-2023-13115,2023-10-06,50000,New Building,New Building,Completed,HAMMONDS PLAINS,District 14,0,1,Accessory Structure,44.73131331354474,-63.80981612804818
13128,BPRES-2023-13139,2023-10-12,100000,New Building,New Building,Completed,ANTRIM,District 01,1,1,Dwelling - Single Detached,44.97226827983021,-63.34889295276584
13129,BPRES-2023-13160,2023-10-12,50000,New Building,New Building,Completed,HAMMONDS PLAINS,District 14,0,1,Accessory Structure,44.723846834388326,-63.83997672497257
13130,BPRES-2023-13177,2023-10-24,12000,Addition,Addition,Issued,EASTERN PASSAGE,District 03,0,2,Dwelling - Single Detached,44.61096092606814,-63.491996221923976
13131,BPRES-2023-13180,2023-10-20,75392,Renovation,Renovation,Expired,HALIFAX,District 09,0,2,Dwelling - Single Detached,44.64797093069977,-63.61641240818964
13132,BPRES-2023-13192,2023-10-11,32624.13,Renovation,Renovation,Expired,DARTMOUTH,District 05,0,3,Dwelling - Single Detached,44.67786544573881,-63.563208222249656
13133,BPRES-2023-13210,2023-10-12,400000,New Building,New Building,Completed,HALIFAX,District 11,4,2,Dwelling - Semi-Detached,44.6010592920123,-63.60530211830599
13134,BPRES-2023-13210,2023-10-12,400000,New Building,New Building,Completed,HALIFAX,District 11,4,2,Dwelling - Semi-Detached,44.6010592920123,-63.60530211830599
13135,BPRES-2023-13218,2023-10-12,400000,New Building,New Building,Completed,HALIFAX,District 11,4,2,Dwelling - Semi-Detached,44.60094476480313,-63.60512399568898
13136,BPRES-2023-13218,2023-10-12,400000,New Building,New Building,Completed,HALIFAX,District 11,4,2,Dwelling - Semi-Detached,44.60094476480313,-63.60512399568898
13137,BPRES-2023-13249,2023-10-11,180000,Renovation,Renovation,Completed,HALIFAX,District 11,0,2,Dwelling - Multiple Units,44.61677843104776,-63.620532998177005
13138,BPRES-2023-13259,2025-08-14,5000,New Building,New Building,Issued,FALL RIVER,District 01,0,1,Accessory Structure,44.82749778327116,-63.624529018499445
13139,BPRES-2023-13285,2023-10-16,550000,New Building,New Building,Issued,HAMMONDS PLAINS,District 14,1,2,Dwelling - Single Detached,44.71988549460784,-63.77075951041983
13140,BPRES-2023-13310,2024-02-02,50000,Addition,Addition,Amendment Application Incomplete,LOWER SACKVILLE,District 15,3,1,Dwelling - Multiple Units,44.77810934151687,-63.676179205201905
13141,BPRES-2023-13316,2023-10-12,22500,New Building,New Building,Completed,UPPER TANTALLON,District 13,0,1,Accessory Structure,44.72208440923729,-63.86873169491446
13142,BPRES-2023-13325,2023-10-12,10000,Renovation,Renovation,Completed,HALIFAX,District 09,0,2,Dwelling - Single Detached,44.643699612922624,-63.59581961021619
13143,BPRES-2023-13338,2023-10-12,350000,New Building,New Building,Completed,HAMMONDS PLAINS,District 14,1,1,Dwelling - Single Detached,44.72526598742178,-63.831760291285576
13144,BPRES-2023-13344,2023-11-28,15800,Renovation,Renovation,Completed,LAKESIDE,District 12,1,2,Dwelling - Semi-Detached,44.63870012509808,-63.7006759223929
13145,BPRES-2023-13370,2023-10-13,65490,Renovation,Renovation,Expired,OSTREA LAKE,District 02,0,1,Dwelling - Single Detached,44.77258006156387,-63.10430853406203
13146,BPRES-2023-13384,2023-11-27,43500,New Building,New Building,Completed,DARTMOUTH,District 06,0,1,Accessory Structure,44.684738068241096,-63.54294012664041
13147,BPRES-2023-13397,2023-10-19,127500,New Building,New Building,Completed,HUBLEY,District 13,1,1,Dwelling - Backyard Suite,44.66672911053726,-63.787674159265855
13148,BPRES-2023-13407,,35000,New Building,New Building,Withdrawn,HAMMONDS PLAINS,District 14,0,1,Accessory Structure,44.726158396196254,-63.841349757609855
13149,BPRES-2023-13412,2023-10-27,75000,New Building,New Building,Completed,HALIFAX,District 11,0,1,Accessory Structure,44.607626347367734,-63.56314098622108
13150,BPRES-2023-13415,2023-10-17,10000,Renovation,Renovation,Expired,WAVERLEY,District 01,0,1,Dwelling - Single Detached,44.75493626809242,-63.570967597938235
13151,BPRES-2023-13432,2023-10-30,80000,New Building,New Building,Completed,DARTMOUTH,District 06,1,1,Dwelling - Backyard Suite,44.677860255462285,-63.533400848109615
13152,BPRES-2023-13459,2023-10-30,625000,New Building,New Building,Completed,HAMMONDS PLAINS,District 14,1,2,Dwelling - Single Detached,44.726158396196254,-63.841349757609855
13153,BPRES-2023-13492,2024-12-30,20000,New Building,New Building,Completed,WEST DOVER,District 13,0,1,Accessory Structure,44.50355992557221,-63.881634108877215
13154,BPRES-2023-13507,2023-10-19,450000,New Building,New Building,Completed,OSTREA LAKE,District 02,1,1,Dwelling - Single Detached,44.70539886903306,-63.06056714821033
13155,BPRES-2023-13549,2024-01-03,88000,New Building,New Building,Completed,EAST PETPESWICK,District 02,0,1,Accessory Structure,44.6983149791544,-63.14096565477107
13156,BPRES-2023-13559,,175000,New Building,New Building,Applicant Revisions,DEVON,District 01,1,1,Dwelling - Single Detached,44.909013595449835,-63.41915257543513
13157,BPRES-2023-13595,2024-07-04,560000,New Building,New Building,Cancelled,WESTPHAL,District 04,2,1,Dwelling - Semi-Detached,44.70398574058207,-63.46838433965954
13158,BPRES-2023-13600,2023-10-18,427000,New Building,New Building,Completed,ENFIELD,District 01,1,1,Dwelling - Single Detached,44.93662149389552,-63.548647921245156
13159,BPRES-2023-13627,2023-10-31,65000,New Building,New Building,Completed,HAMMONDS PLAINS,District 14,1,2,Dwelling - Backyard Suite,44.72478541120348,-63.840062505668946
13160,BPRES-2023-13638,2023-11-10,90000,New Building,New Building,Completed,UPPER LAKEVILLE,District 02,0,2,Accessory Structure,44.78442920275141,-62.95430534365629
13161,BPRES-2023-13649,2023-10-18,830000,New Building,New Building,Completed,UPPER TANTALLON,District 13,1,2,Dwelling - Single Detached,44.72189845750451,-63.86820963104796
13162,BPRES-2023-13655,2023-10-20,664000,New Building,New Building,Completed,UPPER TANTALLON,District 13,1,2,Dwelling - Single Detached,44.72464499679037,-63.87322066609711
13163,BPRES-2023-13692,2023-10-30,55000,New Building,New Building,Issued,UPPER SACKVILLE,District 14,1,1,Dwelling - Backyard Suite,44.80580080489694,-63.75175028913735
13164,BPRES-2023-13706,2023-11-09,15000,New Building,New Building,Expired,HAMMONDS PLAINS,District 14,0,1,Accessory Structure,44.72593515657642,-63.84179877047737
13165,BPRES-2023-13717,2023-11-02,500000,New Building,New Building,Completed,HARRIETSFIELD,District 11,2,2,Dwelling - Multiple Units,44.54965484828171,-63.64345474821193
13166,BPRES-2023-13730,2023-10-27,180000,New Building,New Building,Completed,BOUTILIERS POINT,District 13,1,1,Dwelling - Single Detached,44.67181654438981,-63.929167304814165
13167,BPRES-2023-13750,2023-10-30,41560,New Building,New Building,Expired,MUSQUODOBOIT HARBOUR,District 02,0,1,Accessory Structure,44.81946521368607,-63.196479966769516
13168,BPRES-2023-13755,2023-10-20,65606,New Building,New Building,Completed,KETCH HARBOUR,District 11,0,1,Accessory Structure,44.48489384872798,-63.561193880797994
13169,BPRES-2023-13792,2023-11-22,40000,New Building,New Building,Completed,COLE HARBOUR,District 04,0,1,Accessory Structure,44.663752925246506,-63.47829105266303
13170,BPRES-2023-13800,2023-10-20,900000,New Building,New Building,Completed,HAMMONDS PLAINS,District 14,1,2,Dwelling - Single Detached,44.72164159629885,-63.84147270024596
13171,BPRES-2023-13811,2023-10-20,27000,New Building,New Building,Completed,HAMMONDS PLAINS,District 14,0,1,Accessory Structure,44.77878230676167,-63.768366177023545
13172,BPRES-2023-13823,2023-12-06,379018,New Building,New Building,Completed,CARROLLS CORNER,District 01,1,1,Dwelling - Single Detached,45.030648096660606,-63.39162042604357
13173,BPRES-2023-13867,,,Renovation,Renovation,Withdrawn,DARTMOUTH,District 06,1,2,Dwelling - Single Detached,44.68689244768581,-63.507682683854625
13174,BPRES-2023-13876,2023-10-26,23479,Renovation,Renovation,Expired,HACKETTS COVE,District 13,0,3,Dwelling - Single Detached,44.54724154392263,-63.9302417529496
13175,BPRES-2023-13886,2023-10-27,127000,New Building,New Building,Expired,QUEENSLAND,District 13,0,1,Accessory Structure,44.65399246256155,-64.00042829543546
13176,BPRES-2023-13901,2023-11-10,1500,Renovation,Renovation,Expired,HALIFAX,District 07,0,3,Dwelling - Multiple Units,44.63945974157463,-63.571915199152244
13177,BPRES-2023-13910,2023-10-24,771000,New Building,New Building,Completed,HAMMONDS PLAINS,District 14,1,2,Dwelling - Single Detached,44.722755693789225,-63.841593944625274
13178,BPRES-2023-13925,2024-01-22,720000,New Building,New Building,Completed,UPPER TANTALLON,District 13,2,2,Dwelling - Multiple Units,44.726124266598504,-63.87230302166667
13179,BPRES-2023-13928,2023-10-23,700000,New Building,New Building,Completed,HAMMONDS PLAINS,District 14,1,1,Dwelling - Single Detached,44.72594114726979,-63.83542591259942
13180,BPRES-2023-13944,2024-01-10,450000,New Building,New Building,Completed,BEDFORD,District 16,1,1,Dwelling - Single Detached,44.71998721814515,-63.71648049472858
13181,BPRES-2023-13971,2023-10-23,2000,Renovation,Renovation,Completed,HUBBARDS,District 13,0,2,Dwelling - Single Detached,44.63786304301442,-64.0621609907669
13182,BPRES-2023-13996,2023-10-27,42000,Addition,Addition,Expired,HALIFAX,District 09,0,1,Dwelling - Single Detached,44.651705882171484,-63.62566662247783
13183,BPRES-2023-14007,2023-10-25,36566,New Building,New Building,Expired,UPPER TANTALLON,District 13,0,1,Accessory Structure,44.727144254109,-63.8707296329228
13184,BPRES-2023-14019,2023-11-16,650000,New Building,New Building,Completed,BROOKSIDE,District 13,1,1,Dwelling - Single Detached,44.53423072025502,-63.70585164069451
13185,BPRES-2023-14030,2023-11-06,5000,New Building,New Building,Expired,OSTREA LAKE,District 02,0,1,Accessory Structure,44.77866985954211,-63.10433302281529
13186,BPRES-2023-14075,2023-11-20,138800,Renovation,Renovation,Expired,HALIFAX,District 08,0,2,Dwelling - Multiple Units,44.667092321743475,-63.60422338410308
13187,BPRES-2023-14088,2023-11-01,5000,Renovation,Renovation,Completed,DARTMOUTH,District 06,0,1,Dwelling - Single Detached,44.69068843459924,-63.50197755146351
13188,BPRES-2023-14126,2024-05-13,82286.5,New Building,New Building,Completed,WHITES LAKE,District 13,0,1,Accessory Structure,44.54358678663417,-63.74131223344999
13189,BPRES-2023-14143,2023-10-27,635000,New Building,New Building,Completed,BEDFORD,District 16,1,2,Dwelling - Single Detached,44.70875211480354,-63.72893491301204
13190,BPRES-2023-14167,2023-10-30,37000,New Building,New Building,Completed,MIDDLE SACKVILLE,District 14,0,1,Accessory Structure,44.785408383863654,-63.709716113227344
13191,BPRES-2023-14173,2023-10-31,18000,New Building,New Building,Completed,HUBLEY,District 13,0,1,Accessory Structure,44.67503747000679,-63.818190376819516
13192,BPRES-2023-14198,2023-11-01,40000,New Building,New Building,Completed,HAMMONDS PLAINS,District 14,0,1,Accessory Structure,44.770136483274904,-63.76015784717173
13193,BPRES-2023-14214,2025-04-23,336000,Renovation,Renovation,Issued,HALIFAX,District 08,1,2,Dwelling - Multiple Units,44.652715114620165,-63.587722550696895
13194,BPRES-2023-14239,2023-10-31,40000,New Building,New Building,Expired,WATT SECTION,District 02,0,1,Accessory Structure,44.907891371633106,-62.48073600677808
13195,BPRES-2023-14246,2023-11-07,10000,New Building,New Building,Completed,PORTERS LAKE,District 02,0,1,Accessory Structure,44.79212823168695,-63.37209875018339
13196,BPRES-2023-14251,2023-11-07,375000,New Building,New Building,Completed,DARTMOUTH,District 06,1,3,Dwelling - Single Detached,44.71430306701613,-63.54388611050911
13197,BPRES-2023-14256,2024-08-12,60000,New Building,New Building,Issued,MIDDLE SACKVILLE,District 14,0,2,Accessory Structure,44.819039679119236,-63.721263852013536
13198,BPRES-2023-14260,2024-04-29,725000,New Building,New Building,Completed,HAMMONDS PLAINS,District 14,1,2,Dwelling - Single Detached,44.72009394093484,-63.76904498441605
13199,BPRES-2023-14268,,10000,Renovation,Renovation,Application Incomplete,DARTMOUTH,District 05,0,3,Dwelling - Multiple Units,44.66221555764986,-63.55400871579743
13200,BPRES-2023-14293,,100000,New Building,New Building,Applicant Revisions,HALIFAX,District 11,0,1,Accessory Structure,44.61725234757226,-63.57579036475673
13201,BPRES-2023-14312,,166000,Renovation,Renovation,Application Incomplete,HALIFAX,District 07,0,15,Dwelling - Multiple Units,44.64126517220374,-63.58620405616795
13202,BPRES-2023-14357,2023-12-01,775000,New Building,New Building,Completed,UPPER TANTALLON,District 13,1,2,Dwelling - Single Detached,44.72378149591907,-63.86876361944843
13203,BPRES-2023-14358,2023-11-07,725000,New Building,New Building,Completed,PORTUGUESE COVE,District 11,1,2,Dwelling - Single Detached,44.51335178064003,-63.54412042872261
13204,BPRES-2023-14393,2024-01-22,337000,New Building,New Building,Completed,DARTMOUTH,District 06,1,3,Dwelling - Single Detached,44.72643242486485,-63.541002613334534
13205,BPRES-2023-14418,2023-11-17,275000,New Building,New Building,Completed,COW BAY,District 03,1,1,Dwelling - Backyard Suite,44.620613144425796,-63.43953811184442
13206,BPRES-2023-14451,2023-11-07,50000,New Building,New Building,Completed,MIDDLE PORTERS LAKE,District 02,1,2,Dwelling - Backyard Suite,44.69515943871166,-63.29431974833275
13207,BPRES-2023-14453,,68678,Renovation,Renovation,Withdrawn,DARTMOUTH,District 06,0,1,Dwelling - Single Detached,44.679606615366076,-63.533132546640225
13208,BPRES-2023-14471,2023-12-05,80600,Addition,Addition,Expired,DARTMOUTH,District 06,1,2,Dwelling - Multiple Units,44.68576239611432,-63.50131479427156
13209,BPRES-2023-14492,2024-04-26,30000,Renovation,Renovation,Completed,DARTMOUTH,District 06,1,1,Dwelling - Multiple Units,44.71137067584269,-63.54765925756802
13210,BPRES-2023-14502,2024-02-02,55000,Addition,Addition,Expired,HALIFAX,District 11,0,2,Dwelling - Single Detached,44.62647864279925,-63.61171237611292
13211,BPRES-2023-14535,2023-11-07,625000,New Building,New Building,Completed,HAMMONDS PLAINS,District 14,1,2,Dwelling - Single Detached,44.722481136233675,-63.8367924538529
13212,BPRES-2023-14541,2023-11-07,810000,New Building,New Building,Completed,UPPER TANTALLON,District 13,1,3,Dwelling - Single Detached,44.7213416615038,-63.865914397731615
13213,BPRES-2023-14545,2023-12-19,60435,Renovation,Renovation,Expired,DARTMOUTH,District 06,0,1,Dwelling - Single Detached,44.67630562337003,-63.51732990327897
13214,BPRES-2023-14559,2023-12-11,575000,New Building,New Building,Issued,HEAD OF JEDDORE,District 02,1,1,Dwelling - Single Detached,44.780580361693865,-63.04680071120886
13215,BPRES-2023-14565,2023-11-21,181000,New Building,New Building,Issued,EAST PETPESWICK,District 02,1,1,Dwelling - Backyard Suite,44.68962501721718,-63.144356127267976
13216,BPRES-2023-14572,2023-12-07,440000,New Building,New Building,Completed,UPPER TANTALLON,District 13,1,2,Dwelling - Single Detached,44.72247750611494,-63.869107055422695
13217,BPRES-2023-14573,2024-01-24,250000,New Building,New Building,Expired,WILLIAMSWOOD,District 11,1,1,Dwelling - Single Detached,44.53615225857511,-63.63945972605036
13218,BPRES-2023-14591,2023-11-09,450000,New Building,New Building,Completed,EASTERN PASSAGE,District 03,3,1,Dwelling - Townhouse,44.608548833224056,-63.48814018289929
13219,BPRES-2023-14625,2023-11-09,550000,New Building,New Building,Completed,HAMMONDS PLAINS,District 14,1,2,Dwelling - Single Detached,44.728715614240286,-63.81209001749809
13220,BPRES-2023-14643,2023-11-29,15000,Renovation,Renovation,Expired,LOWER SACKVILLE,District 15,0,2,Dwelling - Semi-Detached,44.77822791013806,-63.69162792485632
13221,BPRES-2023-14661,2023-12-19,120000,Renovation,Renovation,Completed,HALIFAX,District 09,0,2,Dwelling - Single Detached,44.65353448358187,-63.60404497375269
13222,BPRES-2023-14676,2023-11-15,24000,Renovation,Renovation,Expired,HALIFAX,District 10,0,2,Dwelling - Single Detached,44.65253838795453,-63.637518293868666
13223,BPRES-2023-14692,2023-12-14,20600,Renovation,Renovation,Expired,HALIFAX,District 10,0,2,Dwelling - Single Detached,44.686189660099686,-63.662761262587786
13224,BPRES-2023-14712,2023-11-20,855000,New Building,New Building,Completed,HAMMONDS PLAINS,District 14,1,2,Dwelling - Single Detached,44.72808609477474,-63.838920530728885
13225,BPRES-2023-14718,2023-11-28,490000,New Building,New Building,Completed,WILLIAMSWOOD,District 11,1,1,Dwelling - Single Detached,44.53249711422222,-63.64153965612923
13226,BPRES-2023-14735,2023-11-28,35000,New Building,New Building,Completed,STILLWATER LAKE,District 13,0,1,Accessory Structure,44.70918808143791,-63.84555927075673
13227,BPRES-2023-14756,2023-11-14,60000,New Building,New Building,Completed,HAMMONDS PLAINS,District 14,0,1,Accessory Structure,44.73690458511869,-63.8042150014984
13228,BPRES-2023-14764,,200000,Renovation,Renovation,Application Incomplete,LOWER SACKVILLE,District 15,1,2,Dwelling - Semi-Detached,44.76592835680386,-63.685829167640414
13229,BPRES-2023-14778,2023-11-24,50000,New Building,New Building,Completed,LAWRENCETOWN,District 02,0,1,Accessory Structure,44.64848987313853,-63.407501705606784
13230,BPRES-2023-14810,2023-11-22,250000,New Building,New Building,Completed,HEAD OF CHEZZETCOOK,District 02,1,1,Dwelling - Single Detached,44.75380600468253,-63.23374536119965
13231,BPRES-2023-14822,2023-11-14,17250,New Building,New Building,Completed,HAMMONDS PLAINS,District 14,0,1,Accessory Structure,44.7237183969508,-63.832757622906996
13232,BPRES-2023-14835,2023-12-01,30800,Renovation,Renovation,Completed,FALL RIVER,District 01,0,2,Dwelling - Single Detached,44.787424056471885,-63.62313232398653
13233,BPRES-2023-14844,,7000,Renovation,Renovation,Withdrawn,HAMMONDS PLAINS,District 14,0,1,Dwelling - Single Detached,44.713447721480314,-63.746075218173814
13234,BPRES-2023-14865,2023-12-04,30000,New Building,New Building,Completed,UPPER TANTALLON,District 13,0,1,Accessory Structure,44.682315037566504,-63.85742748201857
13235,BPRES-2023-14895,2023-11-22,400000,New Building,New Building,Completed,MIDDLE SACKVILLE,District 14,1,1,Dwelling - Single Detached,44.802067754986595,-63.72553902178413
13236,BPRES-2023-14918,2024-01-05,7500,Addition,Addition,Completed,DARTMOUTH,District 05,0,1,Dwelling - Single Detached,44.67288495035091,-63.571704733133586
13237,BPRES-2023-14939,2023-12-01,15000,Renovation,Renovation,Completed,DARTMOUTH,District 05,1,3,Dwelling - Multiple Units,44.671355164057665,-63.555134055832895
13238,BPRES-2023-14944,2024-01-26,2000,Renovation,Renovation,Completed,HALIFAX,District 10,0,1,Dwelling - Single Detached,44.66960865811677,-63.657258844986224
13239,BPRES-2023-14966,2023-12-01,1517696,New Building,New Building,Completed,DARTMOUTH,District 03,5,3,Dwelling - Townhouse,44.66034186026561,-63.534639040860114
13240,BPRES-2023-14971,2023-11-17,550000,New Building,New Building,Completed,UPPER TANTALLON,District 13,1,1,Dwelling - Single Detached,44.72269594170104,-63.87172991283222
13241,BPRES-2023-14984,2024-06-04,1500,Addition,Addition,Completed,FRENCH VILLAGE,District 13,0,1,Dwelling - Single Detached,44.631869901840986,-63.91441558801893
13242,BPRES-2023-14994,2024-01-04,160000,New Building,New Building,Completed,BEDFORD,District 16,1,1,Dwelling - Backyard Suite,44.72721635076825,-63.67811549689377
13243,BPRES-2023-15012,2023-11-24,850000,New Building,New Building,Completed,MIDDLE SACKVILLE,District 14,1,2,Dwelling - Single Detached,44.79200598075872,-63.76261348037265
13244,BPRES-2023-15037,,445000,Renovation,Renovation,Cancelled,DARTMOUTH,District 05,0,2,Dwelling - Multiple Units,44.68415613421947,-63.58551867554507
13245,BPRES-2023-15090,2023-11-28,89061,Renovation,Renovation,Completed,BEDFORD,District 16,0,2,Dwelling - Semi-Detached,44.73949095231478,-63.64861245663445
13246,BPRES-2023-15097,2023-12-14,500000,New Building,New Building,Completed,LOWER SACKVILLE,District 15,1,2,Dwelling - Single Detached,44.76885479238855,-63.64846840998258
13247,BPRES-2023-15108,,73500,New Building,New Building,Application Incomplete,DARTMOUTH,District 05,1,1,Dwelling - Backyard Suite,44.67400610163735,-63.56076297202679
13248,BPRES-2023-15114,,110000,New Building,New Building,Withdrawn,HALIFAX,District 12,1,1,Dwelling - Backyard Suite,44.67876100073102,-63.673378073377975
13249,BPRES-2023-15132,2024-01-08,300000,New Building,New Building,Completed,LOWER SACKVILLE,District 15,1,2,Dwelling - Single Detached,44.77443020974069,-63.678531174030375
13250,BPRES-2023-15138,2023-12-01,36000,New Building,New Building,Expired,WESTPHAL,District 04,0,1,Accessory Structure,44.68549847659954,-63.4812205515945
13251,BPRES-2023-15163,2023-12-04,22000,New Building,New Building,Amendment Application Incomplete,HALIFAX,District 09,0,1,Accessory Structure,44.651902322174436,-63.611928575453
13252,BPRES-2023-15183,2024-02-26,65800,Addition,Addition,Completed,HALIFAX,District 09,0,1,Dwelling - Single Detached,44.652715105621745,-63.61751922391798
13253,BPRES-2023-15187,2024-01-08,200000,Renovation,Renovation,Completed,HALIFAX,District 08,1,2,Dwelling - Multiple Units,44.65369626341681,-63.595047150040905
13254,BPRES-2023-15203,2023-12-18,17000,Addition,Addition,Completed,HALIFAX,District 07,0,1,Dwelling - Single Detached,44.63264568674662,-63.5851595579976
13255,BPRES-2023-15211,2023-11-27,850000,New Building,New Building,Completed,HAMMONDS PLAINS,District 14,1,3,Dwelling - Single Detached,44.69608683224855,-63.800193695792416
13256,BPRES-2023-15271,2023-11-29,760000,New Building,New Building,Completed,MIDDLE SACKVILLE,District 14,1,2,Dwelling - Single Detached,44.79468221983833,-63.75801830181899
13257,BPRES-2023-15275,,13000,Renovation,Renovation,Withdrawn,HALIFAX,District 07,0,2,Dwelling - Single Detached,44.62701642893706,-63.58334930192083
13258,BPRES-2023-15284,2023-11-24,886000,New Building,New Building,Completed,HAMMONDS PLAINS,District 14,1,3,Dwelling - Single Detached,44.72131545142704,-63.83918583004683
13259,BPRES-2023-15289,2023-12-07,80000,New Building,New Building,Completed,HATCHET LAKE,District 13,0,2,Accessory Structure,44.56191467733551,-63.714784647937186
13260,BPRES-2023-15305,2024-01-02,3700,Renovation,Renovation,Completed,HALIFAX,District 11,0,3,Dwelling - Semi-Detached,44.612070842343165,-63.60762038283608
13261,BPRES-2023-15307,2023-12-11,850000,New Building,New Building,Completed,HAMMONDS PLAINS,District 14,2,3,Dwelling - Multiple Units,44.723072607698725,-63.84342288168236
13262,BPRES-2023-15310,,10000,Renovation,Renovation,Application Incomplete,DARTMOUTH,District 05,0,3,Dwelling - Multiple Units,44.662845882206746,-63.55442974669128
13263,BPRES-2023-15315,,30000,Renovation,Renovation,Application Incomplete,EASTERN PASSAGE,District 03,1,2,Dwelling - Semi-Detached,44.61500699858799,-63.459947573404
13264,BPRES-2023-15324,2024-01-11,305500,New Building,New Building,Expired,LOWER PROSPECT,District 13,1,2,Dwelling - Single Detached,44.45011349523273,-63.726974435406945
13265,BPRES-2023-15327,2023-12-19,35000,Renovation,Renovation,Completed,LOWER SACKVILLE,District 15,1,2,Dwelling - Multiple Units,44.77916582725519,-63.6959816780383
13266,BPRES-2023-15350,2024-05-09,108150,Renovation,Renovation,Completed,LOWER SACKVILLE,District 15,0,2,Dwelling - Single Detached,44.78412953038345,-63.687279561914245
13267,BPRES-2023-15364,2023-12-22,220000,New Building,New Building,Completed,HALIFAX,District 11,1,1,Dwelling - Backyard Suite,44.62677445477944,-63.61458899412655
13268,BPRES-2023-15410,2023-11-27,20000,New Building,New Building,Completed,LAKE ECHO,District 02,0,1,Accessory Structure,44.74218077871951,-63.38484928473305
13269,BPRES-2023-15414,2023-12-11,675000,New Building,New Building,Completed,BEDFORD,District 16,1,2,Dwelling - Single Detached,44.70801814152862,-63.7283193549852
13270,BPRES-2023-15419,2023-12-11,4800,Renovation,Renovation,Expired,HALIFAX,District 11,0,3,Dwelling - Semi-Detached,44.611960930699404,-63.607433077620165
13271,BPRES-2023-15426,2023-12-15,563000,Addition,Addition,Completed,HALIFAX,District 09,0,2,Dwelling - Single Detached,44.65205759187369,-63.602777916451615
13272,BPRES-2023-15445,2024-01-02,35000,Addition,Addition,Completed,HALIFAX,District 11,0,1,Dwelling - Single Detached,44.62186986008486,-63.59014975905074
13273,BPRES-2023-15455,2024-02-01,20000,Addition,Addition,Expired,MCGRATHS COVE,District 13,0,1,Dwelling - Single Detached,44.505821940234235,-63.84591453805002
13274,BPRES-2023-15459,2023-12-07,86000,Addition,Addition,Issued,WEST PETPESWICK,District 02,0,2,Dwelling - Single Detached,44.757613671419485,-63.16688309238279
13275,BPRES-2023-15476,2023-12-08,5000,Renovation,Renovation,Completed,DARTMOUTH,District 06,0,2,Dwelling - Single Detached,44.689759316850356,-63.500395681138436
13276,BPRES-2023-15488,2023-12-06,68469,New Building,New Building,Completed,WELLINGTON,District 01,0,1,Accessory Structure,44.86313077221314,-63.62763330537628
13277,BPRES-2023-15515,2024-02-01,24600,New Building,New Building,Expired,LOWER SACKVILLE,District 15,0,1,Accessory Structure,44.78495224335062,-63.683895281048606
13278,BPRES-2023-15558,2023-12-05,201000,New Building,New Building,Completed,MIDDLE SACKVILLE,District 14,1,1,Dwelling - Single Detached,44.80572582396408,-63.76422392539896
13279,BPRES-2023-15583,2024-01-10,117000,New Building,New Building,Completed,PORTERS LAKE,District 02,0,1,Accessory Structure,44.744423511256336,-63.289130176828564
13280,BPRES-2023-15586,2024-01-31,272500,New Building,New Building,Completed,HALIFAX,District 11,4,3,Dwelling - Semi-Detached,44.59318921967857,-63.60204441816522
13281,BPRES-2023-15586,2024-01-31,272500,New Building,New Building,Completed,HALIFAX,District 11,4,3,Dwelling - Semi-Detached,44.59318921967857,-63.60204441816522
13282,BPRES-2023-15594,2023-12-01,825000,New Building,New Building,Completed,UPPER TANTALLON,District 13,1,1,Dwelling - Single Detached,44.72367635887351,-63.871543051193335
13283,BPRES-2023-15612,2023-12-08,650000,New Building,New Building,Completed,BEDFORD,District 16,1,3,Dwelling - Single Detached,44.7075827029881,-63.72453878556891
13284,BPRES-2023-15618,2023-12-08,650000,New Building,New Building,Completed,BEDFORD,District 16,1,3,Dwelling - Single Detached,44.70752062119703,-63.724438432107675
13285,BPRES-2023-15629,2024-01-10,100000,New Building,New Building,Expired,UPPER TANTALLON,District 13,1,2,Dwelling - Backyard Suite,44.72421584948193,-63.882348006596885
13286,BPRES-2023-15635,2024-06-14,160000,New Building,New Building,Expired,WEST PENNANT,District 11,1,2,Dwelling - Backyard Suite,44.470694526350115,-63.64135989724446
13287,BPRES-2023-15677,2023-12-11,315000,New Building,New Building,Issued,SHEET HARBOUR,District 02,1,1,Dwelling - Single Detached,44.92954955061367,-62.562870869956804
13288,BPRES-2023-15727,2024-03-04,385500,New Building,New Building,Amendment Requested,HALIFAX,District 11,4,3,Dwelling - Multiple Units,44.619126383558864,-63.618301247877824
13289,BPRES-2023-15759,2023-12-15,17600,Renovation,Renovation,Completed,HALIFAX,District 08,0,2,Dwelling - Townhouse,44.666328624152115,-63.60565008152689
13290,BPRES-2023-15774,2023-12-08,750000,New Building,New Building,Completed,ENFIELD,District 01,2,1,Dwelling - Semi-Detached,44.915032227219896,-63.55652937823916
13291,BPRES-2023-15783,2024-01-17,500000,New Building,New Building,Completed,MUSQUODOBOIT HARBOUR,District 02,2,1,Dwelling - Semi-Detached,44.783469820102454,-63.163717376803284
13292,BPRES-2023-15814,2024-06-28,347000,New Building,New Building,Issued,BEAVER BANK,District 15,1,2,Dwelling - Single Detached,44.84717051601693,-63.67475023388036
13293,BPRES-2023-15854,2023-12-12,60000,New Building,New Building,Completed,UPPER TANTALLON,District 13,1,2,Dwelling - Single Detached,44.72400607280264,-63.87388292449173
13294,BPRES-2023-15872,2023-12-11,500000,New Building,New Building,Completed,WHITES LAKE,District 13,1,1,Dwelling - Single Detached,44.51725529703386,-63.7498397105635
13295,BPRES-2023-15879,2024-03-15,726100,New Building,New Building,Completed,HAMMONDS PLAINS,District 14,2,2,Dwelling - Multiple Units,44.72016194921792,-63.83499653451718
13296,BPRES-2023-15887,2023-12-11,2000,Renovation,Renovation,Completed,DARTMOUTH,District 06,0,1,Dwelling - Multiple Units,44.67483335077072,-63.54644277790689
13297,BPRES-2023-15897,2023-12-15,576000,New Building,New Building,Completed,FALL RIVER,District 01,1,2,Dwelling - Single Detached,44.833121631655715,-63.63049030602969
13298,BPRES-2023-15924,2024-05-27,65000,Renovation,Renovation,Completed,PORTERS LAKE,District 02,1,1,Dwelling - Multiple Units,44.74619310920772,-63.279790541955265
13299,BPRES-2023-15941,2024-04-03,30000,Renovation,Renovation,Issued,HALIFAX,District 08,1,2,Dwelling - Single Detached,44.65309351496891,-63.59684370129645
13300,BPRES-2023-15957,2024-02-05,120000,Renovation,Renovation,Completed,COLE HARBOUR,District 04,1,1,Dwelling - Multiple Units,44.65651239075686,-63.485012403119924
13301,BPRES-2023-15969,2023-12-15,59750,Renovation,Renovation,Expired,HALIFAX,District 09,0,1,Dwelling - Single Detached,44.650592145619754,-63.62678274577717
13302,BPRES-2023-15985,2023-12-15,8000,Renovation,Renovation,Expired,EASTERN PASSAGE,District 03,0,2,Dwelling - Townhouse,44.61417026574219,-63.49811349435832
13303,BPRES-2023-15999,2024-05-28,300000,New Building,New Building,Issued,PORTERS LAKE,District 02,1,2,Dwelling - Single Detached,44.74762569173965,-63.29727974247053
13304,BPRES-2023-16026,2023-12-15,90000,New Building,New Building,Completed,WAVERLEY,District 01,0,1,Accessory Structure,44.78101101144914,-63.59051058507235
13305,BPRES-2023-16051,2025-02-07,1500000,New Building,New Building,Issued,WEST CHEZZETCOOK,District 02,6,1,Dwelling - Townhouse,44.72665010229781,-63.27967879985698
13306,BPRES-2023-16051,2025-02-07,1500000,New Building,New Building,Issued,WEST CHEZZETCOOK,District 02,6,1,Dwelling - Townhouse,44.72665010229781,-63.27967879985698
13307,BPRES-2023-16060,2023-12-14,525000,New Building,New Building,Completed,HAMMONDS PLAINS,District 14,1,1,Dwelling - Single Detached,44.724247981778774,-63.83706419905245
13308,BPRES-2023-16085,2023-12-14,28000,New Building,New Building,Completed,HAMMONDS PLAINS,District 14,0,1,Accessory Structure,44.70814495268607,-63.826875032852094
13309,BPRES-2023-16096,2023-12-14,800000,New Building,New Building,Completed,UPPER TANTALLON,District 13,1,2,Dwelling - Single Detached,44.72438865513866,-63.87146182873435
13310,BPRES-2023-16099,2024-01-03,200000,Addition,Addition,Expired,HALIFAX,District 09,0,2,Dwelling - Single Detached,44.64107928487043,-63.60639473822524
13311,BPRES-2023-16107,2024-01-03,15698,Renovation,Renovation,Expired,BEDFORD,District 16,0,5,Dwelling - Multiple Units,44.71868722000032,-63.686524992369534
13312,BPRES-2023-16115,2023-12-18,200000,New Building,New Building,Completed,MIDDLE SACKVILLE,District 14,1,2,Dwelling - Single Detached,44.79375733151576,-63.75697097390645
13313,BPRES-2023-16130,2023-12-21,1465803,New Building,New Building,Completed,DARTMOUTH,District 05,5,3,Dwelling - Townhouse,44.66000323639889,-63.53498114541769
13314,BPRES-2023-16141,2024-01-05,600000,New Building,New Building,Completed,WHITES LAKE,District 13,1,1,Dwelling - Single Detached,44.51679677894905,-63.750369109102465
13315,BPRES-2023-16165,2024-04-24,38010070,New Building,New Building,Issued,BEDFORD,District 16,154,11,Dwelling - Multiple Units,44.70838421680836,-63.71201439881824
13316,BPRES-2023-16210,2024-10-31,25000,Renovation,Renovation,Completed,HALIFAX,District 11,1,1,Dwelling - Backyard Suite,44.60943019149934,-63.62239021005637
13317,BPRES-2023-16216,2024-01-31,32000,Renovation,Renovation,Completed,HALIFAX,District 11,1,2,Dwelling - Semi-Detached,44.59141044057722,-63.599031454616345
13318,BPRES-2023-16239,2024-01-18,102000,Renovation,Renovation,Completed,HALIFAX,District 09,1,3,Dwelling - Multiple Units,44.645678933600195,-63.60284486115994
13319,BPRES-2023-16240,,44500,Renovation,Renovation,Withdrawn,HALIFAX,District 09,1,3,Dwelling - Multiple Units,44.645678933600195,-63.60284486115994
13320,BPRES-2023-16289,,1000,Renovation,Renovation,Applicant Revisions,WAVERLEY,District 01,1,2,Dwelling - Backyard Suite,44.76051469321493,-63.57401887814354
13321,BPRES-2023-16297,2024-01-16,57500,Renovation,Renovation,Completed,DARTMOUTH,District 03,1,2,Dwelling - Multiple Units,44.66535699696131,-63.536687295711204
13322,BPRES-2023-16299,2024-02-16,50000,New Building,New Building,Completed,MIDDLE SACKVILLE,District 14,0,1,Accessory Structure,44.79479219101639,-63.76080052340887
13323,BPRES-2023-16301,2024-04-29,400000,New Building,New Building,Completed,MIDDLE SACKVILLE,District 14,1,1,Dwelling - Single Detached,44.8107756628326,-63.713974460341625
13324,BPRES-2023-16331,2024-01-15,41000,New Building,New Building,Expired,LAKE CHARLOTTE,District 02,0,1,Accessory Structure,44.767824302049696,-62.94504089934594
13325,BPRES-2023-16336,,430000,New Building,New Building,Withdrawn,BOUTILIERS POINT,District 13,1,2,Dwelling - Backyard Suite,44.65878391116511,-63.956666828102904
13326,BPRES-2023-16338,2024-03-06,28000,Renovation,Renovation,Completed,DARTMOUTH,District 05,1,1,Dwelling - Single Detached,44.67954014752207,-63.582204219895765
13327,BPRES-2023-16360,2024-01-02,60000,New Building,New Building,Cancelled,DARTMOUTH,District 05,1,1,Dwelling - Backyard Suite,44.68144038998291,-63.56334867557244
13328,BPRES-2023-16392,2024-01-04,10000,New Building,New Building,Completed,BEDFORD,District 16,1,3,Dwelling - Single Detached,44.70799127866247,-63.720556171029365
13329,BPRES-2023-16408,2024-01-11,60000,Renovation,Renovation,Completed,DARTMOUTH,District 03,1,3,Dwelling - Multiple Units,44.637214733938414,-63.524973550170074
13330,BPRES-2023-16418,2024-01-12,900000,New Building,New Building,Issued,HALIFAX,District 07,1,3,Dwelling - Single Detached,44.63410118732994,-63.59776126532443
13331,BPRES-2023-16449,2024-01-03,1500,Renovation,Renovation,Expired,DARTMOUTH,District 06,0,2,Dwelling - Multiple Units,44.68951538929216,-63.52699322070718
13332,BPRES-2023-16478,2024-01-08,52000,Addition,Addition,Expired,LAWRENCETOWN,District 02,0,2,Dwelling - Single Detached,44.672954855992465,-63.38058395841157
13333,BPRES-2023-16486,,1500,Renovation,Renovation,Application Incomplete,LAKESIDE,District 12,0,2,Dwelling - Semi-Detached,44.639722287298305,-63.701481237687545
13334,BPRES-2023-16495,2024-06-21,275000,New Building,New Building,Completed,WAVERLEY,District 01,1,1,Dwelling - Backyard Suite,44.77663198569035,-63.57920926633515
13335,BPRES-2023-16507,2024-01-09,35000,Renovation,Renovation,Expired,EASTERN PASSAGE,District 03,0,3,Dwelling - Semi-Detached,44.6063187781883,-63.47843919987481
13336,BPRES-2023-16518,,,Renovation,Renovation,Withdrawn,DARTMOUTH,District 05,0,2,Dwelling - Multiple Units,44.68295470859896,-63.58698575938074
13337,BPRES-2023-16549,2024-01-15,35000,Renovation,Renovation,Issued,DARTMOUTH,District 03,1,2,Dwelling - Multiple Units,44.66615880131465,-63.55482238191652
13338,BPRES-2023-16559,2024-04-16,70000,New Building,New Building,Completed,HAMMONDS PLAINS,District 14,0,2,Accessory Structure,44.75655616183309,-63.788753257539454
13339,BPRES-2023-16564,2024-03-05,400000,New Building,New Building,Expired,COW BAY,District 03,2,1,Dwelling - Multiple Units,44.651967595763196,-63.42404515046043
13340,BPRES-2024-00018,2024-01-03,400000,New Building,New Building,Completed,HAMMONDS PLAINS,District 14,1,1,Dwelling - Single Detached,44.72988408300799,-63.80627163168065
13341,BPRES-2024-00038,2024-07-18,30000,Renovation,Renovation,Completed,BEDFORD,District 16,1,2,Dwelling - Single Detached,44.73928361199087,-63.65785212815947
13342,BPRES-2024-00043,2024-01-09,20000,New Building,New Building,Completed,ELMSDALE,District 01,0,1,Accessory Structure,44.94976946885743,-63.49877187795101
13343,BPRES-2024-00059,2024-01-11,750000,New Building,New Building,Completed,UPPER TANTALLON,District 13,1,2,Dwelling - Single Detached,44.725343188531596,-63.87069358907379
13344,BPRES-2024-00063,2024-01-05,26000,New Building,New Building,Completed,PORTERS LAKE,District 02,0,1,Accessory Structure,44.749793799685236,-63.335667044737534
13345,BPRES-2024-00081,,58000,New Building,New Building,Withdrawn,MILFORD,District 01,0,1,Accessory Structure,45.030071141785385,-63.427614537125464
13346,BPRES-2024-00086,2026-06-01,12000,New Building,New Building,Issued,WAVERLEY,District 01,0,1,Accessory Structure,44.76051469321493,-63.57401887814354
13347,BPRES-2024-00129,2024-02-07,27500,New Building,New Building,Expired,TIMBERLEA,District 12,0,1,Accessory Structure,44.65287965507296,-63.72785628372487
13348,BPRES-2024-00152,,4000,New Building,New Building,Withdrawn,ANTRIM,District 01,0,1,Accessory Structure,44.97457287834065,-63.34745047927225
13349,BPRES-2024-00184,2024-01-30,12400,Renovation,Renovation,Completed,EASTERN PASSAGE,District 03,1,2,Dwelling - Multiple Units,44.616881264763116,-63.46217707634716
13350,BPRES-2024-00202,,12000000,New Building,New Building,Withdrawn,HAMMONDS PLAINS,District 14,64,3,Dwelling - Multiple Units,44.735415724356216,-63.80102555287527
13351,BPRES-2024-00209,2024-04-15,200000,Addition,Addition,Completed,UPPER TANTALLON,District 13,2,2,Dwelling - Multiple Units,44.68161381836555,-63.888388948307764
13352,BPRES-2024-00218,2024-03-18,90000,Addition,Addition,Completed,HALIFAX,District 11,0,2,Dwelling - Single Detached,44.61784221463144,-63.62146957045157
13353,BPRES-2024-00245,2024-05-01,40000,New Building,New Building,Amendment Application Incomplete,FALL RIVER,District 01,0,1,Accessory Structure,44.78696624205405,-63.6269035695551
13354,BPRES-2024-00270,,161000,New Building,New Building,Withdrawn,SPRY HARBOUR,District 02,1,1,Dwelling - Single Detached,44.83560940825396,-62.619323964337184
13355,BPRES-2024-00277,2024-01-10,675000,New Building,New Building,Completed,UPPER TANTALLON,District 13,1,1,Dwelling - Single Detached,44.7233033228058,-63.87511301207146
13356,BPRES-2024-00297,2024-03-05,150000,New Building,New Building,Issued,DEVON,District 01,1,1,Dwelling - Single Detached,44.91453193442251,-63.41192256889479
13357,BPRES-2024-00300,,275000,New Building,New Building,Withdrawn,HALIFAX,District 11,2,3,Dwelling - Semi-Detached,44.593229131954544,-63.60211340620874
13358,BPRES-2024-00311,,275000,New Building,New Building,Withdrawn,HALIFAX,District 11,2,3,Dwelling - Semi-Detached,44.59327482377723,-63.60219474318828
13359,BPRES-2024-00312,2024-01-31,275000,New Building,New Building,Completed,HALIFAX,District 11,4,3,Dwelling - Semi-Detached,44.5933096565026,-63.602257670700595
13360,BPRES-2024-00330,2025-10-08,10000,Renovation,Renovation,Issued,BROOKSIDE,District 13,1,2,Dwelling - Multiple Units,44.54340132359411,-63.712130865301354
13361,BPRES-2024-00354,2024-01-19,24400,Addition,Addition,Completed,DARTMOUTH,District 05,0,2,Dwelling - Single Detached,44.6709725569759,-63.55468496612459
13362,BPRES-2024-00367,2024-01-23,25000,Renovation,Renovation,Completed,HALIFAX,District 08,1,2,Dwelling - Multiple Units,44.66016923513029,-63.61689411204688
13363,BPRES-2024-00392,2024-02-08,180000,New Building,New Building,Issued,EAST PRESTON,District 04,2,1,Dwelling - Semi-Detached,44.7207377023133,-63.4405112707789
13364,BPRES-2024-00429,2024-01-18,550000,New Building,New Building,Completed,BLACK POINT,District 13,1,1,Dwelling - Single Detached,44.65933104372927,-63.97924823317284
13365,BPRES-2024-00452,,750000,New Building,New Building,Applicant Revisions,SEAFORTH,District 02,2,2,Dwelling - Multiple Units,44.66022215310334,-63.27828430904621
13366,BPRES-2024-00457,,15000,Renovation,Renovation,Withdrawn,WAVERLEY,District 01,1,1,Dwelling - Backyard Suite,44.76869362953556,-63.57957155220889
13367,BPRES-2024-00460,2024-01-29,15000000,New Building,New Building,Completed,DARTMOUTH,District 06,4,3,Dwelling - Townhouse,44.714691583202615,-63.54154207753895
13368,BPRES-2024-00468,2024-01-16,650000,New Building,New Building,Completed,HAMMONDS PLAINS,District 14,1,1,Dwelling - Single Detached,44.7219287148209,-63.827565402183126
13369,BPRES-2024-00480,2024-01-16,40000,Addition,Addition,Expired,HALIFAX,District 09,0,2,Dwelling - Single Detached,44.65165277897349,-63.60578227651231
13370,BPRES-2024-00490,2024-01-31,1500000,New Building,New Building,Completed,DARTMOUTH,District 06,4,3,Dwelling - Townhouse,44.71466613170897,-63.54112027804748
13371,BPRES-2024-00497,2024-01-19,500000,New Building,New Building,Completed,BEDFORD,District 16,1,2,Dwelling - Single Detached,44.707439657843004,-63.72722978766713
13372,BPRES-2024-00513,2024-02-06,85000,Addition,Addition,Amendment Application Incomplete,HALIFAX,District 09,0,2,Dwelling - Single Detached,44.65467539578812,-63.60746067482038
13373,BPRES-2024-00525,,396000,Renovation,Renovation,Withdrawn,HALIFAX,District 09,0,3,Dwelling - Multiple Units,44.651432102746966,-63.60019925333665
13374,BPRES-2024-00528,2025-08-05,430000,New Building,New Building,Issued,WILLIAMSWOOD,District 11,1,2,Dwelling - Single Detached,44.51793645087478,-63.63468715407218
13375,BPRES-2024-00544,2024-04-08,70000,Renovation,Renovation,Completed,TIMBERLEA,District 12,0,1,Dwelling - Single Detached,44.65413158994878,-63.73837950231282
13376,BPRES-2024-00547,2024-01-19,125000,Renovation,Renovation,Completed,DARTMOUTH,District 06,1,2,Dwelling - Single Detached,44.687221753777465,-63.508553848941375
13377,BPRES-2024-00569,2024-01-19,125320,Renovation,Renovation,Completed,LOWER SACKVILLE,District 15,0,2,Dwelling - Single Detached,44.76833604747901,-63.638574334337946
13378,BPRES-2024-00600,2024-02-08,50000,Renovation,Renovation,Completed,HALIFAX,District 09,0,2,Dwelling - Single Detached,44.64412058917522,-63.625161613058005
13379,BPRES-2024-00638,2024-04-04,108840,Renovation,Renovation,Expired,DARTMOUTH,District 05,2,2,Dwelling - Multiple Units,44.66504675286501,-63.55453524945919
13380,BPRES-2024-00654,,70000,New Building,New Building,Withdrawn,KETCH HARBOUR,District 11,0,1,Accessory Structure,44.49206515186222,-63.551884290135526
13381,BPRES-2024-00671,2024-01-24,165000,Renovation,Renovation,Cancelled,MIDDLE MUSQUODOBOIT,District 01,0,1,Dwelling - Single Detached,45.04256548759249,-63.14844766204927
13382,BPRES-2024-00695,2025-05-30,800000,New Building,New Building,Issued,COLE HARBOUR,District 04,4,3,Dwelling - Townhouse,44.67525196976847,-63.49451669491396
13383,BPRES-2024-00697,2025-05-30,800000,New Building,New Building,Issued,COLE HARBOUR,District 04,4,2,Dwelling - Townhouse,44.675169394348245,-63.494038209687574
13384,BPRES-2024-00747,,17000,New Building,New Building,Cancelled,DEAN,District 01,0,1,Accessory Structure,45.18342123286425,-62.88736163898528
13385,BPRES-2024-00750,,40000,New Building,New Building,Withdrawn,PLEASANT VALLEY,District 01,0,1,Accessory Structure,45.12021043809543,-62.89218130748122
13386,BPRES-2024-00764,2024-01-23,15000,New Building,New Building,Completed,HUBLEY,District 13,0,1,Accessory Structure,44.66690606095169,-63.7875375476349
13387,BPRES-2024-00804,2024-02-09,530000,New Building,New Building,Completed,BEAVER BANK,District 15,1,2,Dwelling - Single Detached,44.88752279689478,-63.70170031866364
13388,BPRES-2024-00814,2024-08-28,14000,Renovation,Renovation,Cancelled,BEDFORD,District 16,1,3,Dwelling - Multiple Units,44.738205404070854,-63.64813762244443
13389,BPRES-2024-00830,2024-02-12,50000,Renovation,Renovation,Expired,HALIFAX,District 10,1,1,Dwelling - Backyard Suite,44.660282524236585,-63.63114918372137
13390,BPRES-2024-00850,2024-03-18,50000,Renovation,Renovation,Completed,GOFFS,District 01,0,2,Dwelling - Multiple Units,44.89056563033666,-63.464954382786885
13391,BPRES-2024-00861,2024-01-24,40000,New Building,New Building,Completed,PORTUGUESE COVE,District 11,0,1,Accessory Structure,44.51776881853306,-63.537129007183374
13392,BPRES-2024-00887,2024-01-30,23224,Renovation,Renovation,Completed,DARTMOUTH,District 05,0,3,Dwelling - Single Detached,44.671585381316994,-63.568164945067174
13393,BPRES-2024-00892,2024-02-21,30000,New Building,New Building,Completed,SEABRIGHT,District 13,0,1,Accessory Structure,44.6215365079232,-63.9335089114391
13394,BPRES-2024-00909,2024-01-31,30000,New Building,New Building,Expired,GRAND DESERT,District 02,0,1,Accessory Structure,44.68351588553429,-63.26399427476145
13395,BPRES-2024-00923,2024-01-29,650000,New Building,New Building,Completed,OSTREA LAKE,District 02,2,2,Dwelling - Multiple Units,44.77732117475966,-63.10325846732674
13396,BPRES-2024-00933,2024-02-12,202000,Renovation,Renovation,Completed,BEDFORD,District 16,0,1,Dwelling - Single Detached,44.732123421458724,-63.66041933270639
13397,BPRES-2024-00965,2024-02-09,115100,Addition,Addition,Expired,HAMMONDS PLAINS,District 14,0,2,Dwelling - Single Detached,44.71460318911049,-63.73710024517466
13398,BPRES-2024-00970,2024-02-02,650000,New Building,New Building,Completed,BOUTILIERS POINT,District 13,1,2,Dwelling - Single Detached,44.66103697572354,-63.94870417098054
13399,BPRES-2024-00999,,23500,New Building,New Building,Cancelled,THREE FATHOM HARBOUR,District 02,0,2,Accessory Structure,44.64797081449846,-63.290545984247984
13400,BPRES-2024-01024,2024-03-04,665000,Addition,Addition,Completed,HALIFAX,District 09,0,3,Dwelling - Single Detached,44.644135036405245,-63.593867706645916
13401,BPRES-2024-01032,2024-03-25,100000,New Building,New Building,Expired,WEST PORTERS LAKE,District 02,0,2,Accessory Structure,44.688842921681385,-63.31761122310186
13402,BPRES-2024-01042,2024-05-01,690000,New Building,New Building,Cancelled,WEST PETPESWICK,District 02,1,1,Dwelling - Single Detached,44.73613708383687,-63.18153305367727
13403,BPRES-2024-01055,,30000,Renovation,Renovation,Withdrawn,LAKESIDE,District 12,0,2,Dwelling - Single Detached,44.63743325969573,-63.696681198611515
13404,BPRES-2024-01071,2024-02-09,575000,New Building,New Building,Completed,BEAVER BANK,District 15,1,1,Dwelling - Single Detached,44.81906703795106,-63.696038552036995
13405,BPRES-2024-01099,2024-06-10,65000,Addition,Addition,Completed,DARTMOUTH,District 06,0,2,Dwelling - Single Detached,44.717349368866344,-63.54545705758943
13406,BPRES-2024-01111,2024-02-02,600000,New Building,New Building,Completed,BOUTILIERS POINT,District 13,1,1,Dwelling - Single Detached,44.66071577745249,-63.94719503644183
13407,BPRES-2024-01180,2026-01-27,375000,Addition,Addition,Completed,HEAD OF ST MARGARETS BAY,District 13,0,1,Dwelling - Single Detached,44.68601590630321,-63.9146902208233
13408,BPRES-2024-01184,2024-02-21,300000,New Building,New Building,Completed,TIMBERLEA,District 12,1,2,Dwelling - Single Detached,44.645265639601085,-63.72481631951888
13409,BPRES-2024-01204,2024-10-25,56400,Renovation,Renovation,Completed,WINDSOR JUNCTION,District 01,1,2,Dwelling - Multiple Units,44.800007511956345,-63.640748712946284
13410,BPRES-2024-01231,2024-03-11,350000,New Building,New Building,Completed,WHITES LAKE,District 13,1,1,Dwelling - Single Detached,44.54219373418132,-63.73954304566337
13411,BPRES-2024-01267,2024-04-16,435000,New Building,New Building,Completed,HERRING COVE,District 11,1,2,Dwelling - Single Detached,44.56932862967451,-63.56036513065417
13412,BPRES-2024-01284,2024-02-21,1178676.02,New Building,New Building,Completed,HAMMONDS PLAINS,District 14,1,3,Dwelling - Single Detached,44.724685397484265,-63.840407626641586
13413,BPRES-2024-01317,2024-02-13,48200,Renovation,Renovation,Expired,LAKE ECHO,District 02,0,2,Dwelling - Single Detached,44.73802301708084,-63.3958228603157
13414,BPRES-2024-01350,2024-03-05,700000,New Building,New Building,Issued,WELLINGTON,District 01,1,3,Dwelling - Single Detached,44.90027321156658,-63.626931909903846
13415,BPRES-2024-01405,2024-02-20,730000,New Building,New Building,Completed,FALL RIVER,District 01,1,1,Dwelling - Single Detached,44.83073136941378,-63.6303439215364
13416,BPRES-2024-01410,2024-03-04,192000,New Building,New Building,Expired,HACKETTS COVE,District 13,1,1,Dwelling - Single Detached,44.54551202899217,-63.93526804891908
13417,BPRES-2024-01446,,50000,New Building,New Building,Withdrawn,,District 01,1,1,Dwelling - Seasonal,45.122047739307504,-62.891404209409814
13418,BPRES-2024-01450,2024-03-01,28000,Renovation,Renovation,Completed,FALL RIVER,District 01,0,2,Dwelling - Single Detached,44.830761190049344,-63.60882572101958
13419,BPRES-2024-01453,2024-03-14,43500,Renovation,Renovation,Completed,LOWER SACKVILLE,District 15,1,2,Dwelling - Single Detached,44.76720636172655,-63.662090039114666
13420,BPRES-2024-01455,2024-02-12,40000,New Building,New Building,Amendment Requested,OSTREA LAKE,District 02,0,1,Accessory Structure,44.70539886903306,-63.06056714821033
13421,BPRES-2024-01480,,550000,New Building,New Building,Withdrawn,HALIFAX,District 11,6,3,Dwelling - Multiple Units,44.60210501811543,-63.611887680411755
13422,BPRES-2024-01500,2024-02-14,160000,Renovation,Renovation,Completed,FALL RIVER,District 01,0,2,Dwelling - Single Detached,44.80187230496042,-63.61979617532749
13423,BPRES-2024-01509,2024-03-05,500000,New Building,New Building,Completed,BEDFORD,District 16,1,3,Dwelling - Single Detached,44.708281611801155,-63.719927031891395
13424,BPRES-2024-01511,2024-02-21,400000,New Building,New Building,Completed,TIMBERLEA,District 12,1,3,Dwelling - Single Detached,44.64525605230128,-63.72468177674321
13425,BPRES-2024-01523,2024-04-15,300000,New Building,New Building,Completed,UPPER SACKVILLE,District 14,1,1,Dwelling - Single Detached,44.81744652112155,-63.76111883557718
13426,BPRES-2024-01548,2025-02-20,20000,New Building,New Building,Completed,TIMBERLEA,District 12,0,1,Accessory Structure,44.66732878693702,-63.75177254627538
13427,BPRES-2024-01563,2024-04-23,200000,Addition,Addition,Issued,HALIFAX,District 12,1,2,Dwelling - Multiple Units,44.67523070170685,-63.66906794807597
13428,BPRES-2024-01568,2024-03-04,85000,Renovation,Renovation,Completed,HALIFAX,District 11,0,2,Dwelling - Semi-Detached,44.60614522519805,-63.607619739536986
13429,BPRES-2024-01592,2024-03-20,108100,Renovation,Renovation,Expired,HALIFAX,District 07,0,2,Dwelling - Single Detached,44.634050429523874,-63.5932621035511
13430,BPRES-2024-01614,2025-10-01,40000,Renovation,Renovation,Completed,WAVERLEY,District 01,1,2,Dwelling - Multiple Units,44.77805609671351,-63.58587670666616
13431,BPRES-2024-01653,2024-03-06,685000,New Building,New Building,Completed,BEDFORD,District 16,1,3,Dwelling - Single Detached,44.707240213123036,-63.724895160475924
13432,BPRES-2024-01658,2024-03-05,675000,New Building,New Building,Completed,BEDFORD,District 16,1,3,Dwelling - Single Detached,44.70731016116247,-63.724989019476
13433,BPRES-2024-01669,2024-03-06,50000,Addition,Addition,Completed,PORTERS LAKE,District 02,0,1,Dwelling - Single Detached,44.73997146613375,-63.34359907137143
13434,BPRES-2024-01676,2024-02-23,60000,Renovation,Renovation,Completed,BEAVER BANK,District 15,1,2,Dwelling - Multiple Units,44.83319279327937,-63.680960467144004
13435,BPRES-2024-01693,2025-02-03,92000,New Building,New Building,Issued,MIDDLE SACKVILLE,District 14,1,2,Dwelling - Backyard Suite,44.8170599945594,-63.733797872426024
13436,BPRES-2024-01717,2024-03-04,180000,Addition,Addition,Expired,DARTMOUTH,District 06,0,2,Dwelling - Single Detached,44.700913024268274,-63.54841634633883
13437,BPRES-2024-01727,2024-02-21,8200,New Building,New Building,Completed,HUBBARDS,District 13,0,1,Accessory Structure,44.63346325799731,-64.0422679255803
13438,BPRES-2024-01786,2024-02-23,145100,New Building,New Building,Completed,HATCHET LAKE,District 13,1,1,Dwelling - Single Detached,44.56435165671967,-63.71297407802499
13439,BPRES-2024-01813,2025-02-19,30000,New Building,New Building,Completed,CLAM BAY,District 02,0,1,Accessory Structure,44.73312302154519,-62.94951873045258
13440,BPRES-2024-01820,2024-04-22,197500,New Building,New Building,Completed,DARTMOUTH,District 05,1,2,Dwelling - Backyard Suite,44.67747591801333,-63.5875971070275
13441,BPRES-2024-01839,2024-04-11,15000,Addition,Addition,Expired,MONTAGUE GOLD MINES,District 01,0,1,Dwelling - Single Detached,44.72324898730786,-63.52709899008248
13442,BPRES-2024-01847,2024-03-26,404000,New Building,New Building,Completed,DARTMOUTH,District 05,1,2,Dwelling - Backyard Suite,44.6705529888275,-63.56762996456225
13443,BPRES-2024-01851,2024-04-05,725000,New Building,New Building,Completed,HAMMONDS PLAINS,District 14,1,2,Dwelling - Single Detached,44.72337932196083,-63.84245110893335
13444,BPRES-2024-01860,,1000,Renovation,Renovation,Applicant Revisions,LEWIS LAKE,District 13,1,2,Dwelling - Multiple Units,44.68150440891955,-63.84411927592465
13445,BPRES-2024-01895,2024-03-01,600000,New Building,New Building,Completed,TANTALLON,District 13,1,1,Dwelling - Single Detached,44.65078133862053,-63.89931132141039
13446,BPRES-2024-01904,2024-03-12,10000,Addition,Addition,Issued,LAKE ECHO,District 02,1,2,Dwelling - Multiple Units,44.736922408532024,-63.39161041466102
13447,BPRES-2024-01923,2024-03-15,150000,New Building,New Building,Completed,OAKFIELD,District 01,1,1,Dwelling - Backyard Suite,44.900104393741735,-63.5771685387948
13448,BPRES-2024-01941,2024-03-15,23000,Renovation,Renovation,Completed,UPPER SACKVILLE,District 14,0,2,Dwelling - Single Detached,44.8346370185856,-63.78913630809352
13449,BPRES-2024-01947,2024-03-18,400000,Addition,Addition,Completed,HALIFAX,District 07,0,2,Dwelling - Single Detached,44.63972076303698,-63.599690686444454
13450,BPRES-2024-01964,2024-03-19,60324,Addition,Addition,Completed,PORTERS LAKE,District 02,0,1,Dwelling - Single Detached,44.74997579038848,-63.28294139051371
13451,BPRES-2024-01990,2024-03-01,900000,New Building,New Building,Completed,HAMMONDS PLAINS,District 14,1,2,Dwelling - Single Detached,44.72275340528803,-63.84308816874239
13452,BPRES-2024-02012,,175000,New Building,New Building,Applicant Revisions,INGRAMPORT,District 13,1,2,Dwelling - Single Detached,44.655620367168176,-63.968936181982365
13453,BPRES-2024-02025,2024-07-02,15500,Renovation,Renovation,Issued,DARTMOUTH,District 06,0,2,Dwelling - Single Detached,44.70987237273437,-63.54594974224947
13454,BPRES-2024-02029,2024-12-04,1065000,Renovation,Renovation,Issued,HALIFAX,District 07,0,2,Dwelling - Single Detached,44.62467616580004,-63.57823827292886
13455,BPRES-2024-02048,2025-09-02,8000,New Building,New Building,Issued,LAKE ECHO,District 02,0,1,Accessory Structure,44.71965498694995,-63.396361412524186
13456,BPRES-2024-02057,2024-03-26,30000,Renovation,Renovation,Completed,PORTERS LAKE,District 02,1,1,Dwelling - Multiple Units,44.74912147759419,-63.29407288460062
13457,BPRES-2024-02088,2024-04-17,200000,Addition,Addition,Amendment Applicant Revisions,COLE HARBOUR,District 04,3,2,Dwelling - Multiple Units,44.656459177716066,-63.48804667077332
13458,BPRES-2024-02097,2024-04-17,1589600,New Building,New Building,Completed,BEDFORD,District 16,6,2,Dwelling - Townhouse,44.70662296694207,-63.716407752546004
13459,BPRES-2024-02118,,240000,New Building,New Building,Withdrawn,BEAVER HARBOUR,District 02,1,1,Dwelling - Single Detached,44.883758640826805,-62.41862007582507
13460,BPRES-2024-02135,2024-03-22,500000,New Building,New Building,Issued,HAMMONDS PLAINS,District 14,1,2,Dwelling - Single Detached,44.718530861414784,-63.766790995445
13461,BPRES-2024-02149,2024-03-12,900000,New Building,New Building,Completed,MIDDLE SACKVILLE,District 14,1,2,Dwelling - Single Detached,44.79676601249055,-63.75561719581402
13462,BPRES-2024-02156,2024-03-13,780000,New Building,New Building,Completed,HAMMONDS PLAINS,District 14,2,2,Dwelling - Single Detached,44.72413918959487,-63.842555909341115
13463,BPRES-2024-02161,2024-03-05,10500,Renovation,Renovation,Expired,LOWER SACKVILLE,District 15,0,2,Dwelling - Single Detached,44.76338915792367,-63.668544703018625
13464,BPRES-2024-02195,2024-03-19,237000,New Building,New Building,Completed,COLE HARBOUR,District 04,1,1,Dwelling - Backyard Suite,44.66965243687814,-63.50244251237061
13465,BPRES-2024-02198,,77000,Renovation,Renovation,Withdrawn,HALIFAX,District 12,1,2,Dwelling - Multiple Units,44.6472884341692,-63.65378413740534
13466,BPRES-2024-02200,2024-04-09,50000,Renovation,Renovation,Expired,HALIFAX,District 11,0,3,Dwelling - Multiple Units,44.6075917476061,-63.612989980938785
13467,BPRES-2024-02219,2024-03-04,10000,New Building,New Building,Expired,HATCHET LAKE,District 13,0,1,Accessory Structure,44.5628340679794,-63.71375445202828
13468,BPRES-2024-02230,2024-03-21,750000,New Building,New Building,Completed,TIMBERLEA,District 12,1,2,Dwelling - Single Detached,44.64351615535597,-63.7221185551442
13469,BPRES-2024-02242,2024-03-14,375000,New Building,New Building,Completed,DARTMOUTH,District 06,1,2,Dwelling - Single Detached,44.71438815364138,-63.5444534300256
13470,BPRES-2024-02257,2024-07-29,50000,Addition,Addition,Issued,HALIFAX,District 08,1,2,Dwelling - Backyard Suite,44.650297973697484,-63.59336477620911
13471,BPRES-2024-02261,2024-05-03,40000,New Building,New Building,Completed,FALL RIVER,District 01,1,2,Dwelling - Backyard Suite,44.82202102682163,-63.641588560471625
13472,BPRES-2024-02262,2024-03-26,50000,Renovation,Renovation,Completed,COLE HARBOUR,District 04,1,2,Dwelling - Multiple Units,44.68319325716942,-63.492129793825626
13473,BPRES-2024-02282,,150000,Addition,Addition,Cancelled,LOWER EAST CHEZZETCOOK,District 02,1,1,Dwelling - Backyard Suite,44.683446191123856,-63.20697698930796
13474,BPRES-2024-02292,2024-07-08,54363,Addition,Addition,Completed,HALIFAX,District 08,0,1,Dwelling - Single Detached,44.65413654939875,-63.61280606717628
13475,BPRES-2024-02331,2024-03-07,875000,New Building,New Building,Completed,HAMMONDS PLAINS,District 14,1,2,Dwelling - Single Detached,44.72216658928248,-63.84211315326133
13476,BPRES-2024-02358,2024-04-18,250000,New Building,New Building,Cancelled,EAST PRESTON,District 04,1,1,Dwelling - Single Detached,44.72220229248473,-63.42697394016713
13477,BPRES-2024-02377,2024-03-28,20000,Renovation,Renovation,Cancelled,HATCHET LAKE,District 13,0,1,Dwelling - Single Detached,44.564139712579056,-63.713688912393465
13478,BPRES-2024-02405,2024-03-11,19500,Renovation,Renovation,Expired,DARTMOUTH,District 06,0,2,Dwelling - Semi-Detached,44.67967802379698,-63.522386681620624
13479,BPRES-2024-02433,2024-04-04,116000,Renovation,Renovation,Completed,EASTERN PASSAGE,District 03,0,1,Dwelling - Single Detached,44.60315240485906,-63.471968821521244
13480,BPRES-2024-02450,2024-04-10,196000,Addition,Addition,Issued,DARTMOUTH,District 05,0,3,Dwelling - Single Detached,44.666062520758835,-63.55765638704693
13481,BPRES-2024-02457,2024-03-12,375000,New Building,New Building,Completed,DARTMOUTH,District 06,1,3,Dwelling - Single Detached,44.7138150078494,-63.54460818262464
13482,BPRES-2024-02464,,421000,Renovation,Renovation,Withdrawn,DARTMOUTH,District 05,0,3,Dwelling - Multiple Units,44.67554885701271,-63.565842542791536
13483,BPRES-2024-02481,2024-03-15,72500,New Building,New Building,Issued,FALL RIVER,District 01,1,2,Dwelling - Backyard Suite,44.8347566523702,-63.592372182712296
13484,BPRES-2024-02499,2024-03-20,50000,Renovation,Renovation,Completed,HALIFAX,District 09,2,2,Dwelling - Multiple Units,44.6446616961036,-63.616287345668404
13485,BPRES-2024-02506,2024-03-11,100000,Renovation,Renovation,Completed,HALIFAX,District 09,0,3,Dwelling - Single Detached,44.64189864572922,-63.60036421531494
13486,BPRES-2024-02547,2024-04-15,6000,Addition,Addition,Expired,WEST PETPESWICK,District 02,0,1,Dwelling - Single Detached,44.76281537674237,-63.16291812384189
13487,BPRES-2024-02588,2024-05-15,559000,New Building,New Building,Completed,HALIFAX,District 11,4,3,Dwelling - Semi-Detached,44.58576396707296,-63.5902886875073
13488,BPRES-2024-02631,2024-03-15,128000,Renovation,Renovation,Expired,BEDFORD,District 16,0,1,Dwelling - Single Detached,44.72912798713024,-63.666889955555156
13489,BPRES-2024-02683,2024-04-12,50000,New Building,New Building,Completed,LAWRENCETOWN,District 02,0,1,Accessory Structure,44.69792775934218,-63.43306686392947
13490,BPRES-2024-02690,,,Renovation,Renovation,Application Incomplete,MIDDLE SACKVILLE,District 14,1,2,Dwelling - Multiple Units,44.795546715196195,-63.72353897242005
13491,BPRES-2024-02702,2024-03-19,75000,New Building,New Building,Completed,WELLINGTON,District 01,0,2,Accessory Structure,44.849911074910636,-63.60937257189576
13492,BPRES-2024-02713,2024-05-08,460000,New Building,New Building,Amendment Review,BEDFORD,District 16,1,2,Dwelling - Single Detached,44.73307468061799,-63.66121550411964
13493,BPRES-2024-02720,2024-05-21,48500,Renovation,Renovation,Issued,SALMON RIVER BRIDGE,District 02,0,3,Accessory Structure,44.775642219067976,-63.023508166916045
13494,BPRES-2024-02742,2024-04-11,650000,New Building,New Building,Issued,HAMMONDS PLAINS,District 14,2,2,Dwelling - Multiple Units,44.719804273084115,-63.83611742331086
13495,BPRES-2024-02755,2024-03-28,280000,New Building,New Building,Expired,TIMBERLEA,District 12,1,3,Dwelling - Single Detached,44.63968642169565,-63.72180057194359
13496,BPRES-2024-02790,2024-04-05,250000,New Building,New Building,Completed,BEECHVILLE,District 12,1,3,Dwelling - Single Detached,44.638356997226715,-63.67759496764319
13497,BPRES-2024-02791,2024-04-09,30000,New Building,New Building,Completed,HALIFAX,District 11,0,1,Accessory Structure,44.635802666468685,-63.61997121722046
13498,BPRES-2024-02809,2024-03-22,400000,New Building,New Building,Completed,HALIFAX,District 11,3,2,Dwelling - Semi-Detached,44.58602931127505,-63.588724348306165
13499,BPRES-2024-02823,2025-04-15,350000,New Building,New Building,Issued,UPPER SACKVILLE,District 14,1,1,Dwelling - Single Detached,44.80857276949804,-63.75944359279939
13500,BPRES-2024-02853,2024-04-05,250000,New Building,New Building,Completed,BEECHVILLE,District 12,1,3,Dwelling - Single Detached,44.638277141148926,-63.67752122572749
13501,BPRES-2024-02855,2024-03-27,350000,New Building,New Building,Completed,BEECHVILLE,District 12,2,3,Dwelling - Semi-Detached,44.63933364380961,-63.67785641511348
13502,BPRES-2024-02861,2024-03-26,650000,New Building,New Building,Completed,BEDFORD,District 16,1,3,Dwelling - Semi-Detached,44.707917528775596,-63.72500610546272
13503,BPRES-2024-02889,2024-04-03,275000,New Building,New Building,Completed,TANGIER,District 02,1,2,Dwelling - Single Detached,44.801138622428844,-62.68728270432546
13504,BPRES-2024-02891,2024-04-11,20000,New Building,New Building,Completed,DARTMOUTH,District 06,0,1,Accessory Structure,44.68180376106706,-63.50513135960539
13505,BPRES-2024-02895,2024-03-25,4500,Renovation,Renovation,Completed,HALIFAX,District 12,0,3,Dwelling - Single Detached,44.670388222357005,-63.671702290536594
13506,BPRES-2024-02910,2024-04-17,30000,Renovation,Renovation,Completed,HALIFAX,District 09,0,3,Dwelling - Single Detached,44.64345321147002,-63.593458541988525
13507,BPRES-2024-02925,2024-04-25,30000,New Building,New Building,Issued,WEST PORTERS LAKE,District 02,1,2,Dwelling - Backyard Suite,44.68455771007445,-63.30728828273862
13508,BPRES-2024-02932,2024-03-20,30000,New Building,New Building,Completed,LAKE CHARLOTTE,District 02,0,1,Accessory Structure,44.77433689923902,-62.97701131158626
13509,BPRES-2024-02976,2024-03-25,373800,Addition,Addition,Completed,EASTERN PASSAGE,District 03,0,2,Dwelling - Single Detached,44.615096552147335,-63.485396647934834
13510,BPRES-2024-02977,2024-04-05,300000,New Building,New Building,Completed,MYERS POINT,District 02,1,2,Dwelling - Single Detached,44.76747457291656,-63.03853952872282
13511,BPRES-2024-02993,,5,Renovation,Renovation,Application Incomplete,,Unidentified,0,,Dwelling - Semi-Detached,,
13512,BPRES-2024-03043,2024-03-25,15000,New Building,New Building,Amendment Review,UPPER TANTALLON,District 13,0,1,Accessory Structure,44.72309538183625,-63.87440611453339
13513,BPRES-2024-03075,2024-03-25,242000,Renovation,Renovation,Expired,DARTMOUTH,District 06,0,3,Dwelling - Single Detached,44.68312513026262,-63.496556352257905
13514,BPRES-2024-03083,2024-05-31,150000,Addition,Addition,Issued,DARTMOUTH,District 06,0,1,Dwelling - Single Detached,44.695465221689275,-63.54924767568598
13515,BPRES-2024-03114,2024-04-03,500000,New Building,New Building,Amendment Application Incomplete,HAMMONDS PLAINS,District 14,1,2,Dwelling - Single Detached,44.71914851769687,-63.766988720296176
13516,BPRES-2024-03121,2024-03-22,150000,New Building,New Building,Completed,MIDDLE SACKVILLE,District 14,1,2,Dwelling - Single Detached,44.80021730578027,-63.768897195067865
13517,BPRES-2024-03132,2024-03-22,150000,New Building,New Building,Completed,MIDDLE SACKVILLE,District 14,1,2,Dwelling - Single Detached,44.801028217900026,-63.76803706578357
13518,BPRES-2024-03135,2024-03-22,150000,New Building,New Building,Completed,MIDDLE SACKVILLE,District 14,1,2,Dwelling - Single Detached,44.80209977494707,-63.76674913730292
13519,BPRES-2024-03158,2024-03-25,250000,New Building,New Building,Completed,BEECHVILLE,District 12,1,3,Dwelling - Single Detached,44.63811849407927,-63.67738931224219
13520,BPRES-2024-03174,2024-03-27,200000,New Building,New Building,Completed,BEECHVILLE,District 12,1,3,Dwelling - Single Detached,44.63832196189068,-63.67817555193255
13521,BPRES-2024-03179,2025-11-17,630000,New Building,New Building,Completed,COLE HARBOUR,District 04,1,2,Dwelling - Single Detached,44.674274908989204,-63.458517483732265
13522,BPRES-2024-03180,2024-04-05,320000,New Building,New Building,Completed,MINEVILLE,District 02,1,1,Dwelling - Backyard Suite,44.701931823038066,-63.37947920212626
13523,BPRES-2024-03202,2024-04-16,448000,New Building,New Building,Completed,SEAFORTH,District 02,1,3,Dwelling - Single Detached,44.65759775629477,-63.2645489443403
13524,BPRES-2024-03208,2024-04-08,350000,New Building,New Building,Completed,BEECHVILLE,District 12,2,2,Dwelling - Semi-Detached,44.63919460857895,-63.67770950099069
13525,BPRES-2024-03214,2024-03-28,200000,New Building,New Building,Completed,BEECHVILLE,District 12,1,3,Dwelling - Single Detached,44.63817192249954,-63.67864450450347
13526,BPRES-2024-03230,2024-04-19,5100,Addition,Addition,Completed,GLEN HAVEN,District 13,0,2,Dwelling - Single Detached,44.63676718800323,-63.934495775560926
13527,BPRES-2024-03251,2024-06-04,14000,New Building,New Building,Completed,GRAND LAKE,District 01,0,1,Accessory Structure,44.880423308289565,-63.57398385635312
13528,BPRES-2024-03254,2024-03-28,80000,New Building,New Building,Expired,FALL RIVER,District 01,0,1,Accessory Structure,44.79658704548873,-63.62309079086054
13529,BPRES-2024-03257,2024-04-08,500000,New Building,New Building,Completed,BEECHVILLE,District 12,2,3,Dwelling - Semi-Detached,44.639608604007385,-63.67901720749912
13530,BPRES-2024-03263,2024-04-25,70000,New Building,New Building,Expired,LAWRENCETOWN,District 02,1,1,Dwelling - Backyard Suite,44.682197441575234,-63.44274702648928
13531,BPRES-2024-03286,2024-04-02,220000,New Building,New Building,Expired,TIMBERLEA,District 12,1,3,Dwelling - Single Detached,44.63939168009036,-63.7218440999421
13532,BPRES-2024-03298,2024-05-17,460000,New Building,New Building,Completed,INGRAMPORT,District 13,1,1,Dwelling - Single Detached,44.657487781988955,-63.97158238702241
13533,BPRES-2024-03308,2024-06-04,344500,New Building,New Building,Completed,LOWER PROSPECT,District 13,1,3,Dwelling - Single Detached,44.452771915911384,-63.72705460538418
13534,BPRES-2024-03311,2024-04-25,385000,New Building,New Building,Completed,DARTMOUTH,District 06,1,2,Dwelling - Single Detached,44.71390301070559,-63.54455714883051
13535,BPRES-2024-03315,2024-05-08,185000,New Building,New Building,Completed,DARTMOUTH,District 06,1,3,Dwelling - Single Detached,44.71408663481407,-63.54450491111142
13536,BPRES-2024-03316,2024-04-09,500000,New Building,New Building,Completed,BEECHVILLE,District 12,2,3,Dwelling - Semi-Detached,44.6394081149358,-63.678560763630415
13537,BPRES-2024-03326,2024-04-09,500000,New Building,New Building,Completed,BEECHVILLE,District 12,2,3,Dwelling - Semi-Detached,44.63849859251014,-63.67771693061071
13538,BPRES-2024-03331,2024-04-08,350000,New Building,New Building,Completed,BEECHVILLE,District 12,2,3,Dwelling - Semi-Detached,44.638749620030225,-63.67730081459124
13539,BPRES-2024-03334,2024-04-08,350000,New Building,New Building,Completed,BEECHVILLE,District 12,2,3,Dwelling - Semi-Detached,44.639044469547756,-63.677576504242445
13540,BPRES-2024-03337,2024-04-09,350000,New Building,New Building,Completed,BEECHVILLE,District 12,2,3,Dwelling - Semi-Detached,44.63889620365155,-63.67744481785423
13541,BPRES-2024-03340,2024-04-10,350000,New Building,New Building,Completed,BEECHVILLE,District 12,2,3,Dwelling - Semi-Detached,44.63859843858875,-63.677185340566666
13542,BPRES-2024-03380,2024-04-10,100000,New Building,New Building,Completed,HALIFAX,District 12,1,1,Dwelling - Backyard Suite,44.67863193855585,-63.67326968315714
13543,BPRES-2024-03407,2024-07-22,25000,Renovation,Renovation,Completed,HALIFAX,District 10,1,2,Dwelling - Multiple Units,44.650419365024234,-63.64223348422376
13544,BPRES-2024-03435,2024-03-28,600000,New Building,New Building,Completed,BLACK POINT,District 13,1,2,Dwelling - Single Detached,44.6571800328473,-63.98155577966745
13545,BPRES-2024-03438,2024-04-11,75000,New Building,New Building,Expired,PORTERS LAKE,District 02,0,1,Accessory Structure,44.78172169359891,-63.3571005048669
13546,BPRES-2024-03453,2024-04-08,600000,New Building,New Building,Completed,BEDFORD,District 16,1,2,Dwelling - Single Detached,44.70840976400913,-63.72166132634213
13547,BPRES-2024-03470,2024-04-05,30000,New Building,New Building,Completed,MIDDLE SACKVILLE,District 14,0,1,Accessory Structure,44.78424428780517,-63.75165260255071
13548,BPRES-2024-03488,2024-05-09,75000,New Building,New Building,Withdrawn,PORTERS LAKE,District 02,1,1,Dwelling - Backyard Suite,44.80327663330423,-63.38316600518442
13549,BPRES-2024-03493,2024-04-09,85000,New Building,New Building,Completed,HALIFAX,District 09,1,1,Dwelling - Backyard Suite,44.64490323939354,-63.59480931986258
13550,BPRES-2024-03519,2024-04-10,385000,New Building,New Building,Completed,GAETZ BROOK,District 02,1,2,Dwelling - Single Detached,44.76540661118231,-63.21244174912742
13551,BPRES-2024-03525,2024-06-05,180000,New Building,New Building,Completed,TANTALLON,District 13,1,2,Dwelling - Single Detached,44.67708314397876,-63.89605642053879
13552,BPRES-2024-03544,2024-04-09,575000,New Building,New Building,Completed,MIDDLE SACKVILLE,District 14,1,1,Dwelling - Single Detached,44.79649290574537,-63.764797599574706
13553,BPRES-2024-03591,2024-04-02,50000,New Building,New Building,Completed,WYSES CORNER,District 01,0,1,Accessory Structure,44.95743483712633,-63.302802310134055
13554,BPRES-2024-03596,,7000,Renovation,Renovation,Withdrawn,LAWRENCETOWN,District 02,1,2,Dwelling - Multiple Units,44.65838907712729,-63.36253597796255
13555,BPRES-2024-03620,2024-05-03,900000,New Building,New Building,Completed,UPPER TANTALLON,District 13,2,1,Dwelling - Multiple Units,44.73219567771139,-63.87718236950124
13556,BPRES-2024-03621,2024-05-10,5000,Renovation,Renovation,Completed,BEDFORD,District 16,0,1,Dwelling - Townhouse,44.71050732532946,-63.673412936641064
13557,BPRES-2024-03645,2024-04-17,75000,Addition,Addition,Expired,HALIFAX,District 07,0,3,Dwelling - Townhouse,44.63546434434009,-63.57743973411898
13558,BPRES-2024-03662,2024-05-01,70000,New Building,New Building,Cancelled,DEVON,District 01,1,2,Dwelling - Single Detached,44.91428484438894,-63.408317239938576
13559,BPRES-2024-03668,2024-04-05,700000,New Building,New Building,Completed,BEDFORD,District 16,1,2,Dwelling - Single Detached,44.7202085905269,-63.71632632369933
13560,BPRES-2024-03672,2024-05-17,200000,New Building,New Building,Completed,HALIFAX,District 11,1,2,Dwelling - Single Detached,44.61326067252329,-63.57476218269581
13561,BPRES-2024-03698,2024-05-29,350000,New Building,New Building,Issued,PORTERS LAKE,District 02,1,1,Dwelling - Single Detached,44.75681119625109,-63.30832245972182
13562,BPRES-2024-03700,2024-04-19,200000,New Building,New Building,Completed,BEECHVILLE,District 12,1,3,Dwelling - Single Detached,44.63872181435508,-63.67783707838336
13563,BPRES-2024-03702,2024-04-12,200000,New Building,New Building,Completed,BEECHVILLE,District 12,1,3,Dwelling - Single Detached,44.638618883236084,-63.67805467644742
13564,BPRES-2024-03710,2024-06-05,556500,New Building,New Building,Completed,MIDDLE SACKVILLE,District 14,1,2,Dwelling - Single Detached,44.79292373699082,-63.7592158935361
13565,BPRES-2024-03727,2024-08-16,20000,New Building,New Building,Issued,PROSPECT BAY,District 13,0,2,Accessory Structure,44.512681853616826,-63.795643628134385
13566,BPRES-2024-03744,2024-05-03,10000,Renovation,Renovation,Expired,HALIFAX,District 08,0,3,Dwelling - Townhouse,44.659091372546364,-63.61242164977409
13567,BPRES-2024-03770,,,Renovation,Renovation,Application Incomplete,HALIFAX,District 08,1,2,Dwelling - Backyard Suite,44.6596450744016,-63.5958984689693
13568,BPRES-2024-03802,2024-10-01,612000,New Building,New Building,Issued,HALIFAX,District 11,4,2,Dwelling - Semi-Detached,44.58721552074131,-63.58946787214689
13569,BPRES-2024-03802,2024-10-01,612000,New Building,New Building,Issued,HALIFAX,District 11,4,2,Dwelling - Semi-Detached,44.58721552074131,-63.58946787214689
13570,BPRES-2024-03809,2024-04-10,250000,New Building,New Building,Completed,BEECHVILLE,District 12,1,3,Dwelling - Single Detached,44.639312312940056,-63.679431304390164
13571,BPRES-2024-03811,2024-04-10,250000,New Building,New Building,Completed,BEECHVILLE,District 12,1,3,Dwelling - Single Detached,44.639211257281076,-63.678939980904616
13572,BPRES-2024-03813,,49000,Renovation,Renovation,Application Incomplete,HEAD OF ST MARGARETS BAY,District 13,0,2,Dwelling - Single Detached,44.67906695970344,-63.90464300814183
13573,BPRES-2024-03837,2024-04-15,625000,New Building,New Building,Completed,FALL RIVER,District 01,1,2,Dwelling - Single Detached,44.83505776656301,-63.631120950130175
13574,BPRES-2024-03846,2025-02-04,3000,Addition,Addition,Issued,BROOKSIDE,District 13,0,1,Dwelling - Single Detached,44.55528155040456,-63.72971817968595
13575,BPRES-2024-03872,2024-07-08,486917.77,New Building,New Building,Completed,OAKFIELD,District 01,1,1,Dwelling - Single Detached,44.92352823236079,-63.562498087690415
13576,BPRES-2024-03876,,375000,New Building,New Building,Withdrawn,QUEENSLAND,District 13,1,1,Dwelling - Single Detached,44.653149621628465,-63.99824235121978
13577,BPRES-2024-03914,2024-04-30,39000,Addition,Addition,Issued,DUTCH SETTLEMENT,District 01,0,1,Accessory Structure,44.98749943243424,-63.45780826687119
13578,BPRES-2024-03930,2024-04-11,400000,New Building,New Building,Completed,BEAVER BANK,District 15,1,2,Dwelling - Single Detached,44.82684705742313,-63.67471001018247
13579,BPRES-2024-03956,2024-05-09,4800000,New Building,New Building,Completed,HALIFAX,District 07,1,2,Dwelling - Single Detached,44.63324733356432,-63.591537124312154
13580,BPRES-2024-03966,2024-04-30,1000,Renovation,Renovation,Expired,HERRING COVE,District 11,0,2,Dwelling - Single Detached,44.57213650379721,-63.558767417207314
13581,BPRES-2024-03974,2024-04-23,400000,New Building,New Building,Completed,HAMMONDS PLAINS,District 14,2,1,Dwelling - Multiple Units,44.72642492469106,-63.828587489903654
13582,BPRES-2024-03977,2024-04-16,135000,Addition,Addition,Completed,DARTMOUTH,District 05,0,2,Dwelling - Single Detached,44.67827900890826,-63.565355962916755
13583,BPRES-2024-03989,2024-04-12,250000,New Building,New Building,Completed,BEECHVILLE,District 12,1,3,Dwelling - Single Detached,44.63879796687231,-63.6792168665458
13584,BPRES-2024-03991,2024-04-12,250000,New Building,New Building,Completed,BEECHVILLE,District 12,1,3,Dwelling - Single Detached,44.63856972545374,-63.6793202330066
13585,BPRES-2024-03994,2024-04-12,250000,New Building,New Building,Completed,BEECHVILLE,District 12,1,3,Dwelling - Single Detached,44.63830699060071,-63.6795239556415
13586,BPRES-2024-03995,2024-04-12,250000,New Building,New Building,Completed,BEECHVILLE,District 12,1,3,Dwelling - Single Detached,44.63819356078239,-63.67974507269974
13587,BPRES-2024-04015,2024-04-17,200000,New Building,New Building,Completed,BEECHVILLE,District 12,1,3,Dwelling - Single Detached,44.638699912773376,-63.67862144903318
13588,BPRES-2024-04018,2024-04-23,200000,New Building,New Building,Completed,BEECHVILLE,District 12,1,3,Dwelling - Single Detached,44.63886191534637,-63.67844317167738
13589,BPRES-2024-04026,2024-04-23,200000,New Building,New Building,Completed,BEECHVILLE,District 12,1,3,Dwelling - Single Detached,44.639022573008695,-63.67811230526144
13590,BPRES-2024-04038,2024-05-27,1350000,New Building,New Building,Issued,DARTMOUTH,District 06,5,3,Dwelling - Townhouse,44.715438654174065,-63.542550329316285
13591,BPRES-2024-04050,2025-01-31,315000,New Building,New Building,Completed,TIMBERLEA,District 12,1,2,Dwelling - Single Detached,44.64534859716343,-63.72507880490853
13592,BPRES-2024-04074,2024-04-12,44000,New Building,New Building,Completed,HARRIETSFIELD,District 11,0,1,Accessory Structure,44.5638339338143,-63.63075528139662
13593,BPRES-2024-04081,2024-06-19,250000,New Building,New Building,Amendment Application Incomplete,LAKE EGMONT,District 01,1,1,Dwelling - Single Detached,44.99122096193891,-63.29936182467985
13594,BPRES-2024-04083,2024-04-16,500000,New Building,New Building,Completed,HAMMONDS PLAINS,District 14,1,1,Dwelling - Single Detached,44.7324366223531,-63.80759819504496
13595,BPRES-2024-04108,2024-06-24,440000,New Building,New Building,Completed,TIMBERLEA,District 12,1,2,Dwelling - Single Detached,44.64519554678862,-63.724438023949595
13596,BPRES-2024-04154,2024-05-27,168000,New Building,New Building,Completed,HERRING COVE,District 11,1,1,Dwelling - Backyard Suite,44.5672351382608,-63.567803176075145
13597,BPRES-2024-04160,2024-05-10,560000,New Building,New Building,Completed,STILLWATER LAKE,District 13,2,2,Dwelling - Single Detached,44.71541448106188,-63.84218208181971
13598,BPRES-2024-04162,2024-04-15,250000,New Building,New Building,Completed,BEECHVILLE,District 12,1,3,Dwelling - Single Detached,44.638708944810574,-63.67981894017858
13599,BPRES-2024-04164,2024-04-15,250000,New Building,New Building,Completed,BEECHVILLE,District 12,1,3,Dwelling - Single Detached,44.63888638238802,-63.67973931202503
13600,BPRES-2024-04178,2024-04-25,375000,New Building,New Building,Completed,MIDDLE SACKVILLE,District 14,1,1,Dwelling - Single Detached,44.8066803959176,-63.73613045056289
13601,BPRES-2024-04183,2024-06-04,20000,New Building,New Building,Completed,TIMBERLEA,District 12,0,1,Accessory Structure,44.65732053383097,-63.74513509150055
13602,BPRES-2024-04188,2024-05-23,465000,New Building,New Building,Issued,TIMBERLEA,District 12,1,3,Dwelling - Single Detached,44.645825321209365,-63.72656739952655
13603,BPRES-2024-04194,2024-06-10,10000,New Building,New Building,Expired,TANTALLON,District 13,0,1,Accessory Structure,44.67708314397876,-63.89605642053879
13604,BPRES-2024-04203,2024-06-25,600000,New Building,New Building,Completed,TIMBERLEA,District 12,1,2,Dwelling - Single Detached,44.645668728394035,-63.724644173054664
13605,BPRES-2024-04224,2024-04-23,300000,New Building,New Building,Completed,HUBLEY,District 13,1,1,Dwelling - Single Detached,44.661421410139226,-63.817183671765235
13606,BPRES-2024-04228,2024-04-16,600000,New Building,New Building,Completed,HAMMONDS PLAINS,District 14,1,2,Dwelling - Single Detached,44.69778339066546,-63.80531569832869
13607,BPRES-2024-04233,2024-06-03,165000,New Building,New Building,Expired,PORTUGUESE COVE,District 11,1,1,Dwelling - Single Detached,44.50986008331089,-63.54360340550519
13608,BPRES-2024-04257,2024-06-17,305000,New Building,New Building,Issued,HALIFAX,District 10,4,2,Dwelling - Multiple Units,44.65323750282216,-63.637879176166976
13609,BPRES-2024-04257,2024-06-17,305000,New Building,New Building,Issued,HALIFAX,District 10,4,2,Dwelling - Multiple Units,44.65323750282216,-63.637879176166976
13610,BPRES-2024-04257,2024-06-17,305000,New Building,New Building,Issued,HALIFAX,District 10,4,2,Dwelling - Multiple Units,44.65323750282216,-63.637879176166976
13611,BPRES-2024-04260,2024-08-02,700000,Addition,Addition,Issued,PROSPECT,District 13,1,2,Dwelling - Multiple Units,44.46970785117614,-63.78266639593895
13612,BPRES-2024-04264,2024-04-18,150000,Addition,Addition,Completed,MUSQUODOBOIT HARBOUR,District 02,0,1,Dwelling - Single Detached,44.787551317186164,-63.16873657801265
13613,BPRES-2024-04272,,500000,New Building,New Building,Withdrawn,MINEVILLE,District 02,4,1,Dwelling - Townhouse,44.69353359678929,-63.3875177943906
13614,BPRES-2024-04297,2024-04-19,883911,New Building,New Building,Completed,DARTMOUTH,District 03,6,2,Dwelling - Townhouse,44.6603424532875,-63.53382151718451
13615,BPRES-2024-04310,2024-04-19,1157636,New Building,New Building,Completed,DARTMOUTH,District 03,6,2,Dwelling - Townhouse,44.65996726118064,-63.53399622447097
13616,BPRES-2024-04320,,80000,New Building,New Building,Application Incomplete,DARTMOUTH,District 06,1,2,Dwelling - Backyard Suite,44.72424192877973,-63.54153092506889
13617,BPRES-2024-04324,,60000,New Building,New Building,Withdrawn,HALIFAX,District 12,0,1,Accessory Structure,44.654872761644945,-63.680059402227485
13618,BPRES-2024-04371,2024-05-24,200000,New Building,New Building,Completed,BEECHVILLE,District 12,1,3,Dwelling - Single Detached,44.63765416107414,-63.67635807325701
13619,BPRES-2024-04373,2024-09-12,200000,New Building,New Building,Completed,BEECHVILLE,District 12,1,3,Dwelling - Single Detached,44.637467328027306,-63.676198090079836
13620,BPRES-2024-04376,2024-11-20,200000,New Building,New Building,Completed,BEECHVILLE,District 12,1,3,Dwelling - Single Detached,44.63693512090699,-63.67573969344299
13621,BPRES-2024-04381,2024-12-04,200000,New Building,New Building,Completed,BEECHVILLE,District 12,1,3,Dwelling - Single Detached,44.63674832624084,-63.67557841788845
13622,BPRES-2024-04401,2024-04-24,924228,New Building,New Building,Completed,DARTMOUTH,District 03,5,3,Dwelling - Townhouse,44.66031380904886,-63.535025916667884
13623,BPRES-2024-04412,2024-04-22,5000,Renovation,Renovation,Completed,LAKESIDE,District 12,0,1,Dwelling - Single Detached,44.63813389694977,-63.70123453299618
13624,BPRES-2024-04426,2024-06-28,25000,New Building,New Building,Completed,UPPER TANTALLON,District 13,0,1,Accessory Structure,44.71828426030854,-63.8840985093996
13625,BPRES-2024-04452,2024-05-07,70000,New Building,New Building,Expired,MIDDLE MUSQUODOBOIT,District 01,0,1,Accessory Structure,45.050167333410016,-63.13516499135776
13626,BPRES-2024-04469,2024-05-02,50000,New Building,New Building,Expired,TANGIER,District 02,0,1,Accessory Structure,44.800075160766774,-62.69514034586884
13627,BPRES-2024-04489,2024-05-02,400000,New Building,New Building,Completed,MIDDLE SACKVILLE,District 14,1,1,Dwelling - Single Detached,44.79569766021989,-63.75616383468489
13628,BPRES-2024-04538,2026-03-06,62000,Renovation,Renovation,Issued,HALIFAX,District 09,1,2,Dwelling - Multiple Units,44.65436428016687,-63.60934031257543
13629,BPRES-2024-04541,2024-04-19,4000,Renovation,Renovation,Completed,HALIFAX,District 10,0,1,Dwelling - Single Detached,44.67146866556932,-63.65138491063497
13630,BPRES-2024-04582,2024-05-02,25000,Addition,Addition,Expired,HALIFAX,District 09,0,1,Dwelling - Single Detached,44.654261999967815,-63.6183165641536
13631,BPRES-2024-04615,2024-05-08,2000,Renovation,Renovation,Cancelled,HALIFAX,District 12,0,2,Dwelling - Townhouse,44.66276435230398,-63.669561039146195
13632,BPRES-2024-04631,2024-05-10,340000,Addition,Addition,Completed,HALIFAX,District 09,1,2,Dwelling - Multiple Units,44.64630874292041,-63.61311144108107
13633,BPRES-2024-04641,2024-04-23,649000,New Building,New Building,Completed,HAMMONDS PLAINS,District 14,1,1,Dwelling - Single Detached,44.72294210827771,-63.83342806875712
13634,BPRES-2024-04660,2024-07-17,235000,New Building,New Building,Completed,EAST PETPESWICK,District 02,2,1,Dwelling - Multiple Units,44.76417763689962,-63.15003918077818
13635,BPRES-2024-04675,2024-05-10,20000,New Building,New Building,Completed,BEAVER HARBOUR,District 02,0,1,Accessory Structure,44.89348672321963,-62.42113029435199
13636,BPRES-2024-04731,2024-07-24,200000,New Building,New Building,Completed,MIDDLE SACKVILLE,District 14,1,1,Dwelling - Backyard Suite,44.821780035694225,-63.727461017958596
13637,BPRES-2024-04732,2024-05-14,15000,New Building,New Building,Expired,ELMSVALE,District 01,0,1,Accessory Structure,45.08161275355247,-63.07157016813236
13638,BPRES-2024-04743,2024-06-07,5000,Renovation,Renovation,Expired,HALIFAX,District 09,1,2,Dwelling - Multiple Units,44.6533716122352,-63.60468565593527
13639,BPRES-2024-04794,2024-07-10,100000,Addition,Addition,Issued,DARTMOUTH,District 06,1,3,Dwelling - Multiple Units,44.70183075715964,-63.54968590638664
13640,BPRES-2024-04824,2024-04-23,500000,New Building,New Building,Completed,BEECHVILLE,District 12,2,2,Dwelling - Semi-Detached,44.63999602455453,-63.6790172788688
13641,BPRES-2024-04825,2024-04-25,500000,New Building,New Building,Completed,BEECHVILLE,District 12,2,2,Dwelling - Semi-Detached,44.63994530188735,-63.67876632288784
13642,BPRES-2024-04832,2024-06-12,25000,New Building,New Building,Issued,UPPER TANTALLON,District 13,0,1,Accessory Structure,44.73295976733576,-63.87824949337247
13643,BPRES-2024-04835,2024-06-05,335000,New Building,New Building,Completed,LEWIS LAKE,District 13,1,1,Dwelling - Single Detached,44.68261412225074,-63.837630413156944
13644,BPRES-2024-04839,2024-04-24,500000,New Building,New Building,Completed,BEECHVILLE,District 12,2,2,Dwelling - Semi-Detached,44.639759661647275,-63.67831728381505
13645,BPRES-2024-04844,2024-04-24,500000,New Building,New Building,Completed,BEECHVILLE,District 12,2,2,Dwelling - Semi-Detached,44.63962793122053,-63.67813459896181
13646,BPRES-2024-04845,2024-04-25,500000,New Building,New Building,Completed,BEECHVILLE,District 12,2,2,Dwelling - Semi-Detached,44.63948103758857,-63.677986913295065
13647,BPRES-2024-04848,,8000,New Building,New Building,Withdrawn,MILFORD,District 01,0,1,Dwelling - Single Detached,45.030071141785385,-63.427614537125464
13648,BPRES-2024-04864,2024-08-16,400000,New Building,New Building,Issued,ELDERBANK,District 01,1,2,Dwelling - Single Detached,45.00354638799222,-63.20061448065705
13649,BPRES-2024-04869,2024-05-02,80000,Renovation,Renovation,Completed,DARTMOUTH,District 05,0,1,Dwelling - Multiple Units,44.676115484778485,-63.58819051632053
13650,BPRES-2024-04892,,44000,Renovation,Renovation,Application Incomplete,BEDFORD,District 16,1,1,Dwelling - Multiple Units,44.7028212515206,-63.71577199336802
13651,BPRES-2024-04901,2024-04-29,500000,New Building,New Building,Completed,HAMMONDS PLAINS,District 14,2,1,Dwelling - Multiple Units,44.72047262867104,-63.83406541928798
13652,BPRES-2024-04936,2024-05-09,150000,New Building,New Building,Expired,HAMMONDS PLAINS,District 14,0,2,Accessory Structure,44.722762564101686,-63.84093987734622
13653,BPRES-2024-04941,2024-05-03,148000,Renovation,Renovation,Expired,HALIFAX,District 11,0,2,Dwelling - Single Detached,44.63096843865876,-63.60589811739706
13654,BPRES-2024-04946,2024-05-29,25000,Renovation,Renovation,Expired,HALIFAX,District 10,1,2,Dwelling - Multiple Units,44.674824271578125,-63.65133477716093
13655,BPRES-2024-04950,2024-05-30,172500,New Building,New Building,Expired,UPPER TANTALLON,District 13,1,1,Dwelling - Backyard Suite,44.692008547500116,-63.8646060641558
13656,BPRES-2024-04967,2024-05-24,620000,New Building,New Building,Completed,BEAVER BANK,District 15,1,1,Dwelling - Single Detached,44.814206707722825,-63.68962606760349
13657,BPRES-2024-04970,2024-06-18,255000,New Building,New Building,Completed,HAMMONDS PLAINS,District 14,1,1,Dwelling - Backyard Suite,44.74568919482017,-63.793998165652674
13658,BPRES-2024-04984,2024-05-01,850000,New Building,New Building,Completed,GLEN HAVEN,District 13,1,2,Dwelling - Single Detached,44.637588831211666,-63.91910416161929
13659,BPRES-2024-04991,2024-05-27,35000,Renovation,Renovation,Completed,DARTMOUTH,District 06,1,2,Dwelling - Multiple Units,44.67521448937733,-63.51598400851679
13660,BPRES-2024-05060,2024-05-07,2000,Addition,Addition,Completed,FALL RIVER,District 01,0,1,Dwelling - Single Detached,44.819038610498914,-63.61603625349494
13661,BPRES-2024-05063,2024-05-09,3000,Renovation,Renovation,Expired,DEVON,District 01,0,1,Accessory Structure,44.91428484438894,-63.408317239938576
13662,BPRES-2024-05079,2024-04-29,20000,New Building,New Building,Completed,GRAND LAKE,District 01,0,1,Accessory Structure,44.88003134464184,-63.605945880687685
13663,BPRES-2024-05093,2025-01-22,1300000,New Building,New Building,Issued,BEDFORD,District 16,2,3,Dwelling - Multiple Units,44.70602496315199,-63.72559223082567
13664,BPRES-2024-05125,2025-01-20,90000,Renovation,Renovation,Completed,HAMMONDS PLAINS,District 14,1,1,Dwelling - Multiple Units,44.72635525863292,-63.81915009013305
13665,BPRES-2024-05128,2024-04-29,250000,New Building,New Building,Completed,BEECHVILLE,District 12,1,3,Dwelling - Single Detached,44.63829949505098,-63.67691864855394
13666,BPRES-2024-05144,2024-04-29,22118,Renovation,Renovation,Expired,HAMMONDS PLAINS,District 14,0,2,Dwelling - Single Detached,44.71100971672128,-63.74499367683283
13667,BPRES-2024-05155,2024-10-28,300000,New Building,New Building,Completed,BEAVER BANK,District 15,1,2,Dwelling - Single Detached,44.82700468007268,-63.67237390891696
13668,BPRES-2024-05192,2026-03-11,29500,New Building,New Building,Issued,DUTCH SETTLEMENT,District 01,0,1,Accessory Structure,44.984971969712284,-63.43073645280325
13669,BPRES-2024-05209,2024-10-08,828000,New Building,New Building,Issued,DARTMOUTH,District 06,1,1,Dwelling - Single Detached,44.68507956331092,-63.49917863274163
13670,BPRES-2024-05222,2025-04-28,300000,New Building,New Building,Issued,WILLIAMSWOOD,District 11,1,2,Dwelling - Single Detached,44.540110182855095,-63.64921001763824
13671,BPRES-2024-05231,2024-05-31,89000,Renovation,Renovation,Expired,HALIFAX,District 09,1,1,Dwelling - Multiple Units,44.652402974225765,-63.62891909626707
13672,BPRES-2024-05240,2024-05-30,1350000,New Building,New Building,Issued,DARTMOUTH,District 06,5,3,Dwelling - Townhouse,44.715135308818894,-63.54175665054894
13673,BPRES-2024-05247,2024-11-05,25000,New Building,New Building,Issued,BEAVER BANK,District 15,0,1,Accessory Structure,44.8085960235605,-63.67179824221357
13674,BPRES-2024-05283,2024-05-27,600000,New Building,New Building,Completed,EASTERN PASSAGE,District 03,3,2,Dwelling - Townhouse,44.60863666830895,-63.49118644514697
13675,BPRES-2024-05302,2025-10-14,445000,New Building,New Building,Issued,HALIFAX,District 10,1,2,Dwelling - Single Detached,44.68366859135427,-63.66344316964571
13676,BPRES-2024-05321,2024-05-09,70000,Addition,Addition,Expired,OSTREA LAKE,District 02,1,1,Dwelling - Backyard Suite,44.767538546037585,-63.09663671228924
13677,BPRES-2024-05332,2024-07-24,440500,New Building,New Building,Completed,LAKE ECHO,District 02,1,1,Dwelling - Single Detached,44.72707226122826,-63.39290436813917
13678,BPRES-2024-05350,2024-06-14,660195,New Building,New Building,Expired,UPPER TANTALLON,District 13,1,2,Dwelling - Single Detached,44.726780066013205,-63.87110916737976
13679,BPRES-2024-05380,2024-05-08,650000,New Building,New Building,Completed,BOUTILIERS POINT,District 13,1,3,Dwelling - Single Detached,44.658403178322764,-63.95732826941143
13680,BPRES-2024-05384,2024-05-06,650000,New Building,New Building,Completed,GLEN HAVEN,District 13,1,2,Dwelling - Single Detached,44.63522434553684,-63.93285271320736
13681,BPRES-2024-05420,,12700,Renovation,Renovation,Withdrawn,DARTMOUTH,District 05,1,3,Dwelling - Multiple Units,44.683426099970006,-63.593822541475056
13682,BPRES-2024-05431,2024-05-10,100379,Renovation,Renovation,Completed,DARTMOUTH,District 03,0,2,Dwelling - Single Detached,44.668830255871256,-63.51376360234802
13683,BPRES-2024-05440,2026-02-19,4000,Renovation,Renovation,Issued,LAKE LOON,District 04,1,3,Dwelling - Multiple Units,44.70105021514383,-63.497715016132474
13684,BPRES-2024-05452,2024-12-05,1100000,New Building,New Building,Issued,HALIFAX,District 09,1,3,Dwelling - Single Detached,44.63888028795029,-63.60900493420539
13685,BPRES-2024-05480,2024-05-09,44500,New Building,New Building,Completed,HAMMONDS PLAINS,District 14,0,1,Accessory Structure,44.701830852871666,-63.75957147995762
13686,BPRES-2024-05485,2024-05-07,25000,New Building,New Building,Completed,HAMMONDS PLAINS,District 14,0,1,Accessory Structure,44.7324366223531,-63.80759819504496
13687,BPRES-2024-05499,2024-05-22,20000,Addition,Addition,Completed,HUBLEY,District 13,0,1,Dwelling - Single Detached,44.66506615970287,-63.7957406211915
13688,BPRES-2024-05527,2024-05-13,40000,Renovation,Renovation,Cancelled,FALL RIVER,District 01,0,2,Dwelling - Single Detached,44.82755080164196,-63.60924301020206
13689,BPRES-2024-05535,2024-05-09,16000,Renovation,Renovation,Completed,DARTMOUTH,District 06,0,1,Dwelling - Single Detached,44.69193743400768,-63.53786197756373
13690,BPRES-2024-05551,2024-05-15,400000,New Building,New Building,Completed,PORTUGUESE COVE,District 11,1,2,Dwelling - Single Detached,44.515708637223625,-63.54391608436101
13691,BPRES-2024-05556,2024-05-10,475000,New Building,New Building,Completed,BEDFORD,District 16,1,2,Dwelling - Single Detached,44.70852154745343,-63.72092237135291
13692,BPRES-2024-05571,2024-07-03,51000,Renovation,Renovation,Completed,LOWER THREE FATHOM HARBOUR,District 02,1,2,Dwelling - Multiple Units,44.63924798352215,-63.29888735608364
13693,BPRES-2024-05581,2024-10-24,15000,Addition,Addition,Issued,HALIFAX,District 09,0,1,Dwelling - Single Detached,44.65014156470523,-63.62894791567438
13694,BPRES-2024-05592,2024-05-06,50000,New Building,New Building,Expired,WESTPHAL,District 04,0,1,Accessory Structure,44.689026249148604,-63.48403260871587
13695,BPRES-2024-05598,2024-05-31,19000,Addition,Addition,Completed,FALL RIVER,District 01,0,1,Dwelling - Single Detached,44.80465890299816,-63.62945408387899
13696,BPRES-2024-05618,2024-05-09,25000,New Building,New Building,Expired,UPPER TANTALLON,District 13,0,1,Accessory Structure,44.72306690924887,-63.87809311617459
13697,BPRES-2024-05632,2024-05-10,40000,New Building,New Building,Completed,LAWRENCETOWN,District 02,0,1,Accessory Structure,44.68362704028377,-63.409172193130615
13698,BPRES-2024-05637,2024-05-21,478171,New Building,New Building,Expired,WEST PENNANT,District 11,1,1,Dwelling - Single Detached,44.47527117189466,-63.63116147588073
13699,BPRES-2024-05661,2024-07-12,500,New Building,New Building,Completed,TERENCE BAY,District 13,2,2,Dwelling - Semi-Detached,44.465864813051,-63.71785680217616
13700,BPRES-2024-05685,,21000,New Building,New Building,Withdrawn,DARTMOUTH,District 05,0,1,Accessory Structure,44.669718984438504,-63.566310546881574
13701,BPRES-2024-05696,2024-06-14,20000,Renovation,Renovation,Completed,TIMBERLEA,District 12,1,1,Dwelling - Multiple Units,44.65103293136649,-63.73481257375049
13702,BPRES-2024-05703,2024-06-28,750000,New Building,New Building,Completed,LAKE LOON,District 04,2,2,Dwelling - Multiple Units,44.71022211102703,-63.50049038416807
13703,BPRES-2024-05713,2024-05-16,22000,New Building,New Building,Completed,LUCASVILLE,District 14,0,1,Accessory Structure,44.75966391346075,-63.725498387295914
13704,BPRES-2024-05716,2024-07-03,5000,Renovation,Renovation,Completed,WAVERLEY,District 01,1,1,Dwelling - Multiple Units,44.77673208471322,-63.584102194249375
13705,BPRES-2024-05721,2025-03-25,30000,New Building,New Building,Issued,BEDFORD,District 16,0,1,Accessory Structure,44.71737328616214,-63.67953323765316
13706,BPRES-2024-05739,2024-05-15,800000,New Building,New Building,Completed,UPPER HAMMONDS PLAINS,District 14,1,2,Dwelling - Single Detached,44.745364519597466,-63.822846831729784
13707,BPRES-2024-05745,2024-06-14,245000,New Building,New Building,Completed,BROOKSIDE,District 13,1,1,Dwelling - Single Detached,44.55657175092371,-63.72860161718429
13708,BPRES-2024-05764,2024-05-15,500000,New Building,New Building,Completed,EAST LAWRENCETOWN,District 02,1,1,Dwelling - Single Detached,44.66115606985073,-63.32471989444391
13709,BPRES-2024-05770,2024-05-31,25000,New Building,New Building,Issued,HEAD OF ST MARGARETS BAY,District 13,0,2,Accessory Structure,44.689735271272895,-63.89885215376671
13710,BPRES-2024-05783,2024-06-03,350000,New Building,New Building,Completed,BOUTILIERS POINT,District 13,1,1,Dwelling - Single Detached,44.670155984046495,-63.92662911758462
13711,BPRES-2024-05794,,45000,Renovation,Renovation,Withdrawn,HAMMONDS PLAINS,District 14,0,3,Dwelling - Multiple Units,44.71960485114845,-63.74068188153145
13712,BPRES-2024-05803,,2908245,Renovation,Renovation,Withdrawn,DARTMOUTH,District 05,0,4,Dwelling - Multiple Units,44.66794915084882,-63.5603158303662
13713,BPRES-2024-05808,2024-06-21,575000,New Building,New Building,Completed,FALL RIVER,District 01,1,2,Dwelling - Single Detached,44.84091846732959,-63.64280438447414
13714,BPRES-2024-05830,2024-05-31,42000,New Building,New Building,Completed,MIDDLE SACKVILLE,District 14,0,1,Accessory Structure,44.78865252659596,-63.71203129989532
13715,BPRES-2024-05836,2024-06-28,900000,New Building,New Building,Completed,HALIFAX,District 11,4,2,Dwelling - Semi-Detached,44.62038071363394,-63.620870716578416
13716,BPRES-2024-05847,2024-05-13,625000,New Building,New Building,Completed,PORTUGUESE COVE,District 11,1,2,Dwelling - Single Detached,44.513077245427,-63.54723980184057
13717,BPRES-2024-05885,2024-05-17,229563,Addition,Addition,Completed,DARTMOUTH,District 05,0,2,Dwelling - Single Detached,44.68197141018627,-63.56423196639192
13718,BPRES-2024-05893,2024-06-07,70000,New Building,New Building,Completed,WESTPHAL,District 04,1,1,Dwelling - Backyard Suite,44.68851168519176,-63.487537694970435
13719,BPRES-2024-05899,2024-05-22,22000,New Building,New Building,Expired,HALIFAX,District 08,0,1,Accessory Structure,44.66447485983374,-63.607796480084104
13720,BPRES-2024-05900,2024-06-10,170000,New Building,New Building,Completed,CONROD SETTLEMENT,District 02,1,1,Dwelling - Backyard Suite,44.763885827848384,-63.244418664004044
13721,BPRES-2024-05928,2024-09-04,150000,Addition,Addition,Issued,FALL RIVER,District 01,1,3,Dwelling - Multiple Units,44.81703054494922,-63.58799121157343
13722,BPRES-2024-05937,2024-07-03,25000,New Building,New Building,Issued,LAWRENCETOWN,District 02,0,1,Accessory Structure,44.692290768507554,-63.407136800132974
13723,BPRES-2024-05959,2024-06-20,500000,New Building,New Building,Completed,LAWRENCETOWN,District 02,1,2,Dwelling - Single Detached,44.692290768507554,-63.407136800132974
13724,BPRES-2024-05970,2024-05-22,400000,New Building,New Building,Completed,MUSQUODOBOIT HARBOUR,District 02,1,2,Dwelling - Single Detached,44.795197296587844,-63.160339148063336
13725,BPRES-2024-05984,2024-05-21,550000,New Building,New Building,Completed,HAMMONDS PLAINS,District 14,1,2,Dwelling - Single Detached,44.733275697973944,-63.80815508904049
13726,BPRES-2024-06026,,,Renovation,Renovation,Application Incomplete,DARTMOUTH,District 06,0,2,Dwelling - Multiple Units,44.68141247800426,-63.52041361181448
13727,BPRES-2024-06045,2024-05-27,38500,New Building,New Building,Completed,WEST PORTERS LAKE,District 02,0,1,Accessory Structure,44.69453471507053,-63.31584648437057
13728,BPRES-2024-06097,2024-06-06,300000,New Building,New Building,Completed,HALIFAX,District 09,1,2,Dwelling - Backyard Suite,44.65080643557479,-63.603553646816636
13729,BPRES-2024-06100,2024-05-30,30000,New Building,New Building,Expired,HAMMONDS PLAINS,District 14,0,1,Accessory Structure,44.695285714367344,-63.800858518503176
13730,BPRES-2024-06109,2024-05-22,300000,New Building,New Building,Completed,UPPER TANTALLON,District 13,1,1,Dwelling - Backyard Suite,44.6954224106025,-63.87071701534027
13731,BPRES-2024-06177,2024-08-13,100000,New Building,New Building,Issued,HALIFAX,District 07,-1,2,Accessory Structure,44.62931512747321,-63.5831776989171
13732,BPRES-2024-06198,2024-05-28,20000,Renovation,Renovation,Completed,HALIFAX,District 07,1,3,Dwelling - Multiple Units,44.638663026953196,-63.60435448855183
13733,BPRES-2024-06206,2024-06-11,280000,New Building,New Building,Completed,HALIFAX,District 11,1,2,Dwelling - Single Detached,44.608198368656005,-63.604502167098
13734,BPRES-2024-06209,2024-05-29,350000,New Building,New Building,Completed,DARTMOUTH,District 06,1,3,Dwelling - Single Detached,44.70533366692354,-63.55172490523907
13735,BPRES-2024-06223,2024-07-08,402000,New Building,New Building,Issued,HALIFAX,District 11,4,3,Dwelling - Multiple Units,44.62147724941532,-63.61942926904758
13736,BPRES-2024-06241,2024-08-29,300000,New Building,New Building,Amendment Review,LAKESIDE,District 12,1,2,Dwelling - Single Detached,44.639621085942785,-63.69376517389116
13737,BPRES-2024-06254,2024-05-27,600000,New Building,New Building,Completed,BEDFORD,District 16,1,3,Dwelling - Single Detached,44.70807974878343,-63.72093030205847
13738,BPRES-2024-06271,,35000,New Building,New Building,Applicant Revisions,UPPER LAKEVILLE,District 02,1,1,Dwelling - Single Detached,44.78073780119437,-62.96215018902266
13739,BPRES-2024-06302,2024-05-29,24000,New Building,New Building,Completed,LAKE ECHO,District 02,0,1,Accessory Structure,44.733925254326074,-63.39992920476304
13740,BPRES-2024-06305,2024-07-15,465000,New Building,New Building,Completed,HERRING COVE,District 11,4,2,Dwelling - Multiple Units,44.57899926224019,-63.57814716465411
13741,BPRES-2024-06305,2024-07-15,465000,New Building,New Building,Completed,HERRING COVE,District 11,4,2,Dwelling - Multiple Units,44.57899926224019,-63.57814716465411
13742,BPRES-2024-06388,2024-06-13,270000,New Building,New Building,Completed,HALIFAX,District 11,1,2,Dwelling - Single Detached,44.60806774646225,-63.604754766611926
13743,BPRES-2024-06407,2024-06-11,450000,New Building,New Building,Completed,,District 12,2,2,Dwelling - Multiple Units,44.645168095782175,-63.72579296760189
13744,BPRES-2024-06417,2024-06-25,500000,New Building,New Building,Completed,EAST SHIP HARBOUR,District 02,1,1,Dwelling - Single Detached,44.776761239290835,-62.78919530949608
13745,BPRES-2024-06427,2024-06-04,575000,New Building,New Building,Completed,BEDFORD,District 16,1,3,Dwelling - Single Detached,44.70803540781597,-63.72136848151353
13746,BPRES-2024-06439,2024-06-10,545000,New Building,New Building,Completed,GAETZ BROOK,District 02,1,1,Dwelling - Seasonal,44.783302744376975,-63.19610650929582
13747,BPRES-2024-06469,2024-06-10,25000,New Building,New Building,Completed,WILLIAMSWOOD,District 11,0,1,Accessory Structure,44.519635954436865,-63.637464728701964
13748,BPRES-2024-06476,2024-06-14,200000,New Building,New Building,Issued,LAWRENCETOWN,District 02,1,2,Dwelling - Backyard Suite,44.70825815288888,-63.40932071538703
13749,BPRES-2024-06479,2024-06-04,650000,New Building,New Building,Completed,BEDFORD,District 16,1,2,Dwelling - Single Detached,44.708058180850195,-63.721496038518964
13750,BPRES-2024-06524,,500000,New Building,New Building,Withdrawn,,District 05,2,2,Dwelling - Multiple Units,44.66648069146185,-63.57462041089326
13751,BPRES-2024-06537,2024-05-29,22816,Renovation,Renovation,Completed,HALIFAX,District 08,0,11,Dwelling - Multiple Units,44.65146563750886,-63.590281357115074
13752,BPRES-2024-06556,,15000,Renovation,Renovation,Application Incomplete,MIDDLE SACKVILLE,District 14,1,1,Dwelling - Multiple Units,44.77505244880567,-63.71438942843904
13753,BPRES-2024-06560,2024-07-29,57446,Addition,Addition,Completed,BEECHVILLE,District 12,0,1,Dwelling - Single Detached,44.63157766125026,-63.68421393018937
13754,BPRES-2024-06578,2025-10-06,270000,New Building,New Building,Completed,HALIFAX,District 11,1,2,Dwelling - Single Detached,44.607913220395254,-63.604434986946025
13755,BPRES-2024-06593,2024-06-04,30000,New Building,New Building,Completed,PROSPECT,District 13,0,1,Accessory Structure,44.497469775097315,-63.8040012594821
13756,BPRES-2024-06603,2024-06-10,85000,New Building,New Building,Completed,HUBBARDS,District 13,0,1,Accessory Structure,44.637723522705,-64.06070390712176
13757,BPRES-2024-06604,2024-07-03,25000,Renovation,Renovation,Completed,HALIFAX,District 11,1,3,Dwelling - Semi-Detached,44.6004135957178,-63.60417553986254
13758,BPRES-2024-06636,2024-06-14,2500,Renovation,Renovation,Completed,FALL RIVER,District 01,1,3,Dwelling - Multiple Units,44.831748121581064,-63.61610600798872
13759,BPRES-2024-06642,,10000,New Building,New Building,Withdrawn,HALIFAX,District 09,0,1,Accessory Structure,44.655758644109675,-63.6186670959534
13760,BPRES-2024-06652,2024-05-29,10000,New Building,New Building,Expired,HAMMONDS PLAINS,District 14,0,1,Accessory Structure,44.72338531968945,-63.835361931651434
13761,BPRES-2024-06685,2024-06-05,100000,Addition,Addition,Completed,DARTMOUTH,District 03,0,2,Dwelling - Single Detached,44.66812979500967,-63.51029597203635
13762,BPRES-2024-06693,2024-06-03,8250000,New Building,New Building,Completed,BEDFORD,District 16,1,3,Dwelling - Single Detached,44.70605376668299,-63.72496817916476
13763,BPRES-2024-06702,,5900000,New Building,New Building,Cancelled,,Unidentified,29,3,Dwelling - Multiple Units,44.72521530833651,-63.74209577912659
13764,BPRES-2024-06702,,5900000,New Building,New Building,Cancelled,,District 14,29,3,Dwelling - Multiple Units,44.72521530833651,-63.74209577912659
13765,BPRES-2024-06711,2024-06-25,120000,New Building,New Building,Expired,,District 01,0,1,Accessory Structure,44.92488045380957,-63.572722336964794
13766,BPRES-2024-06719,2024-07-03,135000,New Building,New Building,Completed,ELMSDALE,District 01,0,1,Accessory Structure,44.96767020283919,-63.487576554954494
13767,BPRES-2024-06738,2024-07-11,799000,New Building,New Building,Issued,HAMMONDS PLAINS,District 14,6,1,Dwelling - Multiple Units,44.725141335878874,-63.74266693479238
13768,BPRES-2024-06740,2024-08-22,460000,New Building,New Building,Completed,FALL RIVER,District 01,1,1,Dwelling - Single Detached,44.83356264411913,-63.6306069671349
13769,BPRES-2024-06748,2024-06-07,650000,New Building,New Building,Completed,WHITES LAKE,District 13,1,1,Dwelling - Single Detached,44.51690033323382,-63.75085694759562
13770,BPRES-2024-06756,2024-10-01,56000,Addition,Addition,Issued,HALIFAX,District 12,0,2,Dwelling - Single Detached,44.670604696187006,-63.665212829066746
13771,BPRES-2024-06765,2024-06-14,30000,New Building,New Building,Expired,HAMMONDS PLAINS,District 14,0,1,Accessory Structure,44.7079525068888,-63.74595588404926
13772,BPRES-2024-06803,2024-06-18,50585.75,Renovation,Renovation,Completed,DARTMOUTH,District 03,0,2,Dwelling - Single Detached,44.656791619415316,-63.52434803692238
13773,BPRES-2024-06832,,9500,Renovation,Renovation,Applicant Revisions,THREE FATHOM HARBOUR,District 02,0,1,Accessory Structure,44.64890088799748,-63.30516004105329
13774,BPRES-2024-06839,2024-06-12,3580,Renovation,Renovation,Expired,HALIFAX,District 10,1,2,Dwelling - Single Detached,44.65423330545014,-63.63469786084763
13775,BPRES-2024-06842,2024-06-06,230000,New Building,New Building,Completed,MIDDLE SACKVILLE,District 14,1,3,Dwelling - Single Detached,44.79813123530845,-63.77071038986959
13776,BPRES-2024-06844,2024-06-10,180000,New Building,New Building,Completed,MIDDLE SACKVILLE,District 14,1,2,Dwelling - Single Detached,44.79481571842804,-63.76011190163653
13777,BPRES-2024-06846,2024-06-11,180000,New Building,New Building,Completed,MIDDLE SACKVILLE,District 14,1,2,Dwelling - Single Detached,44.79524634932483,-63.75890577102776
13778,BPRES-2024-06868,2024-06-19,34500,New Building,New Building,Completed,BEDFORD,District 16,0,1,Accessory Structure,44.72557583250877,-63.71335574645899
13779,BPRES-2024-06892,2024-07-09,599000,New Building,New Building,Issued,HAMMONDS PLAINS,District 14,4,1,Dwelling - Townhouse,44.72526313697733,-63.74178109485508
13780,BPRES-2024-06898,2024-07-11,799000,New Building,New Building,Amendment Applicant Revisions,HAMMONDS PLAINS,District 14,6,1,Dwelling - Multiple Units,44.725578246028725,-63.74217113006713
13781,BPRES-2024-06907,,41000,New Building,New Building,Applicant Revisions,MEAGHERS GRANT,District 01,1,1,Dwelling - Single Detached,44.921854782689,-63.27090870492441
13782,BPRES-2024-06931,2024-06-05,20000,New Building,New Building,Completed,LUCASVILLE,District 14,0,1,Accessory Structure,44.754723713135924,-63.74398197278048
13783,BPRES-2024-06936,,80000,New Building,New Building,Application Incomplete,HALIFAX,District 10,0,1,Accessory Structure,44.68077695276285,-63.6651651837947
13784,BPRES-2024-06963,,275000,New Building,New Building,Withdrawn,PORTERS LAKE,District 02,1,1,Dwelling - Single Detached,44.73944271878181,-63.33704387821443
13785,BPRES-2024-06993,2024-08-28,2799,New Building,New Building,Issued,HALIFAX,District 09,0,1,Accessory Structure,44.64559837774205,-63.61684804623706
13786,BPRES-2024-07002,2024-06-04,15000,New Building,New Building,Completed,WELLINGTON,District 01,0,1,Accessory Structure,44.86713398602258,-63.609619409813774
13787,BPRES-2024-07012,2024-10-08,4000,Renovation,Renovation,Completed,BEDFORD,District 16,0,1,Dwelling - Single Detached,44.73113535345262,-63.65481665744783
13788,BPRES-2024-07040,2024-06-06,750000,New Building,New Building,Completed,FALL RIVER,District 01,1,1,Dwelling - Single Detached,44.82644708360327,-63.64001647201534
13789,BPRES-2024-07072,2024-06-21,70000,Addition,Addition,Completed,HALIFAX,District 11,0,1,Dwelling - Single Detached,44.59816165177376,-63.63209393412104
13790,BPRES-2024-07085,,7000,New Building,New Building,Applicant Revisions,DEVON,District 01,0,1,Accessory Structure,44.90346275370748,-63.43401379408564
13791,BPRES-2024-07093,2024-06-11,23000,New Building,New Building,Issued,FLETCHERS LAKE,District 01,0,1,Accessory Structure,44.84168064156027,-63.60527847155459
13792,BPRES-2024-07109,2024-06-24,224000,New Building,New Building,Completed,WEST PETPESWICK,District 02,1,2,Dwelling - Backyard Suite,44.74419232098826,-63.167627235090734
13793,BPRES-2024-07129,,85000,New Building,New Building,Applicant Revisions,HALIFAX,District 09,0,1,Accessory Structure,44.64239260007638,-63.61126942490855
13794,BPRES-2024-07146,2024-06-20,375000,New Building,New Building,Issued,PORTERS LAKE,District 02,1,1,Dwelling - Single Detached,44.755183247361245,-63.28514972555431
13795,BPRES-2024-07157,2024-06-25,592000,New Building,New Building,Issued,WAVERLEY,District 01,2,3,Dwelling - Multiple Units,44.786237548672595,-63.60644909040143
13796,BPRES-2024-07174,,133000,Renovation,Renovation,Withdrawn,HALIFAX,District 09,1,2,Dwelling - Multiple Units,44.65078095870638,-63.60077154906328
13797,BPRES-2024-07215,2024-07-08,55000,Renovation,Renovation,Issued,COLE HARBOUR,District 04,1,1,Dwelling - Multiple Units,44.676283011945195,-63.48726440682578
13798,BPRES-2024-07229,2024-06-05,18000,New Building,New Building,Completed,STILLWATER LAKE,District 13,0,1,Accessory Structure,44.70612702906625,-63.85038440347789
13799,BPRES-2024-07233,2024-06-06,19000,New Building,New Building,Completed,BEAVER BANK,District 15,0,1,Accessory Structure,44.842043012530475,-63.67923857880209
13800,BPRES-2024-07235,2024-06-21,18000,New Building,New Building,Completed,DARTMOUTH,District 06,0,1,Accessory Structure,44.68311346019717,-63.539029364369576
13801,BPRES-2024-07250,2024-07-02,19000,New Building,New Building,Issued,WESTPHAL,District 04,0,1,Accessory Structure,44.68704722420187,-63.48342887015074
13802,BPRES-2024-07271,2024-06-10,600000,New Building,New Building,Completed,TIMBERLEA,District 12,1,2,Dwelling - Single Detached,44.643459601505604,-63.722384426776856
13803,BPRES-2024-07275,,290000,New Building,New Building,Applicant Revisions,HALIFAX,District 08,3,3,Dwelling - Multiple Units,44.66202164915078,-63.60146044167193
13804,BPRES-2024-07282,2024-06-10,380000,New Building,New Building,Completed,HAMMONDS PLAINS,District 14,1,2,Dwelling - Single Detached,44.72633943530332,-63.83868866879741
13805,BPRES-2024-07296,2024-06-13,400000,New Building,New Building,Completed,HALIFAX,District 11,2,2,Dwelling - Semi-Detached,44.586134623797626,-63.58884861371438
13806,BPRES-2024-07296,2024-06-13,400000,New Building,New Building,Completed,HALIFAX,District 11,2,2,Dwelling - Semi-Detached,44.586134623797626,-63.58884861371438
13807,BPRES-2024-07302,2024-06-14,400000,New Building,New Building,Completed,HALIFAX,District 11,4,2,Dwelling - Semi-Detached,44.58623474003675,-63.58897687487398
13808,BPRES-2024-07315,2024-06-20,400000,Renovation,Renovation,Expired,HALIFAX,District 09,0,3,Dwelling - Single Detached,44.64166282149544,-63.60494370487477
13809,BPRES-2024-07355,,,New Building,New Building,Application Incomplete,LOWER SACKVILLE,District 15,0,1,Accessory Structure,44.762917735393216,-63.65959666309482
13810,BPRES-2024-07359,2024-06-17,350000,Addition,Addition,Completed,WEST PORTERS LAKE,District 02,0,2,Dwelling - Single Detached,44.682970041625445,-63.31776836494006
13811,BPRES-2024-07375,,84403,Renovation,Renovation,Withdrawn,HAMMONDS PLAINS,District 14,1,2,Dwelling - Single Detached,44.72484024546145,-63.813835473738784
13812,BPRES-2024-07386,2024-06-13,109000,New Building,New Building,Issued,PROSPECT,District 13,1,1,Dwelling - Single Detached,44.492031869003775,-63.8003089060893
13813,BPRES-2024-07404,2024-06-18,10000,Renovation,Renovation,Completed,EASTERN PASSAGE,District 03,0,1,Dwelling - Single Detached,44.617780877358676,-63.48052123821641
13814,BPRES-2024-07412,2024-11-26,400000,New Building,New Building,Completed,DARTMOUTH,District 06,2,2,Dwelling - Multiple Units,44.71555276844243,-63.54379344658393
13815,BPRES-2024-07422,2024-11-22,800000,New Building,New Building,Completed,,District 06,2,2,Dwelling - Semi-Detached,,
13816,BPRES-2024-07424,2024-07-15,500000,New Building,New Building,Completed,PROSPECT,District 13,2,1,Dwelling - Multiple Units,44.481677268990424,-63.78902039474501
13817,BPRES-2024-07439,,8000,Renovation,Renovation,Withdrawn,DARTMOUTH,District 06,0,2,Dwelling - Multiple Units,44.69787090696651,-63.53493903216453
13818,BPRES-2024-07443,2024-07-04,43800,Renovation,Renovation,Issued,MIDDLE SACKVILLE,District 14,1,2,Dwelling - Multiple Units,44.80918615399706,-63.73598428717916
13819,BPRES-2024-07491,2024-06-17,68580,New Building,New Building,Completed,HAMMONDS PLAINS,District 14,0,2,Accessory Structure,44.735261396281985,-63.80517141952158
13820,BPRES-2024-07530,2024-06-21,250000,New Building,New Building,Completed,PORTERS LAKE,District 02,1,1,Dwelling - Single Detached,44.754826311767566,-63.290628958775166
13821,BPRES-2024-07544,,,New Building,New Building,Withdrawn,MIDDLE SACKVILLE,District 14,0,1,Accessory Structure,44.80035316995119,-63.735806715530124
13822,BPRES-2024-07547,,700000,New Building,New Building,Withdrawn,DARTMOUTH,District 05,4,2,Dwelling - Semi-Detached,44.688521054078024,-63.568707731486626
13823,BPRES-2024-07556,2024-07-10,1750000,New Building,New Building,Issued,HALIFAX,District 11,7,3,Dwelling - Townhouse,44.609767472382785,-63.60561325505886
13824,BPRES-2024-07562,2024-06-17,24636,Renovation,Renovation,Expired,LAKE LOON,District 04,0,1,Dwelling - Single Detached,44.71536874614048,-63.50363645284897
13825,BPRES-2024-07572,2024-06-27,18000,New Building,New Building,Completed,BEAVER BANK,District 15,0,1,Accessory Structure,44.9090597853944,-63.70941251188592
13826,BPRES-2024-07582,2024-06-25,70000,Renovation,Renovation,Completed,EASTERN PASSAGE,District 03,0,2,Dwelling - Single Detached,44.6135988016823,-63.49056837617723
13827,BPRES-2024-07626,2024-07-15,40000,New Building,New Building,Issued,HAMMONDS PLAINS,District 14,0,1,Accessory Structure,44.7439073397755,-63.779677858696466
13828,BPRES-2024-07630,2024-06-28,1400000,New Building,New Building,Amendment Applicant Revisions,HALIFAX,District 07,1,3,Dwelling - Single Detached,44.63437632601096,-63.57775232446708
13829,BPRES-2024-07654,2024-06-21,75000,New Building,New Building,Completed,WELLINGTON,District 01,0,1,Accessory Structure,44.86753769056045,-63.634513635007444
13830,BPRES-2024-07660,2024-06-19,230000,New Building,New Building,Issued,TIMBERLEA,District 12,1,3,Dwelling - Single Detached,44.64557525126469,-63.72552645912125
13831,BPRES-2024-07680,2024-06-18,350000,New Building,New Building,Issued,EAST PRESTON,District 04,1,2,Dwelling - Single Detached,44.7251145281262,-63.41717432117699
13832,BPRES-2024-07714,2024-07-11,500000,New Building,New Building,Cancelled,,District 15,1,2,Dwelling - Single Detached,44.839351407252224,-63.66022459508533
13833,BPRES-2024-07731,2024-06-14,15000,New Building,New Building,Expired,COLE HARBOUR,District 04,0,1,Accessory Structure,44.65855401717143,-63.48740569676426
13834,BPRES-2024-07740,,5000,New Building,New Building,Applicant Revisions,ELMSDALE,District 01,0,2,Accessory Structure,44.97054082738944,-63.482556991416516
13835,BPRES-2024-07772,2024-09-11,178000,Addition,Addition,Completed,HAMMONDS PLAINS,District 14,1,2,Dwelling - Backyard Suite,44.71810846122259,-63.739979221949525
13836,BPRES-2024-07806,2024-07-03,270000,New Building,New Building,Issued,HALIFAX,District 11,1,2,Dwelling - Single Detached,44.60997570003719,-63.60411534534048
13837,BPRES-2024-07828,2024-06-19,29808.23,Renovation,Renovation,Completed,DARTMOUTH,District 06,0,1,Dwelling - Single Detached,44.67633661724861,-63.52020523916481
13838,BPRES-2024-07869,2024-09-25,1457650,New Building,New Building,Completed,WEST PORTERS LAKE,District 02,8,2,Dwelling - Townhouse,44.68467587586153,-63.31857453777073
13839,BPRES-2024-07878,2025-05-06,25000,Renovation,Renovation,Completed,BEAVER BANK,District 15,1,2,Dwelling - Single Detached,44.84676601747224,-63.6876915034096
13840,BPRES-2024-07895,2024-07-10,35000,Renovation,Renovation,Completed,DARTMOUTH,District 06,1,1,Dwelling - Multiple Units,44.68481276074031,-63.51969902441201
13841,BPRES-2024-07897,2024-06-28,30000,New Building,New Building,Completed,PLEASANT VALLEY,District 01,0,1,Accessory Structure,45.04484101162503,-62.81145705451577
13842,BPRES-2024-07916,2024-07-05,40000,Renovation,Renovation,Expired,LEWIS LAKE,District 13,0,1,Dwelling - Single Detached,44.68566486772605,-63.84200435534789
13843,BPRES-2024-07924,2024-06-24,78000,New Building,New Building,Expired,MIDDLE SACKVILLE,District 14,0,2,Accessory Structure,44.817782820491715,-63.72197872001531
13844,BPRES-2024-07947,2024-07-30,849000,New Building,New Building,Completed,WEST PETPESWICK,District 02,1,2,Dwelling - Single Detached,44.73322572630562,-63.17029348049012
13845,BPRES-2024-07971,2024-08-26,500000,New Building,New Building,Completed,DARTMOUTH,District 05,4,2,Dwelling - Multiple Units,44.6707417732102,-63.58385061174974
13846,BPRES-2024-07973,2024-08-23,550000,New Building,New Building,Completed,DARTMOUTH,District 05,4,2,Dwelling - Multiple Units,44.67083828490589,-63.58375115351227
13847,BPRES-2024-08014,2024-07-02,360000,New Building,New Building,Completed,BEDFORD,District 16,1,3,Dwelling - Single Detached,44.70805188598203,-63.720805805753514
13848,BPRES-2024-08064,2024-06-26,360000,New Building,New Building,Completed,BEDFORD,District 16,1,2,Dwelling - Single Detached,44.708020971787455,-63.720682047145964
13849,BPRES-2024-08078,2024-11-22,800000,New Building,New Building,Completed,DARTMOUTH,District 06,2,2,Dwelling - Semi-Detached,44.714154792972174,-63.53853453744664
13850,BPRES-2024-08079,2024-07-02,360000,New Building,New Building,Completed,BEDFORD,District 16,1,2,Dwelling - Single Detached,44.70712529304702,-63.72368818645584
13851,BPRES-2024-08087,2024-07-09,42300,Renovation,Renovation,Issued,HALIFAX,District 10,0,2,Dwelling - Multiple Units,44.65513347154738,-63.63353582339194
13852,BPRES-2024-08113,2024-06-24,21000,New Building,New Building,Expired,DARTMOUTH,District 05,0,1,Accessory Structure,44.68000442810932,-63.57767366202341
13853,BPRES-2024-08130,2024-06-28,580000,New Building,New Building,Completed,COW BAY,District 03,1,2,Dwelling - Single Detached,44.61857789347885,-63.42162843325257
13854,BPRES-2024-08139,2024-07-31,183000,New Building,New Building,Amendment Application Incomplete,SEABRIGHT,District 13,1,1,Dwelling - Backyard Suite,44.60073567144885,-63.92612393444256
13855,BPRES-2024-08155,,,Renovation,Renovation,Withdrawn,BEDFORD,District 16,1,2,Dwelling - Single Detached,44.73074237607204,-63.64903879199474
13856,BPRES-2024-08194,2024-07-10,17000,New Building,New Building,Completed,UPPER TANTALLON,District 13,0,1,Accessory Structure,44.727523388331065,-63.87412408456509
13857,BPRES-2024-08204,2024-09-09,500000,New Building,New Building,Completed,COW BAY,District 03,1,1,Dwelling - Single Detached,44.62041362129629,-63.44233250678445
13858,BPRES-2024-08221,2024-06-28,650000,New Building,New Building,Completed,WHITES LAKE,District 13,1,1,Dwelling - Single Detached,44.51802173819108,-63.75119821732584
13859,BPRES-2024-08235,2024-07-02,100000,New Building,New Building,Issued,HAMMONDS PLAINS,District 14,0,1,Accessory Structure,44.73035305063629,-63.81109744088401
13860,BPRES-2024-08260,2024-07-30,120000,New Building,New Building,Completed,BEAVER BANK,District 15,1,1,Dwelling - Backyard Suite,44.85537213671761,-63.67559736604478
13861,BPRES-2024-08263,2024-07-03,2000,Renovation,Renovation,Issued,WESTPHAL,District 04,0,1,Dwelling - Single Detached,44.694381218714675,-63.49175640544103
13862,BPRES-2024-08269,,28000,New Building,New Building,Withdrawn,PORTERS LAKE,District 02,0,1,Accessory Structure,44.7556334891066,-63.28846631228047
13863,BPRES-2024-08280,2024-06-28,75000,New Building,New Building,Completed,LAKE CHARLOTTE,District 02,0,1,Accessory Structure,44.7643847220862,-62.95101587462577
13864,BPRES-2024-08299,2024-07-05,50000,Renovation,Renovation,Completed,DARTMOUTH,District 06,1,2,Dwelling - Multiple Units,44.67783975379909,-63.51949119724496
13865,BPRES-2024-08312,2025-04-22,55000,New Building,New Building,Issued,WHITES LAKE,District 13,1,2,Dwelling - Backyard Suite,44.54371492641227,-63.737531796105976
13866,BPRES-2024-08327,2025-08-19,420000,New Building,New Building,Completed,ENFIELD,District 01,1,2,Dwelling - Single Detached,44.93672887332947,-63.54803869445208
13867,BPRES-2024-08339,2024-07-30,395000,New Building,New Building,Completed,MIDDLE SACKVILLE,District 14,1,2,Dwelling - Single Detached,44.80547472285329,-63.7417976741816
13868,BPRES-2024-08360,2024-07-05,100000,New Building,New Building,Issued,HAMMONDS PLAINS,District 14,1,2,Dwelling - Backyard Suite,44.73061296130785,-63.811036715731326
13869,BPRES-2024-08368,2024-07-10,363407,New Building,New Building,Issued,SHAD BAY,District 13,1,1,Dwelling - Single Detached,44.52624322307653,-63.78488192611785
13870,BPRES-2024-08397,2024-09-06,75000,Renovation,Renovation,Issued,HALIFAX,District 09,1,2,Dwelling - Townhouse,44.64390217385422,-63.590724834284835
13871,BPRES-2024-08401,2024-07-29,400000,New Building,New Building,Completed,HALIFAX,District 11,4,3,Dwelling - Semi-Detached,44.60075732524088,-63.603240529019956
13872,BPRES-2024-08401,2024-07-29,400000,New Building,New Building,Completed,HALIFAX,District 11,4,3,Dwelling - Semi-Detached,44.60075732524088,-63.603240529019956
13873,BPRES-2024-08402,2024-07-29,400000,New Building,New Building,Completed,HALIFAX,District 11,4,3,Dwelling - Semi-Detached,44.60088869682192,-63.603085810734505
13874,BPRES-2024-08402,2024-07-29,400000,New Building,New Building,Completed,HALIFAX,District 11,4,3,Dwelling - Semi-Detached,44.60088869682192,-63.603085810734505
13875,BPRES-2024-08408,2024-07-29,,New Building,New Building,Completed,HALIFAX,District 11,4,3,Dwelling - Multiple Units,44.60061888331862,-63.60337474688588
13876,BPRES-2024-08410,2024-07-23,,New Building,New Building,Completed,HALIFAX,District 11,4,2,Dwelling - Semi-Detached,44.60048448812179,-63.60352267903062
13877,BPRES-2024-08410,2024-07-23,,New Building,New Building,Completed,HALIFAX,District 11,4,2,Dwelling - Semi-Detached,44.60048448812179,-63.60352267903062
13878,BPRES-2024-08412,2024-07-31,400000,New Building,New Building,Completed,HALIFAX,District 11,4,3,Dwelling - Multiple Units,44.601949423103704,-63.60359332330784
13879,BPRES-2024-08412,2024-07-31,400000,New Building,New Building,Completed,HALIFAX,District 11,4,3,Dwelling - Multiple Units,44.601949423103704,-63.60359332330784
13880,BPRES-2024-08414,2024-07-30,400000,New Building,New Building,Completed,HALIFAX,District 11,4,3,Dwelling - Multiple Units,44.6018528295895,-63.60340999878258
13881,BPRES-2024-08414,2024-07-30,400000,New Building,New Building,Completed,HALIFAX,District 11,4,3,Dwelling - Multiple Units,44.6018528295895,-63.60340999878258
13882,BPRES-2024-08416,2024-07-31,400000,New Building,New Building,Completed,HALIFAX,District 11,4,3,Dwelling - Multiple Units,44.60167094152819,-63.60334392308919
13883,BPRES-2024-08416,2024-07-31,400000,New Building,New Building,Completed,HALIFAX,District 11,4,3,Dwelling - Multiple Units,44.60167094152819,-63.60334392308919
13884,BPRES-2024-08417,2024-08-09,400000,New Building,New Building,Completed,HALIFAX,District 11,2,3,Dwelling - Semi-Detached,44.60151479291745,-63.6033492512754
13885,BPRES-2024-08424,2024-07-02,300000,New Building,New Building,Completed,TIMBERLEA,District 12,1,2,Dwelling - Single Detached,44.64425841484494,-63.724031498456355
13886,BPRES-2024-08445,2024-07-02,720000,New Building,New Building,Completed,FALL RIVER,District 01,1,2,Dwelling - Single Detached,44.8324210604296,-63.631238567225815
13887,BPRES-2024-08456,2025-10-01,38200,Addition,Addition,Issued,,District 01,0,2,Dwelling - Single Detached,44.877038784365816,-63.605305542934296
13888,BPRES-2024-08463,2024-09-24,350000,New Building,New Building,Completed,CARROLLS CORNER,District 01,1,1,Dwelling - Single Detached,45.00883307576169,-63.37242588115211
13889,BPRES-2024-08465,2024-08-01,217000,Addition,Addition,Completed,CHERRY BROOK,District 04,1,2,Dwelling - Multiple Units,44.705030867285195,-63.47220715947274
13890,BPRES-2024-08506,2025-08-22,70000,Renovation,Renovation,Completed,DARTMOUTH,District 05,1,2,Dwelling - Multiple Units,44.68415613421947,-63.58551867554507
13891,BPRES-2024-08509,2024-08-30,600000,New Building,New Building,Completed,LOWER SACKVILLE,District 15,2,2,Dwelling - Semi-Detached,44.75831300355432,-63.6753319559563
13892,BPRES-2024-08559,2024-07-22,340000,Renovation,Renovation,Completed,HALIFAX,District 09,0,1,Dwelling - Single Detached,44.63389036518351,-63.629991337450704
13893,BPRES-2024-08572,2024-07-02,20000,New Building,New Building,Completed,HAMMONDS PLAINS,District 14,0,1,Accessory Structure,44.697978388027266,-63.75561177626763
13894,BPRES-2024-08582,2024-07-08,700000,New Building,New Building,Completed,WHITES LAKE,District 13,1,2,Dwelling - Single Detached,44.517555715632355,-63.75080940298828
13895,BPRES-2024-08597,2024-10-15,448000,New Building,New Building,Completed,MIDDLE PORTERS LAKE,District 02,1,2,Dwelling - Single Detached,44.70452304690223,-63.290348540215845
13896,BPRES-2024-08612,2024-10-29,100000,New Building,New Building,Completed,HATCHET LAKE,District 13,1,1,Dwelling - Backyard Suite,44.559660851348795,-63.73142212748354
13897,BPRES-2024-08620,2024-07-05,450000,New Building,New Building,Completed,BEDFORD,District 16,1,3,Dwelling - Single Detached,44.70840371135924,-63.72042377468212
13898,BPRES-2024-08643,2024-07-29,500000,New Building,New Building,Issued,HALIFAX,District 11,4,2,Dwelling - Semi-Detached,44.60103809655689,-63.60292603629012
13899,BPRES-2024-08643,2024-07-29,500000,New Building,New Building,Issued,HALIFAX,District 11,4,2,Dwelling - Semi-Detached,44.60103809655689,-63.60292603629012
13900,BPRES-2024-08664,2024-07-19,120000,Addition,Addition,Issued,DARTMOUTH,District 06,1,2,Dwelling - Multiple Units,44.6834858363418,-63.54267939137861
13901,BPRES-2024-08684,2024-07-05,30000,Renovation,Renovation,Expired,TIMBERLEA,District 12,0,1,Dwelling - Single Detached,44.6594489535955,-63.74092233394605
13902,BPRES-2024-08710,2024-07-10,50000,New Building,New Building,Completed,LAKE ECHO,District 02,0,1,Accessory Structure,44.734572439825776,-63.38960146738879
13903,BPRES-2024-08719,2024-07-11,712000,New Building,New Building,Completed,MIDDLE SACKVILLE,District 14,1,1,Dwelling - Single Detached,44.801184989631366,-63.76643193047792
13904,BPRES-2024-08731,2024-07-16,40000,Renovation,Renovation,Completed,HALIFAX,District 08,0,3,Dwelling - Single Detached,44.66561495559603,-63.60945305960244
13905,BPRES-2024-08764,2024-07-22,750000,New Building,New Building,Completed,HUBLEY,District 13,1,1,Dwelling - Single Detached,44.66370198106504,-63.811396991798546
13906,BPRES-2024-08782,2024-07-12,31000,Renovation,Renovation,Issued,COLE HARBOUR,District 04,0,2,Dwelling - Semi-Detached,44.67655223010687,-63.48411315060633
13907,BPRES-2024-08796,2024-08-20,199294.54,Renovation,Renovation,Completed,COLE HARBOUR,District 04,0,3,Dwelling - Semi-Detached,44.68307883197447,-63.494770856005324
13908,BPRES-2024-08817,2024-07-09,525000,New Building,New Building,Completed,FLETCHERS LAKE,District 01,1,1,Dwelling - Single Detached,44.85214098122741,-63.59703028427893
13909,BPRES-2024-08834,2024-09-19,550000,New Building,New Building,Issued,COW BAY,District 03,2,2,Dwelling - Multiple Units,44.63172001509742,-63.427747102302106
13910,BPRES-2024-08837,,48000,Renovation,Renovation,Application Incomplete,HALIFAX,District 09,1,2,Dwelling - Single Detached,44.65091285104112,-63.62788614665661
13911,BPRES-2024-08858,2024-09-05,437000,New Building,New Building,Completed,SEAFORTH,District 02,2,2,Dwelling - Multiple Units,44.67058142689346,-63.26131132630154
13912,BPRES-2024-08877,,30000,New Building,New Building,Application Incomplete,LAKE LOON,District 04,0,1,Accessory Structure,44.70822917263621,-63.490103085229215
13913,BPRES-2024-08923,2024-11-20,25000,Renovation,Renovation,Issued,HALIFAX,District 09,1,1,Dwelling - Multiple Units,44.636981404927255,-63.632071589728
13914,BPRES-2024-08935,2024-08-08,368620.35,New Building,New Building,Completed,WEST CHEZZETCOOK,District 02,1,1,Dwelling - Single Detached,44.72691887058156,-63.29047584884399
13915,BPRES-2024-08946,2024-08-01,21089.46,Renovation,Renovation,Completed,HALIFAX,District 08,1,2,Dwelling - Multiple Units,44.66862178799249,-63.60691883425601
13916,BPRES-2024-08981,2024-07-16,350000,Addition,Addition,Issued,UPPER TANTALLON,District 13,0,2,Dwelling - Single Detached,44.698494892597864,-63.88319179661282
13917,BPRES-2024-08984,,116000,New Building,New Building,Withdrawn,HALIFAX,District 11,1,1,Dwelling - Backyard Suite,44.63120190052306,-63.61705869463259
13918,BPRES-2024-09019,2024-07-24,700000,New Building,New Building,Completed,FALL RIVER,District 01,1,2,Dwelling - Single Detached,44.83363990915571,-63.63210682707863
13919,BPRES-2024-09044,,53000,New Building,New Building,Withdrawn,MIDDLE SACKVILLE,District 14,0,1,Accessory Structure,44.80675586216416,-63.735718017899515
13920,BPRES-2024-09063,2024-07-29,500000,New Building,New Building,Issued,HALIFAX,District 11,4,1,Dwelling - Semi-Detached,44.60178526340284,-63.60282052064444
13921,BPRES-2024-09063,2024-07-29,500000,New Building,New Building,Issued,HALIFAX,District 11,4,1,Dwelling - Semi-Detached,44.60178526340284,-63.60282052064444
13922,BPRES-2024-09064,2024-07-29,500000,New Building,New Building,Issued,HALIFAX,District 11,4,1,Dwelling - Semi-Detached,44.60123632306348,-63.60290685028238
13923,BPRES-2024-09064,2024-07-29,500000,New Building,New Building,Issued,HALIFAX,District 11,4,1,Dwelling - Semi-Detached,44.60123632306348,-63.60290685028238
13924,BPRES-2024-09068,2024-07-29,500000,New Building,New Building,Issued,HALIFAX,District 11,4,2,Dwelling - Semi-Detached,44.601441037758974,-63.602831897968166
13925,BPRES-2024-09068,2024-07-29,500000,New Building,New Building,Issued,HALIFAX,District 11,4,2,Dwelling - Semi-Detached,44.601441037758974,-63.602831897968166
13926,BPRES-2024-09072,2024-08-01,400000,New Building,New Building,Amendment Requested,OSTREA LAKE,District 02,1,1,Dwelling - Single Detached,44.77157547333609,-63.09817247719673
13927,BPRES-2024-09076,2024-08-02,500000,New Building,New Building,Completed,HALIFAX,District 11,4,2,Dwelling - Semi-Detached,44.60228993117769,-63.603290904600534
13928,BPRES-2024-09078,2024-07-30,180000,New Building,New Building,Completed,FLETCHERS LAKE,District 01,1,1,Dwelling - Backyard Suite,44.851441339531256,-63.604020679544746
13929,BPRES-2024-09086,2024-07-29,500000,New Building,New Building,Issued,HALIFAX,District 11,4,1,Dwelling - Semi-Detached,44.601972479105704,-63.60288297303481
13930,BPRES-2024-09086,2024-07-29,500000,New Building,New Building,Issued,HALIFAX,District 11,4,1,Dwelling - Semi-Detached,44.601972479105704,-63.60288297303481
13931,BPRES-2024-09088,2024-07-29,500000,New Building,New Building,Issued,HALIFAX,District 11,4,2,Dwelling - Semi-Detached,44.602133467432225,-63.60302803868561
13932,BPRES-2024-09088,2024-07-29,500000,New Building,New Building,Issued,HALIFAX,District 11,4,2,Dwelling - Semi-Detached,44.602133467432225,-63.60302803868561
13933,BPRES-2024-09112,2024-08-09,50000,Renovation,Renovation,Issued,HAMMONDS PLAINS,District 14,0,2,Dwelling - Single Detached,44.69719325449513,-63.763743936252176
13934,BPRES-2024-09120,2024-07-16,220000,New Building,New Building,Issued,TIMBERLEA,District 12,1,2,Dwelling - Single Detached,44.64460741549584,-63.724533140855385
13935,BPRES-2024-09124,2024-07-18,525000,New Building,New Building,Completed,FLETCHERS LAKE,District 01,2,2,Dwelling - Multiple Units,44.85122811212303,-63.59527839003785
13936,BPRES-2024-09191,2024-07-26,1000000,Addition,Addition,Issued,HALIFAX,District 09,0,3,Dwelling - Single Detached,44.64132509245078,-63.60709940083996
13937,BPRES-2024-09223,2024-07-18,500000,New Building,New Building,Completed,FLETCHERS LAKE,District 01,1,1,Dwelling - Single Detached,44.85139613999657,-63.59692723097193
13938,BPRES-2024-09252,2025-06-30,8000,Renovation,Renovation,Completed,LOWER SACKVILLE,District 15,1,1,Dwelling - Multiple Units,44.77248629467442,-63.680037895319565
13939,BPRES-2024-09345,,22800,Renovation,Renovation,Withdrawn,HALIFAX,District 08,0,12,Dwelling - Multiple Units,44.65452967071038,-63.5979599755388
13940,BPRES-2024-09356,2024-07-29,50000,Renovation,Renovation,Completed,UPPER TANTALLON,District 13,1,1,Dwelling - Multiple Units,44.684875529881836,-63.85935581809337
13941,BPRES-2024-09373,2024-09-19,40000,Renovation,Renovation,Completed,PORTERS LAKE,District 02,1,2,Dwelling - Multiple Units,44.72526327331989,-63.305464871107844
13942,BPRES-2024-09380,2024-08-08,5500,Renovation,Renovation,Issued,HALIFAX,District 09,0,2,Dwelling - Multiple Units,44.64884811456745,-63.59840981998403
13943,BPRES-2024-09387,2024-10-03,200000,Addition,Addition,Amendment Applicant Revisions,HALIFAX,District 08,0,2,Dwelling - Semi-Detached,44.65255778981393,-63.58740603104408
13944,BPRES-2024-09409,2024-08-28,1065500,New Building,New Building,Completed,UPPER TANTALLON,District 13,1,2,Dwelling - Single Detached,44.722756252381906,-63.87976532728112
13945,BPRES-2024-09419,2024-08-07,400000,Renovation,Renovation,Completed,HEAD OF ST MARGARETS BAY,District 13,1,1,Dwelling - Single Detached,44.67720642091593,-63.92182559244376
13946,BPRES-2024-09439,2024-07-23,2913078,New Building,New Building,Completed,WESTPHAL,District 04,1,1,Dwelling - Single Detached,44.71139222269005,-63.467050583141834
13947,BPRES-2024-09467,2024-07-26,25000,Renovation,Renovation,Completed,FALL RIVER,District 01,1,3,Dwelling - Multiple Units,44.805290224546226,-63.6318586886011
13948,BPRES-2024-09472,2024-07-30,300000,New Building,New Building,Completed,LOWER SACKVILLE,District 15,0,1,Accessory Structure,44.75834455399044,-63.659347197897745
13949,BPRES-2024-09476,2025-03-10,57000,Renovation,Renovation,Issued,DARTMOUTH,District 06,1,3,Dwelling - Single Detached,44.67264935542301,-63.54755187266801
13950,BPRES-2024-09487,2024-07-26,50000,New Building,New Building,Completed,COLE HARBOUR,District 04,0,1,Accessory Structure,44.67766653266767,-63.472253330814276
13951,BPRES-2024-09500,2024-08-01,450000,New Building,New Building,Completed,BEAVER HARBOUR,District 02,1,1,Dwelling - Single Detached,44.89610118370821,-62.41831964474907
13952,BPRES-2024-09528,2024-10-01,24000,Renovation,Renovation,Completed,LOWER SACKVILLE,District 15,1,2,Dwelling - Multiple Units,44.78033297725692,-63.695841663713686
13953,BPRES-2024-09560,2024-07-31,85000,Renovation,Renovation,Completed,DARTMOUTH,District 06,1,1,Dwelling - Multiple Units,44.67960886832381,-63.53446328876487
13954,BPRES-2024-09588,2025-08-28,20000,Renovation,Renovation,Issued,BEAVER BANK,District 15,1,1,Dwelling - Multiple Units,44.823989905423545,-63.6800704150586
13955,BPRES-2024-09617,2024-07-30,15000,Renovation,Renovation,Issued,MIDDLE SACKVILLE,District 14,0,1,Dwelling - Single Detached,44.78583972153023,-63.69916080566298
13956,BPRES-2024-09642,2024-12-13,190000,New Building,New Building,Completed,HALIFAX,District 08,1,2,Dwelling - Backyard Suite,44.670489445256315,-63.60267461311462
13957,BPRES-2024-09657,2024-08-08,25000,Addition,Addition,Completed,HALIFAX,District 10,0,2,Dwelling - Single Detached,44.688333780255626,-63.66182959016864
13958,BPRES-2024-09679,2024-07-23,27500,Renovation,Renovation,Issued,DARTMOUTH,District 05,0,2,Dwelling - Single Detached,44.68932882144602,-63.56655862124035
13959,BPRES-2024-09696,,76000,Renovation,Renovation,Applicant Revisions,WILLIAMSWOOD,District 11,1,2,Dwelling - Multiple Units,44.540330158686174,-63.64353905505687
13960,BPRES-2024-09744,,,New Building,New Building,Application Incomplete,,Unidentified,1,1,Dwelling - Backyard Suite,,
13961,BPRES-2024-09746,2024-08-01,320000,New Building,New Building,Issued,UPPER TANTALLON,District 13,1,2,Dwelling - Single Detached,44.699345212319386,-63.884726639739114
13962,BPRES-2024-09777,2025-01-07,22000,Renovation,Renovation,Completed,DARTMOUTH,District 06,1,2,Dwelling - Multiple Units,44.672333845462795,-63.52861710198462
13963,BPRES-2024-09785,2024-07-30,425000,New Building,New Building,Completed,GOFFS,District 01,1,1,Dwelling - Single Detached,44.88536679743653,-63.48002910054986
13964,BPRES-2024-09801,2024-08-12,75000,Renovation,Renovation,Completed,PORTERS LAKE,District 02,1,1,Dwelling - Multiple Units,44.74483045241751,-63.305202822151635
13965,BPRES-2024-09812,2024-07-30,50000,Renovation,Renovation,Issued,HALIFAX,District 11,0,2,Dwelling - Multiple Units,44.61015774659478,-63.61662261476864
13966,BPRES-2024-09831,2024-08-07,50000,New Building,New Building,Issued,BEAVER BANK,District 15,0,1,Accessory Structure,44.82091256707447,-63.68088792133216
13967,BPRES-2024-09839,,8500,Renovation,Renovation,Applicant Revisions,DARTMOUTH,District 05,0,2,Dwelling - Single Detached,44.685223371859,-63.57483693398017
13968,BPRES-2024-09865,2024-08-02,2000000,New Building,New Building,Issued,HAMMONDS PLAINS,District 14,1,2,Dwelling - Single Detached,44.7213739326712,-63.773246149110484
13969,BPRES-2024-09886,2024-08-01,20000,New Building,New Building,Completed,HALIFAX,District 09,0,1,Accessory Structure,44.64359350188054,-63.59617170724652
13970,BPRES-2024-09923,2024-09-18,121000,Addition,Addition,Completed,UPPER TANTALLON,District 13,0,2,Dwelling - Single Detached,44.72730607608545,-63.883123999234115
13971,BPRES-2024-09942,,6000,Addition,Addition,Application Incomplete,HALIFAX,District 11,-3,2,Dwelling - Semi-Detached,44.61650052736303,-63.61895190839879
13972,BPRES-2024-09964,2024-09-03,2800,Renovation,Renovation,Completed,DARTMOUTH,District 05,1,1,Dwelling - Multiple Units,44.68811447780653,-63.58018101290863
13973,BPRES-2024-09975,2024-09-18,500000,New Building,New Building,Issued,HALIFAX,District 11,4,3,Dwelling - Multiple Units,44.62100408081362,-63.61967489440684
13974,BPRES-2024-09975,2024-09-18,500000,New Building,New Building,Issued,HALIFAX,District 11,4,3,Dwelling - Multiple Units,44.62100408081362,-63.61967489440684
13975,BPRES-2024-09975,2024-09-18,500000,New Building,New Building,Issued,HALIFAX,District 11,4,3,Dwelling - Multiple Units,44.62100408081362,-63.61967489440684
13976,BPRES-2024-10000,2024-08-12,308000,New Building,New Building,Completed,CLAM HARBOUR,District 02,1,1,Dwelling - Single Detached,44.73510518113016,-62.88123826799162
13977,BPRES-2024-10006,2024-08-14,750000,Renovation,Renovation,Completed,BEDFORD,District 16,0,1,Dwelling - Multiple Units,44.72055100219176,-63.70652391027848
13978,BPRES-2024-10042,2024-07-30,400000,New Building,New Building,Completed,HALIFAX,District 11,4,3,Dwelling - Semi-Detached,44.60136218540756,-63.6033443352272
13979,BPRES-2024-10042,2024-07-30,400000,New Building,New Building,Completed,HALIFAX,District 11,4,3,Dwelling - Semi-Detached,44.60136218540756,-63.6033443352272
13980,BPRES-2024-10044,2024-08-07,400000,New Building,New Building,Completed,HALIFAX,District 11,2,3,Dwelling - Semi-Detached,44.60119397950372,-63.60342025212347
13981,BPRES-2024-10060,2024-09-04,82500,Renovation,Renovation,Issued,LAKESIDE,District 12,0,2,Dwelling - Single Detached,44.638029539172756,-63.70188385841037
13982,BPRES-2024-10078,,38000,Addition,Addition,Applicant Revisions,DARTMOUTH,District 05,0,1,Dwelling - Single Detached,44.67294424983171,-63.56815204519844
13983,BPRES-2024-10088,2024-08-20,390000,New Building,New Building,Completed,BEDFORD,District 16,1,2,Dwelling - Single Detached,44.70781258673128,-63.719949760577215
13984,BPRES-2024-10096,2024-08-12,40000,New Building,New Building,Completed,WEST PETPESWICK,District 02,0,1,Accessory Structure,44.73881999379643,-63.17031516497439
13985,BPRES-2024-10107,2024-09-12,294792.55,Addition,Addition,Issued,HALIFAX,District 09,2,2,Dwelling - Multiple Units,44.646586955341554,-63.59949625514235
13986,BPRES-2024-10120,2024-08-01,25000,New Building,New Building,Completed,WEST CHEZZETCOOK,District 02,0,1,Accessory Structure,44.72456348533775,-63.26628539330218
13987,BPRES-2024-10123,2024-08-14,320000,New Building,New Building,Completed,BEDFORD,District 16,1,2,Dwelling - Single Detached,44.707939647589434,-63.72030384307363
13988,BPRES-2024-10153,2024-08-29,510000,New Building,New Building,Completed,HALIFAX,District 11,4,3,Dwelling - Multiple Units,44.63110028157371,-63.61792186303914
13989,BPRES-2024-10156,,300000,Addition,Addition,Withdrawn,HALIFAX,District 07,3,4,Dwelling - Multiple Units,44.640882499380275,-63.59773149639169
13990,BPRES-2024-10201,2024-10-04,80000,Addition,Addition,Completed,DARTMOUTH,District 06,1,2,Dwelling - Backyard Suite,44.712487967915585,-63.54637538544505
13991,BPRES-2024-10204,2024-08-07,600000,New Building,New Building,Completed,BROOKSIDE,District 13,1,2,Dwelling - Single Detached,44.528008924381034,-63.71025511721495
13992,BPRES-2024-10228,2024-12-05,26000,New Building,New Building,Completed,MINEVILLE,District 02,0,1,Accessory Structure,44.688146443036636,-63.38152633936987
13993,BPRES-2024-10248,2024-08-02,30000,Renovation,Renovation,Completed,HALIFAX,District 09,0,2,Dwelling - Single Detached,44.647684786446966,-63.59731212621436
13994,BPRES-2024-10272,2024-09-24,200000,New Building,New Building,Completed,DARTMOUTH,District 05,1,2,Dwelling - Single Detached,44.67897931703517,-63.59300961125485
13995,BPRES-2024-10294,2024-08-07,600000,New Building,New Building,Completed,TANTALLON,District 13,1,2,Dwelling - Single Detached,44.649986798671755,-63.899333856069255
13996,BPRES-2024-10300,2024-08-30,500000,New Building,New Building,Completed,QUEENSLAND,District 13,2,2,Dwelling - Semi-Detached,44.65078796368353,-63.99741353381355
13997,BPRES-2024-10345,2024-08-07,44000,New Building,New Building,Completed,MINEVILLE,District 02,0,1,Accessory Structure,44.697261206683656,-63.37756358482337
13998,BPRES-2024-10350,2024-10-25,10000,Renovation,Renovation,Completed,HALIFAX,District 11,1,2,Dwelling - Single Detached,44.6082839097803,-63.605078235201184
13999,BPRES-2024-10366,2024-08-21,300000,New Building,New Building,Issued,UPPER TANTALLON,District 13,1,2,Dwelling - Single Detached,44.70104585972061,-63.88276893202855
14000,BPRES-2024-10369,2024-08-14,300000,New Building,New Building,Issued,UPPER TANTALLON,District 13,1,2,Dwelling - Single Detached,44.70112739766032,-63.88234641347871
14001,BPRES-2024-10395,2024-08-15,24905,Renovation,Renovation,Issued,HALIFAX,District 07,0,3,Dwelling - Semi-Detached,44.641856470314735,-63.57547099484633
14002,BPRES-2024-10414,2024-08-12,23000,New Building,New Building,Completed,COW BAY,District 03,0,1,Accessory Structure,44.62425434668643,-63.436535328489235
14003,BPRES-2024-10415,2024-08-28,200000,New Building,New Building,Completed,COW BAY,District 03,1,2,Dwelling - Backyard Suite,44.62425434668643,-63.436535328489235
14004,BPRES-2024-10421,,100000,New Building,New Building,Applicant Revisions,EAST PETPESWICK,District 02,1,2,Dwelling - Backyard Suite,44.74580216841149,-63.148383399436455
14005,BPRES-2024-10427,2024-08-09,22000,New Building,New Building,Completed,BROOKSIDE,District 13,0,1,Accessory Structure,44.548415400348155,-63.709828681928585
14006,BPRES-2024-10488,,100000,Renovation,Renovation,Applicant Revisions,HERRING COVE,District 11,1,2,Dwelling - Backyard Suite,44.578544514106134,-63.5759719282618
14007,BPRES-2024-10521,2024-11-04,30000,Renovation,Renovation,Issued,BEDFORD,District 16,1,2,Dwelling - Multiple Units,44.728771864380704,-63.652969985776494
14008,BPRES-2024-10527,2024-08-14,28000,New Building,New Building,Completed,WAVERLEY,District 01,0,1,Accessory Structure,44.74453851285484,-63.534374422386726
14009,BPRES-2024-10535,2024-08-15,555000,New Building,New Building,Completed,UPPER TANTALLON,District 13,1,1,Dwelling - Single Detached,44.72842459189796,-63.893622935804174
14010,BPRES-2024-10566,2024-09-04,292514,New Building,New Building,Issued,HAMMONDS PLAINS,District 14,0,2,Accessory Structure,44.722762564101686,-63.84093987734622
14011,BPRES-2024-10580,2024-09-17,750000,New Building,New Building,Issued,CLAM BAY,District 02,1,1,Dwelling - Single Detached,44.730310965477805,-62.92900215074852
14012,BPRES-2024-10589,2024-09-11,23000,New Building,New Building,Issued,LOWER SACKVILLE,District 15,0,1,Accessory Structure,44.778614695952484,-63.678618233902995
14013,BPRES-2024-10598,2024-08-15,300000,New Building,New Building,Completed,HALIFAX,District 12,1,1,Dwelling - Backyard Suite,44.67892292032388,-63.676871609884124
14014,BPRES-2024-10640,,,Addition,Addition,Application Incomplete,HALIFAX,District 09,0,,Dwelling - Single Detached,44.65683081802287,-63.618591586837475
14015,BPRES-2024-10652,2024-09-19,150000,Renovation,Renovation,Completed,BEDFORD,District 16,1,2,Dwelling - Multiple Units,44.73637941634922,-63.65347130105326
14016,BPRES-2024-10661,2024-10-22,115000,New Building,New Building,Completed,HATCHET LAKE,District 13,0,1,Accessory Structure,44.54977742929653,-63.732688533165884
14017,BPRES-2024-10672,2024-10-17,399000,New Building,New Building,Completed,LAKE EGMONT,District 01,1,1,Dwelling - Single Detached,44.99041354916188,-63.294819587653635
14018,BPRES-2024-10696,2024-08-28,128000,Addition,Addition,Completed,HALIFAX,District 07,1,1,Dwelling - Multiple Units,44.62817777551524,-63.57480168992699
14019,BPRES-2024-10710,2024-12-02,465000,Addition,Addition,Issued,HALIFAX,District 10,2,3,Dwelling - Multiple Units,44.67771959339095,-63.650446527179795
14020,BPRES-2024-10739,2024-08-21,650000,New Building,New Building,Completed,FALL RIVER,District 01,1,2,Dwelling - Single Detached,44.83202543435921,-63.62972276352223
14021,BPRES-2024-10761,2024-09-09,299000,New Building,New Building,Completed,COLE HARBOUR,District 04,2,1,Dwelling - Single Detached,44.658137828792064,-63.455986180273584
14022,BPRES-2024-10763,2024-08-22,3000,Renovation,Renovation,Completed,HALIFAX,District 10,0,2,Dwelling - Single Detached,44.66924159641395,-63.6561770162118
14023,BPRES-2024-10781,2024-08-14,35000,New Building,New Building,Issued,DARTMOUTH,District 06,0,1,Accessory Structure,44.68873783402356,-63.50255926565486
14024,BPRES-2024-10827,2024-09-06,906990,New Building,New Building,Completed,DARTMOUTH,District 03,6,2,Dwelling - Townhouse,44.66013332959298,-63.53345255680625
14025,BPRES-2024-10861,2024-08-29,25000,New Building,New Building,Completed,HAMMONDS PLAINS,District 14,0,1,Accessory Structure,44.71793094459005,-63.82635521506061
14026,BPRES-2024-10900,2024-09-16,106212,Renovation,Renovation,Completed,COLE HARBOUR,District 04,1,1,Dwelling - Multiple Units,44.68401556193654,-63.48357021263654
14027,BPRES-2024-10903,2024-11-05,139200,New Building,New Building,Completed,DARTMOUTH,District 06,1,1,Dwelling - Backyard Suite,44.678115711397695,-63.54258404634084
14028,BPRES-2024-10947,2024-08-19,50000,New Building,New Building,Completed,PORTERS LAKE,District 02,0,2,Accessory Structure,44.729807577469835,-63.293113285555336
14029,BPRES-2024-10948,2024-11-05,119500,New Building,New Building,Completed,PORTERS LAKE,District 02,1,1,Dwelling - Backyard Suite,44.749247762840746,-63.285601750093775
14030,BPRES-2024-10961,2024-08-20,30000,New Building,New Building,Issued,HALIFAX,District 11,0,1,Accessory Structure,44.62545123766262,-63.59660536038004
14031,BPRES-2024-10971,2024-08-19,425000,New Building,New Building,Completed,PORTUGUESE COVE,District 11,1,2,Dwelling - Single Detached,44.512168612916646,-63.54384224895016
14032,BPRES-2024-10981,2024-08-21,31647,Addition,Addition,Completed,HAMMONDS PLAINS,District 14,0,2,Dwelling - Single Detached,44.74444766875245,-63.79687963957175
14033,BPRES-2024-10994,2024-08-22,11000,New Building,New Building,Issued,COLE HARBOUR,District 04,0,1,Accessory Structure,44.65167449779022,-63.48540562501064
14034,BPRES-2024-11014,2024-09-12,400000,New Building,New Building,Completed,HATCHET LAKE,District 13,1,2,Dwelling - Single Detached,44.58377381277099,-63.697237221492095
14035,BPRES-2024-11016,2024-10-21,166500,New Building,New Building,Completed,HUBLEY,District 13,1,1,Dwelling - Single Detached,44.680130245077194,-63.807273774336906
14036,BPRES-2024-11067,2024-11-05,20000,New Building,New Building,Completed,MIDDLE SACKVILLE,District 14,0,1,Accessory Structure,44.79139955572381,-63.74980745966241
14037,BPRES-2024-11098,2024-09-05,665000,New Building,New Building,Completed,PORTERS LAKE,District 02,1,1,Dwelling - Single Detached,44.75317541312421,-63.33366468448846
14038,BPRES-2024-11112,,96000,Renovation,Renovation,Application Incomplete,HALIFAX,District 10,1,2,Dwelling - Single Detached,44.64845604712991,-63.647588966503996
14039,BPRES-2024-11135,,7500,Renovation,Renovation,Withdrawn,HALIFAX,District 11,1,3,Dwelling - Multiple Units,44.599222320574555,-63.60220485675413
14040,BPRES-2024-11148,2024-10-15,365000,Renovation,Renovation,Completed,COLE HARBOUR,District 04,7,2,Dwelling - Multiple Units,44.671025115671405,-63.49700616218368
14041,BPRES-2024-11157,2024-08-21,600000,New Building,New Building,Completed,BROOKSIDE,District 13,1,1,Dwelling - Single Detached,44.52939449319904,-63.709689031453216
14042,BPRES-2024-11193,,55000,New Building,New Building,Applicant Revisions,UPPER TANTALLON,District 13,1,2,Dwelling - Single Detached,44.69779488538877,-63.86185222702088
14043,BPRES-2024-11207,2024-08-30,50000,Addition,Addition,Issued,HAMMONDS PLAINS,District 14,0,1,Dwelling - Single Detached,44.738853369680946,-63.801794436914456
14044,BPRES-2024-11211,2024-08-23,90000,New Building,New Building,Completed,HAMMONDS PLAINS,District 14,0,1,Accessory Structure,44.72553200902494,-63.842701030351186
14045,BPRES-2024-11289,2024-10-11,30000,New Building,New Building,Completed,ENFIELD,District 01,0,1,Accessory Structure,44.9349910043918,-63.52600354707846
14046,BPRES-2024-11308,2024-11-12,240000,New Building,New Building,Completed,BEAVER BANK,District 15,1,1,Dwelling - Backyard Suite,44.80754442073438,-63.68208032895822
14047,BPRES-2024-11321,2024-08-28,53500,New Building,New Building,Completed,GLEN HAVEN,District 13,0,1,Accessory Structure,44.63399770331372,-63.89548727566049
14048,BPRES-2024-11338,2024-08-28,300000,New Building,New Building,Completed,PORTERS LAKE,District 02,1,1,Dwelling - Single Detached,44.75606332544025,-63.287275500060225
14049,BPRES-2024-11366,2024-11-26,65000,New Building,New Building,Issued,FALL RIVER,District 01,1,1,Dwelling - Backyard Suite,44.808608101194295,-63.62760369496097
14050,BPRES-2024-11429,2024-11-15,5000,Renovation,Renovation,Completed,BEDFORD,District 16,0,1,Dwelling - Single Detached,44.71021783559281,-63.69205148349882
14051,BPRES-2024-11444,2024-08-28,35000,New Building,New Building,Completed,WHITES LAKE,District 13,0,1,Accessory Structure,44.5277198391903,-63.742774366780516
14052,BPRES-2024-11452,2025-01-08,300000,New Building,New Building,Completed,CLAM BAY,District 02,1,1,Dwelling - Single Detached,44.73762278876131,-62.93567777469388
14053,BPRES-2024-11474,2024-09-10,450000,New Building,New Building,Completed,BEAVER BANK,District 15,1,2,Dwelling - Single Detached,44.82656097864857,-63.674121548396435
14054,BPRES-2024-11495,2024-10-09,50000,Renovation,Renovation,Completed,BEDFORD,District 16,1,1,Dwelling - Multiple Units,44.737023565630345,-63.64486198520346
14055,BPRES-2024-11528,2024-08-28,175000,New Building,New Building,Completed,TIMBERLEA,District 12,1,2,Dwelling - Single Detached,44.67024074526856,-63.77658151097558
14056,BPRES-2024-11598,2024-09-12,815000,New Building,New Building,Issued,FALL RIVER,District 01,3,1,Dwelling - Multiple Units,44.80883089746863,-63.618544792275614
14057,BPRES-2024-11603,2025-01-17,700000,New Building,New Building,Completed,HALIFAX,District 11,4,3,Dwelling - Multiple Units,44.61855138387148,-63.61810814939227
14058,BPRES-2024-11603,2025-01-17,700000,New Building,New Building,Completed,HALIFAX,District 11,4,3,Dwelling - Multiple Units,44.61855138387148,-63.61810814939227
14059,BPRES-2024-11603,2025-01-17,700000,New Building,New Building,Completed,HALIFAX,District 11,4,3,Dwelling - Multiple Units,44.61855138387148,-63.61810814939227
14060,BPRES-2024-11620,2024-09-10,135000,Addition,Addition,Issued,MIDDLE PORTERS LAKE,District 02,0,1,Dwelling - Single Detached,44.702707369791725,-63.30157349022293
14061,BPRES-2024-11628,2024-08-26,320000,New Building,New Building,Issued,UPPER TANTALLON,District 13,1,2,Dwelling - Single Detached,44.70195787666309,-63.88634257186571
14062,BPRES-2024-11660,2024-09-13,1465644,New Building,New Building,Completed,DARTMOUTH,District 03,6,2,Dwelling - Townhouse,44.65976247999819,-63.53365731311618
14063,BPRES-2024-11668,2024-11-29,6500,Renovation,Renovation,Completed,HALIFAX,District 12,0,2,Dwelling - Single Detached,44.68076575023953,-63.67613984768059
14064,BPRES-2024-11680,2024-10-21,74995,New Building,New Building,Issued,WEST PENNANT,District 11,0,2,Accessory Structure,44.47527117189466,-63.63116147588073
14065,BPRES-2024-11683,2025-09-16,120000,New Building,New Building,Issued,HALIFAX,District 11,1,1,Dwelling - Backyard Suite,44.63296653569629,-63.62157944463102
14066,BPRES-2024-11707,2025-01-09,3500,Addition,Addition,Completed,HAMMONDS PLAINS,District 14,0,1,Accessory Structure,44.72309511564827,-63.835290777564566
14067,BPRES-2024-11728,2024-09-18,67500,Renovation,Renovation,Issued,BEDFORD,District 16,-1,1,Dwelling - Single Detached,44.731690374998806,-63.64619298485039
14068,BPRES-2024-11736,2024-08-29,42326,Renovation,Renovation,Completed,BEDFORD,District 16,0,2,Dwelling - Single Detached,44.72326901599764,-63.65412451437359
14069,BPRES-2024-11745,2024-10-31,135950,New Building,New Building,Issued,UPPER TANTALLON,District 13,0,2,Accessory Structure,44.724562599760986,-63.87528716524211
14070,BPRES-2024-11764,,183109,Renovation,Renovation,Cancelled,DARTMOUTH,District 05,0,12,Dwelling - Multiple Units,44.664048195149505,-63.56685552077682
14071,BPRES-2024-11780,2024-09-26,300000,New Building,New Building,Issued,HALIFAX,District 09,2,3,Dwelling - Single Detached,44.63571821497747,-63.62450163976843
14072,BPRES-2024-11819,2024-09-11,52677,Addition,Addition,Completed,EAST PETPESWICK,District 02,0,2,Dwelling - Single Detached,44.75043327638468,-63.14745059831219
14073,BPRES-2024-11836,2024-10-02,500000,New Building,New Building,Completed,BEAVER BANK,District 15,1,2,Dwelling - Single Detached,44.828296987615374,-63.677220893662145
14074,BPRES-2024-11856,2024-10-15,56500,Addition,Addition,Issued,HALIFAX,District 10,0,1,Dwelling - Single Detached,44.664574451352934,-63.646246808138066
14075,BPRES-2024-11874,2024-09-04,315280,New Building,New Building,Completed,BEDFORD,District 16,1,2,Dwelling - Single Detached,44.70698970664769,-63.72333571853333
14076,BPRES-2024-11892,2024-09-23,86875,Addition,Addition,Amendment Applicant Revisions,HALIFAX,District 10,0,2,Dwelling - Single Detached,44.65030921261302,-63.63931517518853
14077,BPRES-2024-11941,2024-09-13,1465644,New Building,New Building,Completed,DARTMOUTH,District 03,6,2,Dwelling - Townhouse,44.65956075762185,-63.53331488187953
14078,BPRES-2024-11953,2024-09-13,906990,New Building,New Building,Completed,DARTMOUTH,District 03,6,2,Dwelling - Townhouse,44.65993286285842,-63.53310713492601
14079,BPRES-2024-11969,2024-09-04,315280,New Building,New Building,Completed,BEDFORD,District 16,1,2,Dwelling - Single Detached,44.70693969434289,-63.723222159492025
14080,BPRES-2024-12012,2024-09-06,315280,New Building,New Building,Completed,BEDFORD,District 16,1,2,Dwelling - Single Detached,44.707046537017796,-63.723445442273594
14081,BPRES-2024-12041,2024-09-03,260000,New Building,New Building,Issued,UPPER TANTALLON,District 13,1,2,Dwelling - Single Detached,44.69649427044684,-63.88386160662057
14082,BPRES-2024-12060,2024-09-19,18000,New Building,New Building,Completed,FALL RIVER,District 01,0,1,Accessory Structure,44.812771672323045,-63.6146835957968
14083,BPRES-2024-12064,2024-09-16,166750,Addition,Addition,Issued,WESTPHAL,District 04,0,2,Dwelling - Single Detached,44.70722483780853,-63.469790723023436
14084,BPRES-2024-12102,,65000,New Building,New Building,Withdrawn,HAMMONDS PLAINS,District 14,0,1,Accessory Structure,44.73323606888739,-63.785405282676464
14085,BPRES-2024-12113,2024-10-08,100000,Addition,Addition,Issued,GOFFS,District 01,0,2,Dwelling - Single Detached,44.88755644436016,-63.4744571388372
14086,BPRES-2024-12132,2024-11-07,249500,Renovation,Renovation,Issued,MIDDLE SACKVILLE,District 14,0,3,Dwelling - Single Detached,44.81910107119586,-63.73904356007521
14087,BPRES-2024-12143,,82000,Renovation,Renovation,Application Incomplete,HALIFAX,District 07,1,2,Dwelling - Multiple Units,44.636443182460184,-63.58599864171397
14088,BPRES-2024-12157,2024-11-15,179501.1,Addition,Addition,Completed,HALIFAX,District 10,1,2,Dwelling - Multiple Units,44.660610432937155,-63.650642790494125
14089,BPRES-2024-12178,2025-12-01,55000,New Building,New Building,Issued,ENFIELD,District 01,0,1,Accessory Structure,44.91965114377284,-63.5515727664515
14090,BPRES-2024-12208,,,Renovation,Renovation,Cancelled,BEECHVILLE,District 12,0,2,Dwelling - Single Detached,44.638218340179215,-63.676853440678286
14091,BPRES-2024-12242,2024-10-07,80000,Addition,Addition,Completed,HALIFAX,District 08,0,2,Dwelling - Single Detached,44.66260909363099,-63.60211465788505
14092,BPRES-2024-12316,,40000,Renovation,Renovation,Applicant Revisions,HUBLEY,District 13,1,2,Dwelling - Single Detached,44.67154274875854,-63.81642555044115
14093,BPRES-2024-12375,2024-10-10,200000,Renovation,Renovation,Issued,WAVERLEY,District 01,0,2,Dwelling - Single Detached,44.78424630771899,-63.59467355422485
14094,BPRES-2024-12415,2024-09-11,60000,New Building,New Building,Issued,PORTUGUESE COVE,District 11,0,1,Accessory Structure,44.526830688170094,-63.54525298969322
14095,BPRES-2024-12430,2024-11-01,120000,Renovation,Renovation,Completed,HALIFAX,District 09,1,1,Dwelling - Backyard Suite,44.649776718904974,-63.62652664729914
14096,BPRES-2024-12464,2024-09-23,115000,New Building,New Building,Completed,COLE HARBOUR,District 04,1,1,Dwelling - Backyard Suite,44.669528092432394,-63.50199489685483
14097,BPRES-2024-12495,2024-11-15,400000,New Building,New Building,Completed,HALIFAX,District 11,4,3,Dwelling - Multiple Units,44.60105810414917,-63.60355298120593
14098,BPRES-2024-12495,2024-11-15,400000,New Building,New Building,Completed,HALIFAX,District 11,4,3,Dwelling - Multiple Units,44.60105810414917,-63.60355298120593
14099,BPRES-2024-12496,2024-11-12,400000,New Building,New Building,Completed,HALIFAX,District 11,4,3,Dwelling - Multiple Units,44.60093805082723,-63.60368611386903
14100,BPRES-2024-12496,2024-11-12,400000,New Building,New Building,Completed,HALIFAX,District 11,4,3,Dwelling - Multiple Units,44.60093805082723,-63.60368611386903
14101,BPRES-2024-12507,2024-09-16,15000,Renovation,Renovation,Completed,STILLWATER LAKE,District 13,0,1,Dwelling - Single Detached,44.687609733162965,-63.82740429216719
14102,BPRES-2024-12515,,10000,Renovation,Renovation,Issued,HALIFAX,District 11,0,2,Dwelling - Multiple Units,44.6073331927736,-63.56275089793371
14103,BPRES-2024-12570,2024-09-13,62449,Renovation,Renovation,Completed,HALIFAX,District 08,0,2,Dwelling - Semi-Detached,44.65245231668731,-63.58727151798997
14104,BPRES-2024-12593,2024-10-03,434431,New Building,New Building,Issued,EAST PETPESWICK,District 02,1,1,Dwelling - Single Detached,44.7320570374992,-63.15586359890129
14105,BPRES-2024-12607,2024-10-18,201815.83,Renovation,Renovation,Completed,HALIFAX,District 10,0,3,Dwelling - Multiple Units,44.65347543169968,-63.64484495798934
14106,BPRES-2024-12623,2024-11-07,63000,Renovation,Renovation,Completed,PROSPECT,District 13,1,1,Dwelling - Backyard Suite,44.49017194545713,-63.811217262876895
14107,BPRES-2024-12656,2024-09-17,600000,New Building,New Building,Completed,QUEENSLAND,District 13,1,3,Dwelling - Single Detached,44.65036910923809,-64.00080548510681
14108,BPRES-2024-12676,2024-09-16,250000,New Building,New Building,Issued,OSTREA LAKE,District 02,1,1,Dwelling - Single Detached,44.71935378717743,-63.07151870414783
14109,BPRES-2024-12681,2024-10-04,10000,Renovation,Renovation,Issued,LOWER SACKVILLE,District 15,1,3,Dwelling - Multiple Units,44.770971144628675,-63.702039426788104
14110,BPRES-2024-12695,2024-09-18,500000,New Building,New Building,Completed,MIDDLE SACKVILLE,District 14,1,1,Dwelling - Single Detached,44.80383944245995,-63.76449010034193
14111,BPRES-2024-12697,2024-11-18,1300000,New Building,New Building,Issued,UPPER TANTALLON,District 13,2,2,Dwelling - Multiple Units,44.68331530476241,-63.85755709719779
14112,BPRES-2024-12711,2024-11-14,8600,Renovation,Renovation,Issued,EAST PETPESWICK,District 02,0,2,Accessory Structure,44.6882467026705,-63.14534783801466
14113,BPRES-2024-12729,2024-09-19,1400000,New Building,New Building,Completed,BEDFORD,District 16,1,2,Dwelling - Single Detached,44.70478952554465,-63.72188330879465
14114,BPRES-2024-12756,2024-11-04,237000,Addition,Addition,Issued,HAMMONDS PLAINS,District 14,0,2,Dwelling - Single Detached,44.71221948634192,-63.72615242934228
14115,BPRES-2024-12787,2024-10-22,675000,New Building,New Building,Amendment Application Incomplete,WAVERLEY,District 01,1,2,Dwelling - Single Detached,44.77875417059881,-63.59548039745372
14116,BPRES-2024-12840,2024-09-19,600000,New Building,New Building,Completed,OAKFIELD,District 01,1,1,Dwelling - Single Detached,44.9122959675538,-63.58444908429597
14117,BPRES-2024-12863,2024-10-04,20000,New Building,New Building,Issued,TIMBERLEA,District 12,0,1,Accessory Structure,44.648514793997684,-63.718608643835175
14118,BPRES-2024-12893,2024-09-27,650000,New Building,New Building,Completed,BEDFORD,District 16,1,3,Dwelling - Single Detached,44.70858496422822,-63.72136174577601
14119,BPRES-2024-12922,2024-09-19,550000,New Building,New Building,Completed,TERENCE BAY,District 13,1,2,Dwelling - Single Detached,44.46408279069176,-63.7120505966092
14120,BPRES-2024-12983,2024-09-25,160000,New Building,New Building,Issued,COOKS BROOK,District 01,1,1,Dwelling - Single Detached,45.033186885211464,-63.326981362678204
14121,BPRES-2024-13029,2024-09-24,600000,New Building,New Building,Completed,QUEENSLAND,District 13,2,1,Dwelling - Multiple Units,44.65080720959706,-64.00081172128372
14122,BPRES-2024-13110,2024-09-19,600000,New Building,New Building,Completed,BROOKSIDE,District 13,1,2,Dwelling - Single Detached,44.52930102827214,-63.71074993799542
14123,BPRES-2024-13200,2024-10-11,1221370,New Building,New Building,Completed,DARTMOUTH,District 03,5,2,Dwelling - Townhouse,44.65937555190975,-63.53295624372648
14124,BPRES-2024-13222,2024-09-19,20000,Renovation,Renovation,Completed,EASTERN PASSAGE,District 03,0,2,Dwelling - Single Detached,44.615300942240665,-63.46894876282376
14125,BPRES-2024-13229,2025-02-03,75000,New Building,New Building,Amendment Applicant Revisions,FALL RIVER,District 01,1,1,Dwelling - Backyard Suite,44.81226257922017,-63.633234120102784
14126,BPRES-2024-13255,2024-11-07,155000,Addition,Addition,Issued,LAKEVIEW,District 01,0,1,Dwelling - Single Detached,44.759817079376575,-63.62279976781101
14127,BPRES-2024-13272,2024-09-26,300000,New Building,New Building,Issued,OAKFIELD,District 01,1,1,Dwelling - Single Detached,44.92325762574566,-63.5739650189366
14128,BPRES-2024-13336,,60000,Renovation,Renovation,Applicant Revisions,WATT SECTION,District 02,1,1,Dwelling - Multiple Units,44.91494728649905,-62.512132187192485
14129,BPRES-2024-13349,2024-11-28,3000,Renovation,Renovation,Completed,COLE HARBOUR,District 04,0,2,Dwelling - Single Detached,44.66827390483281,-63.49701192214844
14130,BPRES-2024-13375,2024-09-24,15000,New Building,New Building,Issued,HALIFAX,District 11,0,1,Accessory Structure,44.60957214939226,-63.624493186389245
14131,BPRES-2024-13423,2024-10-04,800000,New Building,New Building,Completed,BEDFORD,District 16,1,2,Dwelling - Single Detached,44.70737460193116,-63.72705532358676
14132,BPRES-2024-13514,2024-09-26,40000,Addition,Addition,Issued,HUBLEY,District 13,0,1,Accessory Structure,44.66638241866452,-63.81182057176013
14133,BPRES-2024-13536,2024-10-24,122000,New Building,New Building,Completed,HERRING COVE,District 11,1,1,Dwelling - Backyard Suite,44.566894147679676,-63.56787750138909
14134,BPRES-2024-13577,,80000,New Building,New Building,Applicant Revisions,HALIFAX,District 08,1,2,Dwelling - Backyard Suite,44.65526703117117,-63.61688915865682
14135,BPRES-2024-13607,,750000,New Building,New Building,Withdrawn,DARTMOUTH,District 05,6,3,Dwelling - Multiple Units,44.6709619750184,-63.56246343391227
14136,BPRES-2024-13631,2024-09-20,51500,New Building,New Building,Completed,HARRIETSFIELD,District 11,0,2,Accessory Structure,44.56637634587485,-63.6392640068378
14137,BPRES-2024-13659,2024-10-17,40000,New Building,New Building,Completed,WEST PETPESWICK,District 02,0,1,Accessory Structure,44.73613708383687,-63.18153305367727
14138,BPRES-2024-13666,2024-11-06,30000,New Building,New Building,Issued,HALIFAX,District 11,0,1,Accessory Structure,44.61404207709648,-63.614825609728875
14139,BPRES-2024-13680,2024-11-08,160000,New Building,New Building,Completed,DARTMOUTH,District 05,1,2,Dwelling - Backyard Suite,44.68208376191826,-63.5628970632897
14140,BPRES-2024-13697,2024-10-30,450000,New Building,New Building,Completed,HALIFAX,District 11,4,3,Dwelling - Multiple Units,44.603450437948204,-63.605078934542014
14141,BPRES-2024-13706,,200000,New Building,New Building,In Review,GLEN HAVEN,District 13,2,2,Dwelling - Multiple Units,44.64105282915597,-63.91026812273614
14142,BPRES-2024-13717,2025-09-04,420000,New Building,New Building,Issued,HALIFAX,District 11,4,3,Dwelling - Multiple Units,44.58663251927844,-63.591069684000374
14143,BPRES-2024-13717,2025-09-04,420000,New Building,New Building,Issued,HALIFAX,District 11,4,3,Dwelling - Multiple Units,44.58663251927844,-63.591069684000374
14144,BPRES-2024-13717,2025-09-04,420000,New Building,New Building,Issued,HALIFAX,District 11,4,3,Dwelling - Multiple Units,44.58663251927844,-63.591069684000374
14145,BPRES-2024-13726,2025-09-05,420000,New Building,New Building,Issued,HALIFAX,District 11,4,2,Dwelling - Multiple Units,44.586716520732416,-63.59122216979024
14146,BPRES-2024-13726,2025-09-05,420000,New Building,New Building,Issued,HALIFAX,District 11,4,2,Dwelling - Multiple Units,44.586716520732416,-63.59122216979024
14147,BPRES-2024-13726,2025-09-05,420000,New Building,New Building,Issued,HALIFAX,District 11,4,2,Dwelling - Multiple Units,44.586716520732416,-63.59122216979024
14148,BPRES-2024-13800,2024-09-24,600000,New Building,New Building,Completed,BLACK POINT,District 13,1,1,Dwelling - Single Detached,44.65934614670678,-63.98124151603273
14149,BPRES-2024-13841,2024-09-23,28000,New Building,New Building,Completed,GAETZ BROOK,District 02,0,1,Accessory Structure,44.764233119089184,-63.214475791300615
14150,BPRES-2024-13882,,25000,New Building,New Building,Application Incomplete,COLE HARBOUR,District 04,0,1,Accessory Structure,44.66162431996682,-63.49622994043424
14151,BPRES-2024-13918,2024-12-05,615000,New Building,New Building,Amendment Applicant Revisions,DARTMOUTH,District 05,1,2,Dwelling - Single Detached,44.666734956741344,-63.57576777548643
14152,BPRES-2024-13948,2024-10-08,50000,New Building,New Building,Issued,MIDDLE SACKVILLE,District 14,0,1,Accessory Structure,44.77753538032288,-63.743138738662736
14153,BPRES-2024-13954,2024-09-27,344000,Addition,Addition,Issued,HALIFAX,District 09,0,2,Dwelling - Single Detached,44.641336977951305,-63.62281466575134
14154,BPRES-2024-13966,2024-09-25,1000000,New Building,New Building,Issued,BEDFORD,District 16,1,1,Dwelling - Single Detached,44.706282592606655,-63.72575642535023
14155,BPRES-2024-13980,2024-10-10,,New Building,New Building,Issued,WEST PENNANT,District 11,0,1,Accessory Structure,44.46755147028851,-63.65465671471268
14156,BPRES-2024-14005,2024-10-01,47472,New Building,New Building,Completed,THREE FATHOM HARBOUR,District 02,0,1,Accessory Structure,44.64157185174005,-63.297204723429715
14157,BPRES-2024-14020,2024-10-18,35000,New Building,New Building,Completed,EASTERN PASSAGE,District 03,0,1,Accessory Structure,44.615576892422816,-63.469956910055544
14158,BPRES-2024-14026,2025-01-08,130000,Renovation,Renovation,Issued,HALIFAX,District 08,1,2,Dwelling - Multiple Units,44.65379084643409,-63.59968111539948
14159,BPRES-2024-14046,2024-10-02,362000,New Building,New Building,Completed,DARTMOUTH,District 06,1,2,Dwelling - Single Detached,44.71448037501567,-63.544466875130006
14160,BPRES-2024-14069,,10000,Renovation,Renovation,Withdrawn,DARTMOUTH,District 05,0,1,Dwelling - Single Detached,44.686636258290406,-63.57922734988144
14161,BPRES-2024-14075,,120000,New Building,New Building,Withdrawn,HAMMONDS PLAINS,District 14,1,1,Dwelling - Backyard Suite,44.74252777336821,-63.79800028860312
14162,BPRES-2024-14092,2024-10-02,380000,New Building,New Building,Completed,DARTMOUTH,District 06,1,2,Dwelling - Single Detached,44.71481855401612,-63.54450747186988
14163,BPRES-2024-14138,2024-10-17,514428,New Building,New Building,Completed,UPPER SACKVILLE,District 14,1,1,Dwelling - Single Detached,44.82710047968692,-63.78218394999415
14164,BPRES-2024-14159,2024-11-12,44000,Renovation,Renovation,Issued,PORTERS LAKE,District 02,1,1,Dwelling - Single Detached,44.763966525858734,-63.34490918876643
14165,BPRES-2024-14202,2024-09-27,425000,New Building,New Building,Completed,HAMMONDS PLAINS,District 14,1,2,Dwelling - Single Detached,44.71971051834184,-63.836507392902945
14166,BPRES-2024-14271,2024-10-17,35500,Renovation,Renovation,Issued,HALIFAX,District 08,0,2,Dwelling - Single Detached,44.663902773739416,-63.60445534314852
14167,BPRES-2024-14305,2025-02-20,60000,Renovation,Renovation,Issued,DARTMOUTH,District 05,1,1,Dwelling - Backyard Suite,44.6788000162182,-63.58599362308522
14168,BPRES-2024-14370,2024-10-01,250000,New Building,New Building,Completed,BEECHVILLE,District 12,1,3,Dwelling - Single Detached,44.6372772909799,-63.67666618338169
14169,BPRES-2024-14381,2024-10-08,405000,New Building,New Building,Completed,PORTUGUESE COVE,District 11,1,2,Dwelling - Single Detached,44.52737206503548,-63.552153623004145
14170,BPRES-2024-14392,2024-10-08,164561.7,New Building,New Building,Completed,STILLWATER LAKE,District 13,1,1,Dwelling - Backyard Suite,44.694534393439156,-63.83648342729935
14171,BPRES-2024-14404,2024-10-29,175000,New Building,New Building,Completed,BAYSIDE,District 13,1,1,Dwelling - Backyard Suite,44.527029071221605,-63.80805503891781
14172,BPRES-2024-14424,,6500,Renovation,Renovation,Applicant Revisions,DARTMOUTH,District 05,1,2,Dwelling - Backyard Suite,44.66800795774263,-63.56849707876538
14173,BPRES-2024-14429,2024-10-01,250000,New Building,New Building,Completed,BEECHVILLE,District 12,1,3,Dwelling - Single Detached,44.63701433654015,-63.676438957982874
14174,BPRES-2024-14431,2024-10-01,250000,New Building,New Building,Completed,BEECHVILLE,District 12,1,3,Dwelling - Single Detached,44.636828843074014,-63.67627839515216
14175,BPRES-2024-14438,2024-12-05,80000,Renovation,Renovation,Completed,HAMMONDS PLAINS,District 14,1,2,Dwelling - Multiple Units,44.74263061726743,-63.78875544531212
14176,BPRES-2024-14458,2024-11-28,625000,New Building,New Building,Completed,HUBBARDS,District 13,1,2,Dwelling - Single Detached,44.63191402378429,-64.05571988712265
14177,BPRES-2024-14475,2024-11-05,45000,Renovation,Renovation,Completed,HALIFAX,District 10,1,2,Dwelling - Multiple Units,44.657105029981935,-63.647376459107285
14178,BPRES-2024-14480,2024-10-08,250000,New Building,New Building,Completed,TIMBERLEA,District 12,1,2,Dwelling - Single Detached,44.64475219829462,-63.72614529075064
14179,BPRES-2024-14494,2024-10-08,20000,New Building,New Building,Issued,COLE HARBOUR,District 04,0,1,Accessory Structure,44.67602930446866,-63.47715222654879
14180,BPRES-2024-14543,2024-10-28,118000,Addition,Addition,Completed,WELLINGTON,District 01,0,2,Dwelling - Single Detached,44.89944462031405,-63.62373266875131
14181,BPRES-2024-14579,2024-11-21,512000,New Building,New Building,Completed,HATCHET LAKE,District 13,1,2,Dwelling - Single Detached,44.550508368251975,-63.73842068351371
14182,BPRES-2024-14584,2024-11-22,65000,New Building,New Building,Issued,TANTALLON,District 13,0,1,Accessory Structure,44.653419857488046,-63.90215368194976
14183,BPRES-2024-14619,2024-11-13,150000,Addition,Addition,Issued,HALIFAX,District 08,1,2,Dwelling - Multiple Units,44.66804421028811,-63.60178232063239
14184,BPRES-2024-14641,2024-10-17,22500,Renovation,Renovation,Issued,DARTMOUTH,District 05,0,2,Dwelling - Townhouse,44.672829721316944,-63.56064068403706
14185,BPRES-2024-14670,2024-10-09,300000,New Building,New Building,Completed,DARTMOUTH,District 06,1,3,Dwelling - Single Detached,44.713919531661645,-63.54394692925772
14186,BPRES-2024-14686,2024-10-11,39982,New Building,New Building,Completed,MIDDLE SACKVILLE,District 14,0,1,Accessory Structure,44.80501129323075,-63.74829008362678
14187,BPRES-2024-14700,2024-10-09,214000,New Building,New Building,Issued,COW BAY,District 03,1,1,Dwelling - Backyard Suite,44.643393725204646,-63.42142256034044
14188,BPRES-2024-14727,2024-10-17,300000,New Building,New Building,Issued,PORTERS LAKE,District 02,1,1,Dwelling - Single Detached,44.760473925034425,-63.33199911287802
14189,BPRES-2024-14736,2024-11-12,7500,Renovation,Renovation,Completed,HALIFAX,District 11,1,2,Dwelling - Single Detached,44.607717562797326,-63.60490847937322
14190,BPRES-2024-14762,2024-10-22,40000,New Building,New Building,Issued,PORTERS LAKE,District 02,0,2,Accessory Structure,44.80327663330423,-63.38316600518442
14191,BPRES-2024-14792,,45000,Renovation,Renovation,Cancelled,BEDFORD,District 16,0,2,Dwelling - Backyard Suite,44.71882412772572,-63.67330873164986
14192,BPRES-2024-14824,2024-10-31,850000,New Building,New Building,Issued,MIDDLE SACKVILLE,District 14,1,2,Dwelling - Single Detached,44.79862604394884,-63.764580985682144
14193,BPRES-2024-14851,2024-11-06,35000,Addition,Addition,Issued,TIMBERLEA,District 12,0,2,Dwelling - Single Detached,44.64879380568681,-63.73872127591431
14194,BPRES-2024-14857,2025-04-02,20000,New Building,New Building,Issued,OAKFIELD,District 01,0,1,Accessory Structure,44.92515684791848,-63.56588160055368
14195,BPRES-2024-14869,2024-10-23,3400,Renovation,Renovation,Issued,HALIFAX,District 11,0,1,Dwelling - Single Detached,44.59157230237771,-63.60049940396332
14196,BPRES-2024-14899,2024-11-18,680000,New Building,New Building,Completed,HALIFAX,District 11,4,3,Dwelling - Multiple Units,44.60234429449379,-63.60358974264053
14197,BPRES-2024-14899,2024-11-18,680000,New Building,New Building,Completed,HALIFAX,District 11,4,3,Dwelling - Multiple Units,44.60234429449379,-63.60358974264053
14198,BPRES-2024-14929,2024-10-21,425000,New Building,New Building,Completed,BEAVER BANK,District 15,1,2,Dwelling - Single Detached,44.83848910329841,-63.662670974897104
14199,BPRES-2024-14944,2024-10-17,475000,New Building,New Building,Completed,MIDDLE SACKVILLE,District 14,1,1,Dwelling - Single Detached,44.79652105919955,-63.77226257295335
14200,BPRES-2024-15004,2024-10-15,1600000,New Building,New Building,Completed,DARTMOUTH,District 06,4,3,Dwelling - Townhouse,44.71478237941917,-63.53996404545912
14201,BPRES-2024-15009,2024-10-30,6500,Renovation,Renovation,Completed,DARTMOUTH,District 05,1,2,Dwelling - Multiple Units,44.665637468037204,-63.557624167402565
14202,BPRES-2024-15052,2024-10-24,188000,New Building,New Building,Issued,GLEN HAVEN,District 13,0,2,Accessory Structure,44.650333386044245,-63.92765567718226
14203,BPRES-2024-15069,2024-11-21,72000,Renovation,Renovation,Completed,HAMMONDS PLAINS,District 14,1,1,Dwelling - Multiple Units,44.727627552345595,-63.747278919658534
14204,BPRES-2024-15118,,83443.75,New Building,New Building,Cancelled,UPPER TANTALLON,District 13,0,1,Accessory Structure,44.687977824717336,-63.88320003476555
14205,BPRES-2024-15134,2025-01-22,31000,Renovation,Renovation,Completed,DARTMOUTH,District 05,1,1,Dwelling - Single Detached,44.686636258290406,-63.57922734988144
14206,BPRES-2024-15136,,,New Building,New Building,Cancelled,HALIFAX,District 09,0,1,Accessory Structure,44.650304636200595,-63.62625628323767
14207,BPRES-2024-15155,2025-11-27,2500,Addition,Addition,Issued,DARTMOUTH,District 06,0,1,Dwelling - Single Detached,44.683839209937595,-63.53462012376008
14208,BPRES-2024-15170,2024-10-24,560000,New Building,New Building,Completed,PORTERS LAKE,District 02,1,1,Dwelling - Single Detached,44.74429237780862,-63.29126213327651
14209,BPRES-2024-15193,2026-04-13,2000,Renovation,Renovation,Issued,DARTMOUTH,District 05,0,1,Accessory Structure,44.68492230612921,-63.58219133185644
14210,BPRES-2024-15195,,9000,Renovation,Renovation,Withdrawn,DARTMOUTH,District 05,2,4,Dwelling - Multiple Units,44.66769361516129,-63.556170854054095
14211,BPRES-2024-15197,2024-10-29,480000,New Building,New Building,Completed,COLE HARBOUR,District 04,4,1,Dwelling - Multiple Units,44.643429566529534,-63.47235883588676
14212,BPRES-2024-15244,2024-10-17,53000,New Building,New Building,Issued,PORTERS LAKE,District 02,0,1,Accessory Structure,44.74392243984976,-63.30888043069407
14213,BPRES-2024-15256,2024-10-16,192000,New Building,New Building,Completed,WHITES LAKE,District 13,1,1,Dwelling - Single Detached,44.54289288711483,-63.73688183206282
14214,BPRES-2024-15266,2024-11-12,80000,Renovation,Renovation,Completed,BEDFORD,District 16,1,2,Dwelling - Multiple Units,44.737066666904546,-63.65269109856536
14215,BPRES-2024-15271,2024-11-05,150000,Renovation,Renovation,Completed,DARTMOUTH,District 06,1,2,Dwelling - Multiple Units,44.68471281555782,-63.53411265320739
14216,BPRES-2024-15283,2024-10-30,26000,Renovation,Renovation,Completed,DARTMOUTH,District 06,1,1,Dwelling - Multiple Units,44.685798571960646,-63.50303618727163
14217,BPRES-2024-15292,2024-11-01,680000,New Building,New Building,Completed,HALIFAX,District 11,4,3,Dwelling - Multiple Units,44.602499191206725,-63.603499340959324
14218,BPRES-2024-15292,2024-11-01,680000,New Building,New Building,Completed,HALIFAX,District 11,4,3,Dwelling - Multiple Units,44.602499191206725,-63.603499340959324
14219,BPRES-2024-15293,2024-10-30,50000,New Building,New Building,Issued,HUBLEY,District 13,0,1,Accessory Structure,44.66573235179694,-63.817927424643585
14220,BPRES-2024-15316,2024-10-16,150000,New Building,New Building,Issued,WEST CHEZZETCOOK,District 02,1,1,Dwelling - Single Detached,44.702176341972624,-63.279605890869306
14221,BPRES-2024-15340,2024-11-05,200000,Addition,Addition,Issued,WESTPHAL,District 04,0,2,Dwelling - Single Detached,44.705442309101386,-63.47122438169947
14222,BPRES-2024-15355,2024-10-30,40000,New Building,New Building,Completed,BOUTILIERS POINT,District 13,0,1,Accessory Structure,44.65673512159974,-63.94951722600331
14223,BPRES-2024-15357,2024-10-21,150000,Renovation,Renovation,Completed,DARTMOUTH,District 06,0,3,Dwelling - Semi-Detached,44.69119867704688,-63.528515403779
14224,BPRES-2024-15372,2024-10-17,65000,New Building,New Building,Completed,FALL RIVER,District 01,0,1,Accessory Structure,44.79733977636425,-63.628783649972796
14225,BPRES-2024-15375,2024-10-31,15000000,New Building,New Building,Completed,DARTMOUTH,District 06,4,3,Dwelling - Townhouse,44.71473439837026,-63.540533600730015
14226,BPRES-2024-15375,2024-10-31,15000000,New Building,New Building,Completed,DARTMOUTH,District 06,4,3,Dwelling - Townhouse,44.71473439837026,-63.540533600730015
14227,BPRES-2024-15387,2025-08-06,30000,New Building,New Building,Issued,HARRIETSFIELD,District 11,0,1,Accessory Structure,44.58184994702989,-63.63978035428755
14228,BPRES-2024-15405,2024-10-24,50000,Renovation,Renovation,Completed,HALIFAX,District 11,1,1,Dwelling - Multiple Units,44.62602701751173,-63.61382260370304
14229,BPRES-2024-15420,2024-10-21,450000,New Building,New Building,Completed,EASTERN PASSAGE,District 03,3,1,Dwelling - Townhouse,44.608299281670185,-63.48849302477666
14230,BPRES-2024-15432,2024-10-17,400000,New Building,New Building,Issued,HALIFAX,District 11,4,2,Dwelling - Multiple Units,44.5863344804655,-63.589109603055434
14231,BPRES-2024-15436,2025-12-03,400000,New Building,New Building,Completed,HALIFAX,District 11,4,3,Dwelling - Multiple Units,44.58643526792759,-63.58923889612245
14232,BPRES-2024-15442,2024-10-25,400000,New Building,New Building,Completed,HALIFAX,District 11,4,2,Dwelling - Multiple Units,44.58664176698179,-63.58949125462508
14233,BPRES-2024-15442,2024-10-25,400000,New Building,New Building,Completed,HALIFAX,District 11,4,2,Dwelling - Multiple Units,44.58664176698179,-63.58949125462508
14234,BPRES-2024-15455,2024-12-19,31200,New Building,New Building,Completed,LAKE LOON,District 04,0,1,Accessory Structure,44.70863949306719,-63.51708998401514
14235,BPRES-2024-15470,2024-12-02,500,New Building,New Building,Issued,MINEVILLE,District 02,1,2,Dwelling - Backyard Suite,44.68822674056719,-63.377818399931904
14236,BPRES-2024-15485,2024-11-01,112700,Addition,Addition,Issued,HALIFAX,District 09,0,1,Dwelling - Single Detached,44.65167271262141,-63.60178657403558
14237,BPRES-2024-15499,2024-10-22,40000,New Building,New Building,Completed,HAMMONDS PLAINS,District 14,0,1,Accessory Structure,44.7377927033491,-63.803909430539484
14238,BPRES-2024-15502,2024-11-18,15000,Renovation,Renovation,Completed,EASTERN PASSAGE,District 03,0,1,Dwelling - Single Detached,44.6209907623736,-63.50231540637741
14239,BPRES-2024-15533,,5000,Renovation,Renovation,Withdrawn,WINDSOR JUNCTION,District 01,1,1,Dwelling - Backyard Suite,44.80327620384073,-63.64071633364187
14240,BPRES-2024-15595,2025-02-13,750000,New Building,New Building,Issued,PORTUGUESE COVE,District 11,1,2,Dwelling - Single Detached,44.52895341488342,-63.5535099575047
14241,BPRES-2024-15611,2024-11-08,309000,New Building,New Building,Amendment Applicant Revisions,BAYSIDE,District 13,1,2,Dwelling - Single Detached,44.53551431056224,-63.795719116441006
14242,BPRES-2024-15629,2025-02-28,100000,New Building,New Building,Completed,WAVERLEY,District 06,1,1,Dwelling - Backyard Suite,44.73817962642008,-63.55381881463148
14243,BPRES-2024-15648,2024-10-24,172400,New Building,New Building,Issued,PORTUGUESE COVE,District 11,0,1,Accessory Structure,44.51856619558506,-63.57822450326209
14244,BPRES-2024-15664,2024-11-21,70000,Addition,Addition,Issued,STILLWATER LAKE,District 13,0,1,Dwelling - Single Detached,44.69920420871442,-63.84366337615349
14245,BPRES-2024-15673,2024-10-28,20000,New Building,New Building,Issued,UPPER SACKVILLE,District 14,0,1,Accessory Structure,44.810729283632696,-63.75204656145341
14246,BPRES-2024-15709,2024-11-05,65000,Addition,Addition,Issued,DARTMOUTH,District 05,0,1,Dwelling - Single Detached,44.67607706993757,-63.58372727547585
14247,BPRES-2024-15744,2024-10-23,10940,Renovation,Renovation,Completed,COLE HARBOUR,District 04,0,1,Dwelling - Single Detached,44.652693806133904,-63.48617782625765
14248,BPRES-2024-15752,,300000,New Building,New Building,Application Incomplete,,District 12,1,2,Dwelling - Single Detached,44.67844205238035,-63.67864983338217
14249,BPRES-2024-15764,2024-11-08,25000,Renovation,Renovation,Issued,COOKS BROOK,District 01,1,1,Dwelling - Single Detached,45.00071956918644,-63.26618250078151
14250,BPRES-2024-15773,2024-11-04,2500,Renovation,Renovation,Completed,HALIFAX,District 08,0,2,Dwelling - Single Detached,44.66613310715592,-63.61208072443276
14251,BPRES-2024-15776,2024-11-05,190000,New Building,New Building,Completed,HAMMONDS PLAINS,District 14,1,2,Dwelling - Backyard Suite,44.76220659438784,-63.78835544378769
14252,BPRES-2024-15807,,40000,Renovation,Renovation,Application Incomplete,,District 09,0,1,Dwelling - Single Detached,44.64249310459731,-63.59692630183312
14253,BPRES-2024-15811,,2800,Renovation,Renovation,Application Incomplete,,District 09,1,1,Dwelling - Multiple Units,44.64249310459731,-63.59692630183312
14254,BPRES-2024-15833,2024-11-18,25000,New Building,New Building,Issued,EAST SHIP HARBOUR,District 02,0,1,Accessory Structure,44.7774530865545,-62.796656809832015
14255,BPRES-2024-15864,2025-02-10,300000,New Building,New Building,Issued,HEAD OF ST MARGARETS BAY,District 13,1,1,Dwelling - Backyard Suite,44.665788024185154,-63.91695830929613
14256,BPRES-2024-15897,2025-06-05,50000,Renovation,Renovation,Completed,LAWRENCETOWN,District 02,0,1,Dwelling - Single Detached,44.67477283143414,-63.400087678818785
14257,BPRES-2024-15912,2024-11-01,550000,New Building,New Building,Completed,HACKETTS COVE,District 13,1,2,Dwelling - Single Detached,44.553286524600715,-63.933034487185274
14258,BPRES-2024-15934,2024-10-31,1500000,New Building,New Building,Issued,HALIFAX,District 11,6,3,Dwelling - Townhouse,44.609183724732695,-63.60508377655179
14259,BPRES-2024-15944,,10000,Addition,Addition,Withdrawn,HAMMONDS PLAINS,District 14,0,1,Accessory Structure,44.7484758130793,-63.79207463742781
14260,BPRES-2024-15949,2024-11-18,350000,Renovation,Renovation,Completed,HALIFAX,District 12,3,2,Dwelling - Multiple Units,44.64762999725523,-63.649903111381825
14261,BPRES-2024-15987,2025-04-02,165000,Addition,Addition,Cancelled,HALIFAX,District 11,0,2,Dwelling - Multiple Units,44.63342517681414,-63.61720904162199
14262,BPRES-2024-15993,2024-11-18,608000,New Building,New Building,Issued,HALIFAX,District 11,4,3,Dwelling - Multiple Units,44.61565387078702,-63.62105397260015
14263,BPRES-2024-15993,2024-11-18,608000,New Building,New Building,Issued,HALIFAX,District 11,4,3,Dwelling - Multiple Units,44.61565387078702,-63.62105397260015
14264,BPRES-2024-16038,2025-02-14,50000,Renovation,Renovation,Issued,HALIFAX,District 10,1,2,Dwelling - Single Detached,44.67929203666519,-63.66162694952959
14265,BPRES-2024-16051,2024-12-16,50000,New Building,New Building,Completed,MINEVILLE,District 02,0,1,Accessory Structure,44.70805964901105,-63.389947396829264
14266,BPRES-2024-16060,,589132,Addition,Addition,Withdrawn,HAMMONDS PLAINS,District 14,1,2,Dwelling - Multiple Units,44.77094927598156,-63.767552933768556
14267,BPRES-2024-16062,,200000,Addition,Addition,Applicant Revisions,MUSQUODOBOIT HARBOUR,District 02,1,2,Dwelling - Single Detached,44.79035425328045,-63.12087063164818
14268,BPRES-2024-16082,2024-10-29,63093,Renovation,Renovation,Completed,HALIFAX,District 08,0,3,Dwelling - Townhouse,44.66607597515378,-63.605452192582746
14269,BPRES-2024-16091,2024-11-08,350000,New Building,New Building,Completed,PORTERS LAKE,District 02,1,1,Dwelling - Single Detached,44.75793552944729,-63.28629815250635
14270,BPRES-2024-16111,2024-11-05,500000,New Building,New Building,Completed,MIDDLE SACKVILLE,District 14,1,1,Dwelling - Single Detached,44.80536576539139,-63.76359757259395
14271,BPRES-2024-16120,,250000,New Building,New Building,Application Incomplete,HALIFAX,District 07,1,2,Dwelling - Backyard Suite,44.63289885528996,-63.58406481740883
14272,BPRES-2024-16136,2024-12-10,76000,Addition,Addition,Issued,LEWIS LAKE,District 13,0,1,Dwelling - Single Detached,44.67040922628507,-63.82664780380853
14273,BPRES-2024-16158,2024-11-20,866198,New Building,New Building,Completed,WEST PORTERS LAKE,District 02,2,2,Dwelling - Multiple Units,44.67712553444399,-63.31176197515516
14274,BPRES-2024-16181,2024-11-21,977096,New Building,New Building,Completed,DARTMOUTH,District 03,4,3,Dwelling - Townhouse,44.65938619854544,-63.532112425438456
14275,BPRES-2024-16194,,,Renovation,Renovation,Applicant Revisions,DARTMOUTH,District 05,2,3,Dwelling - Multiple Units,44.67024221625254,-63.56392865304287
14276,BPRES-2024-16213,2024-11-18,12000,Renovation,Renovation,Issued,LANTZ,District 01,1,1,Dwelling - Multiple Units,44.978033444159486,-63.47411273004004
14277,BPRES-2024-16224,,17000,New Building,New Building,Application Incomplete,BOUTILIERS POINT,District 13,0,1,Accessory Structure,44.67346437889983,-63.93418709359568
14278,BPRES-2024-16235,,181000,Addition,Addition,Applicant Revisions,SAMBRO,District 11,1,1,Dwelling - Single Detached,44.480658243259626,-63.59836179467025
14279,BPRES-2024-16258,2024-11-01,725000,New Building,New Building,Completed,MIDDLE SACKVILLE,District 14,1,2,Dwelling - Single Detached,44.7813946239498,-63.74407446126257
14280,BPRES-2024-16270,2025-01-03,100000,New Building,New Building,Completed,WILLIAMSWOOD,District 11,1,1,Dwelling - Backyard Suite,44.51241269887731,-63.63675513631721
14281,BPRES-2024-16276,2024-11-19,80000,New Building,New Building,Completed,FALL RIVER,District 01,1,1,Dwelling - Backyard Suite,44.80716665295827,-63.624723274928634
14282,BPRES-2024-16285,2026-02-23,225000,Renovation,Renovation,Issued,WEST PENNANT,District 11,1,2,Dwelling - Multiple Units,44.467877870277086,-63.65437424714588
14283,BPRES-2024-16291,2025-02-20,15000,Addition,Addition,Issued,MONTAGUE GOLD MINES,District 01,0,2,Accessory Structure,44.71728264755166,-63.50725449204579
14284,BPRES-2024-16302,2024-10-31,120000,New Building,New Building,Completed,GRAND DESERT,District 02,1,1,Dwelling - Backyard Suite,44.68988209862061,-63.25460985827562
14285,BPRES-2024-16336,2024-10-31,750000,New Building,New Building,Completed,HAMMONDS PLAINS,District 14,1,2,Dwelling - Single Detached,44.697109536040024,-63.80218771222049
14286,BPRES-2024-16340,2024-12-12,200000,New Building,New Building,Issued,TIMBERLEA,District 12,1,2,Dwelling - Single Detached,44.64467143184489,-63.724629110152684
14287,BPRES-2024-16353,2024-11-05,200000,New Building,New Building,Issued,TIMBERLEA,District 12,1,2,Dwelling - Single Detached,44.64500546208607,-63.725295612072586
14288,BPRES-2024-16376,2024-11-06,10000,Renovation,Renovation,Issued,STILLWATER LAKE,District 13,0,1,Dwelling - Single Detached,44.69464381653096,-63.83317754325111
14289,BPRES-2024-16388,2025-01-30,280000,New Building,New Building,Issued,MURCHYVILLE,District 01,1,1,Dwelling - Single Detached,44.99989413281802,-63.15712951741639
14290,BPRES-2024-16390,2024-11-05,2500,Renovation,Renovation,Issued,OSTREA LAKE,District 02,0,1,Accessory Structure,44.77376652781148,-63.10255950706582
14291,BPRES-2024-16410,2024-11-25,305000,New Building,New Building,Issued,HAMMONDS PLAINS,District 14,1,1,Dwelling - Single Detached,44.747720424012435,-63.78338774319398
14292,BPRES-2024-16473,2024-12-18,107000,New Building,New Building,Issued,LUCASVILLE,District 14,0,2,Accessory Structure,44.76822408531461,-63.74436888023076
14293,BPRES-2024-16517,2024-11-14,280000,New Building,New Building,Amendment Applicant Revisions,BEAVER BANK,District 15,2,2,Dwelling - Multiple Units,44.82827221575067,-63.6755162817289
14294,BPRES-2024-16524,2025-01-22,50000,New Building,New Building,Issued,ANTRIM,District 01,1,1,Dwelling - Seasonal,44.962894336397724,-63.36358241429301
14295,BPRES-2024-16537,2025-02-06,250000,New Building,New Building,Issued,MIDDLE SACKVILLE,District 14,1,1,Dwelling - Backyard Suite,44.79837316580738,-63.76398350286277
14296,BPRES-2024-16540,,65000,New Building,New Building,Applicant Revisions,ANTRIM,District 01,0,1,Accessory Structure,44.962894336397724,-63.36358241429301
14297,BPRES-2024-16576,2025-08-11,30000,New Building,New Building,Completed,STILLWATER LAKE,District 13,0,1,Accessory Structure,44.69882807653257,-63.82696030339858
14298,BPRES-2024-16632,2025-01-31,28333,Renovation,Renovation,Completed,HALIFAX,District 08,0,2,Dwelling - Single Detached,44.664890411802126,-63.60702655980798
14299,BPRES-2024-16657,2024-11-26,4000,Renovation,Renovation,Issued,HALIFAX,District 10,0,2,Dwelling - Single Detached,44.667137952497534,-63.64221139810021
14300,BPRES-2024-16676,2025-02-10,269446,New Building,New Building,Completed,FALL RIVER,District 01,1,1,Dwelling - Backyard Suite,44.8083636723963,-63.63969411044981
14301,BPRES-2024-16680,2024-11-15,584000,New Building,New Building,Issued,HALIFAX,District 11,4,2,Dwelling - Multiple Units,44.602559058297146,-63.60403435007527
14302,BPRES-2024-16680,2024-11-15,584000,New Building,New Building,Issued,HALIFAX,District 11,4,2,Dwelling - Multiple Units,44.602559058297146,-63.60403435007527
14303,BPRES-2024-16682,,292000,New Building,New Building,Withdrawn,HALIFAX,District 11,4,2,Dwelling - Multiple Units,44.60260719678138,-63.60400924572887
14304,BPRES-2024-16689,2024-12-19,400000,Addition,Addition,Issued,WEST JEDDORE,District 02,0,2,Dwelling - Single Detached,44.72688883060258,-63.017157408885446
14305,BPRES-2024-16694,2024-11-13,35000,New Building,New Building,Completed,PORTERS LAKE,District 02,0,1,Accessory Structure,44.75561461673286,-63.28657585140463
14306,BPRES-2024-16712,2024-11-18,584000,New Building,New Building,Issued,HALIFAX,District 11,4,2,Dwelling - Multiple Units,44.60274212632483,-63.60397705653575
14307,BPRES-2024-16712,2024-11-18,584000,New Building,New Building,Issued,HALIFAX,District 11,4,2,Dwelling - Multiple Units,44.60274212632483,-63.60397705653575
14308,BPRES-2024-16719,2024-11-18,292000,New Building,New Building,Issued,HALIFAX,District 11,4,2,Dwelling - Multiple Units,44.602912152526486,-63.60400084444554
14309,BPRES-2024-16719,2024-11-18,292000,New Building,New Building,Issued,HALIFAX,District 11,4,2,Dwelling - Multiple Units,44.602912152526486,-63.60400084444554
14310,BPRES-2024-16728,2024-11-26,21000,New Building,New Building,Issued,TIMBERLEA,District 12,0,1,Accessory Structure,44.64183153485883,-63.70958683076557
14311,BPRES-2024-16736,2024-11-26,351000,New Building,New Building,Completed,BEAVER BANK,District 15,2,2,Dwelling - Multiple Units,44.82744292456436,-63.672665121068256
14312,BPRES-2024-16741,2024-11-22,351000,New Building,New Building,Completed,BEAVER BANK,District 15,2,3,Dwelling - Multiple Units,44.827346425720194,-63.67273928900335
14313,BPRES-2024-16746,2024-11-22,351000,New Building,New Building,Issued,BEAVER BANK,District 15,2,2,Dwelling - Multiple Units,44.827250769820054,-63.6728126757471
14314,BPRES-2024-16750,2024-11-22,351000,New Building,New Building,Issued,BEAVER BANK,District 15,2,2,Dwelling - Multiple Units,44.82714904357596,-63.67289735098744
14315,BPRES-2024-16755,2024-11-22,351000,New Building,New Building,Issued,BEAVER BANK,District 15,2,3,Dwelling - Multiple Units,44.82705358823724,-63.6730127383411
14316,BPRES-2024-16770,2024-11-29,425000,New Building,New Building,Completed,HAMMONDS PLAINS,District 14,1,1,Dwelling - Single Detached,44.74422701637032,-63.79128014139457
14317,BPRES-2024-16780,2024-11-26,15000,Renovation,Renovation,Issued,HALIFAX,District 07,1,3,Dwelling - Multiple Units,44.641782166736924,-63.59439218177724
14318,BPRES-2024-16796,2024-12-02,270000,New Building,New Building,Issued,HALIFAX,District 11,1,2,Dwelling - Single Detached,44.61044531576475,-63.60455223863835
14319,BPRES-2024-16816,2024-11-27,50500,Renovation,Renovation,Completed,EAST PRESTON,District 04,1,2,Dwelling - Multiple Units,44.72419898834539,-63.40121034467654
14320,BPRES-2024-16826,2025-06-10,150000,Addition,Addition,Issued,HALIFAX,District 10,2,2,Dwelling - Multiple Units,44.660693922184045,-63.643619036903765
14321,BPRES-2024-16856,2024-11-27,20000,Addition,Addition,Issued,COLE HARBOUR,District 04,0,1,Dwelling - Single Detached,44.66702433152487,-63.48617735804579
14322,BPRES-2024-16871,2024-11-25,15000,Addition,Addition,Issued,HEAD OF ST MARGARETS BAY,District 13,0,1,Accessory Structure,44.69583802041716,-63.902797620835045
14323,BPRES-2024-16874,,350000,New Building,New Building,Cancelled,UPPER HAMMONDS PLAINS,District 14,1,2,Dwelling - Backyard Suite,44.7554533986686,-63.847047356597464
14324,BPRES-2024-16878,2024-11-25,450000,New Building,New Building,Issued,LUCASVILLE,District 14,1,2,Dwelling - Single Detached,44.761749562985024,-63.749664830589026
14325,BPRES-2024-16882,2024-11-26,60000,Addition,Addition,Completed,DARTMOUTH,District 05,0,2,Dwelling - Single Detached,44.67079262283913,-63.581849329473314
14326,BPRES-2024-16891,2024-12-12,600000,New Building,New Building,Issued,HAMMONDS PLAINS,District 14,4,1,Dwelling - Townhouse,44.72220547076547,-63.73893743545443
14327,BPRES-2024-16947,2024-11-18,95000,New Building,New Building,Completed,BEAVER BANK,District 15,0,1,Accessory Structure,44.812990355227,-63.6670477518137
14328,BPRES-2024-16963,2024-12-27,50000,Renovation,Renovation,Issued,DARTMOUTH,District 06,1,1,Dwelling - Multiple Units,44.67598486039315,-63.52611546382805
14329,BPRES-2024-16976,2024-12-03,36000,Renovation,Renovation,Completed,DARTMOUTH,District 03,1,2,Dwelling - Multiple Units,44.66397226538814,-63.54901919708412
14330,BPRES-2024-16979,2024-11-29,250000,New Building,New Building,Issued,HACKETTS COVE,District 13,1,2,Dwelling - Single Detached,44.546324438726984,-63.93642259455006
14331,BPRES-2024-16984,,100000,Renovation,Renovation,Withdrawn,LOWER SACKVILLE,District 15,3,2,Dwelling - Multiple Units,44.77810934151687,-63.676179205201905
14332,BPRES-2024-16986,,150000,Renovation,Renovation,Application Incomplete,LOWER SACKVILLE,District 15,3,2,Dwelling - Multiple Units,44.77480701140367,-63.67724956343746
14333,BPRES-2024-17008,2024-12-18,450000,Renovation,Renovation,Issued,HALIFAX,District 08,0,2,Dwelling - Multiple Units,44.650847883480424,-63.59441498811417
14334,BPRES-2024-17018,2024-11-13,40000,New Building,New Building,Completed,HAMMONDS PLAINS,District 14,0,1,Accessory Structure,44.72152390133617,-63.839767586511606
14335,BPRES-2024-17031,,478200,New Building,New Building,Withdrawn,BEAVER BANK,District 15,1,2,Dwelling - Single Detached,44.83862001528,-63.6645048896651
14336,BPRES-2024-17043,2024-12-09,100000,New Building,New Building,Issued,WEST DOVER,District 13,1,1,Dwelling - Single Detached,44.50355992557221,-63.881634108877215
14337,BPRES-2024-17066,2024-11-29,1087000,New Building,New Building,Issued,HAMMONDS PLAINS,District 14,1,1,Dwelling - Single Detached,44.718206070283294,-63.76973452030872
14338,BPRES-2024-17074,2024-11-29,130000,New Building,New Building,Issued,EASTERN PASSAGE,District 03,0,1,Accessory Structure,44.62536764447703,-63.51265054089285
14339,BPRES-2024-17152,,100000,New Building,New Building,Completed,DARTMOUTH,District 06,0,1,Accessory Structure,44.707947165358746,-63.55176904048601
14340,BPRES-2024-17161,2024-12-02,61000,Addition,Addition,Issued,GAETZ BROOK,District 02,0,1,Dwelling - Single Detached,44.77668293659307,-63.2035068628429
14341,BPRES-2024-17194,2024-11-22,500000,New Building,New Building,Issued,HALIFAX,District 11,4,2,Dwelling - Semi-Detached,44.601612224842455,-63.602813937647525
14342,BPRES-2024-17201,2024-12-13,175000,New Building,New Building,Issued,EAST LAWRENCETOWN,District 02,1,1,Dwelling - Single Detached,44.67429380047429,-63.31681264697123
14343,BPRES-2024-17228,2025-08-20,550000,New Building,New Building,Issued,DUTCH SETTLEMENT,District 01,1,1,Dwelling - Single Detached,44.98727534587771,-63.44194179845239
14344,BPRES-2024-17242,2024-11-26,348701,Renovation,Renovation,Completed,BOUTILIERS POINT,District 13,0,2,Dwelling - Single Detached,44.65419116866933,-63.95781255357836
14345,BPRES-2024-17266,2024-11-20,26000,New Building,New Building,Issued,WAVERLEY,District 01,0,1,Accessory Structure,44.74932806779003,-63.56408172003401
14346,BPRES-2024-17287,2025-05-27,100000,Renovation,Renovation,Issued,BEDFORD,District 16,0,2,Dwelling - Multiple Units,44.70543598375614,-63.712194101938614
14347,BPRES-2024-17318,2025-01-21,90000,Addition,Addition,Completed,HALIFAX,District 11,1,2,Dwelling - Multiple Units,44.612016598661725,-63.60833811262109
14348,BPRES-2024-17323,2024-11-27,307207,New Building,New Building,Completed,WEST PORTERS LAKE,District 02,1,1,Dwelling - Single Detached,44.696817567337554,-63.307853142849524
14349,BPRES-2024-17326,,13000,Renovation,Renovation,Application Incomplete,HALIFAX,District 09,0,1,Dwelling - Single Detached,44.64770370598672,-63.60378557916934
14350,BPRES-2024-17334,2024-12-12,25000,Renovation,Renovation,Completed,HALIFAX,District 12,1,1,Dwelling - Multiple Units,44.66902835677006,-63.66551412570006
14351,BPRES-2024-17357,2024-12-17,1000000,Addition,Addition,Issued,TANTALLON,District 13,0,2,Dwelling - Single Detached,44.66455119243219,-63.90377031058823
14352,BPRES-2024-17390,2024-12-04,450000,New Building,New Building,Completed,PORTERS LAKE,District 02,1,1,Dwelling - Single Detached,44.74780455974495,-63.31999341339021
14353,BPRES-2024-17401,2024-11-26,50000,New Building,New Building,Completed,PORTERS LAKE,District 02,0,1,Accessory Structure,44.74780455974495,-63.31999341339021
14354,BPRES-2024-17424,2024-12-02,30000,Renovation,Renovation,Completed,HALIFAX,District 12,1,3,Dwelling - Multiple Units,44.67076666470113,-63.67300729995369
14355,BPRES-2024-17445,2025-02-07,350000,New Building,New Building,Completed,BEAVER BANK,District 15,1,1,Dwelling - Single Detached,44.83682855161296,-63.66064987837463
14356,BPRES-2024-17463,2025-01-10,142692,Renovation,Renovation,Issued,OAKFIELD,District 01,0,2,Dwelling - Single Detached,44.90254666459614,-63.57867058672861
14357,BPRES-2024-17515,2024-11-27,220100,New Building,New Building,Completed,HAMMONDS PLAINS,District 14,1,1,Dwelling - Backyard Suite,44.731054693430956,-63.80745094206485
14358,BPRES-2024-17560,2024-12-03,200000,New Building,New Building,Completed,DARTMOUTH,District 06,1,2,Dwelling - Backyard Suite,44.684649413161154,-63.53426606269679
14359,BPRES-2024-17570,2025-01-20,300000,Renovation,Renovation,Issued,HALIFAX,District 07,0,2,Dwelling - Multiple Units,44.64033883803291,-63.58506693039628
14360,BPRES-2024-17592,2025-01-09,25000,New Building,New Building,Completed,SHEET HARBOUR,District 02,0,1,Accessory Structure,44.92457244431572,-62.513259191676795
14361,BPRES-2024-17600,,2400,New Building,New Building,Withdrawn,LAKE CHARLOTTE,District 02,0,1,Accessory Structure,44.76905304509688,-62.95873452676373
14362,BPRES-2024-17645,2025-01-20,60000,Renovation,Renovation,Completed,HALIFAX,District 08,1,2,Dwelling - Multiple Units,44.666176844444024,-63.61528186849842
14363,BPRES-2024-17656,2025-07-18,500000,New Building,New Building,Issued,DARTMOUTH,District 06,4,3,Dwelling - Multiple Units,44.6867794785381,-63.538151679677
14364,BPRES-2024-17679,,,Renovation,Renovation,Applicant Revisions,HAMMONDS PLAINS,District 14,1,2,Dwelling - Multiple Units,44.734305951985334,-63.77390835029723
14365,BPRES-2024-17681,2025-01-31,500000,Addition,Addition,Completed,DARTMOUTH,District 06,0,2,Dwelling - Single Detached,44.707161229295004,-63.551412113305986
14366,BPRES-2024-17707,2024-12-13,2299500,New Building,New Building,Completed,BEDFORD,District 16,6,2,Dwelling - Townhouse,44.70552060511419,-63.717741029831835
14367,BPRES-2024-17742,2025-01-07,455000,New Building,New Building,Completed,CHASWOOD,District 01,1,1,Dwelling - Single Detached,45.04538625223966,-63.1979700955022
14368,BPRES-2024-17748,2024-12-02,30000,New Building,New Building,Completed,GRAND DESERT,District 02,0,1,Accessory Structure,44.69025745259632,-63.254057368752534
14369,BPRES-2024-17757,2025-01-08,300000,New Building,New Building,Cancelled,HALIFAX,District 11,2,3,Dwelling - Semi-Detached,44.60606908509958,-63.61250465618345
14370,BPRES-2024-17760,2024-12-09,75000,New Building,New Building,Issued,EAST LAWRENCETOWN,District 02,0,1,Accessory Structure,44.66472170548266,-63.347145852328474
14371,BPRES-2024-17769,2024-12-03,350000,New Building,New Building,Issued,WHITES LAKE,District 13,1,2,Dwelling - Single Detached,44.51706030377752,-63.76801462379219
14372,BPRES-2024-17776,2024-12-24,1154300,New Building,New Building,Completed,LUCASVILLE,District 14,1,1,Dwelling - Single Detached,44.76676324276203,-63.74457460711837
14373,BPRES-2024-17794,2025-01-17,150000,New Building,New Building,Completed,HALIFAX,District 11,1,1,Dwelling - Backyard Suite,44.60156993502233,-63.62732839894943
14374,BPRES-2024-17802,2024-12-13,2299500,New Building,New Building,Completed,BEDFORD,District 16,6,2,Dwelling - Townhouse,44.705784195866734,-63.717531483983656
14375,BPRES-2024-17823,2025-01-21,100000,New Building,New Building,Completed,EAST LAWRENCETOWN,District 02,1,1,Dwelling - Backyard Suite,44.65367940055642,-63.33993597792021
14376,BPRES-2024-17834,,30000,Renovation,Renovation,Withdrawn,HALIFAX,District 07,0,2,Dwelling - Semi-Detached,44.63534065942792,-63.57804989516227
14377,BPRES-2024-17863,,40000,New Building,New Building,Withdrawn,HALIFAX,District 09,0,1,Accessory Structure,44.64440427504855,-63.59763909089613
14378,BPRES-2024-17871,,31000,New Building,New Building,Applicant Revisions,HARRIETSFIELD,District 11,0,1,Accessory Structure,44.54965484828171,-63.64345474821193
14379,BPRES-2024-17902,2024-12-05,300000,New Building,New Building,Completed,DARTMOUTH,District 06,2,2,Dwelling - Semi-Detached,44.71433632733601,-63.5391148621519
14380,BPRES-2024-17910,2025-01-03,250000,New Building,New Building,Completed,MEAGHERS GRANT,District 01,1,1,Dwelling - Single Detached,44.91214297121752,-63.205728902810044
14381,BPRES-2024-17931,2024-12-03,375000,New Building,New Building,Completed,BEAVER BANK,District 15,1,2,Dwelling - Single Detached,44.82673495175915,-63.67269050616716
14382,BPRES-2024-17939,2024-12-16,680000,New Building,New Building,Completed,HALIFAX,District 11,4,2,Dwelling - Multiple Units,44.602691274404584,-63.60345618618825
14383,BPRES-2024-17939,2024-12-16,680000,New Building,New Building,Completed,HALIFAX,District 11,4,2,Dwelling - Multiple Units,44.602691274404584,-63.60345618618825
14384,BPRES-2024-17940,2024-12-16,100000,Renovation,Renovation,Issued,DARTMOUTH,District 06,3,2,Dwelling - Multiple Units,44.6826048680298,-63.53445770360207
14385,BPRES-2024-17945,2025-03-25,680000,New Building,New Building,Completed,HALIFAX,District 11,4,2,Dwelling - Multiple Units,44.60294192047462,-63.603445708600745
14386,BPRES-2024-17945,2025-03-25,680000,New Building,New Building,Completed,HALIFAX,District 11,4,2,Dwelling - Multiple Units,44.60294192047462,-63.603445708600745
14387,BPRES-2024-17951,2025-03-05,680000,New Building,New Building,Completed,HALIFAX,District 11,4,2,Dwelling - Multiple Units,44.60310085936495,-63.60337795021314
14388,BPRES-2024-17970,2024-12-11,300000,New Building,New Building,Completed,,District 06,2,2,Dwelling - Semi-Detached,,
14389,BPRES-2024-17982,2024-12-17,80000,New Building,New Building,Completed,HALIFAX,District 11,1,1,Dwelling - Backyard Suite,44.63112612266018,-63.61743039668541
14390,BPRES-2024-17989,2024-12-11,450000,New Building,New Building,Completed,MIDDLE SACKVILLE,District 14,1,1,Dwelling - Single Detached,44.79480777891378,-63.75545660681816
14391,BPRES-2024-18020,2025-05-08,7000,New Building,New Building,Issued,MIDDLE SACKVILLE,District 14,0,1,Accessory Structure,44.78430087908639,-63.71550746929522
14392,BPRES-2024-18031,2025-12-31,50000,Renovation,Renovation,Issued,DARTMOUTH,District 06,1,2,Dwelling - Multiple Units,44.67633116198396,-63.516219500338366
14393,BPRES-2024-18036,2025-01-20,100000,New Building,New Building,Completed,EAST CHEZZETCOOK,District 02,1,1,Dwelling - Backyard Suite,44.72665747659841,-63.23851705366242
14394,BPRES-2024-18056,2024-12-20,1250000,New Building,New Building,Issued,DARTMOUTH,District 06,5,3,Dwelling - Townhouse,44.71485393034996,-63.53955904242116
14395,BPRES-2024-18074,2024-12-19,183000,Renovation,Renovation,Completed,HALIFAX,District 08,1,1,Dwelling - Backyard Suite,44.670001536694336,-63.6041069580188
14396,BPRES-2024-18092,2024-12-05,60000,Renovation,Renovation,Issued,LOWER SACKVILLE,District 15,0,2,Dwelling - Single Detached,44.76436998747045,-63.666799939246815
14397,BPRES-2024-18112,2024-12-17,250000,New Building,New Building,Completed,PORTERS LAKE,District 02,1,1,Dwelling - Single Detached,44.75283612816066,-63.29122026893883
14398,BPRES-2024-18138,2025-08-18,10000,New Building,New Building,Issued,LAKEVIEW,District 01,0,1,Accessory Structure,44.77240444329463,-63.629102587931506
14399,BPRES-2024-18156,2024-12-13,157000,Renovation,Renovation,Issued,BEDFORD,District 16,0,3,Dwelling - Single Detached,44.723394903155246,-63.646134419771684
14400,BPRES-2024-18190,2025-07-15,1000000,Addition,Addition,Amendment Applicant Revisions,PORTERS LAKE,District 02,8,1,Dwelling - Townhouse,44.75388353578314,-63.297418396494805
14401,BPRES-2024-18190,2025-07-15,1000000,Addition,Addition,Amendment Applicant Revisions,PORTERS LAKE,District 02,8,1,Dwelling - Townhouse,44.75388353578314,-63.297418396494805
14402,BPRES-2024-18229,2025-04-28,15000,Renovation,Renovation,Cancelled,HALIFAX,District 11,1,2,Dwelling - Semi-Detached,44.59305518768623,-63.63744282670744
14403,BPRES-2024-18236,,79832,Renovation,Renovation,Withdrawn,BEDFORD,District 16,0,2,Dwelling - Single Detached,44.700904852219665,-63.71242642732721
14404,BPRES-2024-18256,2025-02-26,5000,Renovation,Renovation,Completed,HALIFAX,District 09,1,1,Dwelling - Backyard Suite,44.65474526890783,-63.605515770370175
14405,BPRES-2024-18274,,10000,Addition,Addition,Withdrawn,HALIFAX,District 09,0,2,Dwelling - Single Detached,44.64312589375208,-63.59994829413776
14406,BPRES-2024-18286,2025-01-27,107000,New Building,New Building,Completed,HALIFAX,District 11,0,2,Accessory Structure,44.60746679047856,-63.56296417976571
14407,BPRES-2024-18300,2024-12-12,400000,New Building,New Building,Completed,WYSES CORNER,District 01,2,1,Dwelling - Multiple Units,44.96237418935824,-63.297356371321
14408,BPRES-2024-18302,,5000,Addition,Addition,Applicant Revisions,HALIFAX,District 09,0,2,Dwelling - Single Detached,44.64758624818518,-63.602624953491066
14409,BPRES-2024-18313,,70000,New Building,New Building,Cancelled,,District 02,1,1,Dwelling - Single Detached,44.79723011525248,-63.39320962588997
14410,BPRES-2024-18332,2024-12-19,230000,New Building,New Building,Completed,WEST PETPESWICK,District 02,1,1,Dwelling - Single Detached,44.7429255323017,-63.16954246492007
14411,BPRES-2024-18337,,25000,Renovation,Renovation,Withdrawn,MIDDLE SACKVILLE,District 14,0,1,Dwelling - Semi-Detached,44.792574140805506,-63.712561836469845
14412,BPRES-2024-18359,2024-12-11,600000,New Building,New Building,Completed,BLACK POINT,District 13,1,2,Dwelling - Single Detached,44.660079518429576,-63.98076741099828
14413,BPRES-2024-18372,2024-12-18,40000,New Building,New Building,Completed,FALL RIVER,District 01,0,1,Accessory Structure,44.83247348114623,-63.629725505579565
14414,BPRES-2024-18376,2025-02-06,1000000,New Building,New Building,Issued,HATCHET LAKE,District 13,2,1,Dwelling - Multiple Units,44.54859543852326,-63.73101245605593
14415,BPRES-2024-18414,2025-03-26,15000,Addition,Addition,Issued,MINEVILLE,District 02,0,1,Dwelling - Single Detached,44.69770988806789,-63.38587104260848
14416,BPRES-2024-18421,,49424,Renovation,Renovation,Withdrawn,HAMMONDS PLAINS,District 14,0,2,Dwelling - Single Detached,44.77554858184103,-63.78222457727785
14417,BPRES-2024-18426,,22000,New Building,New Building,Cancelled,,District 02,1,1,Dwelling - Single Detached,44.79723011525248,-63.39320962588997
14418,BPRES-2024-18447,2024-12-18,11000,Renovation,Renovation,Issued,DARTMOUTH,District 05,0,2,Dwelling - Townhouse,44.67055249136195,-63.5611553923388
14419,BPRES-2024-18487,2024-12-17,40000,New Building,New Building,Issued,SEABRIGHT,District 13,0,1,Accessory Structure,44.612020680908664,-63.93161986949102
14420,BPRES-2024-18519,2025-01-29,127000,New Building,New Building,Completed,COW BAY,District 03,1,1,Dwelling - Backyard Suite,44.619300520258314,-63.43695747234094
14421,BPRES-2024-18556,,22000,New Building,New Building,Cancelled,,District 02,1,1,Dwelling - Single Detached,44.79723011525248,-63.39320962588997
14422,BPRES-2024-18585,2025-07-03,282000,New Building,New Building,Completed,LAWRENCETOWN,District 02,1,1,Dwelling - Single Detached,44.68714163503426,-63.40161292940996
14423,BPRES-2024-18609,2024-12-17,800000,New Building,New Building,Completed,TIMBERLEA,District 12,1,3,Dwelling - Single Detached,44.6447959771754,-63.72483554404656
14424,BPRES-2024-18617,2025-04-28,20000,Renovation,Renovation,Issued,SEAFORTH,District 02,1,1,Dwelling - Backyard Suite,44.65756448977971,-63.27699042244877
14425,BPRES-2024-18641,2024-12-24,2100,Renovation,Renovation,Completed,HALIFAX,District 07,0,2,Dwelling - Single Detached,44.629334708618245,-63.57646229947328
14426,BPRES-2024-18648,2024-12-24,325000,New Building,New Building,Completed,HAMMONDS PLAINS,District 14,1,1,Dwelling - Backyard Suite,44.73079203679943,-63.735417125641185
14427,BPRES-2024-18661,2025-03-10,670000,Addition,Addition,Issued,HALIFAX,District 09,10,3,Dwelling - Multiple Units,44.645432065308285,-63.593775652823275
14428,BPRES-2024-18675,2024-12-27,300000,New Building,New Building,Completed,TIMBERLEA,District 12,1,2,Dwelling - Single Detached,44.646153320532946,-63.7259973446016
14429,BPRES-2024-18689,2024-12-31,300000,New Building,New Building,Completed,TIMBERLEA,District 12,1,2,Dwelling - Single Detached,44.64630683360772,-63.726160739001195
14430,BPRES-2024-18709,2025-01-02,500000,New Building,New Building,Completed,MIDDLE SACKVILLE,District 14,1,1,Dwelling - Single Detached,44.79701566251306,-63.76956873546289
14431,BPRES-2024-18712,2025-08-25,280000,Addition,Addition,Issued,HALIFAX,District 10,2,2,Dwelling - Multiple Units,44.676574500919344,-63.65057892506572
14432,BPRES-2024-18752,2025-01-20,450000,New Building,New Building,Completed,ELMSVALE,District 01,1,1,Dwelling - Single Detached,45.07606420659202,-63.10020378764922
14433,BPRES-2024-18780,2024-12-20,185000,Addition,Addition,Issued,LUCASVILLE,District 14,0,2,Dwelling - Single Detached,44.74491692349328,-63.74405616519571
14434,BPRES-2024-18799,2025-03-20,80000,Addition,Addition,Completed,HEAD OF ST MARGARETS BAY,District 13,0,2,Dwelling - Single Detached,44.68208754339566,-63.91857348772723
14435,BPRES-2024-18840,2025-01-27,19000,New Building,New Building,Issued,EASTERN PASSAGE,District 03,0,1,Accessory Structure,44.61231111471437,-63.450259010274415
14436,BPRES-2024-18868,2025-05-29,760000,New Building,New Building,Issued,DARTMOUTH,District 05,1,2,Dwelling - Single Detached,44.66984861235899,-63.5562199214027
14437,BPRES-2024-18880,2024-12-23,10000,Renovation,Renovation,Completed,HALIFAX,District 11,0,2,Dwelling - Single Detached,44.613268487358106,-63.62240030845609
14438,BPRES-2024-18895,2025-01-31,150000,Renovation,Renovation,Completed,HALIFAX,District 11,1,1,Dwelling - Backyard Suite,44.61454544291721,-63.61387624061355
14439,BPRES-2024-18927,2025-01-02,750000,New Building,New Building,Completed,TIMBERLEA,District 12,1,3,Dwelling - Single Detached,44.64413569716079,-63.72377532840831
14440,BPRES-2024-18935,2025-01-15,300000,New Building,New Building,Completed,PLEASANT HARBOUR,District 02,1,1,Dwelling - Single Detached,44.79038842536927,-62.711090674793724
14441,BPRES-2024-18947,,1010000,New Building,New Building,Withdrawn,DARTMOUTH,District 06,4,3,Dwelling - Multiple Units,44.68471281555782,-63.53411265320739
14442,BPRES-2024-19010,,5000,Renovation,Renovation,Withdrawn,HALIFAX,District 10,1,1,Dwelling - Multiple Units,44.65132734653234,-63.64102359636102
14443,BPRES-2024-19042,,20000,Renovation,Renovation,Application Incomplete,LOWER SACKVILLE,District 15,0,3,Dwelling - Multiple Units,44.754833606678694,-63.66292451807543
14444,BPRES-2025-00005,,46000,New Building,New Building,Application Incomplete,SHEET HARBOUR,District 02,0,1,Accessory Structure,44.927778496822135,-62.534112237811016
14445,BPRES-2025-00022,2025-01-06,650000,New Building,New Building,Completed,GLEN HAVEN,District 13,1,3,Dwelling - Single Detached,44.634732485713414,-63.93336200188925
14446,BPRES-2025-00031,2025-01-06,20000,New Building,New Building,Completed,MEAGHERS GRANT,District 01,0,1,Accessory Structure,44.91214297121752,-63.205728902810044
14447,BPRES-2025-00057,2025-01-06,70000,Renovation,Renovation,Completed,EAST LAWRENCETOWN,District 02,0,2,Dwelling - Single Detached,44.6475898203468,-63.32531003202938
14448,BPRES-2025-00061,2025-01-09,40000,Renovation,Renovation,Completed,DARTMOUTH,District 05,0,2,Dwelling - Single Detached,44.68366933149653,-63.56744874750302
14449,BPRES-2025-00065,,50000,Renovation,Renovation,Cancelled,DARTMOUTH,District 05,2,3,Dwelling - Multiple Units,44.682253378429685,-63.5929565380814
14450,BPRES-2025-00071,2025-01-06,550000,New Building,New Building,Completed,MIDDLE SACKVILLE,District 14,1,2,Dwelling - Single Detached,44.80199344592469,-63.765411161461785
14451,BPRES-2025-00087,2025-01-20,275000,New Building,New Building,Issued,WEST PORTERS LAKE,District 02,1,1,Dwelling - Single Detached,44.697225836606336,-63.313162009000756
14452,BPRES-2025-00089,2025-01-07,600000,New Building,New Building,Completed,MIDDLE SACKVILLE,District 14,2,3,Dwelling - Multiple Units,44.80206157212296,-63.76184955087188
14453,BPRES-2025-00102,2025-07-02,150000,New Building,New Building,Issued,MIDDLE SACKVILLE,District 14,0,1,Accessory Structure,44.78279074404805,-63.750631101697884
14454,BPRES-2025-00114,2025-01-29,105000,Renovation,Renovation,Completed,COW BAY,District 03,1,2,Dwelling - Multiple Units,44.62733168713303,-63.42180347648895
14455,BPRES-2025-00121,2025-02-18,8500,New Building,New Building,Completed,PLEASANT HARBOUR,District 02,0,1,Accessory Structure,44.789652352904454,-62.72678853122811
14456,BPRES-2025-00126,2025-04-25,625000,New Building,New Building,Issued,HALIFAX,District 11,4,3,Dwelling - Multiple Units,44.58741218285935,-63.59011646983819
14457,BPRES-2025-00126,2025-04-25,625000,New Building,New Building,Issued,HALIFAX,District 11,4,3,Dwelling - Multiple Units,44.58741218285935,-63.59011646983819
14458,BPRES-2025-00152,,12000,Renovation,Renovation,Applicant Revisions,DARTMOUTH,District 05,0,2,Dwelling - Single Detached,44.66706839996369,-63.57792665843388
14459,BPRES-2025-00187,2025-01-20,32000,New Building,New Building,Issued,COLE HARBOUR,District 04,0,1,Accessory Structure,44.66230914556446,-63.478666969418725
14460,BPRES-2025-00205,2025-02-12,50000,Renovation,Renovation,Issued,HALIFAX,District 08,1,2,Dwelling - Multiple Units,44.66513151695715,-63.61128391929285
14461,BPRES-2025-00247,2025-04-25,100000,Addition,Addition,Issued,HALIFAX,District 11,1,1,Dwelling - Multiple Units,44.60700816811608,-63.61480959555457
14462,BPRES-2025-00255,2025-02-13,45500,Renovation,Renovation,Completed,HERRING COVE,District 11,1,1,Dwelling - Multiple Units,44.57478915964886,-63.558482862226114
14463,BPRES-2025-00266,2025-01-09,750000,New Building,New Building,Completed,BROOKSIDE,District 13,1,3,Dwelling - Single Detached,44.52762527896696,-63.710089632132366
14464,BPRES-2025-00269,,650000,New Building,New Building,Withdrawn,FRENCH VILLAGE,District 13,1,2,Dwelling - Single Detached,44.629647007043,-63.918726301004696
14465,BPRES-2025-00284,2025-01-10,26000,Renovation,Renovation,Issued,HALIFAX,District 10,0,2,Dwelling - Single Detached,44.67791059914758,-63.66280103191433
14466,BPRES-2025-00290,2025-09-03,680000,New Building,New Building,Issued,,District 02,6,1,Dwelling - Townhouse,44.75066882081569,-63.29687412921254
14467,BPRES-2025-00306,,100000,New Building,New Building,Withdrawn,BEDFORD,District 14,1,1,Dwelling - Backyard Suite,44.72660479903416,-63.69349269325978
14468,BPRES-2025-00316,2025-03-07,100000,New Building,New Building,Issued,BEDFORD,District 16,1,3,Dwelling - Backyard Suite,44.71879359194513,-63.67473770719349
14469,BPRES-2025-00345,,15200,New Building,New Building,Applicant Revisions,HEAD OF CHEZZETCOOK,District 02,0,1,Accessory Structure,44.74158930907298,-63.265513525788855
14470,BPRES-2025-00359,2025-07-18,148500,New Building,New Building,Completed,FALL RIVER,District 01,1,2,Dwelling - Backyard Suite,44.79435543838202,-63.61614021091687
14471,BPRES-2025-00383,2025-12-18,225000,New Building,New Building,Completed,TANTALLON,District 13,1,2,Dwelling - Backyard Suite,44.656702063097654,-63.92099712537042
14472,BPRES-2025-00385,2025-02-27,35000,New Building,New Building,Issued,CLAM BAY,District 02,0,1,Accessory Structure,44.732643159871245,-62.949651388216544
14473,BPRES-2025-00387,2025-04-30,550000,New Building,New Building,Issued,PORTERS LAKE,District 02,5,1,Dwelling - Townhouse,44.75002499281982,-63.297141511564
14474,BPRES-2025-00406,,7000,New Building,New Building,Application Incomplete,HAMMONDS PLAINS,District 14,0,1,Accessory Structure,44.729046233831205,-63.736992538584765
14475,BPRES-2025-00419,2025-02-10,1100000,New Building,New Building,Completed,DARTMOUTH,District 06,4,3,Dwelling - Multiple Units,44.68478864839719,-63.53432531967443
14476,BPRES-2025-00436,2025-04-10,35000,Addition,Addition,Completed,HALIFAX,District 08,0,1,Dwelling - Single Detached,44.66546340154466,-63.612645814142304
14477,BPRES-2025-00444,2025-02-03,600000,New Building,New Building,Completed,SEABRIGHT,District 13,1,2,Dwelling - Single Detached,44.61209642086456,-63.93193028571227
14478,BPRES-2025-00450,,700000,Addition,Addition,Withdrawn,HALIFAX,District 11,3,2,Dwelling - Multiple Units,44.62071368101097,-63.62001749303851
14479,BPRES-2025-00491,2025-02-28,1200000,New Building,New Building,Issued,DARTMOUTH,District 06,2,3,Dwelling - Multiple Units,44.704994982854764,-63.55059266898813
14480,BPRES-2025-00494,2025-01-15,69000,New Building,New Building,Completed,HAMMONDS PLAINS,District 14,0,1,Accessory Structure,44.73899936074326,-63.75179026684773
14481,BPRES-2025-00513,2025-01-29,325000,New Building,New Building,Completed,FALL RIVER,District 01,1,2,Dwelling - Single Detached,44.81757748494915,-63.614975197779565
14482,BPRES-2025-00543,2025-02-27,62000,Renovation,Renovation,Issued,TIMBERLEA,District 12,1,2,Dwelling - Multiple Units,44.66458436163152,-63.75226057185168
14483,BPRES-2025-00554,2025-02-18,70000,New Building,New Building,Issued,ELMSVALE,District 01,0,2,Accessory Structure,45.07606420659202,-63.10020378764922
14484,BPRES-2025-00571,2025-01-23,725000,New Building,New Building,Completed,BEDFORD,District 16,1,2,Dwelling - Single Detached,44.707538340916535,-63.72625335200343
14485,BPRES-2025-00576,2025-01-22,335000,New Building,New Building,Completed,GAETZ BROOK,District 02,1,1,Dwelling - Single Detached,44.765110924745784,-63.21348630210029
14486,BPRES-2025-00582,2025-01-24,20000,New Building,New Building,Issued,GAETZ BROOK,District 02,0,1,Accessory Structure,44.765110924745784,-63.21348630210029
14487,BPRES-2025-00609,2025-06-18,900000,New Building,New Building,Issued,DARTMOUTH,District 05,6,3,Dwelling - Multiple Units,44.68115856702727,-63.59104368969102
14488,BPRES-2025-00620,2025-01-27,25000,New Building,New Building,Issued,OYSTER POND,District 02,0,1,Accessory Structure,44.768019364373124,-63.004403749996335
14489,BPRES-2025-00623,2025-01-30,80000,Renovation,Renovation,Completed,HALIFAX,District 10,1,2,Dwelling - Multiple Units,44.65407449653861,-63.633100217642486
14490,BPRES-2025-00645,2025-02-06,200000,New Building,New Building,Cancelled,EASTERN PASSAGE,District 03,1,2,Dwelling - Backyard Suite,44.629626838635886,-63.50870223556847
14491,BPRES-2025-00667,2025-01-27,20000,New Building,New Building,Issued,EAST PETPESWICK,District 02,0,1,Accessory Structure,44.69936694663692,-63.14667968667566
14492,BPRES-2025-00685,2025-10-30,12000000,New Building,New Building,Issued,LAWRENCETOWN,District 02,150,2,Dwelling - Townhouse,44.70580502035787,-63.411542690577086
14493,BPRES-2025-00694,2025-08-21,1250000,Renovation,Renovation,Issued,HALIFAX,District 08,0,2,Dwelling - Multiple Units,44.65696820428811,-63.59448747857303
14494,BPRES-2025-00728,2025-02-05,350000,New Building,New Building,Issued,TIMBERLEA,District 12,1,2,Dwelling - Single Detached,44.64728099771754,-63.72660057565762
14495,BPRES-2025-00750,2025-01-27,164000,Addition,Addition,Issued,DARTMOUTH,District 05,0,1,Dwelling - Single Detached,44.67641405052227,-63.5537338510236
14496,BPRES-2025-00767,,2000,Renovation,Renovation,Withdrawn,BEDFORD,District 16,0,3,Dwelling - Semi-Detached,44.706257894632856,-63.68609813848233
14497,BPRES-2025-00802,2025-03-21,382000,New Building,New Building,Cancelled,EAST CHEZZETCOOK,District 02,1,1,Dwelling - Backyard Suite,44.725512980170016,-63.22794894593348
14498,BPRES-2025-00815,2025-01-24,600000,New Building,New Building,Completed,KETCH HARBOUR,District 11,1,1,Dwelling - Single Detached,44.482618938843736,-63.5700058123485
14499,BPRES-2025-00833,2025-03-04,35000,Addition,Addition,Issued,SEAFORTH,District 02,0,2,Dwelling - Single Detached,44.65756448977971,-63.27699042244877
14500,BPRES-2025-00840,2025-02-19,120000,Renovation,Renovation,Completed,COLE HARBOUR,District 04,1,2,Dwelling - Multiple Units,44.66012526125862,-63.48881837825712
14501,BPRES-2025-00849,2025-04-28,50000,New Building,New Building,Issued,UPPER TANTALLON,District 13,0,2,Accessory Structure,44.706789503938175,-63.867511447814785
14502,BPRES-2025-00880,2025-01-22,425000,New Building,New Building,Completed,UPPER TANTALLON,District 13,1,1,Dwelling - Single Detached,44.72242074434633,-63.889622026230185
14503,BPRES-2025-00887,2025-01-28,700000,New Building,New Building,Completed,BOUTILIERS POINT,District 13,1,2,Dwelling - Single Detached,44.66239896701986,-63.94032937924375
14504,BPRES-2025-00944,2025-01-27,400000,New Building,New Building,Completed,HALIFAX,District 11,4,3,Dwelling - Multiple Units,44.602048916260756,-63.60389250915708
14505,BPRES-2025-00944,2025-01-27,400000,New Building,New Building,Completed,HALIFAX,District 11,4,3,Dwelling - Multiple Units,44.602048916260756,-63.60389250915708
14506,BPRES-2025-00953,2025-01-31,400000,New Building,New Building,Completed,HALIFAX,District 11,4,3,Dwelling - Multiple Units,44.60192261578163,-63.6040358524255
14507,BPRES-2025-00953,2025-01-31,400000,New Building,New Building,Completed,HALIFAX,District 11,4,3,Dwelling - Multiple Units,44.60192261578163,-63.6040358524255
14508,BPRES-2025-00965,2025-01-27,275000,New Building,New Building,Issued,ENFIELD,District 01,1,2,Dwelling - Single Detached,44.936248133963225,-63.54852547933159
14509,BPRES-2025-00968,2025-06-18,320000,Addition,Addition,Issued,LAWRENCETOWN,District 02,1,3,Dwelling - Multiple Units,44.651877444430944,-63.37489232092045
14510,BPRES-2025-00992,2025-01-31,705000,New Building,New Building,Completed,EAST DOVER,District 13,1,1,Dwelling - Single Detached,44.5104048613653,-63.86363310506757
14511,BPRES-2025-01003,2025-02-11,30000,New Building,New Building,Issued,MIDDLE SACKVILLE,District 14,0,1,Accessory Structure,44.81847812915333,-63.708376733660145
14512,BPRES-2025-01027,2025-01-27,600000,New Building,New Building,Completed,WHITES LAKE,District 13,1,1,Dwelling - Single Detached,44.51970233931138,-63.752736929378074
14513,BPRES-2025-01083,2025-01-28,35000,New Building,New Building,Completed,HUBLEY,District 13,0,1,Accessory Structure,44.667465656761216,-63.81352318319766
14514,BPRES-2025-01100,2025-02-04,18000,Renovation,Renovation,Issued,HALIFAX,District 11,0,2,Dwelling - Single Detached,44.6250677105137,-63.5932380417727
14515,BPRES-2025-01127,2025-03-21,400000,New Building,New Building,Completed,HAMMONDS PLAINS,District 14,1,2,Dwelling - Single Detached,44.72568301585074,-63.83083481254619
14516,BPRES-2025-01133,2025-04-08,48400,Addition,Addition,Issued,HALIFAX,District 08,0,2,Dwelling - Single Detached,44.66592028474991,-63.610406781297165
14517,BPRES-2025-01190,2025-04-29,550000,New Building,New Building,Issued,PORTERS LAKE,District 02,1,1,Dwelling - Single Detached,44.74361663047235,-63.3440434116278
14518,BPRES-2025-01210,2025-06-16,530000,New Building,New Building,Issued,DARTMOUTH,District 06,1,2,Dwelling - Single Detached,44.71801764091798,-63.54645217133759
14519,BPRES-2025-01242,2025-02-03,600000,New Building,New Building,Completed,WHITES LAKE,District 13,1,2,Dwelling - Single Detached,44.51887010770585,-63.75204900656113
14520,BPRES-2025-01253,2025-02-05,28756.05,Renovation,Renovation,Issued,LOWER SACKVILLE,District 15,0,2,Dwelling - Single Detached,44.788006376712325,-63.692200454454166
14521,BPRES-2025-01272,2025-02-03,400000,New Building,New Building,Issued,HALIFAX,District 11,4,3,Dwelling - Multiple Units,44.60170760798896,-63.60428874846862
14522,BPRES-2025-01272,2025-02-03,400000,New Building,New Building,Issued,HALIFAX,District 11,4,3,Dwelling - Multiple Units,44.60170760798896,-63.60428874846862
14523,BPRES-2025-01280,2025-02-04,400000,New Building,New Building,Issued,HALIFAX,District 11,2,3,Dwelling - Semi-Detached,44.60183438798532,-63.604139720131606
14524,BPRES-2025-01287,2025-02-04,13000,New Building,New Building,Completed,OAKFIELD,District 01,0,1,Accessory Structure,44.92545214444879,-63.55822751088007
14525,BPRES-2025-01303,2025-02-06,400000,New Building,New Building,Completed,DARTMOUTH,District 06,1,2,Dwelling - Single Detached,44.71340897714674,-63.54460324060265
14526,BPRES-2025-01306,2025-03-06,630000,New Building,New Building,Completed,DARTMOUTH,District 06,2,3,Dwelling - Semi-Detached,44.713890857288085,-63.538813382057356
14527,BPRES-2025-01313,2025-03-06,630000,New Building,New Building,Completed,DARTMOUTH,District 06,2,3,Dwelling - Semi-Detached,44.71364134392547,-63.539114384555525
14528,BPRES-2025-01327,2025-02-21,740000,New Building,New Building,Completed,HALIFAX,District 11,4,3,Dwelling - Multiple Units,44.60994791705253,-63.62077381494537
14529,BPRES-2025-01350,2025-03-14,69000,Addition,Addition,Issued,HALIFAX,District 08,0,3,Dwelling - Townhouse,44.662746244929366,-63.600558982126984
14530,BPRES-2025-01362,2025-05-07,320000,New Building,New Building,Completed,BEAVER BANK,District 15,1,1,Dwelling - Single Detached,44.83665657925857,-63.66174064576642
14531,BPRES-2025-01373,2025-02-25,34995,New Building,New Building,Issued,WYSES CORNER,District 01,0,1,Accessory Structure,44.962425983593704,-63.266343432887446
14532,BPRES-2025-01401,,40000,New Building,New Building,Application Incomplete,PORTERS LAKE,District 02,1,1,Dwelling - Single Detached,44.74979190271157,-63.29759172230455
14533,BPRES-2025-01411,,5000,Addition,Addition,Applicant Revisions,KETCH HARBOUR,District 11,0,2,Dwelling - Single Detached,44.49121772430777,-63.55221985372026
14534,BPRES-2025-01419,2025-04-16,150000,Renovation,Renovation,Issued,HALIFAX,District 11,0,2,Dwelling - Multiple Units,44.61659918122558,-63.61992836114269
14535,BPRES-2025-01435,2025-02-10,30000,New Building,New Building,Issued,MYERS POINT,District 02,0,1,Accessory Structure,44.76747457291656,-63.03853952872282
14536,BPRES-2025-01451,2025-03-12,55000,Renovation,Renovation,Completed,HALIFAX,District 08,1,3,Dwelling - Multiple Units,44.66716990548266,-63.60615678560968
14537,BPRES-2025-01488,2025-03-14,150527.78,Renovation,Renovation,Issued,DARTMOUTH,District 06,0,1,Dwelling - Single Detached,44.68501134932527,-63.50642683843146
14538,BPRES-2025-01494,2025-02-13,400000,New Building,New Building,Amendment Review,HALIFAX,District 11,4,3,Dwelling - Multiple Units,44.60153425933768,-63.60448303732041
14539,BPRES-2025-01498,2025-02-26,400000,New Building,New Building,Amendment Review,HALIFAX,District 11,4,3,Dwelling - Multiple Units,44.60140438438561,-63.6046315611809
14540,BPRES-2025-01498,2025-02-26,400000,New Building,New Building,Amendment Review,HALIFAX,District 11,4,3,Dwelling - Multiple Units,44.60140438438561,-63.6046315611809
14541,BPRES-2025-01507,2025-04-10,560000,New Building,New Building,Amendment Review,MIDDLE SACKVILLE,District 14,1,1,Dwelling - Single Detached,44.81589585267045,-63.74952926047153
14542,BPRES-2025-01516,2025-02-12,350000,New Building,New Building,Completed,DUTCH SETTLEMENT,District 01,1,2,Dwelling - Single Detached,44.98725545326277,-63.42741541424251
14543,BPRES-2025-01542,2025-02-18,425000,New Building,New Building,Completed,BEAVER BANK,District 15,1,3,Dwelling - Single Detached,44.83743615511975,-63.663003740896336
14544,BPRES-2025-01546,2025-02-06,400000,New Building,New Building,Completed,FLETCHERS LAKE,District 01,1,2,Dwelling - Single Detached,44.84957898134815,-63.599206027542195
14545,BPRES-2025-01552,2025-02-13,106110,Renovation,Renovation,Issued,HAMMONDS PLAINS,District 14,0,2,Dwelling - Single Detached,44.77850493905998,-63.76274055603434
14546,BPRES-2025-01562,2025-02-07,450000,New Building,New Building,Cancelled,HARRIETSFIELD,District 11,1,3,Dwelling - Single Detached,44.5479667263627,-63.64400923329324
14547,BPRES-2025-01567,2025-02-07,425000,New Building,New Building,Completed,MIDDLE SACKVILLE,District 14,1,2,Dwelling - Single Detached,44.79913229705655,-63.76710590654682
14548,BPRES-2025-01573,2025-02-14,15000,Renovation,Renovation,Issued,HALIFAX,District 09,0,4,Dwelling - Multiple Units,44.6420366825601,-63.61900094495698
14549,BPRES-2025-01608,2025-02-11,460000,New Building,New Building,Cancelled,HARRIETSFIELD,District 11,1,2,Dwelling - Single Detached,44.54688579964799,-63.64253504950636
14550,BPRES-2025-01613,2025-07-17,350000,Addition,Addition,Issued,HALIFAX,District 08,0,3,Dwelling - Single Detached,44.650804198939355,-63.58386680560135
14551,BPRES-2025-01626,2025-02-24,400000,Renovation,Renovation,Issued,HALIFAX,District 10,1,2,Dwelling - Single Detached,44.6674508766047,-63.63882440710471
14552,BPRES-2025-01633,2025-02-14,40000,Addition,Addition,Issued,WEST CHEZZETCOOK,District 02,0,1,Dwelling - Single Detached,44.734652067671966,-63.2746297345214
14553,BPRES-2025-01651,2025-02-11,410000,New Building,New Building,Completed,MIDDLE SACKVILLE,District 14,1,2,Dwelling - Single Detached,44.79971423093092,-63.768185698334264
14554,BPRES-2025-01664,2025-04-07,100000,Addition,Addition,Issued,DARTMOUTH,District 05,0,2,Dwelling - Single Detached,44.67351119540248,-63.5591300704415
14555,BPRES-2025-01711,2025-02-13,525000,New Building,New Building,Completed,FALL RIVER,District 01,2,2,Dwelling - Multiple Units,44.83826052613447,-63.64237713423767
14556,BPRES-2025-01713,2025-02-11,450000,New Building,New Building,Completed,FALL RIVER,District 01,1,3,Dwelling - Single Detached,44.83684133700413,-63.64144385248108
14557,BPRES-2025-01717,2025-02-12,400000,New Building,New Building,Completed,BEAVER BANK,District 15,1,2,Dwelling - Single Detached,44.83634041695991,-63.66054235405237
14558,BPRES-2025-01729,,47000,Renovation,Renovation,Applicant Revisions,HALIFAX,District 07,0,2,Dwelling - Multiple Units,44.64011074309034,-63.590293306135
14559,BPRES-2025-01745,2025-03-10,250000,New Building,New Building,Completed,EAST PETPESWICK,District 02,1,2,Dwelling - Backyard Suite,44.68045570718164,-63.15849114528695
14560,BPRES-2025-01746,2025-03-04,200000,New Building,New Building,Completed,MEAGHERS GRANT,District 01,1,2,Dwelling - Backyard Suite,44.93022352241665,-63.2405174572278
14561,BPRES-2025-01753,2025-02-28,395000,New Building,New Building,Completed,DARTMOUTH,District 06,1,3,Dwelling - Single Detached,44.71659819643099,-63.53863151611409
14562,BPRES-2025-01757,2025-02-28,395000,New Building,New Building,Issued,DARTMOUTH,District 06,1,3,Dwelling - Single Detached,44.71659604565258,-63.538434741929755
14563,BPRES-2025-01785,2025-05-29,27000,New Building,New Building,Issued,HALIFAX,District 08,0,1,Accessory Structure,44.667765696554206,-63.608387304656056
14564,BPRES-2025-01828,2025-02-27,150000,Renovation,Renovation,Cancelled,DARTMOUTH,District 05,1,1,Dwelling - Single Detached,44.68013432712624,-63.57893680343832
14565,BPRES-2025-01861,2025-06-02,1300000,New Building,New Building,Issued,HALIFAX,District 11,4,3,Dwelling - Multiple Units,44.61824002810561,-63.61318061698681
14566,BPRES-2025-01904,2025-09-22,443000,New Building,New Building,Issued,COLE HARBOUR,District 04,1,1,Dwelling - Single Detached,44.65772593740418,-63.45562487355425
14567,BPRES-2025-01913,2026-03-18,800000,New Building,New Building,Issued,HALIFAX,District 11,2,2,Dwelling - Semi-Detached,44.6340080507239,-63.62280975173972
14568,BPRES-2025-01922,,258000,Addition,Addition,In Review,QUEENSLAND,District 13,0,1,Dwelling - Single Detached,44.63429801990509,-64.03174966229211
14569,BPRES-2025-01936,2025-11-03,168000,New Building,New Building,Amendment Applicant Revisions,OYSTER POND,District 02,1,1,Dwelling - Single Detached,44.77573524497602,-63.01978896330972
14570,BPRES-2025-01941,2025-04-16,1000000,New Building,New Building,Issued,HALIFAX,District 10,4,3,Dwelling - Semi-Detached,44.65274299636792,-63.64058546629801
14571,BPRES-2025-01944,2025-02-26,400000,New Building,New Building,Completed,WHITES LAKE,District 13,1,2,Dwelling - Single Detached,44.51942031784855,-63.75391792808686
14572,BPRES-2025-01946,2025-02-20,550000,New Building,New Building,Completed,WHITES LAKE,District 13,1,1,Dwelling - Single Detached,44.51850233634969,-63.751702637358825
14573,BPRES-2025-01954,2025-03-13,150000,Addition,Addition,Issued,LOWER EAST CHEZZETCOOK,District 02,1,2,Dwelling - Single Detached,44.683446191123856,-63.20697698930796
14574,BPRES-2025-01974,2025-06-04,50000,Addition,Addition,Issued,HALIFAX,District 09,0,2,Dwelling - Multiple Units,44.64624836334231,-63.61396952584521
14575,BPRES-2025-01984,2025-02-27,1220000,New Building,New Building,Issued,SEABRIGHT,District 13,1,2,Dwelling - Single Detached,44.616207777677054,-63.933885370884354
14576,BPRES-2025-02019,2025-03-06,500000,New Building,New Building,Completed,WEST JEDDORE,District 02,1,1,Dwelling - Single Detached,44.71056198281398,-63.01541656400175
14577,BPRES-2025-02033,2025-03-19,170000,Addition,Addition,Issued,DARTMOUTH,District 05,0,2,Dwelling - Single Detached,44.68276498820268,-63.57049499370621
14578,BPRES-2025-02043,2025-02-19,2400,New Building,New Building,Issued,LAKE CHARLOTTE,District 02,0,1,Accessory Structure,44.76905304509688,-62.95873452676373
14579,BPRES-2025-02107,2025-03-10,63797,Renovation,Renovation,Issued,DARTMOUTH,District 05,0,2,Dwelling - Single Detached,44.671585381316994,-63.568164945067174
14580,BPRES-2025-02112,2025-03-03,28850,Renovation,Renovation,Issued,HALIFAX,District 09,0,2,Dwelling - Single Detached,44.64195735673051,-63.599248963624206
14581,BPRES-2025-02141,2025-02-25,250000,New Building,New Building,Completed,BEECHVILLE,District 12,1,3,Dwelling - Single Detached,44.63656061637074,-63.67542030117966
14582,BPRES-2025-02143,2025-02-24,250000,New Building,New Building,Completed,BEECHVILLE,District 12,1,3,Dwelling - Single Detached,44.63617049453377,-63.67518975940519
14583,BPRES-2025-02147,2025-02-25,250000,New Building,New Building,Completed,BEECHVILLE,District 12,1,3,Dwelling - Single Detached,44.63578723390301,-63.67517255624236
14584,BPRES-2025-02179,2025-03-06,700000,New Building,New Building,Completed,FALL RIVER,District 01,1,2,Dwelling - Single Detached,44.8376126001929,-63.64050359002412
14585,BPRES-2025-02238,2025-04-07,900000,Addition,Addition,Completed,HALIFAX,District 07,6,3,Dwelling - Multiple Units,44.62954010399683,-63.58217464048909
14586,BPRES-2025-02248,2025-03-11,34995,New Building,New Building,Issued,WYSES CORNER,District 01,0,1,Accessory Structure,44.963061585904164,-63.26581894854004
14587,BPRES-2025-02257,2025-02-25,250000,New Building,New Building,Completed,BEECHVILLE,District 12,1,3,Dwelling - Single Detached,44.63645363770809,-63.67595745828655
14588,BPRES-2025-02259,2025-02-25,250000,New Building,New Building,Completed,BEECHVILLE,District 12,1,3,Dwelling - Single Detached,44.63624942093767,-63.67580108736408
14589,BPRES-2025-02293,2025-03-11,20000,Renovation,Renovation,Completed,BEDFORD,District 16,0,2,Dwelling - Single Detached,44.7037534503704,-63.692078086219844
14590,BPRES-2025-02298,,600050,New Building,New Building,Withdrawn,BEDFORD,District 16,1,2,Dwelling - Single Detached,44.7202085905269,-63.71632632369933
14591,BPRES-2025-02329,2025-05-02,507972,New Building,New Building,Issued,FALL RIVER,District 01,1,1,Dwelling - Single Detached,44.83394577497313,-63.60887186984265
14592,BPRES-2025-02388,2025-02-28,250000,New Building,New Building,Completed,BEECHVILLE,District 12,1,3,Dwelling - Single Detached,44.63918486551628,-63.68126463750682
14593,BPRES-2025-02411,2025-06-26,50000,New Building,New Building,Completed,HALIFAX,District 11,0,1,Accessory Structure,44.61049089223699,-63.61932384780872
14594,BPRES-2025-02451,2025-03-19,120000,New Building,New Building,Issued,FERGUSONS COVE,District 11,0,1,Accessory Structure,44.59613158079029,-63.560680171676765
14595,BPRES-2025-02462,2025-02-28,250000,New Building,New Building,Completed,BEECHVILLE,District 12,1,3,Dwelling - Single Detached,44.638843875820285,-63.681256923699756
14596,BPRES-2025-02464,2025-02-27,250000,New Building,New Building,Completed,BEECHVILLE,District 12,1,3,Dwelling - Single Detached,44.639301331289275,-63.68122653766653
14597,BPRES-2025-02467,2025-03-03,275000,New Building,New Building,Completed,BEECHVILLE,District 12,1,3,Dwelling - Single Detached,44.63906261695007,-63.681801735382464
14598,BPRES-2025-02469,2025-03-03,275000,New Building,New Building,Completed,BEECHVILLE,District 12,1,3,Dwelling - Single Detached,44.63929238509775,-63.68177146410802
14599,BPRES-2025-02472,2025-02-27,275000,New Building,New Building,Completed,BEECHVILLE,District 12,1,3,Dwelling - Single Detached,44.639618662892566,-63.681605360188385
14600,BPRES-2025-02477,2025-04-01,200000,Renovation,Renovation,Issued,HALIFAX,District 08,0,3,Dwelling - Single Detached,44.66409266240627,-63.6022771360441
14601,BPRES-2025-02520,2025-03-17,90000,Renovation,Renovation,Completed,BEDFORD,District 16,2,2,Dwelling - Multiple Units,44.732123421458724,-63.66041933270639
14602,BPRES-2025-02536,,190000,Renovation,Renovation,Cancelled,EASTERN PASSAGE,District 03,-1,2,Dwelling - Single Detached,44.61379527861564,-63.49855842332668
14603,BPRES-2025-02568,2025-03-19,70000,New Building,New Building,Completed,HAMMONDS PLAINS,District 14,0,2,Accessory Structure,44.77309710439881,-63.75919533260522
14604,BPRES-2025-02579,2025-04-02,285000,New Building,New Building,Completed,HUBBARDS,District 13,1,1,Dwelling - Single Detached,44.63841178086651,-64.04818662777853
14605,BPRES-2025-02582,2025-05-15,50000,Renovation,Renovation,Issued,LOWER SACKVILLE,District 15,1,2,Dwelling - Semi-Detached,44.770165203886414,-63.6994906902387
14606,BPRES-2025-02589,2025-03-20,30000,Renovation,Renovation,Issued,LEWIS LAKE,District 13,0,2,Dwelling - Single Detached,44.681641815149185,-63.83532740105832
14607,BPRES-2025-02686,2025-03-21,720000,New Building,New Building,Amendment Review,HALIFAX,District 07,6,3,Dwelling - Multiple Units,44.626417886963814,-63.57580836406881
14608,BPRES-2025-02746,2025-09-22,55000,Renovation,Renovation,Completed,BEDFORD,District 16,1,2,Dwelling - Multiple Units,44.7394243355611,-63.65133076735445
14609,BPRES-2025-02748,2025-03-05,500000,New Building,New Building,Completed,FALL RIVER,District 01,1,2,Dwelling - Single Detached,44.83787492692447,-63.64366062326827
14610,BPRES-2025-02783,2025-03-31,57000,New Building,New Building,Issued,WHITES LAKE,District 13,0,2,Accessory Structure,44.53875793876457,-63.74013429063094
14611,BPRES-2025-02804,2025-03-20,320000,New Building,New Building,Completed,TIMBERLEA,District 12,1,3,Dwelling - Single Detached,44.64557734446921,-63.726008329688774
14612,BPRES-2025-02813,2025-03-20,320000,New Building,New Building,Issued,TIMBERLEA,District 12,1,3,Dwelling - Single Detached,44.64557877939299,-63.72639969242855
14613,BPRES-2025-02826,2025-03-14,28000,New Building,New Building,Completed,UPPER TANTALLON,District 13,0,1,Accessory Structure,44.72424846207991,-63.88821999053325
14614,BPRES-2025-02835,2025-07-24,600000,New Building,New Building,Issued,BEDFORD,District 16,1,2,Dwelling - Single Detached,44.705118414058006,-63.7232046961142
14615,BPRES-2025-02869,2025-03-13,100000,Addition,Addition,Issued,HALIFAX,District 09,0,2,Dwelling - Single Detached,44.65214056242767,-63.60119813557842
14616,BPRES-2025-02905,2025-03-24,44500,Renovation,Renovation,Completed,DARTMOUTH,District 06,0,2,Dwelling - Semi-Detached,44.68227467820541,-63.510599978806475
14617,BPRES-2025-02909,2025-04-07,50000,New Building,New Building,Completed,PORTERS LAKE,District 02,0,1,Accessory Structure,44.73854332419035,-63.31897984968046
14618,BPRES-2025-02917,2025-03-06,410000,New Building,New Building,Completed,MIDDLE SACKVILLE,District 14,1,1,Dwelling - Single Detached,44.79735785722363,-63.76548136688872
14619,BPRES-2025-02928,2025-04-01,90000,Renovation,Renovation,Completed,BEDFORD,District 16,1,1,Dwelling - Multiple Units,44.71820805187945,-63.6784763042829
14620,BPRES-2025-02964,2025-03-17,200000,Addition,Addition,Completed,HUBLEY,District 13,1,2,Dwelling - Multiple Units,44.66373207860216,-63.815202574870355
14621,BPRES-2025-02972,2025-03-19,585000,New Building,New Building,Issued,HALIFAX,District 09,1,3,Dwelling - Single Detached,44.64403040245598,-63.593128941312756
14622,BPRES-2025-02992,2025-03-10,34000,New Building,New Building,Completed,HATCHET LAKE,District 13,0,1,Accessory Structure,44.565977383423125,-63.73519136914829
14623,BPRES-2025-03022,2025-03-11,800000,New Building,New Building,Completed,HAMMONDS PLAINS,District 14,1,2,Dwelling - Single Detached,44.69757006615922,-63.80259424031262
14624,BPRES-2025-03027,2025-03-24,700000,New Building,New Building,Issued,TIMBERLEA,District 12,1,3,Dwelling - Single Detached,44.64486218262497,-63.72417199097578
14625,BPRES-2025-03034,2025-03-24,750000,New Building,New Building,Issued,DARTMOUTH,District 06,2,2,Dwelling - Semi-Detached,44.7147640220975,-63.53820722513116
14626,BPRES-2025-03038,2025-03-24,750000,New Building,New Building,Issued,DARTMOUTH,District 06,2,2,Dwelling - Semi-Detached,44.714641658339,-63.538189615465704
14627,BPRES-2025-03054,2025-03-24,10000,Renovation,Renovation,Completed,TIMBERLEA,District 12,0,2,Dwelling - Single Detached,44.6528913168773,-63.73353625625241
14628,BPRES-2025-03062,2025-03-13,215000,Renovation,Renovation,Completed,WATT SECTION,District 02,0,1,Dwelling - Single Detached,44.9052516676062,-62.469685291079756
14629,BPRES-2025-03073,2025-04-07,125000,Renovation,Renovation,Issued,DARTMOUTH,District 06,0,5,Dwelling - Multiple Units,44.67164889272184,-63.53132391191207
14630,BPRES-2025-03090,,300000,Addition,Addition,In Review,HALIFAX,District 08,4,2,Dwelling - Multiple Units,44.652491239850924,-63.587975699473766
14631,BPRES-2025-03136,2025-03-31,50,New Building,New Building,Completed,LUCASVILLE,District 14,0,2,Accessory Structure,44.769646742555814,-63.71171048206413
14632,BPRES-2025-03146,2025-03-18,660000,New Building,New Building,Completed,MIDDLE SACKVILLE,District 14,1,1,Dwelling - Single Detached,44.80146850927606,-63.7656049529548
14633,BPRES-2025-03151,2025-03-19,12000,New Building,New Building,Issued,DARTMOUTH,District 06,0,1,Accessory Structure,44.68207338356913,-63.528352233612544
14634,BPRES-2025-03166,2025-03-17,109169,Renovation,Renovation,Completed,BEDFORD,District 16,1,2,Dwelling - Multiple Units,44.71411521579991,-63.682651282623844
14635,BPRES-2025-03185,,240000,Addition,Addition,Application Incomplete,BEDFORD,District 16,1,3,Dwelling - Single Detached,44.72873899741944,-63.66451956743424
14636,BPRES-2025-03230,2025-07-08,105000,Addition,Addition,Issued,LOWER SACKVILLE,District 15,0,2,Dwelling - Multiple Units,44.77265314671117,-63.65563765202331
14637,BPRES-2025-03241,2025-04-30,90000,Renovation,Renovation,Completed,DARTMOUTH,District 05,1,2,Dwelling - Multiple Units,44.682316101484254,-63.57918732652736
14638,BPRES-2025-03256,2025-03-24,100000,Renovation,Renovation,Completed,DARTMOUTH,District 06,0,2,Dwelling - Single Detached,44.69914310727277,-63.542350729658104
14639,BPRES-2025-03281,2025-05-12,10000,Renovation,Renovation,Completed,DARTMOUTH,District 06,0,2,Dwelling - Single Detached,44.701350730418056,-63.53678633727409
14640,BPRES-2025-03294,,200,Renovation,Renovation,Applicant Revisions,DARTMOUTH,District 05,0,2,Dwelling - Single Detached,44.68410158253217,-63.58342795746925
14641,BPRES-2025-03319,2025-03-20,517000,New Building,New Building,Completed,DARTMOUTH,District 06,1,2,Dwelling - Single Detached,44.705307562361874,-63.55129103479493
14642,BPRES-2025-03338,2025-03-26,200000,New Building,New Building,Completed,BEECHVILLE,District 12,1,3,Dwelling - Single Detached,44.63665366352974,-63.67549934941909
14643,BPRES-2025-03363,2025-04-24,180000,New Building,New Building,Completed,LUCASVILLE,District 14,1,1,Dwelling - Backyard Suite,44.766153808110424,-63.71571841163944
14644,BPRES-2025-03380,2025-03-20,55000,Addition,Addition,Completed,TIMBERLEA,District 12,0,1,Dwelling - Single Detached,44.66243732528141,-63.75148487456188
14645,BPRES-2025-03389,2025-03-31,29676,Renovation,Renovation,Completed,HAMMONDS PLAINS,District 14,0,2,Dwelling - Single Detached,44.76752152239514,-63.78762108046201
14646,BPRES-2025-03406,2025-04-11,800000,New Building,New Building,Issued,FALL RIVER,District 01,2,2,Dwelling - Multiple Units,44.82093596104959,-63.58463488060538
14647,BPRES-2025-03459,2025-11-03,20000,New Building,New Building,Issued,BROOKVALE,District 01,0,1,Accessory Structure,45.040124911923215,-63.088642396067726
14648,BPRES-2025-03469,2025-05-05,550000,New Building,New Building,Completed,EAST CHEZZETCOOK,District 02,4,1,Dwelling - Townhouse,44.71090776474495,-63.23077322266661
14649,BPRES-2025-03475,2025-04-03,120000,Renovation,Renovation,Issued,HALIFAX,District 08,0,3,Dwelling - Multiple Units,44.65514720228719,-63.58438978052564
14650,BPRES-2025-03482,2025-05-05,2400000,New Building,New Building,Completed,BEDFORD,District 16,6,2,Dwelling - Townhouse,44.718987586647216,-63.718352841416504
14651,BPRES-2025-03482,2025-05-05,2400000,New Building,New Building,Completed,BEDFORD,District 16,6,2,Dwelling - Townhouse,44.718987586647216,-63.718352841416504
14652,BPRES-2025-03505,2025-03-24,18000,New Building,New Building,Completed,WEST PETPESWICK,District 02,0,1,Accessory Structure,44.77159527945668,-63.15889681319141
14653,BPRES-2025-03516,2025-03-20,23000,New Building,New Building,Completed,STILLWATER LAKE,District 13,0,1,Accessory Structure,44.68592423879513,-63.81480274406762
14654,BPRES-2025-03528,2025-03-20,30000,New Building,New Building,Issued,EAST PETPESWICK,District 02,0,1,Accessory Structure,44.74659721641114,-63.14835174041515
14655,BPRES-2025-03567,2025-04-03,390000,New Building,New Building,Completed,DUNCANS COVE,District 11,1,1,Dwelling - Single Detached,44.500305377915026,-63.54254363924945
14656,BPRES-2025-03601,2025-04-07,250000,New Building,New Building,Completed,EAST LAWRENCETOWN,District 02,1,2,Dwelling - Single Detached,44.66666536877066,-63.31724007666767
14657,BPRES-2025-03611,2025-03-24,300000,New Building,New Building,Completed,MYERS POINT,District 02,1,1,Dwelling - Single Detached,44.76822153174102,-63.03854558822032
14658,BPRES-2025-03636,2025-09-24,200000,New Building,New Building,Issued,EAST SHIP HARBOUR,District 02,1,2,Dwelling - Seasonal,44.77778972468956,-62.79529455584972
14659,BPRES-2025-03665,2025-06-20,200000,Renovation,Renovation,Amendment Applicant Revisions,EAST LAWRENCETOWN,District 02,1,1,Dwelling - Multiple Units,44.670972845076044,-63.31479280922105
14660,BPRES-2025-03687,2025-03-28,30000,New Building,New Building,Completed,HALIFAX,District 10,0,1,Accessory Structure,44.66160850839445,-63.647379831856725
14661,BPRES-2025-03709,2025-05-01,1230000,New Building,New Building,Cancelled,LEWIS LAKE,District 13,2,2,Dwelling - Multiple Units,44.68043026002802,-63.8383851450726
14662,BPRES-2025-03741,2025-04-01,400000,New Building,New Building,Issued,HALIFAX,District 11,2,2,Dwelling - Semi-Detached,44.58632795293929,-63.58837985055173
14663,BPRES-2025-03775,2025-04-30,600000,New Building,New Building,Completed,PORTERS LAKE,District 02,1,1,Dwelling - Single Detached,44.74551918753921,-63.306152726901544
14664,BPRES-2025-03778,2025-03-26,28000,New Building,New Building,Completed,LUCASVILLE,District 14,0,1,Accessory Structure,44.7521741339847,-63.722495263856686
14665,BPRES-2025-03783,2025-04-30,400000,New Building,New Building,Completed,HALIFAX,District 11,4,3,Dwelling - Multiple Units,44.62357292113405,-63.61612149123135
14666,BPRES-2025-03798,2025-04-22,1322382,New Building,New Building,Completed,DARTMOUTH,District 06,4,3,Dwelling - Townhouse,44.67485448279425,-63.54290425119058
14667,BPRES-2025-03820,,135000,Renovation,Renovation,Applicant Revisions,DARTMOUTH,District 05,0,3,Dwelling - Single Detached,44.67074880960092,-63.56976242856406
14668,BPRES-2025-03829,2025-04-07,415000,New Building,New Building,Completed,GRAND DESERT,District 02,1,2,Dwelling - Single Detached,44.69100923255114,-63.25504266345545
14669,BPRES-2025-03833,2025-05-21,121000,Addition,Addition,Completed,HALIFAX,District 10,0,1,Dwelling - Single Detached,44.65388520885072,-63.64176120082039
14670,BPRES-2025-03866,2025-04-29,30000,New Building,New Building,Amendment Applicant Revisions,EASTERN PASSAGE,District 03,0,1,Accessory Structure,44.61630659395405,-63.46978522833394
14671,BPRES-2025-03872,2025-05-14,1465644,New Building,New Building,Issued,DARTMOUTH,District 03,6,2,Dwelling - Townhouse,44.66060249551011,-63.532729123827906
14672,BPRES-2025-03874,2025-09-16,1221370,New Building,New Building,Issued,DARTMOUTH,District 03,5,2,Dwelling - Townhouse,44.66044012662225,-63.533382498546885
14673,BPRES-2025-03877,2025-04-01,600000,New Building,New Building,Completed,HUBLEY,District 13,1,1,Dwelling - Single Detached,44.66391677890197,-63.80903299696326
14674,BPRES-2025-03882,2025-05-12,906990,New Building,New Building,Completed,DARTMOUTH,District 03,6,2,Dwelling - Townhouse,44.66003338569778,-63.53263924373236
14675,BPRES-2025-03903,2025-05-23,250000,Addition,Addition,Issued,WEST PETPESWICK,District 02,0,2,Dwelling - Single Detached,44.74414378717545,-63.16720488222114
14676,BPRES-2025-03908,2025-04-01,600000,New Building,New Building,Completed,FALL RIVER,District 01,1,2,Dwelling - Single Detached,44.84271346940293,-63.64065522321785
14677,BPRES-2025-03909,2025-04-03,600000,New Building,New Building,Completed,FALL RIVER,District 01,1,2,Dwelling - Single Detached,44.84242076291591,-63.638744014998665
14678,BPRES-2025-03922,2025-05-12,906990,New Building,New Building,Issued,DARTMOUTH,District 03,6,2,Dwelling - Townhouse,44.66101699377078,-63.53341657464692
14679,BPRES-2025-03928,2025-05-12,755825,New Building,New Building,Issued,DARTMOUTH,District 03,5,2,Dwelling - Townhouse,44.66139022491234,-63.534103066017714
14680,BPRES-2025-03931,2025-04-30,1465644,New Building,New Building,Completed,DARTMOUTH,District 03,6,2,Dwelling - Townhouse,44.65963547033812,-63.53203134162983
14681,BPRES-2025-03933,2025-03-31,325000,New Building,New Building,Issued,MIDDLE SACKVILLE,District 14,1,2,Dwelling - Single Detached,44.795774689465276,-63.75490015399457
14682,BPRES-2025-03936,2025-09-16,1465644,New Building,New Building,Issued,DARTMOUTH,District 03,6,2,Dwelling - Townhouse,44.66061263546302,-63.533678328944646
14683,BPRES-2025-03969,2025-04-14,250000,Addition,Addition,Issued,PROSPECT,District 13,0,3,Dwelling - Single Detached,44.47133025316103,-63.789860029649915
14684,BPRES-2025-03986,2025-05-16,37298,Addition,Addition,Issued,HALIFAX,District 09,0,2,Dwelling - Semi-Detached,44.647076656859575,-63.61569478038321
14685,BPRES-2025-04001,2025-04-01,500000,New Building,New Building,Completed,BROOKSIDE,District 13,1,1,Dwelling - Single Detached,44.52888738312191,-63.70956661533126
14686,BPRES-2025-04031,2025-06-03,65000,New Building,New Building,Issued,KETCH HARBOUR,District 11,0,1,Accessory Structure,44.49909735363616,-63.56161489418304
14687,BPRES-2025-04041,2025-03-31,200000,New Building,New Building,Issued,BEECHVILLE,District 12,1,2,Dwelling - Single Detached,44.638439791505306,-63.68179536766088
14688,BPRES-2025-04055,2025-12-18,650000,New Building,New Building,Completed,DARTMOUTH,District 06,1,2,Dwelling - Single Detached,44.713320311898116,-63.54427513623455
14689,BPRES-2025-04087,2025-04-11,150000,New Building,New Building,Issued,HAMMONDS PLAINS,District 14,0,1,Accessory Structure,44.70575504054874,-63.755878186208015
14690,BPRES-2025-04119,,16000,New Building,New Building,Cancelled,COLE HARBOUR,District 04,0,1,Accessory Structure,44.69035259570272,-63.496108483344386
14691,BPRES-2025-04125,2025-06-16,700000,New Building,New Building,Amendment Applicant Revisions,QUEENSLAND,District 13,1,2,Dwelling - Single Detached,44.63493011523586,-64.0372212606846
14692,BPRES-2025-04142,2025-09-22,1000000,New Building,New Building,Issued,DARTMOUTH,District 03,8,2,Dwelling - Multiple Units,44.66540903064735,-63.537743461820305
14693,BPRES-2025-04166,,30000,New Building,New Building,Withdrawn,HALIFAX,District 09,0,1,Accessory Structure,44.64116465292882,-63.634468603708136
14694,BPRES-2025-04173,2025-07-07,200000,Addition,Addition,Issued,HALIFAX,District 11,1,2,Dwelling - Backyard Suite,44.63295386600612,-63.61561675151754
14695,BPRES-2025-04176,2025-04-07,149000,New Building,New Building,Issued,EAST PETPESWICK,District 02,1,2,Dwelling - Single Detached,44.687516012498484,-63.14667182119281
14696,BPRES-2025-04210,2025-09-05,10000,Renovation,Renovation,Completed,HALIFAX,District 09,2,2,Dwelling - Multiple Units,44.649360402063074,-63.629897594304644
14697,BPRES-2025-04228,2025-05-23,625000,New Building,New Building,Issued,DARTMOUTH,District 06,1,3,Dwelling - Single Detached,44.71520745809222,-63.53978210015901
14698,BPRES-2025-04241,2025-12-15,400000,Addition,Addition,Issued,HALIFAX,District 10,3,3,Dwelling - Multiple Units,44.66095924927375,-63.64540072642813
14699,BPRES-2025-04261,2025-05-23,675000,New Building,New Building,Issued,DARTMOUTH,District 06,2,3,Dwelling - Multiple Units,44.71531376368525,-63.53981482457364
14700,BPRES-2025-04265,2025-05-15,675000,New Building,New Building,Completed,DARTMOUTH,District 06,1,3,Dwelling - Single Detached,44.71553569233966,-63.53763019710711
14701,BPRES-2025-04312,2025-04-17,500000,New Building,New Building,Issued,UPPER TANTALLON,District 13,1,1,Dwelling - Single Detached,44.72111056970677,-63.8692588619421
14702,BPRES-2025-04319,2025-04-09,10000,Renovation,Renovation,Completed,TIMBERLEA,District 12,1,1,Dwelling - Multiple Units,44.650746497396014,-63.72450629579403
14703,BPRES-2025-04341,2025-08-22,650000,New Building,New Building,Issued,FALL RIVER,District 01,1,2,Dwelling - Single Detached,44.82155263250848,-63.58430669982966
14704,BPRES-2025-04349,,120000,Addition,Addition,Applicant Revisions,DARTMOUTH,District 03,0,2,Dwelling - Single Detached,44.662017653672216,-63.55260969449077
14705,BPRES-2025-04380,2025-04-11,20000,New Building,New Building,Issued,LAWRENCETOWN,District 02,0,1,Accessory Structure,44.6488525438395,-63.408434192928254
14706,BPRES-2025-04420,2025-06-02,379953,New Building,New Building,Completed,CARROLLS CORNER,District 01,1,1,Dwelling - Single Detached,45.023183925090095,-63.363024099253025
14707,BPRES-2025-04421,2025-09-11,750000,New Building,New Building,Issued,DARTMOUTH,District 05,7,3,Dwelling - Multiple Units,44.679760921317076,-63.58769185080024
14708,BPRES-2025-04426,2025-04-07,400000,New Building,New Building,Issued,HALIFAX,District 11,4,3,Dwelling - Multiple Units,44.6021539104581,-63.60445347436782
14709,BPRES-2025-04426,2025-04-07,400000,New Building,New Building,Issued,HALIFAX,District 11,4,3,Dwelling - Multiple Units,44.6021539104581,-63.60445347436782
14710,BPRES-2025-04440,2025-04-03,30000,New Building,New Building,Completed,MIDDLE SACKVILLE,District 14,0,1,Accessory Structure,44.81117362048589,-63.713587496659606
14711,BPRES-2025-04446,2025-04-07,200000,New Building,New Building,Completed,BEECHVILLE,District 12,1,3,Dwelling - Single Detached,44.63859155278672,-63.68128685468988
14712,BPRES-2025-04498,2025-04-07,650000,New Building,New Building,Issued,INDIAN HARBOUR,District 13,1,3,Dwelling - Single Detached,44.52555246664447,-63.93923666810276
14713,BPRES-2025-04501,2025-04-16,400000,New Building,New Building,Completed,HALIFAX,District 11,4,3,Dwelling - Semi-Detached,44.602030070772834,-63.60459326427363
14714,BPRES-2025-04501,2025-04-16,400000,New Building,New Building,Completed,HALIFAX,District 11,4,3,Dwelling - Semi-Detached,44.602030070772834,-63.60459326427363
14715,BPRES-2025-04503,2025-04-15,400000,New Building,New Building,Completed,HALIFAX,District 11,4,3,Dwelling - Semi-Detached,44.601907935788866,-63.60473378196841
14716,BPRES-2025-04503,2025-04-15,400000,New Building,New Building,Completed,HALIFAX,District 11,4,3,Dwelling - Semi-Detached,44.601907935788866,-63.60473378196841
14717,BPRES-2025-04535,2026-01-30,3500,Renovation,Renovation,Completed,LOWER SACKVILLE,District 15,1,1,Dwelling - Multiple Units,44.76334202391606,-63.66026379027844
14718,BPRES-2025-04542,2025-04-14,168061,Addition,Addition,Completed,TIMBERLEA,District 12,0,2,Dwelling - Single Detached,44.67812732201237,-63.7700270930587
14719,BPRES-2025-04548,2025-07-04,750000,New Building,New Building,Issued,MUSQUODOBOIT HARBOUR,District 02,2,1,Dwelling - Multiple Units,44.78980867182607,-63.172417381602074
14720,BPRES-2025-04557,2025-06-12,600000,New Building,New Building,Issued,TERENCE BAY,District 13,1,2,Dwelling - Single Detached,44.47909829684592,-63.72233629545286
14721,BPRES-2025-04576,2025-04-17,25000,New Building,New Building,Completed,MEAGHERS GRANT,District 01,0,1,Accessory Structure,44.94550131333231,-63.26409057613019
14722,BPRES-2025-04593,,62000,New Building,New Building,Application Incomplete,NECUM TEUCH,District 02,1,2,Dwelling - Backyard Suite,44.96216792069226,-62.243319924371185
14723,BPRES-2025-04605,2025-08-13,500000,Renovation,Renovation,Issued,HALIFAX,District 09,0,2,Dwelling - Single Detached,44.64570246927851,-63.62524121047205
14724,BPRES-2025-04615,2025-04-07,550000,New Building,New Building,Completed,DARTMOUTH,District 06,1,2,Dwelling - Single Detached,44.715881852199665,-63.5397909635546
14725,BPRES-2025-04627,2025-04-08,500000,New Building,New Building,Completed,DARTMOUTH,District 06,1,2,Dwelling - Single Detached,44.71578938797983,-63.539167495361205
14726,BPRES-2025-04652,2025-04-25,350000,Renovation,Renovation,Issued,HALIFAX,District 09,0,3,Dwelling - Single Detached,44.64422505806761,-63.59546099276919
14727,BPRES-2025-04660,,99000,New Building,New Building,Withdrawn,LUCASVILLE,District 14,0,1,Accessory Structure,44.75094093315963,-63.73899879998988
14728,BPRES-2025-04668,2025-06-13,45000,New Building,New Building,Issued,DARTMOUTH,District 06,0,1,Accessory Structure,44.67438907921433,-63.54443453214548
14729,BPRES-2025-04676,2025-05-07,6000,Renovation,Renovation,Completed,DARTMOUTH,District 05,0,3,Dwelling - Multiple Units,44.68610934343934,-63.58353504122579
14730,BPRES-2025-04679,2025-04-15,250000,New Building,New Building,Completed,COLE HARBOUR,District 04,1,1,Dwelling - Backyard Suite,44.67645066357189,-63.46398412467791
14731,BPRES-2025-04712,2025-10-30,300000,Addition,Addition,Issued,OAKFIELD,District 01,1,2,Dwelling - Multiple Units,44.90002878810636,-63.57683127444247
14732,BPRES-2025-04718,2025-04-09,20000,New Building,New Building,Completed,PORTERS LAKE,District 02,0,1,Accessory Structure,44.7194381358129,-63.30639677997937
14733,BPRES-2025-04747,2025-04-15,500000,New Building,New Building,Completed,PORTERS LAKE,District 02,1,1,Dwelling - Single Detached,44.752232026401586,-63.33288074528732
14734,BPRES-2025-04752,2025-09-17,6600000,New Building,New Building,Issued,PORTERS LAKE,District 02,68,1,Dwelling - Townhouse,44.747743426660016,-63.2813474474134
14735,BPRES-2025-04758,2025-08-08,250000,New Building,New Building,Issued,HALIFAX,District 09,1,1,Dwelling - Backyard Suite,44.649773371717075,-63.620469870924985
14736,BPRES-2025-04770,2026-03-16,12500,Addition,Addition,Issued,EASTERN PASSAGE,District 03,0,1,Accessory Structure,44.600881654009605,-63.4667075715698
14737,BPRES-2025-04815,2025-05-02,3000,Renovation,Renovation,Issued,HALIFAX,District 08,0,1,Accessory Structure,44.65812441966156,-63.596051968205366
14738,BPRES-2025-04842,2025-05-26,38000,New Building,New Building,Issued,UPPER SACKVILLE,District 14,0,1,Accessory Structure,44.81970166829319,-63.75823513898189
14739,BPRES-2025-04860,2025-06-25,500000,New Building,New Building,Issued,HERRING COVE,District 11,1,2,Dwelling - Single Detached,44.57044312562539,-63.56648870486646
14740,BPRES-2025-04900,2025-04-14,25000,New Building,New Building,Issued,WILLIAMSWOOD,District 11,0,1,Accessory Structure,44.51249336560988,-63.63295037794669
14741,BPRES-2025-04930,,200000,Addition,Addition,Withdrawn,HALIFAX,District 09,2,2,Dwelling - Multiple Units,44.645678933600195,-63.60284486115994
14742,BPRES-2025-04936,2025-08-08,120000,New Building,New Building,Completed,DARTMOUTH,District 05,1,1,Dwelling - Backyard Suite,44.68276505451442,-63.57510172341207
14743,BPRES-2025-04949,2025-05-23,495700,Renovation,Renovation,Completed,COLE HARBOUR,District 04,0,2,Dwelling - Single Detached,44.65828116455019,-63.47899742010634
14744,BPRES-2025-04951,2025-04-09,600000,New Building,New Building,Completed,BROOKSIDE,District 13,1,2,Dwelling - Single Detached,44.52718446035848,-63.709898549718375
14745,BPRES-2025-04955,2025-04-09,650000,New Building,New Building,Completed,BROOKSIDE,District 13,1,1,Dwelling - Single Detached,44.52752904093895,-63.708406733659245
14746,BPRES-2025-04957,2025-04-17,175000,New Building,New Building,Completed,HAMMONDS PLAINS,District 14,1,1,Dwelling - Backyard Suite,44.77551353902446,-63.76382113326487
14747,BPRES-2025-04970,2025-05-02,65000,Addition,Addition,Issued,EASTERN PASSAGE,District 03,0,1,Dwelling - Single Detached,44.614691725517474,-63.477829021437124
14748,BPRES-2025-05007,2025-08-08,23995,New Building,New Building,Issued,HALIFAX,District 11,0,1,Accessory Structure,44.61876988881607,-63.61677310869426
14749,BPRES-2025-05022,2025-10-16,65000,New Building,New Building,Issued,COLE HARBOUR,District 04,0,2,Accessory Structure,44.68315322894459,-63.46364303349497
14750,BPRES-2025-05031,2025-04-16,400000,New Building,New Building,Completed,HARRIETSFIELD,District 11,1,1,Dwelling - Single Detached,44.54876524060112,-63.64380277617476
14751,BPRES-2025-05043,2025-04-11,650000,New Building,New Building,Issued,HAMMONDS PLAINS,District 14,1,2,Dwelling - Single Detached,44.69867450544022,-63.805086383618296
14752,BPRES-2025-05064,2025-04-15,415000,New Building,New Building,Completed,BEAVER BANK,District 15,2,2,Dwelling - Multiple Units,44.83945968085314,-63.66293813771634
14753,BPRES-2025-05109,2025-12-22,15000,New Building,New Building,Issued,SEAFORTH,District 02,1,1,Dwelling - Seasonal,44.66033599168308,-63.27702946026849
14754,BPRES-2025-05144,2025-05-05,100000,New Building,New Building,Issued,HEAD OF CHEZZETCOOK,District 02,0,1,Accessory Structure,44.74673176203308,-63.24141439128148
14755,BPRES-2025-05158,2025-08-14,60000,Addition,Addition,Issued,HALIFAX,District 08,1,1,Dwelling - Multiple Units,44.668270972279416,-63.61236717083073
14756,BPRES-2025-05161,2025-06-26,8500,Renovation,Renovation,Completed,GLEN HAVEN,District 13,1,1,Dwelling - Backyard Suite,44.64238957907807,-63.91014119416519
14757,BPRES-2025-05185,2025-05-02,85000,Renovation,Renovation,Completed,EASTERN PASSAGE,District 03,1,1,Dwelling - Backyard Suite,44.6246538392336,-63.50816668477034
14758,BPRES-2025-05188,2025-05-12,350000,New Building,New Building,Completed,ELDERBANK,District 01,1,1,Dwelling - Single Detached,44.96431168157676,-63.265632820023455
14759,BPRES-2025-05220,2025-04-14,220000,New Building,New Building,Issued,TIMBERLEA,District 12,1,2,Dwelling - Single Detached,44.64509205828117,-63.72567678782635
14760,BPRES-2025-05229,2025-05-30,1000000,New Building,New Building,Issued,HALIBUT BAY,District 11,1,2,Dwelling - Single Detached,44.551272108028726,-63.55817810779045
14761,BPRES-2025-05253,2025-07-07,500000,New Building,New Building,Amendment Review,HEAD OF ST MARGARETS BAY,District 13,1,2,Dwelling - Single Detached,44.670084694204846,-63.91368026974559
14762,BPRES-2025-05260,2025-04-28,30000,Renovation,Renovation,Completed,EAST CHEZZETCOOK,District 02,0,2,Dwelling - Single Detached,44.73755768577584,-63.23404419148991
14763,BPRES-2025-05262,2025-08-25,6800000,New Building,New Building,Issued,PORTERS LAKE,District 02,84,2,Dwelling - Townhouse,44.748944337026195,-63.299935914171215
14764,BPRES-2025-05268,2025-05-23,336870,New Building,New Building,Issued,FALL RIVER,District 01,1,1,Dwelling - Single Detached,44.837152197624896,-63.640262912532336
14765,BPRES-2025-05286,2025-04-28,500000,New Building,New Building,Issued,UPPER SACKVILLE,District 14,2,1,Dwelling - Semi-Detached,44.808705199020245,-63.75960857899835
14766,BPRES-2025-05295,2025-04-28,17000,New Building,New Building,Completed,EAST QUODDY,District 02,0,1,Accessory Structure,44.907327423337314,-62.33500007065704
14767,BPRES-2025-05302,2025-05-05,760000,New Building,New Building,Issued,HALIFAX,District 11,4,2,Dwelling - Semi-Detached,44.58748826806939,-63.58989186357794
14768,BPRES-2025-05302,2025-05-05,760000,New Building,New Building,Issued,HALIFAX,District 11,4,2,Dwelling - Semi-Detached,44.58748826806939,-63.58989186357794
14769,BPRES-2025-05308,2025-05-12,750000,New Building,New Building,Issued,HALIFAX,District 11,4,2,Dwelling - Semi-Detached,44.58761645833395,-63.58975475038166
14770,BPRES-2025-05308,2025-05-12,750000,New Building,New Building,Issued,HALIFAX,District 11,4,2,Dwelling - Semi-Detached,44.58761645833395,-63.58975475038166
14771,BPRES-2025-05310,,350000,New Building,New Building,Cancelled,UPPER HAMMONDS PLAINS,District 14,1,2,Dwelling - Backyard Suite,44.75532534326061,-63.84608899133695
14772,BPRES-2025-05314,2025-05-05,750000,New Building,New Building,Issued,HALIFAX,District 11,4,2,Dwelling - Semi-Detached,44.587722435873694,-63.58963434679928
14773,BPRES-2025-05371,2025-06-20,350000,New Building,New Building,Issued,CARROLLS CORNER,District 01,1,1,Dwelling - Single Detached,45.021134830211444,-63.36689389128514
14774,BPRES-2025-05378,2025-05-14,295000,Addition,Addition,Issued,HALIFAX,District 07,1,2,Dwelling - Multiple Units,44.63284099087502,-63.58695759193782
14775,BPRES-2025-05380,2026-03-04,350000,Addition,Addition,Issued,DARTMOUTH,District 06,0,2,Dwelling - Single Detached,44.69396585386557,-63.54116822807668
14776,BPRES-2025-05396,2025-07-07,10000,Renovation,Renovation,Issued,HALIFAX,District 08,1,3,Dwelling - Multiple Units,44.650804198939355,-63.58386680560135
14777,BPRES-2025-05401,2025-04-17,505000,New Building,New Building,Completed,HARRIETSFIELD,District 11,1,1,Dwelling - Single Detached,44.55146579988411,-63.64787554057205
14778,BPRES-2025-05420,2025-05-06,30000,Addition,Addition,Issued,HALIFAX,District 11,0,2,Dwelling - Single Detached,44.63290326088082,-63.62605402439421
14779,BPRES-2025-05425,2025-05-06,25000,Renovation,Renovation,Completed,HALIFAX,District 10,1,1,Dwelling - Multiple Units,44.64996476810855,-63.64606657249509
14780,BPRES-2025-05427,2025-06-13,40000,New Building,New Building,Issued,MOSER RIVER,District 02,1,1,Dwelling - Seasonal,44.98501640277349,-62.26603663972952
14781,BPRES-2025-05439,2025-05-02,300000,Addition,Addition,Issued,HALIFAX,District 11,0,2,Dwelling - Single Detached,44.62303149668534,-63.60247487307463
14782,BPRES-2025-05448,2026-01-14,400000,New Building,New Building,Completed,BEAVER BANK,District 15,1,1,Dwelling - Single Detached,44.83776298472908,-63.66184347347417
14783,BPRES-2025-05450,2025-04-23,400000,New Building,New Building,Issued,FALL RIVER,District 01,1,2,Dwelling - Single Detached,44.84308998711067,-63.638084652233196
14784,BPRES-2025-05462,2025-05-06,450000,New Building,New Building,Issued,FALL RIVER,District 01,1,2,Dwelling - Single Detached,44.84352306707578,-63.63732549060458
14785,BPRES-2025-05481,2025-05-06,8000,New Building,New Building,Issued,MUSQUODOBOIT HARBOUR,District 02,0,1,Accessory Structure,44.79106629593281,-63.125706676680714
14786,BPRES-2025-05507,2025-08-20,700000,New Building,New Building,Issued,BEDFORD,District 16,4,3,Dwelling - Multiple Units,44.72770900559572,-63.64656676893859
14787,BPRES-2025-05515,2025-07-18,300000,New Building,New Building,Issued,BEAVER BANK,District 15,1,2,Dwelling - Single Detached,44.822526214436316,-63.678729122420776
14788,BPRES-2025-05542,2025-07-04,15000,New Building,New Building,Issued,DARTMOUTH,District 03,0,2,Accessory Structure,44.66546498740448,-63.55254980849352
14789,BPRES-2025-05563,2025-05-20,60000,Addition,Addition,Completed,DARTMOUTH,District 05,0,2,Dwelling - Single Detached,44.68269487277491,-63.575277070968724
14790,BPRES-2025-05579,2025-06-10,450000,New Building,New Building,Issued,COLE HARBOUR,District 04,1,1,Dwelling - Single Detached,44.65865193917214,-63.45682768464453
14791,BPRES-2025-05605,2025-05-07,374000,New Building,New Building,Issued,PORTERS LAKE,District 02,1,1,Dwelling - Single Detached,44.746085352776724,-63.30543336981474
14792,BPRES-2025-05619,2025-05-21,350000,New Building,New Building,Issued,UPPER SACKVILLE,District 14,1,1,Dwelling - Single Detached,44.80597754126926,-63.75772918249042
14793,BPRES-2025-05630,2025-04-29,15000,New Building,New Building,Completed,WEST PETPESWICK,District 02,0,1,Accessory Structure,44.74581015088452,-63.168963735419545
14794,BPRES-2025-05640,2025-05-27,400000,New Building,New Building,Completed,MILFORD,District 01,1,1,Dwelling - Single Detached,45.02248947455153,-63.43324148130548
14795,BPRES-2025-05648,2025-07-09,50000,Addition,Addition,Issued,DARTMOUTH,District 05,0,2,Dwelling - Single Detached,44.6668049582197,-63.57706694852419
14796,BPRES-2025-05674,2025-05-08,400000,New Building,New Building,Issued,HALIFAX,District 11,4,3,Dwelling - Multiple Units,44.60339666100999,-63.603961659925965
14797,BPRES-2025-05674,2025-05-08,400000,New Building,New Building,Issued,HALIFAX,District 11,4,3,Dwelling - Multiple Units,44.60339666100999,-63.603961659925965
14798,BPRES-2025-05682,,100000,New Building,New Building,Cancelled,COW BAY,District 03,1,1,Dwelling - Backyard Suite,44.63465728006941,-63.42086818317942
14799,BPRES-2025-05688,2025-05-12,1200000,New Building,New Building,Completed,BEDFORD,District 16,6,2,Dwelling - Townhouse,44.718303335288795,-63.7186741726798
14800,BPRES-2025-05695,2025-04-25,37000,New Building,New Building,Completed,HAMMONDS PLAINS,District 14,0,1,Accessory Structure,44.74361313693284,-63.79421639643087
14801,BPRES-2025-05717,2025-04-25,25000,New Building,New Building,Completed,EAST PRESTON,District 04,0,1,Accessory Structure,44.716718766616864,-63.44385271748731
14802,BPRES-2025-05721,2025-06-02,600000,New Building,New Building,Completed,TIMBERLEA,District 12,4,2,Dwelling - Multiple Units,44.65418089897928,-63.73725999861883
14803,BPRES-2025-05737,2025-06-12,800000,New Building,New Building,Issued,HALIFAX,District 07,1,2,Dwelling - Single Detached,44.630994365691976,-63.5861937124836
14804,BPRES-2025-05756,2025-05-21,25000,New Building,New Building,Issued,EASTERN PASSAGE,District 03,0,1,Accessory Structure,44.60754004365038,-63.484792469583184
14805,BPRES-2025-05759,2025-06-10,260000,New Building,New Building,Completed,LAKE ECHO,District 02,1,1,Dwelling - Backyard Suite,44.73138970452422,-63.39996708743333
14806,BPRES-2025-05776,2025-08-12,800000,New Building,New Building,Amendment Application Incomplete,HAMMONDS PLAINS,District 14,5,3,Dwelling - Townhouse,44.72591479382051,-63.7563775485578
14807,BPRES-2025-05780,2025-06-20,32794,Renovation,Renovation,Issued,DARTMOUTH,District 06,1,2,Dwelling - Multiple Units,44.68600039384852,-63.49889229147613
14808,BPRES-2025-05786,2025-05-07,350000,New Building,New Building,Issued,BOUTILIERS POINT,District 13,1,2,Dwelling - Single Detached,44.654564748303265,-63.95137627623124
14809,BPRES-2025-05808,2025-05-29,650000,New Building,New Building,Issued,WEST CHEZZETCOOK,District 02,1,1,Dwelling - Single Detached,44.72096254366392,-63.269061145352424
14810,BPRES-2025-05820,2025-05-23,1550000,New Building,New Building,Completed,BEDFORD,District 16,5,3,Dwelling - Townhouse,44.71863606958099,-63.71794649762364
14811,BPRES-2025-05820,2025-05-23,1550000,New Building,New Building,Completed,BEDFORD,District 16,5,3,Dwelling - Townhouse,44.71863606958099,-63.71794649762364
14812,BPRES-2025-05820,2025-05-23,1550000,New Building,New Building,Completed,BEDFORD,District 16,5,3,Dwelling - Townhouse,44.71863606958099,-63.71794649762364
14813,BPRES-2025-05820,2025-05-23,1550000,New Building,New Building,Completed,BEDFORD,District 16,5,3,Dwelling - Townhouse,44.71863606958099,-63.71794649762364
14814,BPRES-2025-05820,2025-05-23,1550000,New Building,New Building,Completed,BEDFORD,District 16,5,3,Dwelling - Townhouse,44.71863606958099,-63.71794649762364
14815,BPRES-2025-05831,2025-07-17,425000,New Building,New Building,Completed,FLETCHERS LAKE,District 01,1,1,Dwelling - Single Detached,44.85173631013117,-63.60786481744207
14816,BPRES-2025-05842,2025-05-02,20000,New Building,New Building,Completed,DUTCH SETTLEMENT,District 01,0,1,Accessory Structure,44.98999337611243,-63.44297930148737
14817,BPRES-2025-05852,2025-08-20,63675.44,Addition,Addition,Issued,COLE HARBOUR,District 04,0,1,Dwelling - Single Detached,44.68163322756371,-63.48700640700104
14818,BPRES-2025-05861,2025-05-14,8000,Renovation,Renovation,Completed,HALIFAX,District 10,0,3,Dwelling - Multiple Units,44.65950917451475,-63.635083391883136
14819,BPRES-2025-05869,2025-10-09,20000,Renovation,Renovation,Issued,UPPER SACKVILLE,District 14,1,2,Dwelling - Multiple Units,44.810729283632696,-63.75204656145341
14820,BPRES-2025-05874,2025-06-23,40000,New Building,New Building,Completed,COLE HARBOUR,District 04,0,1,Accessory Structure,44.66577643737514,-63.492827481744065
14821,BPRES-2025-05924,2025-06-13,125000,Addition,Addition,Issued,EAST PENNANT,District 11,0,1,Dwelling - Single Detached,44.46465787894284,-63.63535286546743
14822,BPRES-2025-05929,2025-06-09,30000,Renovation,Renovation,Completed,COLE HARBOUR,District 04,1,1,Dwelling - Single Detached,44.67397123657306,-63.484944006926916
14823,BPRES-2025-05936,2025-05-29,50000,Addition,Addition,Completed,HALIFAX,District 09,0,2,Dwelling - Single Detached,44.644342730470854,-63.612528008757884
14824,BPRES-2025-05951,2025-05-09,350000,Renovation,Renovation,Completed,HAMMONDS PLAINS,District 14,0,2,Dwelling - Single Detached,44.71767026480384,-63.73614360769738
14825,BPRES-2025-05970,2025-08-13,800000,New Building,New Building,Issued,FALL RIVER,District 01,2,2,Dwelling - Semi-Detached,44.81879685578192,-63.615138215288255
14826,BPRES-2025-05989,2025-07-03,400000,New Building,New Building,Amendment Applicant Revisions,DARTMOUTH,District 06,1,2,Dwelling - Single Detached,44.705268770770935,-63.552535575064745
14827,BPRES-2025-05995,2025-05-12,476000,New Building,New Building,Issued,LAKE EGMONT,District 01,1,1,Dwelling - Single Detached,44.99174810752604,-63.29658097287359
14828,BPRES-2025-06000,,310000,New Building,New Building,Cancelled,BEDFORD,District 16,1,3,Dwelling - Townhouse,44.71883784295931,-63.71782967723138
14829,BPRES-2025-06002,2025-08-26,1860000,New Building,New Building,Issued,BEDFORD,District 16,6,3,Dwelling - Townhouse,44.71839059674074,-63.71801263233415
14830,BPRES-2025-06018,2025-04-30,35000,New Building,New Building,Completed,UPPER TANTALLON,District 13,0,1,Accessory Structure,44.73260601320387,-63.89263082310982
14831,BPRES-2025-06028,2025-12-09,420000,New Building,New Building,Completed,MIDDLE MUSQUODOBOIT,District 01,1,1,Dwelling - Single Detached,45.03217973999482,-63.15879738380645
14832,BPRES-2025-06059,2025-08-11,350000,New Building,New Building,Completed,FALL RIVER,District 01,1,1,Dwelling - Backyard Suite,44.81817217092754,-63.614559961330244
14833,BPRES-2025-06088,2025-05-07,460000,New Building,New Building,Completed,DARTMOUTH,District 06,1,2,Dwelling - Single Detached,44.71578358423509,-63.53988433175397
14834,BPRES-2025-06103,,250000,New Building,New Building,Withdrawn,HUBLEY,District 13,1,2,Dwelling - Single Detached,44.67613246828493,-63.82239729234904
14835,BPRES-2025-06123,2025-05-13,738000,New Building,New Building,Issued,BEDFORD,District 16,1,2,Dwelling - Single Detached,44.70590861266571,-63.72337477097046
14836,BPRES-2025-06136,2025-12-19,295000,New Building,New Building,Completed,BEECH HILL,District 02,1,1,Dwelling - Single Detached,44.77083856095363,-62.917731006950646
14837,BPRES-2025-06145,2025-09-08,450000,New Building,New Building,Issued,PORTERS LAKE,District 02,1,1,Dwelling - Backyard Suite,44.78569568673207,-63.3622089456011
14838,BPRES-2025-06174,2025-05-28,45000,Renovation,Renovation,Completed,HALIFAX,District 09,1,3,Dwelling - Multiple Units,44.641712059957555,-63.61020896282028
14839,BPRES-2025-06219,2025-05-06,89000,New Building,New Building,Completed,HUBLEY,District 13,0,2,Accessory Structure,44.66951000902579,-63.81191854797827
14840,BPRES-2025-06239,2025-05-15,200000,New Building,New Building,Completed,EASTERN PASSAGE,District 03,1,2,Dwelling - Backyard Suite,44.629420326374245,-63.508491029661144
14841,BPRES-2025-06275,,200000,New Building,New Building,Withdrawn,HUBLEY,District 13,1,1,Dwelling - Single Detached,44.67613246828493,-63.82239729234904
14842,BPRES-2025-06290,2025-05-08,41838.13,New Building,New Building,Completed,HAMMONDS PLAINS,District 14,0,1,Accessory Structure,44.7326036014445,-63.80483987089299
14843,BPRES-2025-06320,2025-05-28,100000,New Building,New Building,Issued,HALIFAX,District 09,1,2,Dwelling - Backyard Suite,44.64736312094786,-63.59851855513523
14844,BPRES-2025-06342,2025-05-13,180000,Addition,Addition,Issued,HALIFAX,District 09,0,3,Dwelling - Single Detached,44.64105482609978,-63.607525828042945
14845,BPRES-2025-06352,2025-06-27,30000,New Building,New Building,Issued,MIDDLE SACKVILLE,District 14,0,1,Accessory Structure,44.82133352470052,-63.71375986571267
14846,BPRES-2025-06381,2025-05-26,500000,New Building,New Building,Completed,DARTMOUTH,District 06,2,3,Dwelling - Semi-Detached,44.71420328820761,-63.539275339740996
14847,BPRES-2025-06381,2025-05-26,500000,New Building,New Building,Completed,DARTMOUTH,District 06,2,3,Dwelling - Semi-Detached,44.71420328820761,-63.539275339740996
14848,BPRES-2025-06387,2025-05-13,3000,New Building,New Building,Issued,HAMMONDS PLAINS,District 14,0,1,Accessory Structure,44.71715120385405,-63.749365718429985
14849,BPRES-2025-06391,2025-05-08,500000,New Building,New Building,Completed,DARTMOUTH,District 06,2,3,Dwelling - Semi-Detached,44.71395349788723,-63.53957501491781
14850,BPRES-2025-06403,,13000,Renovation,Renovation,Withdrawn,LOWER SACKVILLE,District 15,1,3,Dwelling - Multiple Units,44.77308473157156,-63.6982630560035
14851,BPRES-2025-06405,2025-09-09,289000,New Building,New Building,Completed,ENFIELD,District 01,1,1,Dwelling - Backyard Suite,44.93625108847589,-63.54379108913739
14852,BPRES-2025-06410,2025-06-13,45000,Renovation,Renovation,Completed,DARTMOUTH,District 05,1,1,Dwelling - Multiple Units,44.668439769137144,-63.58225724725871
14853,BPRES-2025-06415,2025-05-14,30000,New Building,New Building,Completed,WAVERLEY,District 01,0,1,Accessory Structure,44.77778166078883,-63.57899542526673
14854,BPRES-2025-06419,2025-06-10,700000,New Building,New Building,Issued,BEDFORD,District 16,2,1,Dwelling - Multiple Units,44.727749503924095,-63.66915059320316
14855,BPRES-2025-06436,2025-12-02,20000,Renovation,Renovation,Completed,DARTMOUTH,District 05,1,2,Dwelling - Single Detached,44.68311054041842,-63.56607304837155
14856,BPRES-2025-06450,2025-05-14,150000,Renovation,Renovation,Completed,DARTMOUTH,District 05,1,1,Dwelling - Single Detached,44.68013432712624,-63.57893680343832
14857,BPRES-2025-06481,2025-07-09,160000,Addition,Addition,Issued,SHAD BAY,District 13,0,2,Dwelling - Single Detached,44.52095637164301,-63.77866588557515
14858,BPRES-2025-06493,2025-08-28,1800000,New Building,New Building,Issued,PORTERS LAKE,District 02,6,1,Dwelling - Townhouse,44.73996435520785,-63.283035567853226
14859,BPRES-2025-06501,,1800000,New Building,New Building,Withdrawn,,District 02,3,1,Dwelling - Multiple Units,44.739441285603284,-63.283300662987074
14860,BPRES-2025-06505,2025-07-07,600000,New Building,New Building,Completed,LAWRENCETOWN,District 02,1,1,Dwelling - Single Detached,44.65166536738173,-63.404362245168144
14861,BPRES-2025-06513,2025-05-12,43000,Addition,Addition,Completed,FALL RIVER,District 01,0,2,Dwelling - Single Detached,44.83059009817585,-63.60046306818599
14862,BPRES-2025-06521,2025-06-10,6187.92,Renovation,Renovation,Completed,HALIFAX,District 11,0,3,Dwelling - Semi-Detached,44.62847134805721,-63.627257999483355
14863,BPRES-2025-06562,2025-08-07,150000,Addition,Addition,Completed,LAKE ECHO,District 02,1,2,Dwelling - Multiple Units,44.73308918446926,-63.40089126047798
14864,BPRES-2025-06573,2025-06-02,1000,Renovation,Renovation,Completed,HALIFAX,District 08,0,1,Dwelling - Single Detached,44.671621910356,-63.603196342357975
14865,BPRES-2025-06593,2025-11-21,700000,New Building,New Building,Issued,DARTMOUTH,District 05,6,3,Dwelling - Multiple Units,44.68016938196779,-63.55239753016558
14866,BPRES-2025-06631,2025-06-02,80000,Renovation,Renovation,Completed,DARTMOUTH,District 06,1,1,Dwelling - Multiple Units,44.68949631559563,-63.531314000469344
14867,BPRES-2025-06636,2026-02-12,900000,New Building,New Building,Amendment Applicant Revisions,HATCHET LAKE,District 13,1,2,Dwelling - Single Detached,44.574352559297026,-63.71228512487038
14868,BPRES-2025-06655,2025-08-27,5000,Addition,Addition,Issued,MIDDLE SACKVILLE,District 14,0,1,Dwelling - Single Detached,44.78683436760766,-63.698932221842256
14869,BPRES-2025-06676,2025-07-07,25000,Addition,Addition,Completed,HALIFAX,District 10,0,2,Dwelling - Single Detached,44.664968527168675,-63.642984882694215
14870,BPRES-2025-06678,2025-06-09,50000,New Building,New Building,Issued,PORTERS LAKE,District 02,0,1,Accessory Structure,44.73429329039227,-63.31357828379569
14871,BPRES-2025-06701,2025-08-25,40000,Addition,Addition,Issued,HATCHET LAKE,District 13,0,1,Accessory Structure,44.584694445786354,-63.70171724793917
14872,BPRES-2025-06722,2025-06-17,175000,New Building,New Building,Completed,HAMMONDS PLAINS,District 14,1,1,Dwelling - Backyard Suite,44.71750369425488,-63.74072764960565
14873,BPRES-2025-06726,2025-07-21,100000,Addition,Addition,Issued,GLEN HAVEN,District 13,0,2,Dwelling - Single Detached,44.64962283472964,-63.914475067994395
14874,BPRES-2025-06741,2025-06-26,50000,Addition,Addition,Issued,KETCH HARBOUR,District 11,0,2,Dwelling - Single Detached,44.49123584690156,-63.55614371354386
14875,BPRES-2025-06766,2025-05-28,79000,Addition,Addition,Issued,BOUTILIERS POINT,District 13,0,1,Dwelling - Single Detached,44.666885920787465,-63.961419002405975
14876,BPRES-2025-06820,2025-10-16,350000,Renovation,Renovation,Issued,DARTMOUTH,District 05,0,3,Dwelling - Multiple Units,44.6677266839462,-63.56645343015385
14877,BPRES-2025-06832,2025-06-13,150000,New Building,New Building,Issued,DARTMOUTH,District 06,1,1,Dwelling - Backyard Suite,44.70093772984984,-63.53608657821793
14878,BPRES-2025-06833,2025-06-04,40000,Renovation,Renovation,Completed,HALIFAX,District 09,1,2,Dwelling - Multiple Units,44.64840970198914,-63.62607671711777
14879,BPRES-2025-06841,2026-01-21,80000,New Building,New Building,Issued,NORTH PRESTON,District 04,1,1,Dwelling - Backyard Suite,44.718793546480505,-63.45975416321823
14880,BPRES-2025-06879,2025-07-02,400000,New Building,New Building,Issued,WEST PETPESWICK,District 02,1,2,Dwelling - Single Detached,44.73258928546546,-63.16989050479322
14881,BPRES-2025-06891,2025-07-25,318100.39,New Building,New Building,Issued,OYSTER POND,District 02,1,1,Dwelling - Single Detached,44.78294190286422,-63.00298076128338
14882,BPRES-2025-06894,2025-08-05,300000,Addition,Addition,Issued,BEAVER BANK,District 15,1,3,Dwelling - Multiple Units,44.84087957212973,-63.692390003132026
14883,BPRES-2025-06926,2025-06-09,20000,Renovation,Renovation,Issued,MIDDLE SACKVILLE,District 14,1,2,Dwelling - Multiple Units,44.7929603256373,-63.71256611680354
14884,BPRES-2025-06944,2025-05-23,40000,New Building,New Building,Issued,COLE HARBOUR,District 04,0,1,Accessory Structure,44.67961094695745,-63.501107787123935
14885,BPRES-2025-06967,2025-06-23,500000,New Building,New Building,Issued,WEST PORTERS LAKE,District 02,1,2,Dwelling - Single Detached,44.682906774002696,-63.30904616533657
14886,BPRES-2025-06982,2025-07-23,4000,Addition,Addition,Issued,HALIFAX,District 08,0,2,Dwelling - Townhouse,44.66548530270436,-63.60381054027772
14887,BPRES-2025-07006,2025-06-12,12000,New Building,New Building,Issued,HALIFAX,District 11,0,1,Accessory Structure,44.6141329155002,-63.61848385190197
14888,BPRES-2025-07015,,160000,New Building,New Building,Cancelled,MUSQUODOBOIT HARBOUR,District 02,0,1,Accessory Structure,44.78876115416742,-63.144672114353206
14889,BPRES-2025-07028,2025-07-09,80000,New Building,New Building,Completed,WHITES LAKE,District 13,0,2,Accessory Structure,44.517308580716865,-63.74590353483948
14890,BPRES-2025-07069,2025-05-22,465000,New Building,New Building,Completed,DARTMOUTH,District 06,1,2,Dwelling - Single Detached,44.71653264029927,-63.53897464612737
14891,BPRES-2025-07077,2025-05-29,400000,New Building,New Building,Issued,HALIFAX,District 11,4,3,Dwelling - Multiple Units,44.603486603249046,-63.60355702311445
14892,BPRES-2025-07078,2025-05-29,380000,New Building,New Building,Issued,HALIFAX,District 11,3,3,Dwelling - Multiple Units,44.60332211066915,-63.60335126297535
14893,BPRES-2025-07078,2025-05-29,380000,New Building,New Building,Issued,HALIFAX,District 11,3,3,Dwelling - Multiple Units,44.60332211066915,-63.60335126297535
14894,BPRES-2025-07102,,3000,Addition,Addition,Application Incomplete,HALIFAX,District 09,0,1,Dwelling - Single Detached,44.65292781265594,-63.61233151723558
14895,BPRES-2025-07115,2025-05-22,19028,New Building,New Building,Completed,OAKFIELD,District 01,0,1,Accessory Structure,44.92616674576084,-63.56601472514844
14896,BPRES-2025-07119,,100000,Addition,Addition,Application Incomplete,HEAD OF ST MARGARETS BAY,District 13,0,3,Dwelling - Single Detached,44.679694393706455,-63.90230812077775
14897,BPRES-2025-07124,,20000,New Building,New Building,Cancelled,ANTRIM,District 01,0,1,Accessory Structure,44.962894336397724,-63.36358241429301
14898,BPRES-2025-07133,2025-06-09,7000,Renovation,Renovation,Completed,BEDFORD,District 16,0,3,Dwelling - Single Detached,44.708134603199944,-63.6823565126232
14899,BPRES-2025-07158,2025-08-11,200000,New Building,New Building,Amendment Review,WATT SECTION,District 02,1,1,Dwelling - Single Detached,44.88280495208871,-62.4763225389442
14900,BPRES-2025-07187,2025-06-16,80300,New Building,New Building,Issued,HALIFAX,District 08,0,2,Accessory Structure,44.654594622971686,-63.61652237275648
14901,BPRES-2025-07203,2025-05-22,750000,New Building,New Building,Issued,TIMBERLEA,District 12,1,3,Dwelling - Single Detached,44.64383310233775,-63.72422331429223
14902,BPRES-2025-07227,2025-06-05,1500000,New Building,New Building,Issued,HACKETTS COVE,District 13,1,2,Dwelling - Single Detached,44.548195744671986,-63.939377456302864
14903,BPRES-2025-07255,2025-12-01,300000,New Building,New Building,Completed,BEECHVILLE,District 12,1,3,Dwelling - Single Detached,44.63672532785027,-63.6767035419086
14904,BPRES-2025-07264,2025-06-18,175000,Addition,Addition,Issued,HALIFAX,District 09,0,2,Dwelling - Single Detached,44.65166396275556,-63.62278005005404
14905,BPRES-2025-07278,2025-05-29,40000,New Building,New Building,Issued,HATCHET LAKE,District 13,0,1,Accessory Structure,44.57076371458963,-63.71455572609027
14906,BPRES-2025-07285,2025-10-16,80000,Renovation,Renovation,Completed,DARTMOUTH,District 06,2,2,Dwelling - Multiple Units,44.67644493979251,-63.51532456386367
14907,BPRES-2025-07285,2025-10-16,80000,Renovation,Renovation,Completed,DARTMOUTH,District 06,2,2,Dwelling - Multiple Units,44.67644493979251,-63.51532456386367
14908,BPRES-2025-07315,2025-06-09,30000,Renovation,Renovation,Issued,HALIFAX,District 09,0,2,Dwelling - Single Detached,44.64886426632464,-63.598061609511326
14909,BPRES-2025-07331,2025-05-29,80000,New Building,New Building,Issued,LOWER SHIP HARBOUR,District 02,0,1,Accessory Structure,44.788664269536454,-62.84000505032811
14910,BPRES-2025-07362,,30000,Addition,Addition,Applicant Revisions,,District 11,0,1,Accessory Structure,44.62357432250066,-63.58522685358913
14911,BPRES-2025-07446,2025-06-06,350000,New Building,New Building,Completed,PORTERS LAKE,District 02,1,1,Dwelling - Single Detached,44.75796039920114,-63.28555185245903
14912,BPRES-2025-07466,2025-06-23,133331,Renovation,Renovation,Issued,WESTPHAL,District 04,1,1,Dwelling - Multiple Units,44.70887102149907,-63.47380634802487
14913,BPRES-2025-07498,,50000,New Building,New Building,Applicant Revisions,BEAVER BANK,District 15,0,1,Accessory Structure,44.841812518074484,-63.669019898624796
14914,BPRES-2025-07506,,100000,Renovation,Renovation,Cancelled,BEDFORD,District 16,1,1,Dwelling - Multiple Units,44.73678847063796,-63.65803988907438
14915,BPRES-2025-07520,2025-06-05,40000,New Building,New Building,Completed,MIDDLE SACKVILLE,District 14,0,1,Accessory Structure,44.7924238135477,-63.76906973470814
14916,BPRES-2025-07527,2025-07-14,60000,New Building,New Building,Issued,EAST JEDDORE,District 02,1,2,Dwelling - Backyard Suite,44.73083911952459,-63.00413409635486
14917,BPRES-2025-07535,2025-06-16,5000,New Building,New Building,Issued,TIMBERLEA,District 12,0,1,Accessory Structure,44.64648586119756,-63.73556691183157
14918,BPRES-2025-07575,2025-05-27,43000,New Building,New Building,Issued,BEAVER BANK,District 15,0,1,Accessory Structure,44.83077512640042,-63.68467373378656
14919,BPRES-2025-07579,2025-05-28,300000,New Building,New Building,Issued,BEECHVILLE,District 12,1,3,Dwelling - Single Detached,44.63771659514968,-63.6750651370997
14920,BPRES-2025-07605,2025-10-09,150000,Addition,Addition,Issued,DARTMOUTH,District 05,1,2,Dwelling - Multiple Units,44.667124028043254,-63.579577882837896
14921,BPRES-2025-07636,2025-05-26,750000,New Building,New Building,Issued,TIMBERLEA,District 12,1,2,Dwelling - Single Detached,44.64398662601045,-63.72445984646608
14922,BPRES-2025-07646,2025-05-27,750000,New Building,New Building,Issued,TIMBERLEA,District 12,1,2,Dwelling - Single Detached,44.64405463516598,-63.72456330254292
14923,BPRES-2025-07651,2025-06-06,400000,New Building,New Building,Issued,HALIFAX,District 11,4,2,Dwelling - Multiple Units,44.58643390456234,-63.58850070061484
14924,BPRES-2025-07651,2025-06-06,400000,New Building,New Building,Issued,HALIFAX,District 11,4,2,Dwelling - Multiple Units,44.58643390456234,-63.58850070061484
14925,BPRES-2025-07652,2025-06-06,400000,New Building,New Building,Issued,HALIFAX,District 11,4,2,Dwelling - Multiple Units,44.58653464947561,-63.588632357371104
14926,BPRES-2025-07652,2025-06-06,400000,New Building,New Building,Issued,HALIFAX,District 11,4,2,Dwelling - Multiple Units,44.58653464947561,-63.588632357371104
14927,BPRES-2025-07676,2025-05-29,75000,Renovation,Renovation,Completed,DARTMOUTH,District 03,0,1,Dwelling - Single Detached,44.6642396429609,-63.51951335229228
14928,BPRES-2025-07682,2025-05-27,200000,New Building,New Building,Issued,BEECHVILLE,District 12,1,3,Dwelling - Single Detached,44.637339931063224,-63.675605610047555
14929,BPRES-2025-07687,2025-05-27,200000,New Building,New Building,Completed,BEECHVILLE,District 12,1,3,Dwelling - Single Detached,44.63738551679666,-63.675490544316766
14930,BPRES-2025-07693,2025-05-30,200000,New Building,New Building,Completed,BEECHVILLE,District 12,1,3,Dwelling - Single Detached,44.63717760905121,-63.67511328965617
14931,BPRES-2025-07723,2025-09-09,35000,New Building,New Building,Issued,LAKE ECHO,District 02,0,1,Accessory Structure,44.73949290375221,-63.383124507302455
14932,BPRES-2025-07750,2025-07-04,10000,New Building,New Building,Completed,ELMSDALE,District 01,0,1,Accessory Structure,44.961888234505615,-63.48832477883962
14933,BPRES-2025-07762,2025-10-29,300000,New Building,New Building,Issued,HALIFAX,District 10,1,2,Dwelling - Single Detached,44.678592146241726,-63.6555850424984
14934,BPRES-2025-07772,2025-06-20,11000,New Building,New Building,Issued,BALD ROCK,District 11,0,1,Accessory Structure,44.4692259308006,-63.580342631139835
14935,BPRES-2025-07822,2025-07-09,110000,Renovation,Renovation,Completed,HALIFAX,District 10,1,2,Dwelling - Multiple Units,44.67942955284247,-63.65694513975683
14936,BPRES-2025-07841,2025-11-03,300000,New Building,New Building,Issued,HALIFAX,District 10,1,2,Dwelling - Single Detached,44.67869194444959,-63.65569280422966
14937,BPRES-2025-07846,,400000,New Building,New Building,Withdrawn,BEDFORD,District 16,1,2,Dwelling - Single Detached,44.71974667163083,-63.654264142103344
14938,BPRES-2025-07852,2025-06-02,5500,Renovation,Renovation,Completed,HALIFAX,District 11,0,1,Dwelling - Multiple Units,44.608671926527904,-63.62234166582904
14939,BPRES-2025-07877,2025-07-22,100000,Renovation,Renovation,Issued,HALIFAX,District 09,0,1,Accessory Structure,44.64629467678878,-63.5995138114959
14940,BPRES-2025-07943,2025-06-09,565000,New Building,New Building,Issued,FALL RIVER,District 01,1,2,Dwelling - Single Detached,44.83912542388499,-63.64219003035583
14941,BPRES-2025-07959,2025-06-11,49020,New Building,New Building,Issued,OWLS HEAD,District 02,0,1,Accessory Structure,44.73576256006841,-62.83951870248827
14942,BPRES-2025-07965,2025-06-09,550000,New Building,New Building,Completed,FALL RIVER,District 01,2,2,Dwelling - Multiple Units,44.83788064343535,-63.642066529097306
14943,BPRES-2025-07983,2025-06-12,15000,Renovation,Renovation,Completed,HALIFAX,District 11,1,2,Dwelling - Multiple Units,44.59301345054011,-63.63738844960295
14944,BPRES-2025-08017,2025-08-27,250000,New Building,New Building,Completed,MIDDLE SACKVILLE,District 14,1,1,Dwelling - Backyard Suite,44.79292373699082,-63.7592158935361
14945,BPRES-2025-08042,2025-09-16,124000,Renovation,Renovation,Issued,COW BAY,District 03,0,2,Dwelling - Single Detached,44.62765023664137,-63.42030138668353
14946,BPRES-2025-08044,2025-06-12,432500,New Building,New Building,Completed,LAWRENCETOWN,District 02,1,1,Dwelling - Single Detached,44.650525431078556,-63.40475506592759
14947,BPRES-2025-08049,,50000,Renovation,Renovation,Withdrawn,DARTMOUTH,District 06,1,1,Dwelling - Single Detached,44.681112291210816,-63.52350922219546
14948,BPRES-2025-08069,2025-06-24,500000,New Building,New Building,Issued,BEDFORD,District 16,1,2,Dwelling - Single Detached,44.71937145271777,-63.71760618925305
14949,BPRES-2025-08075,2025-06-24,80000,New Building,New Building,Completed,WILLIAMSWOOD,District 11,0,1,Accessory Structure,44.529237590653246,-63.64370043536058
14950,BPRES-2025-08078,2025-06-26,500000,New Building,New Building,Issued,BEDFORD,District 16,1,3,Dwelling - Single Detached,44.719030881944875,-63.717213753660104
14951,BPRES-2025-08100,2025-07-08,25000,Renovation,Renovation,Issued,BEDFORD,District 16,1,2,Dwelling - Multiple Units,44.706681711997845,-63.665887643338536
14952,BPRES-2025-08123,2025-07-16,65413,Renovation,Renovation,Issued,HALIFAX,District 09,0,2,Dwelling - Single Detached,44.643991725917594,-63.609751169691464
14953,BPRES-2025-08139,2025-06-05,180000,New Building,New Building,Issued,PLEASANT VALLEY,District 01,1,1,Dwelling - Single Detached,45.09086540954975,-62.87235440130634
14954,BPRES-2025-08142,2025-06-30,20000,New Building,New Building,Issued,PLEASANT VALLEY,District 01,0,1,Accessory Structure,45.09086540954975,-62.87235440130634
14955,BPRES-2025-08155,2026-04-27,10000,Renovation,Renovation,Issued,WEST PORTERS LAKE,District 02,1,2,Dwelling - Backyard Suite,44.67426322813649,-63.30719475321577
14956,BPRES-2025-08163,2025-07-10,125000,Addition,Addition,Issued,DARTMOUTH,District 05,0,2,Dwelling - Single Detached,44.670263156382944,-63.559019855504154
14957,BPRES-2025-08173,2025-06-18,260000,New Building,New Building,Completed,FALL RIVER,District 01,1,1,Dwelling - Backyard Suite,44.82851465443449,-63.59792943429752
14958,BPRES-2025-08189,2025-07-24,150000,New Building,New Building,Issued,WHITES LAKE,District 13,1,1,Dwelling - Backyard Suite,44.52301992386275,-63.757752307618894
14959,BPRES-2025-08195,2025-06-09,400000,New Building,New Building,Completed,EAST PETPESWICK,District 02,1,2,Dwelling - Single Detached,44.73763294951656,-63.14892339045345
14960,BPRES-2025-08203,2025-06-09,150000,New Building,New Building,Issued,COLE HARBOUR,District 04,1,2,Dwelling - Backyard Suite,44.67379761962035,-63.488879094250805
14961,BPRES-2025-08222,2025-06-09,440000,New Building,New Building,Completed,FLETCHERS LAKE,District 01,1,2,Dwelling - Single Detached,44.843781312368726,-63.60428744242675
14962,BPRES-2025-08225,2025-06-05,20000,Renovation,Renovation,Completed,HALIFAX,District 09,0,2,Dwelling - Single Detached,44.642400421926155,-63.610771373649
14963,BPRES-2025-08236,,35000,New Building,New Building,Applicant Revisions,BEDFORD,District 16,0,1,Accessory Structure,44.72200795078568,-63.66965090046495
14964,BPRES-2025-08259,2025-06-09,35000,New Building,New Building,Issued,COLE HARBOUR,District 04,0,1,Accessory Structure,44.66575997773892,-63.49503987515057
14965,BPRES-2025-08275,2025-06-04,300000,New Building,New Building,Completed,BEAVER BANK,District 15,1,2,Dwelling - Single Detached,44.827101461129466,-63.67230034252824
14966,BPRES-2025-08281,2025-06-05,300000,New Building,New Building,Completed,BEAVER BANK,District 15,1,2,Dwelling - Single Detached,44.827297070718636,-63.67216007058153
14967,BPRES-2025-08307,2025-06-04,30000,New Building,New Building,Issued,HALIFAX,District 11,0,1,Accessory Structure,44.621560104153424,-63.61459708344554
14968,BPRES-2025-08334,,1000000,New Building,New Building,Withdrawn,HALIFAX,District 08,3,2,Dwelling - Multiple Units,44.666179423136725,-63.59789668200344
14969,BPRES-2025-08345,2025-07-02,37000,New Building,New Building,Issued,TANTALLON,District 13,0,1,Accessory Structure,44.64966216356245,-63.900335776339695
14970,BPRES-2025-08348,2025-10-24,200000,New Building,New Building,Completed,BEECHVILLE,District 12,1,3,Dwelling - Single Detached,44.63708527570942,-63.6771402800128
14971,BPRES-2025-08353,2025-07-14,400000,New Building,New Building,Issued,WEST PETPESWICK,District 02,1,2,Dwelling - Single Detached,44.77721569598183,-63.15770385775764
14972,BPRES-2025-08372,2025-06-10,15000,New Building,New Building,Issued,COLE HARBOUR,District 04,0,1,Accessory Structure,44.676267994147544,-63.483525282463106
14973,BPRES-2025-08382,2025-07-04,120000,Renovation,Renovation,Issued,LOWER SACKVILLE,District 15,1,1,Dwelling - Single Detached,44.766098997427484,-63.666825557758074
14974,BPRES-2025-08399,2025-07-03,18000,Renovation,Renovation,Issued,COLE HARBOUR,District 04,1,1,Dwelling - Single Detached,44.677568909270825,-63.48246066145562
14975,BPRES-2025-08409,2025-06-09,425000,New Building,New Building,Completed,GOFFS,District 01,1,1,Dwelling - Single Detached,44.88486375724605,-63.484908526902736
14976,BPRES-2025-08436,2025-06-12,50000,Renovation,Renovation,Completed,EAST LAWRENCETOWN,District 02,1,2,Dwelling - Multiple Units,44.6534630056388,-63.34011916112043
14977,BPRES-2025-08474,2025-07-07,10000,Addition,Addition,Completed,BROOKSIDE,District 13,0,2,Dwelling - Single Detached,44.52726942182406,-63.705415080797074
14978,BPRES-2025-08489,2025-06-23,275000,New Building,New Building,Completed,SEAFORTH,District 02,1,1,Dwelling - Single Detached,44.656500542478895,-63.27812709943828
14979,BPRES-2025-08524,2025-07-21,500000,New Building,New Building,Issued,BEDFORD,District 16,1,2,Dwelling - Single Detached,44.72066758558806,-63.717021817554574
14980,BPRES-2025-08557,2025-07-16,95000,New Building,New Building,Amendment Review,PORTERS LAKE,District 02,1,2,Dwelling - Backyard Suite,44.74361663047235,-63.3440434116278
14981,BPRES-2025-08564,2025-08-28,430000,New Building,New Building,Issued,EAST PETPESWICK,District 02,1,2,Dwelling - Single Detached,44.73236631394773,-63.15545232732887
14982,BPRES-2025-08571,2025-12-11,80000,Renovation,Renovation,Issued,HALIFAX,District 10,1,1,Dwelling - Backyard Suite,44.65361825481375,-63.63361649887964
14983,BPRES-2025-08580,2025-07-07,450000,New Building,New Building,Issued,BOUTILIERS POINT,District 13,1,1,Dwelling - Single Detached,44.66274501594175,-63.949298609612384
14984,BPRES-2025-08601,2025-06-17,40000,Renovation,Renovation,Issued,EAST PETPESWICK,District 02,0,1,Dwelling - Backyard Suite,44.6870947216752,-63.14907071073711
14985,BPRES-2025-08616,2025-06-09,200000,New Building,New Building,Completed,BEECHVILLE,District 12,1,3,Dwelling - Single Detached,44.63714714124169,-63.67701164750232
14986,BPRES-2025-08621,2025-08-13,325000,New Building,New Building,Issued,EAST CHEZZETCOOK,District 02,1,1,Dwelling - Single Detached,44.71581544679155,-63.22956878742979
14987,BPRES-2025-08627,2025-07-29,2000,Renovation,Renovation,Completed,TIMBERLEA,District 12,0,2,Dwelling - Semi-Detached,44.65023787885556,-63.740553220732224
14988,BPRES-2025-08647,2025-10-03,350000,Addition,Addition,Amendment Review,HALIFAX,District 07,-1,3,Dwelling - Multiple Units,44.63035896265756,-63.57335697492859
14989,BPRES-2025-08658,2025-06-16,550000,New Building,New Building,Completed,WHITES LAKE,District 13,1,1,Dwelling - Single Detached,44.51846514219766,-63.75283717048488
14990,BPRES-2025-08688,2025-06-17,6000,Renovation,Renovation,Completed,DARTMOUTH,District 06,1,2,Dwelling - Multiple Units,44.68066839250736,-63.54692750324375
14991,BPRES-2025-08696,2025-12-30,75000,Renovation,Renovation,Amendment Applicant Revisions,FLETCHERS LAKE,District 01,1,1,Dwelling - Multiple Units,44.842520068993466,-63.602494020124055
14992,BPRES-2025-08716,2025-11-25,10000,Addition,Addition,Issued,LOWER SACKVILLE,District 15,0,2,Dwelling - Multiple Units,44.76486426159956,-63.672514166326955
14993,BPRES-2025-08724,2025-06-11,315000,New Building,New Building,Completed,DARTMOUTH,District 06,1,2,Dwelling - Single Detached,44.715069878385535,-63.54395516164825
14994,BPRES-2025-08730,2025-06-12,340000,New Building,New Building,Completed,DARTMOUTH,District 06,2,2,Dwelling - Multiple Units,44.71496629657559,-63.543956215988274
14995,BPRES-2025-08736,2025-08-20,50000,Renovation,Renovation,Completed,TIMBERLEA,District 12,1,3,Dwelling - Multiple Units,44.650296578598464,-63.73888831474137
14996,BPRES-2025-08755,2025-10-14,98900,New Building,New Building,Completed,INGRAMPORT,District 13,1,1,Dwelling - Single Detached,44.65615768928342,-63.9705097109328
14997,BPRES-2025-08768,2025-07-08,30000,Renovation,Renovation,Completed,DARTMOUTH,District 06,1,2,Dwelling - Multiple Units,44.688104438914856,-63.52997973382152
14998,BPRES-2025-08785,2025-06-19,2500,Renovation,Renovation,Completed,MIDDLE SACKVILLE,District 14,0,2,Dwelling - Single Detached,44.78753561414964,-63.75114561310854
14999,BPRES-2025-08792,2025-06-19,354000,New Building,New Building,Completed,DARTMOUTH,District 06,1,2,Dwelling - Single Detached,44.715109454831875,-63.544514697860684
15000,BPRES-2025-08807,2025-08-01,30000,Addition,Addition,Issued,LOWER EAST CHEZZETCOOK,District 02,1,1,Dwelling - Multiple Units,44.69244266848027,-63.208138676644666
15001,BPRES-2025-08818,2025-08-25,44600,Renovation,Renovation,Issued,DARTMOUTH,District 06,1,2,Dwelling - Multiple Units,44.67690565491944,-63.544324475206906
15002,BPRES-2025-08847,2025-10-29,7075569,New Building,New Building,Issued,WESTPHAL,District 04,20,1,Dwelling - Townhouse,44.696047659511,-63.494221947195484
15003,BPRES-2025-08864,2025-06-19,300,Renovation,Renovation,Issued,LOWER SACKVILLE,District 15,0,1,Dwelling - Single Detached,44.770573668595084,-63.70324130317276
15004,BPRES-2025-08930,2025-06-16,300000,New Building,New Building,Completed,BEECHVILLE,District 12,1,3,Dwelling - Single Detached,44.636862941380784,-63.67731392746216
15005,BPRES-2025-08932,2025-06-16,300000,New Building,New Building,Completed,BEECHVILLE,District 12,1,3,Dwelling - Single Detached,44.63632130001597,-63.676438634635474
15006,BPRES-2025-08934,2025-06-16,300000,New Building,New Building,Completed,BEECHVILLE,District 12,1,3,Dwelling - Single Detached,44.636563084750186,-63.67656244324313
15007,BPRES-2025-08936,2025-06-16,300000,New Building,New Building,Completed,BEECHVILLE,District 12,1,3,Dwelling - Single Detached,44.63664448780485,-63.676632963288014
15008,BPRES-2025-08954,2025-06-19,100000,New Building,New Building,Completed,OAKFIELD,District 01,0,1,Accessory Structure,44.91386610355917,-63.58321064782597
15009,BPRES-2025-08963,2025-07-09,45000,Renovation,Renovation,Issued,WINDSOR JUNCTION,District 01,0,1,Dwelling - Single Detached,44.79529483651869,-63.64232766869994
15010,BPRES-2025-09001,2025-07-18,90000,Renovation,Renovation,Completed,EASTERN PASSAGE,District 03,1,2,Dwelling - Multiple Units,44.61516823551683,-63.471697890923046
15011,BPRES-2025-09020,,20000,New Building,New Building,Applicant Revisions,CONROD SETTLEMENT,District 02,0,1,Accessory Structure,44.762993236450264,-63.248826473056525
15012,BPRES-2025-09031,,11500,Renovation,Renovation,Applicant Revisions,TIMBERLEA,District 12,0,1,Dwelling - Single Detached,44.65774394184502,-63.749157020526326
15013,BPRES-2025-09050,2025-06-24,200000,New Building,New Building,Issued,BEECHVILLE,District 12,1,3,Dwelling - Single Detached,44.637575747512024,-63.67480688912086
15014,BPRES-2025-09057,2025-06-23,200000,New Building,New Building,Completed,BEECHVILLE,District 12,1,3,Dwelling - Single Detached,44.6373722505057,-63.67465730054989
15015,BPRES-2025-09067,2025-06-24,200000,New Building,New Building,Issued,BEECHVILLE,District 12,1,3,Dwelling - Single Detached,44.6371829806586,-63.67460178996007
15016,BPRES-2025-09098,2025-06-27,550000,New Building,New Building,Completed,BROOKSIDE,District 13,1,1,Dwelling - Single Detached,44.52794036603214,-63.70895526823185
15017,BPRES-2025-09121,2026-06-10,20000,New Building,New Building,Issued,HALIFAX,District 10,1,1,Dwelling - Backyard Suite,44.657108141955916,-63.63616690016003
15018,BPRES-2025-09130,2025-06-27,220000,New Building,New Building,Issued,MUSQUODOBOIT HARBOUR,District 02,1,1,Dwelling - Single Detached,44.78113419779249,-63.12589781514758
15019,BPRES-2025-09141,2025-09-26,200000,Addition,Addition,Issued,INGRAMPORT,District 13,0,2,Dwelling - Single Detached,44.67368959543486,-63.96581795649349
15020,BPRES-2025-09178,2025-06-24,20000,New Building,New Building,Issued,BEECHVILLE,District 12,0,1,Accessory Structure,44.63246919400655,-63.685173193390106
15021,BPRES-2025-09198,2025-07-04,85000,Renovation,Renovation,Completed,HALIFAX,District 11,1,3,Dwelling - Multiple Units,44.61829727609818,-63.61362000083862
15022,BPRES-2025-09200,2025-08-15,550000,New Building,New Building,Issued,LEWIS LAKE,District 13,2,3,Dwelling - Semi-Detached,44.68355396687237,-63.842002871191276
15023,BPRES-2025-09216,2025-08-26,50000,New Building,New Building,Issued,LAKE ECHO,District 02,0,2,Accessory Structure,44.73134320429077,-63.382265695176905
15024,BPRES-2025-09244,,600000,Addition,Addition,Withdrawn,HALIFAX,District 07,3,3,Dwelling - Multiple Units,44.6393874035117,-63.59599623822046
15025,BPRES-2025-09285,2025-07-16,1250000,New Building,New Building,Issued,,District 06,5,3,Dwelling - Townhouse,,
15026,BPRES-2025-09295,2025-08-20,300000,Addition,Addition,Issued,EASTERN PASSAGE,District 03,1,2,Dwelling - Multiple Units,44.62407291028307,-63.45668447449312
15027,BPRES-2025-09307,2025-07-11,24290,Renovation,Renovation,Completed,HALIFAX,District 10,1,1,Dwelling - Multiple Units,44.661234368017205,-63.633650478318444
15028,BPRES-2025-09334,2025-07-18,250000,Renovation,Renovation,Issued,HALIFAX,District 09,0,2,Dwelling - Single Detached,44.63728626323524,-63.62209666899519
15029,BPRES-2025-09347,2025-08-06,300000,New Building,New Building,Completed,OYSTER POND,District 02,1,2,Dwelling - Single Detached,44.76460361286219,-62.99257531292193
15030,BPRES-2025-09379,2025-07-02,30000,New Building,New Building,Issued,BOUTILIERS POINT,District 13,0,1,Accessory Structure,44.660560040305455,-63.94860416764129
15031,BPRES-2025-09397,2025-07-21,1250000,New Building,New Building,Issued,,District 06,5,3,Dwelling - Townhouse,,
15032,BPRES-2025-09400,2025-11-05,990000,New Building,New Building,Issued,MIDDLE SACKVILLE,District 14,1,2,Dwelling - Single Detached,44.79583029356915,-63.77069294144633
15033,BPRES-2025-09407,2025-06-30,33750,Renovation,Renovation,Completed,HALIFAX,District 09,0,2,Dwelling - Single Detached,44.64212005486659,-63.60048054762923
15034,BPRES-2025-09417,2025-09-23,112500,Addition,Addition,Issued,EAST PRESTON,District 04,1,2,Dwelling - Multiple Units,44.711480998650266,-63.411026896146645
15035,BPRES-2025-09424,2025-07-18,750000,New Building,New Building,Amendment Review,LAKE EGMONT,District 01,1,1,Dwelling - Single Detached,44.99518416785396,-63.30037969937444
15036,BPRES-2025-09443,2025-09-19,200000,New Building,New Building,Amendment Review,LOWER EAST CHEZZETCOOK,District 02,1,1,Dwelling - Single Detached,44.69966305583189,-63.186403100273644
15037,BPRES-2025-09460,2025-08-06,382000,New Building,New Building,Completed,,District 02,1,1,Dwelling - Backyard Suite,44.72490622964744,-63.23104687754933
15038,BPRES-2025-09497,2025-10-15,60000,Addition,Addition,Issued,GLEN HAVEN,District 13,0,2,Dwelling - Single Detached,44.650822497433765,-63.92719158707282
15039,BPRES-2025-09500,2025-07-17,1500000,New Building,New Building,Issued,,District 06,6,3,Dwelling - Townhouse,,
15040,BPRES-2025-09535,2025-08-07,160000,New Building,New Building,Completed,DUTCH SETTLEMENT,District 01,1,1,Dwelling - Backyard Suite,44.98637683570904,-63.42829028086678
15041,BPRES-2025-09549,2025-12-11,25000,New Building,New Building,Issued,BEDFORD,District 16,0,1,Accessory Structure,44.7177956296875,-63.659275812368705
15042,BPRES-2025-09555,2025-09-08,500000,New Building,New Building,Issued,HALIFAX,District 11,4,2,Dwelling - Semi-Detached,44.62091672769908,-63.62063430524633
15043,BPRES-2025-09555,2025-09-08,500000,New Building,New Building,Issued,HALIFAX,District 11,4,2,Dwelling - Semi-Detached,44.62091672769908,-63.62063430524633
15044,BPRES-2025-09571,2025-08-18,40000,Addition,Addition,Issued,DARTMOUTH,District 06,0,1,Dwelling - Single Detached,44.724213199027254,-63.537242284863126
15045,BPRES-2025-09591,2025-07-15,8000,Renovation,Renovation,Issued,DARTMOUTH,District 05,0,2,Dwelling - Semi-Detached,44.6689258171077,-63.558586194214755
15046,BPRES-2025-09663,2025-07-07,20000,New Building,New Building,Completed,BOUTILIERS POINT,District 13,0,1,Accessory Structure,44.66274501594175,-63.949298609612384
15047,BPRES-2025-09681,2025-07-08,300000,New Building,New Building,Issued,BEAVER BANK,District 15,1,2,Dwelling - Single Detached,44.82649743014249,-63.67343300134203
15048,BPRES-2025-09687,2025-07-08,300000,New Building,New Building,Issued,BEAVER BANK,District 15,1,3,Dwelling - Single Detached,44.82655249392995,-63.67310436982087
15049,BPRES-2025-09690,2025-07-08,310000,New Building,New Building,Issued,BEAVER BANK,District 15,2,3,Dwelling - Multiple Units,44.82660694207492,-63.6729638531155
15050,BPRES-2025-09699,2025-07-09,315000,New Building,New Building,Issued,DARTMOUTH,District 06,1,2,Dwelling - Single Detached,44.71537460101463,-63.543878446153165
15051,BPRES-2025-09702,2025-07-10,340000,New Building,New Building,Completed,DARTMOUTH,District 06,2,3,Dwelling - Multiple Units,44.715275105488466,-63.54391534717512
15052,BPRES-2025-09708,2025-07-10,440000,New Building,New Building,Completed,DARTMOUTH,District 06,1,2,Dwelling - Single Detached,44.71565461794791,-63.53990689283322
15053,BPRES-2025-09716,2025-08-11,50000,Addition,Addition,Issued,HALIBUT BAY,District 11,0,2,Dwelling - Single Detached,44.548235685490106,-63.55147750491969
15054,BPRES-2025-09725,2025-07-28,80000,New Building,New Building,Issued,HERRING COVE,District 11,0,2,Accessory Structure,44.57919526103575,-63.57943331934826
15055,BPRES-2025-09780,2025-09-25,300000,New Building,New Building,Issued,LUCASVILLE,District 14,0,1,Accessory Structure,44.76504144550175,-63.712316437317185
15056,BPRES-2025-09821,,120000,New Building,New Building,Application Incomplete,OSTREA LAKE,District 02,1,2,Dwelling - Backyard Suite,44.753709918038744,-63.108160119299065
15057,BPRES-2025-09852,2025-07-08,8500,New Building,New Building,Issued,LOWER SACKVILLE,District 15,0,1,Accessory Structure,44.76255481559202,-63.68387186449858
15058,BPRES-2025-09870,2025-07-25,260000,Addition,Addition,Completed,LUCASVILLE,District 14,1,1,Dwelling - Multiple Units,44.76256965481725,-63.726909055742794
15059,BPRES-2025-09879,2025-07-17,18000,Addition,Addition,Issued,HAMMONDS PLAINS,District 14,0,2,Dwelling - Single Detached,44.72344436628126,-63.82271758969564
15060,BPRES-2025-09917,2025-08-21,5000,Renovation,Renovation,Issued,HERRING COVE,District 11,1,2,Dwelling - Multiple Units,44.5700482279742,-63.55960144484416
15061,BPRES-2025-09920,2025-07-17,500000,New Building,New Building,Issued,BROOKSIDE,District 13,1,1,Dwelling - Single Detached,44.52682067942752,-63.70937238919861
15062,BPRES-2025-09954,2025-09-09,10000,Addition,Addition,Issued,MOSER RIVER,District 02,0,1,Dwelling - Single Detached,45.006059003870355,-62.26891076274238
15063,BPRES-2025-09963,2025-11-25,200000,New Building,New Building,Issued,GRAND LAKE,District 01,2,2,Dwelling - Backyard Suite,44.87862431888892,-63.57143438217499
15064,BPRES-2025-09967,2025-07-28,140000,New Building,New Building,Issued,COLLEGE LAKE,District 01,1,1,Dwelling - Single Detached,45.23131296289396,-62.79897276967544
15065,BPRES-2025-09972,2025-08-27,5000,New Building,New Building,Issued,PEGGYS COVE,District 13,0,1,Accessory Structure,44.49400454088902,-63.91510912352109
15066,BPRES-2025-10012,2025-07-18,55663,New Building,New Building,Completed,UPPER SACKVILLE,District 14,0,1,Accessory Structure,44.80423102800295,-63.75305207955254
15067,BPRES-2025-10030,2025-07-21,220000,New Building,New Building,Completed,DARTMOUTH,District 03,1,1,Dwelling - Backyard Suite,44.65883258109109,-63.50026584992375
15068,BPRES-2025-10044,2025-07-11,800000,New Building,New Building,Issued,OAKFIELD,District 01,1,2,Dwelling - Single Detached,44.91295395891527,-63.58372182356098
15069,BPRES-2025-10080,2025-09-02,200000,New Building,New Building,Issued,WELLINGTON,District 01,1,2,Dwelling - Single Detached,44.88843948077399,-63.629962417444546
15070,BPRES-2025-10122,2025-07-18,15000,Renovation,Renovation,Issued,BEAVER BANK,District 15,0,1,Accessory Structure,44.808443766118344,-63.68490895766766
15071,BPRES-2025-10125,2025-07-21,20000,Addition,Addition,Issued,DARTMOUTH,District 03,0,2,Dwelling - Single Detached,44.645761381914156,-63.53969431025118
15072,BPRES-2025-10134,,60000,Addition,Addition,Applicant Revisions,HALIFAX,District 08,1,2,Dwelling - Backyard Suite,44.67141560552181,-63.60783200428478
15073,BPRES-2025-10164,2025-07-21,10000,Renovation,Renovation,Completed,LOWER SACKVILLE,District 15,0,1,Dwelling - Single Detached,44.778194790019526,-63.68318553511488
15074,BPRES-2025-10174,2025-07-08,146000,Addition,Addition,Issued,HALIFAX,District 07,0,3,Dwelling - Single Detached,44.640311464849155,-63.59505792543879
15075,BPRES-2025-10197,2025-07-09,30000,Addition,Addition,Completed,WESTPHAL,District 04,0,1,Dwelling - Single Detached,44.696274868550354,-63.49019233531779
15076,BPRES-2025-10211,2025-08-06,620000,New Building,New Building,Issued,FALL RIVER,District 01,1,2,Dwelling - Single Detached,44.84301913087604,-63.636759897037734
15077,BPRES-2025-10224,2025-10-31,150000,New Building,New Building,Issued,DUNCANS COVE,District 11,1,2,Dwelling - Single Detached,44.49955844484731,-63.52737239206833
15078,BPRES-2025-10254,2025-08-28,90000,Addition,Addition,Issued,HUBLEY,District 13,1,1,Dwelling - Multiple Units,44.66211540638378,-63.794958879926035
15079,BPRES-2025-10262,2025-07-31,30000,Renovation,Renovation,Issued,HALIFAX,District 09,0,2,Dwelling - Single Detached,44.648548288326644,-63.599533982168474
15080,BPRES-2025-10283,,20000,Renovation,Renovation,Application Incomplete,HAMMONDS PLAINS,District 14,0,1,Dwelling - Multiple Units,44.72764515669284,-63.74734912544952
15081,BPRES-2025-10303,2025-07-24,400000,New Building,New Building,Issued,DARTMOUTH,District 06,1,2,Dwelling - Single Detached,44.71373069368932,-63.5446899555169
15082,BPRES-2025-10317,2025-09-04,100000,Renovation,Renovation,Issued,HEAD OF JEDDORE,District 02,0,2,Dwelling - Single Detached,44.777442463159254,-63.06420252827729
15083,BPRES-2025-10326,2025-08-12,200000,New Building,New Building,Issued,MIDDLE SACKVILLE,District 14,1,2,Dwelling - Single Detached,44.80369002726764,-63.76300992021563
15084,BPRES-2025-10328,2025-08-12,,New Building,New Building,Issued,MIDDLE SACKVILLE,District 14,1,1,Dwelling - Single Detached,44.79842792750226,-63.76762581552673
15085,BPRES-2025-10330,2025-12-11,150000,New Building,New Building,Issued,SEAFORTH,District 02,1,1,Dwelling - Single Detached,44.67976940341544,-63.258206171758324
15086,BPRES-2025-10348,2025-07-25,31000,Renovation,Renovation,Issued,HALIFAX,District 07,0,2,Dwelling - Single Detached,44.63409806886715,-63.585357343041906
15087,BPRES-2025-10369,2025-09-09,800000,New Building,New Building,Completed,DARTMOUTH,District 05,6,3,Dwelling - Multiple Units,44.680221152883554,-63.58814645673634
15088,BPRES-2025-10377,2025-07-22,65000,Renovation,Renovation,Issued,DARTMOUTH,District 06,0,2,Dwelling - Single Detached,44.68932748443562,-63.55648646482583
15089,BPRES-2025-10383,,3000,Renovation,Renovation,Applicant Revisions,DARTMOUTH,District 03,1,2,Dwelling - Multiple Units,44.6642706195419,-63.55188827458532
15090,BPRES-2025-10398,2025-11-03,2737428,New Building,New Building,Issued,WEST PORTERS LAKE,District 02,14,2,Dwelling - Townhouse,44.68587537187557,-63.319618473137375
15091,BPRES-2025-10420,2025-07-17,1000,Renovation,Renovation,Completed,DARTMOUTH,District 05,0,1,Dwelling - Single Detached,44.66970164105731,-63.557499128197385
15092,BPRES-2025-10425,2025-08-08,240000,New Building,New Building,Amendment Applicant Revisions,COW BAY,District 03,2,1,Dwelling - Single Detached,44.61974246785224,-63.439540024125954
15093,BPRES-2025-10452,,50000,New Building,New Building,Applicant Revisions,MUSQUODOBOIT HARBOUR,District 02,0,1,Accessory Structure,44.78638513009957,-63.183040846649256
15094,BPRES-2025-10484,2025-07-31,12000,Renovation,Renovation,Issued,HALIFAX,District 08,0,2,Dwelling - Single Detached,44.66601610799654,-63.600239824008476
15095,BPRES-2025-10508,2025-07-17,30000,New Building,New Building,Completed,WHITES LAKE,District 13,0,1,Accessory Structure,44.54600648616283,-63.73593035376926
15096,BPRES-2025-10521,2025-07-15,46000,New Building,New Building,Issued,HALIFAX,District 10,0,1,Accessory Structure,44.67831267470875,-63.656701494163435
15097,BPRES-2025-10535,2025-12-10,46400,New Building,New Building,Issued,MIDDLE SACKVILLE,District 14,0,1,Accessory Structure,44.80675586216416,-63.735718017899515
15098,BPRES-2025-10539,,500000,New Building,New Building,Withdrawn,HALIFAX,District 11,4,2,Dwelling - Semi-Detached,44.601786664096394,-63.60476699494026
15099,BPRES-2025-10539,,500000,New Building,New Building,Withdrawn,HALIFAX,District 11,4,2,Dwelling - Semi-Detached,44.601786664096394,-63.60476699494026
15100,BPRES-2025-10558,2025-10-29,60000,New Building,New Building,Issued,EASTERN PASSAGE,District 03,0,2,Accessory Structure,44.61389807371829,-63.486967204571606
15101,BPRES-2025-10563,2025-07-14,60000,New Building,New Building,Issued,MIDDLE SACKVILLE,District 14,0,1,Accessory Structure,44.78941171772344,-63.75676909649625
15102,BPRES-2025-10566,2026-01-21,88700,Addition,Addition,Issued,TIMBERLEA,District 12,0,1,Dwelling - Single Detached,44.65459215041549,-63.73760652986656
15103,BPRES-2025-10573,2025-07-14,250000,New Building,New Building,Issued,TIMBERLEA,District 12,1,3,Dwelling - Single Detached,44.64462779443822,-63.725559799645175
15104,BPRES-2025-10596,2025-09-02,405000,New Building,New Building,Completed,WAVERLEY,District 01,3,3,Dwelling - Multiple Units,44.77461478066844,-63.60411250955819
15105,BPRES-2025-10605,2025-07-22,400000,New Building,New Building,Issued,SEABRIGHT,District 13,1,1,Dwelling - Backyard Suite,44.62158567072661,-63.92295515708599
15106,BPRES-2025-10631,2025-07-14,38000,New Building,New Building,Completed,WEST PORTERS LAKE,District 02,0,1,Accessory Structure,44.67884957962065,-63.31175487636231
15107,BPRES-2025-10673,2025-08-12,,New Building,New Building,Issued,MIDDLE SACKVILLE,District 14,1,2,Dwelling - Single Detached,44.804423856769766,-63.76365231876459
15108,BPRES-2025-10699,2025-07-30,250000,New Building,New Building,Issued,EASTERN PASSAGE,District 03,1,2,Dwelling - Single Detached,44.61415612794579,-63.45230093438537
15109,BPRES-2025-10720,,10000,Renovation,Renovation,Cancelled,MIDDLE SACKVILLE,District 14,1,2,Dwelling - Multiple Units,44.78089401898709,-63.710989478377726
15110,BPRES-2025-10756,2025-07-18,275000,New Building,New Building,Issued,BEECHVILLE,District 12,1,3,Dwelling - Single Detached,44.637086920723874,-63.675091214168845
15111,BPRES-2025-10772,2025-07-29,900000,New Building,New Building,Completed,MIDDLE SACKVILLE,District 14,1,2,Dwelling - Single Detached,44.80047190646325,-63.76324052230729
15112,BPRES-2025-10774,2025-08-22,30000,New Building,New Building,Completed,HAMMONDS PLAINS,District 14,0,1,Accessory Structure,44.744913475571096,-63.788990105903615
15113,BPRES-2025-10783,2025-08-06,100000,Renovation,Renovation,Completed,BEDFORD,District 16,0,1,Dwelling - Single Detached,44.73678847063796,-63.65803988907438
15114,BPRES-2025-10789,2025-07-22,25000,New Building,New Building,Issued,BEAVER BANK,District 15,0,1,Accessory Structure,44.83793618655301,-63.67058718255701
15115,BPRES-2025-10807,2026-01-28,800000,New Building,New Building,Issued,HAMMONDS PLAINS,District 14,1,2,Dwelling - Single Detached,44.71758884858786,-63.76905514646311
15116,BPRES-2025-10864,2025-08-20,500,Renovation,Renovation,Issued,HALIFAX,District 08,0,3,Dwelling - Multiple Units,44.65120243567368,-63.584090629670904
15117,BPRES-2025-10874,2025-07-22,80000,Renovation,Renovation,Issued,DARTMOUTH,District 05,0,1,Dwelling - Single Detached,44.6743324646549,-63.57285718843928
15118,BPRES-2025-10899,2025-07-28,22000,New Building,New Building,Completed,HUBLEY,District 13,0,1,Accessory Structure,44.659421897232995,-63.786679414593415
15119,BPRES-2025-10916,2025-07-22,19000,New Building,New Building,Completed,WEST DOVER,District 13,0,1,Accessory Structure,44.50419072978247,-63.88358698223703
15120,BPRES-2025-10937,2025-07-23,3000,Renovation,Renovation,Issued,HALIFAX,District 08,0,2,Dwelling - Single Detached,44.654174476787574,-63.60108353205622
15121,BPRES-2025-10987,2025-08-19,170000,Renovation,Renovation,Issued,HALIFAX,District 08,0,2,Dwelling - Townhouse,44.66530783150001,-63.604935619174135
15122,BPRES-2025-11038,2025-07-31,60000,Renovation,Renovation,Issued,HALIFAX,District 11,0,1,Dwelling - Single Detached,44.59326753179525,-63.59566690861609
15123,BPRES-2025-11103,,10000,New Building,New Building,Withdrawn,,District 01,0,1,Accessory Structure,44.93137354294159,-63.511949203511314
15124,BPRES-2025-11110,2025-09-08,275000,New Building,New Building,Issued,BEECHVILLE,District 12,1,3,Dwelling - Single Detached,44.63766360945122,-63.675836553920725
15125,BPRES-2025-11113,2025-07-30,275000,New Building,New Building,Issued,BEECHVILLE,District 12,1,3,Dwelling - Single Detached,44.637753365395824,-63.67555191386959
15126,BPRES-2025-11118,2025-07-30,275000,New Building,New Building,Issued,BEECHVILLE,District 12,1,3,Dwelling - Single Detached,44.63765615190523,-63.67492351936454
15127,BPRES-2025-11149,2025-09-09,60000,New Building,New Building,Issued,WINDSOR JUNCTION,District 01,1,1,Dwelling - Backyard Suite,44.793808716870736,-63.66205175625507
15128,BPRES-2025-11180,2025-08-15,475000,New Building,New Building,Completed,HALIFAX,District 11,1,2,Dwelling - Single Detached,44.61322256696805,-63.579978972843136
15129,BPRES-2025-11191,2025-08-12,479504.34,New Building,New Building,Completed,WEST PETPESWICK,District 02,1,1,Dwelling - Single Detached,44.77051666949222,-63.160400577449224
15130,BPRES-2025-11211,2025-07-22,22000,New Building,New Building,Completed,LAWRENCETOWN,District 02,0,1,Accessory Structure,44.68955813766343,-63.40796665797574
15131,BPRES-2025-11232,,15000,Renovation,Renovation,Withdrawn,HALIFAX,District 07,1,2,Dwelling - Multiple Units,44.629983720646926,-63.57705440623847
15132,BPRES-2025-11250,2025-08-08,170000,New Building,New Building,Completed,SEABRIGHT,District 13,0,1,Accessory Structure,44.61354492344887,-63.93181920398977
15133,BPRES-2025-11282,2025-07-28,275000,New Building,New Building,Issued,BEECHVILLE,District 12,1,3,Dwelling - Single Detached,44.63710955531655,-63.67456647249512
15134,BPRES-2025-11298,2025-08-13,550000,New Building,New Building,Completed,HALIFAX,District 12,4,3,Dwelling - Multiple Units,44.675338992986006,-63.66402801148626
15135,BPRES-2025-11314,2025-09-05,750000,New Building,New Building,Issued,DARTMOUTH,District 06,2,3,Dwelling - Semi-Detached,44.71351624465703,-63.53926538525223
15136,BPRES-2025-11337,2025-08-15,464542.67,New Building,New Building,Completed,WEST PETPESWICK,District 02,1,1,Dwelling - Single Detached,44.73453391729622,-63.17008123637572
15137,BPRES-2025-11357,2025-08-22,60000,Renovation,Renovation,Completed,HALIFAX,District 11,0,1,Dwelling - Single Detached,44.613268487358106,-63.62240030845609
15138,BPRES-2025-11362,2025-07-28,275000,New Building,New Building,Issued,BEECHVILLE,District 12,1,3,Dwelling - Single Detached,44.63683130599603,-63.674489628856854
15139,BPRES-2025-11364,2025-07-30,275000,New Building,New Building,Issued,BEECHVILLE,District 12,1,3,Dwelling - Single Detached,44.63661027285621,-63.67450156593469
15140,BPRES-2025-11366,2025-07-30,275000,New Building,New Building,Issued,BEECHVILLE,District 12,1,3,Dwelling - Single Detached,44.63632177501625,-63.674736465305706
15141,BPRES-2025-11368,2025-07-30,275000,New Building,New Building,Issued,BEECHVILLE,District 12,1,3,Dwelling - Single Detached,44.63701785748814,-63.67497637784508
15142,BPRES-2025-11371,2025-07-30,275000,New Building,New Building,Issued,BEECHVILLE,District 12,1,3,Dwelling - Single Detached,44.63671126828493,-63.6749081547565
15143,BPRES-2025-11375,2025-08-11,750000,New Building,New Building,Completed,MIDDLE SACKVILLE,District 14,1,2,Dwelling - Single Detached,44.78476126477461,-63.750352436117026
15144,BPRES-2025-11404,,80000,New Building,New Building,Applicant Revisions,SEABRIGHT,District 13,1,1,Dwelling - Backyard Suite,44.599635235338404,-63.92665655210174
15145,BPRES-2025-11412,2025-10-20,130000,Addition,Addition,Issued,HUBBARDS,District 13,0,2,Dwelling - Single Detached,44.64100498297872,-64.05233970332047
15146,BPRES-2025-11461,2025-08-21,600000,New Building,New Building,Completed,HAMMONDS PLAINS,District 14,1,1,Dwelling - Single Detached,44.725779094122764,-63.80984595676382
15147,BPRES-2025-11467,2025-08-19,30000,New Building,New Building,Completed,MIDDLE SACKVILLE,District 14,0,1,Accessory Structure,44.79640644412138,-63.76935015593522
15148,BPRES-2025-11470,2025-07-25,425000,New Building,New Building,Completed,HAMMONDS PLAINS,District 14,1,1,Dwelling - Single Detached,44.72610686079335,-63.83033104507577
15149,BPRES-2025-11517,2025-08-13,126000,New Building,New Building,Issued,HALIFAX,District 09,0,1,Accessory Structure,44.645060156057085,-63.61173673003522
15150,BPRES-2025-11529,2025-09-16,139911,Renovation,Renovation,Completed,DARTMOUTH,District 03,0,1,Dwelling - Single Detached,44.66438467088242,-63.542043851250696
15151,BPRES-2025-11549,,80000,Renovation,Renovation,Applicant Revisions,HALIFAX,District 10,3,2,Dwelling - Multiple Units,44.658052158609145,-63.63222359657224
15152,BPRES-2025-11564,2026-01-23,,Renovation,Renovation,Completed,WINDSOR JUNCTION,District 01,0,2,Accessory Structure,44.803377878004056,-63.64109366872637
15153,BPRES-2025-11567,2025-09-17,25000,Renovation,Renovation,Completed,BEDFORD,District 16,1,3,Dwelling - Multiple Units,44.71332151738347,-63.68039809148623
15154,BPRES-2025-11619,2025-09-25,5000,Renovation,Renovation,Issued,HALIFAX,District 09,0,3,Dwelling - Multiple Units,44.65278934824078,-63.62494806583146
15155,BPRES-2025-11623,2025-10-15,150000,Addition,Addition,Completed,HAMMONDS PLAINS,District 14,1,1,Dwelling - Backyard Suite,44.70781816117889,-63.74034425842122
15156,BPRES-2025-11633,2025-10-29,2000000,New Building,New Building,Issued,WESTPHAL,District 04,10,1,Dwelling - Townhouse,44.69550998134427,-63.49532270323049
15157,BPRES-2025-11639,2025-09-23,120000,New Building,New Building,Completed,TIMBERLEA,District 12,0,1,Accessory Structure,44.6789225243557,-63.782068398043364
15158,BPRES-2025-11645,2025-08-15,475000,New Building,New Building,Issued,UPPER SACKVILLE,District 14,1,2,Dwelling - Single Detached,44.80165558420258,-63.758043932659376
15159,BPRES-2025-11655,2025-07-30,275000,New Building,New Building,Issued,BEECHVILLE,District 12,1,3,Dwelling - Single Detached,44.636373737733784,-63.67464128250328
15160,BPRES-2025-11661,2025-07-31,450000,New Building,New Building,Issued,MIDDLE SACKVILLE,District 14,1,2,Dwelling - Single Detached,44.79772196101988,-63.7637087778845
15161,BPRES-2025-11706,2025-08-27,1,Renovation,Renovation,Issued,NECUM TEUCH,District 02,1,1,Dwelling - Single Detached,44.96021825735538,-62.224982063645726
15162,BPRES-2025-11765,2025-07-31,500000,New Building,New Building,Completed,MIDDLE SACKVILLE,District 14,1,1,Dwelling - Single Detached,44.79690224505289,-63.772036551064495
15163,BPRES-2025-11780,2025-10-28,10000,Renovation,Renovation,Completed,BAYSIDE,District 13,0,1,Dwelling - Single Detached,44.53864914591536,-63.79355836767824
15164,BPRES-2025-11818,2025-08-22,300000,New Building,New Building,Completed,PORTERS LAKE,District 02,1,1,Dwelling - Single Detached,44.75514154755079,-63.28649132299141
15165,BPRES-2025-11829,2025-08-08,45500,New Building,New Building,Issued,HALIFAX,District 11,0,1,Accessory Structure,44.59332347691784,-63.63709958631392
15166,BPRES-2025-11830,2025-08-18,400000,New Building,New Building,Issued,HALIFAX,District 11,4,3,Dwelling - Multiple Units,44.58664726070412,-63.5887556860014
15167,BPRES-2025-11834,2025-08-15,400000,New Building,New Building,Issued,HALIFAX,District 11,4,3,Dwelling - Semi-Detached,44.58675035211458,-63.588881881580555
15168,BPRES-2025-11834,2025-08-15,400000,New Building,New Building,Issued,HALIFAX,District 11,4,3,Dwelling - Semi-Detached,44.58675035211458,-63.588881881580555
15169,BPRES-2025-11866,2025-08-18,400000,New Building,New Building,Issued,HALIFAX,District 11,4,3,Dwelling - Semi-Detached,44.5868508067294,-63.5890128540907
15170,BPRES-2025-11866,2025-08-18,400000,New Building,New Building,Issued,HALIFAX,District 11,4,3,Dwelling - Semi-Detached,44.5868508067294,-63.5890128540907
15171,BPRES-2025-11878,2025-08-06,300000,New Building,New Building,Issued,TIMBERLEA,District 12,1,3,Dwelling - Single Detached,44.64514038996066,-63.72608389199942
15172,BPRES-2025-11891,2025-09-25,80000,Renovation,Renovation,Completed,HAMMONDS PLAINS,District 14,0,2,Dwelling - Single Detached,44.713148713505234,-63.754549191811456
15173,BPRES-2025-11915,2025-08-18,280000,New Building,New Building,Issued,FALL RIVER,District 01,1,1,Dwelling - Single Detached,44.84336889750367,-63.64321744456338
15174,BPRES-2025-11925,2025-08-18,400000,New Building,New Building,Issued,HALIFAX,District 11,4,2,Dwelling - Semi-Detached,44.58695190247293,-63.58914512932151
15175,BPRES-2025-11928,2025-08-06,300000,New Building,New Building,Issued,TIMBERLEA,District 12,1,3,Dwelling - Single Detached,44.64514383145387,-63.726221887421175
15176,BPRES-2025-11934,2025-08-06,300000,New Building,New Building,Issued,TIMBERLEA,District 12,1,3,Dwelling - Single Detached,44.64513539228185,-63.72649276451446
15177,BPRES-2025-11942,2025-09-17,15000,New Building,New Building,Issued,MUSQUODOBOIT HARBOUR,District 02,0,1,Accessory Structure,44.78296616607958,-63.18850990582784
15178,BPRES-2025-11952,2025-12-03,15000,Addition,Addition,Issued,HALIFAX,District 10,0,2,Dwelling - Multiple Units,44.66384396006744,-63.64906088209219
15179,BPRES-2025-11971,2025-12-15,400000,New Building,New Building,Issued,CHASWOOD,District 01,1,1,Dwelling - Single Detached,45.05164941396693,-63.19867070421203
15180,BPRES-2025-11981,2025-10-01,975000,New Building,New Building,Issued,DARTMOUTH,District 06,1,2,Dwelling - Single Detached,44.70485360781476,-63.55038658363658
15181,BPRES-2025-12002,2025-08-20,60000,Renovation,Renovation,Completed,HALIFAX,District 12,1,1,Dwelling - Single Detached,44.67535234162118,-63.66575277860611
15182,BPRES-2025-12021,2026-02-03,20000,New Building,New Building,Issued,OSTREA LAKE,District 02,0,1,Accessory Structure,44.719843752621216,-63.091128236533
15183,BPRES-2025-12037,2025-09-15,13500,New Building,New Building,Issued,DARTMOUTH,District 05,0,1,Accessory Structure,44.67070073780947,-63.54947680778002
15184,BPRES-2025-12041,2025-09-24,535000,New Building,New Building,Issued,NORTH PRESTON,District 04,1,1,Dwelling - Single Detached,44.75084644854631,-63.46792545258178
15185,BPRES-2025-12068,2025-08-20,750000,New Building,New Building,Issued,TIMBERLEA,District 12,1,2,Dwelling - Single Detached,44.643912561844196,-63.7226184864236
15186,BPRES-2025-12088,2025-08-19,300000,New Building,New Building,Completed,WEST PETPESWICK,District 02,1,1,Dwelling - Single Detached,44.734428504923216,-63.167180866106634
15187,BPRES-2025-12111,2025-08-19,4900,New Building,New Building,Completed,LAKE EGMONT,District 01,0,1,Accessory Structure,44.99182901311522,-63.296154576576235
15188,BPRES-2025-12120,2025-12-12,500000,New Building,New Building,Amendment Review,DARTMOUTH,District 05,2,2,Dwelling - Multiple Units,44.666483396573426,-63.57461949642373
15189,BPRES-2025-12130,2025-09-18,500000,New Building,New Building,Issued,HALIFAX,District 10,4,2,Dwelling - Multiple Units,44.65263757035276,-63.64496881431985
15190,BPRES-2025-12136,2025-09-08,360000,New Building,New Building,Amendment Review,GOFFS,District 01,1,1,Dwelling - Single Detached,44.890582166212226,-63.48868919317283
15191,BPRES-2025-12140,2026-02-10,48000,Renovation,Renovation,Issued,HALIFAX,District 09,2,2,Dwelling - Multiple Units,44.64946038983786,-63.6091127706836
15192,BPRES-2025-12147,2025-08-18,29000,New Building,New Building,Completed,WEST PETPESWICK,District 02,0,1,Accessory Structure,44.73550365336817,-63.18303404749969
15193,BPRES-2025-12187,2025-11-17,180000,New Building,New Building,Amendment Review,LAKESIDE,District 12,1,1,Dwelling - Backyard Suite,44.63812498064655,-63.70257178524353
15194,BPRES-2025-12225,2025-10-03,100000,Addition,Addition,Issued,HALIFAX,District 10,0,3,Dwelling - Single Detached,44.65397388549884,-63.634549158296046
15195,BPRES-2025-12239,2025-10-14,180000,Renovation,Renovation,Issued,HALIFAX,District 09,1,2,Dwelling - Multiple Units,44.64000063913942,-63.62636554841492
15196,BPRES-2025-12250,2025-09-09,200000,Addition,Addition,Issued,HALIFAX,District 08,0,2,Dwelling - Single Detached,44.655474884828074,-63.61700074201634
15197,BPRES-2025-12292,,40000,Renovation,Renovation,Withdrawn,EASTERN PASSAGE,District 03,1,1,Dwelling - Backyard Suite,44.62345424482595,-63.50970713403972
15198,BPRES-2025-12312,2025-10-02,500000,New Building,New Building,Issued,HALIFAX,District 11,1,2,Dwelling - Single Detached,44.60885015953046,-63.60444509320981
15199,BPRES-2025-12322,2025-08-27,5000,Renovation,Renovation,Issued,HALIFAX,District 08,0,2,Dwelling - Single Detached,44.66554188474151,-63.603681040866846
15200,BPRES-2025-12347,2025-08-21,500000,New Building,New Building,Issued,DARTMOUTH,District 06,1,2,Dwelling - Single Detached,44.71538294045455,-63.5386471215988
15201,BPRES-2025-12368,2025-08-21,500000,New Building,New Building,Issued,DARTMOUTH,District 06,1,2,Dwelling - Single Detached,44.715366198214504,-63.53876491977063
15202,BPRES-2025-12374,2025-08-21,500000,New Building,New Building,Issued,DARTMOUTH,District 06,1,2,Dwelling - Single Detached,44.715345931904686,-63.53889387702183
15203,BPRES-2025-12379,,535697,New Building,New Building,Withdrawn,NORTH PRESTON,District 04,1,1,Dwelling - Single Detached,44.75084644854631,-63.46792545258178
15204,BPRES-2025-12391,2025-08-21,500000,New Building,New Building,Cancelled,DARTMOUTH,District 06,1,2,Dwelling - Single Detached,44.71529923210591,-63.539149310912904
15205,BPRES-2025-12445,2025-09-02,375000,New Building,New Building,Issued,DARTMOUTH,District 06,1,3,Dwelling - Single Detached,44.71542320734957,-63.53984400477251
15206,BPRES-2025-12457,2025-09-03,30000,New Building,New Building,Issued,HALIBUT BAY,District 11,0,1,Accessory Structure,44.551272108028726,-63.55817810779045
15207,BPRES-2025-12474,2025-08-19,10000,Renovation,Renovation,Completed,TIMBERLEA,District 12,0,2,Dwelling - Semi-Detached,44.65511297345375,-63.74732989771117
15208,BPRES-2025-12488,2025-10-06,800000,Renovation,Renovation,Completed,HALIFAX,District 09,2,2,Dwelling - Multiple Units,44.651626294666684,-63.62455706730974
15209,BPRES-2025-12496,2025-10-07,25000,Renovation,Renovation,Completed,EASTERN PASSAGE,District 03,0,1,Dwelling - Single Detached,44.60762631586782,-63.48386876612516
15210,BPRES-2025-12503,2025-09-18,99000,Renovation,Renovation,Completed,HALIFAX,District 10,0,1,Dwelling - Single Detached,44.687117890479584,-63.66355025187839
15211,BPRES-2025-12517,,25000,New Building,New Building,Applicant Revisions,MUSQUODOBOIT HARBOUR,District 02,0,1,Accessory Structure,44.79970885028038,-63.16050628933415
15212,BPRES-2025-12524,2025-09-09,310000,New Building,New Building,Completed,COOKS BROOK,District 01,1,1,Dwelling - Single Detached,45.00289020125787,-63.27154387014591
15213,BPRES-2025-12547,2025-09-08,375000,New Building,New Building,Issued,DARTMOUTH,District 06,1,3,Dwelling - Single Detached,44.71657123213212,-63.538804240222085
15214,BPRES-2025-12551,2025-09-09,100000,Renovation,Renovation,Issued,HALIFAX,District 11,1,2,Dwelling - Multiple Units,44.62430465639768,-63.61769115365345
15215,BPRES-2025-12559,2025-08-26,33000,New Building,New Building,Issued,WINDSOR JUNCTION,District 01,0,1,Accessory Structure,44.79519133812185,-63.64279464157297
15216,BPRES-2025-12563,2025-09-18,16000,Addition,Addition,Issued,HALIFAX,District 10,1,2,Dwelling - Multiple Units,44.67308219594248,-63.6495406130397
15217,BPRES-2025-12583,2025-09-22,80000,Renovation,Renovation,Issued,DARTMOUTH,District 05,0,4,Dwelling - Multiple Units,44.66339439069753,-63.55486094210401
15218,BPRES-2025-12642,2026-03-05,218000,New Building,New Building,Issued,PLEASANT HARBOUR,District 02,1,1,Dwelling - Single Detached,44.788513842613995,-62.73009182514897
15219,BPRES-2025-12655,2026-02-13,70000,Addition,Addition,Issued,WAVERLEY,District 01,0,1,Dwelling - Single Detached,44.779268001432165,-63.58822999276033
15220,BPRES-2025-12663,2025-09-02,300000,Addition,Addition,Issued,LEWIS LAKE,District 13,1,1,Dwelling - Multiple Units,44.682330458251435,-63.84135525698799
15221,BPRES-2025-12690,2025-10-01,30000,New Building,New Building,Completed,MIDDLE SACKVILLE,District 14,0,1,Accessory Structure,44.80382671001763,-63.74644220588819
15222,BPRES-2025-12701,,5000,Renovation,Renovation,Withdrawn,HALIFAX,District 10,0,2,Dwelling - Backyard Suite,44.68694133443548,-63.6823597126647
15223,BPRES-2025-12703,2025-08-21,400000,New Building,New Building,Issued,FALL RIVER,District 01,1,1,Dwelling - Single Detached,44.843425002671,-63.638699119906455
15224,BPRES-2025-12713,2025-10-30,631124,New Building,New Building,Issued,BAYSIDE,District 13,1,2,Dwelling - Single Detached,44.531135659012484,-63.80301109455031
15225,BPRES-2025-12729,2025-09-10,40000,Renovation,Renovation,Completed,DARTMOUTH,District 05,0,2,Dwelling - Townhouse,44.67921700733037,-63.592736503137345
15226,BPRES-2025-12755,2025-09-05,1000,Renovation,Renovation,Issued,HALIFAX,District 07,0,3,Dwelling - Multiple Units,44.64068430822078,-63.59793499240909
15227,BPRES-2025-12775,2025-10-02,250000,New Building,New Building,Issued,HEAD OF JEDDORE,District 02,1,1,Dwelling - Single Detached,44.77569307908242,-63.075557723668574
15228,BPRES-2025-12803,2025-12-19,80000,Renovation,Renovation,Issued,TANTALLON,District 13,1,1,Dwelling - Multiple Units,44.65812221926091,-63.907183004864876
15229,BPRES-2025-12814,2025-12-30,50000,New Building,New Building,Issued,HERRING COVE,District 11,0,1,Accessory Structure,44.571751812292874,-63.55773741399036
15230,BPRES-2025-12830,2025-09-04,140000,Addition,Addition,Issued,SEABRIGHT,District 13,0,1,Dwelling - Single Detached,44.621785445565216,-63.93477023858326
15231,BPRES-2025-12894,,20000,Renovation,Renovation,Applicant Revisions,HALIFAX,District 07,1,2,Dwelling - Single Detached,44.63101479237071,-63.58852251169482
15232,BPRES-2025-12918,2025-09-10,25000,New Building,New Building,Completed,GAETZ BROOK,District 02,0,1,Accessory Structure,44.782810568918705,-63.197953304838286
15233,BPRES-2025-12967,2025-09-08,180000,Addition,Addition,Issued,THREE FATHOM HARBOUR,District 02,0,2,Dwelling - Single Detached,44.65217870588651,-63.28791574528608
15234,BPRES-2025-12995,2025-08-25,20000,Renovation,Renovation,Completed,DARTMOUTH,District 05,0,2,Dwelling - Single Detached,44.671134992312076,-63.56107159386743
15235,BPRES-2025-13008,2025-09-24,80000,Addition,Addition,Issued,HEAD OF JEDDORE,District 02,0,2,Dwelling - Single Detached,44.748922333197875,-63.04719786458876
15236,BPRES-2025-13026,2025-09-26,50000,Addition,Addition,Issued,EAST JEDDORE,District 02,0,1,Dwelling - Single Detached,44.716048916622086,-62.99811986629445
15237,BPRES-2025-13047,2025-09-02,51000,New Building,New Building,Completed,TIMBERLEA,District 12,0,1,Accessory Structure,44.648957746488044,-63.73631741789245
15238,BPRES-2025-13056,2025-09-17,1,Renovation,Renovation,Issued,BEDFORD,District 16,0,1,Dwelling - Single Detached,44.72602400873732,-63.68333579786975
15239,BPRES-2025-13066,2025-09-09,50000,New Building,New Building,Completed,UPPER HAMMONDS PLAINS,District 14,0,2,Accessory Structure,44.75358268198377,-63.830189432048236
15240,BPRES-2025-13115,2025-09-08,30000,New Building,New Building,Issued,DARTMOUTH,District 06,0,1,Accessory Structure,44.705194570446075,-63.5443177829053
15241,BPRES-2025-13139,2025-10-09,250000,New Building,New Building,Issued,UPPER HAMMONDS PLAINS,District 14,1,2,Dwelling - Single Detached,44.75090034123729,-63.82988912350868
15242,BPRES-2025-13171,2025-11-06,100000,New Building,New Building,Issued,FALL RIVER,District 01,0,1,Accessory Structure,44.82155263250848,-63.58430669982966
15243,BPRES-2025-13205,2025-09-04,55387.85,Renovation,Renovation,Issued,DARTMOUTH,District 05,0,3,Dwelling - Single Detached,44.691592483941754,-63.56647688215087
15244,BPRES-2025-13216,2025-09-12,300000,New Building,New Building,Issued,WHITES LAKE,District 13,1,2,Dwelling - Single Detached,44.543390361174424,-63.73664290067218
15245,BPRES-2025-13229,2025-09-12,80000,Addition,Addition,Completed,BROOKSIDE,District 13,0,1,Dwelling - Single Detached,44.55481449720804,-63.717090483921105
15246,BPRES-2025-13237,2025-09-11,250000,Renovation,Renovation,Issued,HALIFAX,District 12,0,2,Dwelling - Single Detached,44.6670384099073,-63.663893029467836
15247,BPRES-2025-13257,2025-10-24,420000,New Building,New Building,Issued,WESTPHAL,District 04,1,2,Dwelling - Backyard Suite,44.69635812438805,-63.49154285771313
15248,BPRES-2025-13262,2025-09-23,124000,New Building,New Building,Issued,HALIFAX,District 11,0,1,Accessory Structure,44.62681699785298,-63.61530401338632
15249,BPRES-2025-13273,2025-09-17,50000,Renovation,Renovation,Completed,HALIFAX,District 10,1,1,Dwelling - Multiple Units,44.65513671876542,-63.635270718078964
15250,BPRES-2025-13278,2025-09-17,50000,New Building,New Building,Issued,EAST PETPESWICK,District 02,0,1,Accessory Structure,44.68677350689331,-63.1490584233794
15251,BPRES-2025-13284,2025-09-25,100000,New Building,New Building,Completed,LAKEVIEW,District 01,1,1,Dwelling - Backyard Suite,44.763278638326604,-63.63128216248242
15252,BPRES-2025-13303,2025-09-02,260000,New Building,New Building,Issued,TIMBERLEA,District 12,1,2,Dwelling - Single Detached,44.646312468620636,-63.72550253480423
15253,BPRES-2025-13317,2025-11-10,150000,Addition,Addition,Issued,WESTPHAL,District 04,0,1,Dwelling - Single Detached,44.690473279645055,-63.48877815260501
15254,BPRES-2025-13326,,70537,Addition,Addition,Withdrawn,HALIFAX,District 11,6,3,Dwelling - Multiple Units,44.60958254240611,-63.61625840707493
15255,BPRES-2025-13330,,40000,New Building,New Building,Withdrawn,PROSPECT,District 13,0,1,Accessory Structure,44.46993486770581,-63.78435473951395
15256,BPRES-2025-13347,,700000,New Building,New Building,Withdrawn,BROOKSIDE,District 13,1,2,Dwelling - Single Detached,44.526139429579246,-63.70886818337695
15257,BPRES-2025-13352,2025-09-02,260000,New Building,New Building,Issued,TIMBERLEA,District 12,1,2,Dwelling - Single Detached,44.64436744465361,-63.7250359243679
15258,BPRES-2025-13361,2025-09-05,400000,New Building,New Building,Issued,FALL RIVER,District 01,1,1,Dwelling - Single Detached,44.84385208057537,-63.63928555555968
15259,BPRES-2025-13365,2025-09-03,425000,New Building,New Building,Issued,GOFFS,District 01,1,2,Dwelling - Single Detached,44.88576378567134,-63.484232577108415
15260,BPRES-2025-13368,2025-09-02,415000,New Building,New Building,Issued,MIDDLE SACKVILLE,District 14,1,1,Dwelling - Single Detached,44.79777952791099,-63.76972514840699
15261,BPRES-2025-13381,2025-09-18,600000,New Building,New Building,Issued,BEAVER BANK,District 15,1,2,Dwelling - Single Detached,44.8263503653054,-63.67556284801197
15262,BPRES-2025-13402,2025-09-02,300000,New Building,New Building,Issued,GOFFS,District 01,1,1,Dwelling - Single Detached,44.88565990165663,-63.48503110883279
15263,BPRES-2025-13423,2025-11-03,35000,New Building,New Building,Completed,DARTMOUTH,District 03,0,1,Accessory Structure,44.64678608516572,-63.53975555989756
15264,BPRES-2025-13429,2025-10-01,1600000,New Building,New Building,Issued,BEDFORD,District 16,5,2,Dwelling - Townhouse,44.70836524574126,-63.72661909540391
15265,BPRES-2025-13443,2025-09-24,390000,New Building,New Building,Issued,BEDFORD,District 16,1,2,Dwelling - Single Detached,44.708903462644614,-63.72843285937089
15266,BPRES-2025-13455,2025-09-24,390000,New Building,New Building,Issued,BEDFORD,District 16,1,2,Dwelling - Single Detached,44.70898962539796,-63.72819695964235
15267,BPRES-2025-13461,2025-09-23,465000,New Building,New Building,Issued,BEDFORD,District 16,1,2,Dwelling - Single Detached,44.7086153368523,-63.727955034610424
15268,BPRES-2025-13471,2025-10-01,410000,New Building,New Building,Issued,BEDFORD,District 16,1,3,Dwelling - Single Detached,44.7085418066745,-63.72819574776307
15269,BPRES-2025-13494,2025-09-18,600000,New Building,New Building,Issued,BLACK POINT,District 13,1,2,Dwelling - Single Detached,44.658949119965804,-63.98130344197035
15270,BPRES-2025-13568,2025-09-19,112540,Addition,Addition,Issued,EAST LAWRENCETOWN,District 02,0,2,Dwelling - Single Detached,44.65308386603214,-63.339031065250516
15271,BPRES-2025-13599,2025-10-03,300000,New Building,New Building,Issued,,District 01,1,1,Dwelling - Single Detached,,
15272,BPRES-2025-13609,2025-10-07,4000,Renovation,Renovation,Issued,HALIFAX,District 11,0,3,Dwelling - Multiple Units,44.61085519353024,-63.618365848391356
15273,BPRES-2025-13627,2025-09-15,22000,New Building,New Building,Issued,UPPER TANTALLON,District 13,0,1,Accessory Structure,44.69044829413259,-63.881536989421704
15274,BPRES-2025-13642,2025-09-17,1000000,New Building,New Building,Issued,UPPER TANTALLON,District 13,4,1,Dwelling - Townhouse,44.69861324216217,-63.89011715641291
15275,BPRES-2025-13643,2025-09-08,46000,Renovation,Renovation,Issued,COLE HARBOUR,District 04,0,1,Dwelling - Single Detached,44.67847352198483,-63.483686026318544
15276,BPRES-2025-13646,2025-09-15,79771,Renovation,Renovation,Completed,BEDFORD,District 16,0,2,Dwelling - Single Detached,44.729644081984326,-63.65932653370794
15277,BPRES-2025-13699,,12500000,New Building,New Building,Withdrawn,HALIFAX,District 11,46,4,Dwelling - Multiple Units,44.60475944761584,-63.6123040563978
15278,BPRES-2025-13706,2025-12-18,60000,Addition,Addition,Issued,DARTMOUTH,District 06,1,3,Dwelling - Multiple Units,44.682974004249246,-63.518429461107814
15279,BPRES-2025-13708,2025-10-15,45000,New Building,New Building,Issued,UPPER SACKVILLE,District 14,0,1,Accessory Structure,44.80951623466048,-63.75357173450506
15280,BPRES-2025-13720,2025-09-25,400000,New Building,New Building,Issued,WEST PETPESWICK,District 02,1,1,Dwelling - Single Detached,44.7482408837286,-63.16839264257811
15281,BPRES-2025-13724,,10000,Renovation,Renovation,Withdrawn,DARTMOUTH,District 06,0,2,Dwelling - Single Detached,44.6747994491268,-63.52916559043085
15282,BPRES-2025-13725,2025-11-06,750000,New Building,New Building,Issued,DARTMOUTH,District 05,6,3,Dwelling - Multiple Units,44.688521054078024,-63.568707731486626
15283,BPRES-2025-13736,2025-12-08,40000,Renovation,Renovation,Completed,LOWER SACKVILLE,District 15,0,1,Dwelling - Single Detached,44.76492225691282,-63.70212391311747
15284,BPRES-2025-13738,,,New Building,New Building,Application Incomplete,WELLINGTON,District 01,0,,Accessory Structure,44.86315009658639,-63.60483903043021
15285,BPRES-2025-13780,2025-12-10,650000,New Building,New Building,Issued,HALIFAX,District 09,4,3,Dwelling - Multiple Units,44.650270613225985,-63.60728348983222
15286,BPRES-2025-13786,2025-10-16,254000,New Building,New Building,Issued,WAVERLEY,District 01,1,2,Dwelling - Backyard Suite,44.77534097113344,-63.585267864401125
15287,BPRES-2025-13825,2025-09-18,40000,New Building,New Building,Completed,MUSQUODOBOIT HARBOUR,District 02,0,1,Accessory Structure,44.77979510042803,-63.15592970311562
15288,BPRES-2025-13861,2025-10-27,200000,New Building,New Building,Issued,EASTERN PASSAGE,District 03,1,1,Dwelling - Single Detached,44.607952814442015,-63.48898157869719
15289,BPRES-2025-13909,2025-09-25,15000,New Building,New Building,Issued,WESTPHAL,District 04,0,2,Accessory Structure,44.70507853598199,-63.451157649147156
15290,BPRES-2025-13911,2025-09-16,350000,New Building,New Building,Issued,DARTMOUTH,District 06,2,3,Dwelling - Semi-Detached,44.71346127234979,-63.540177609574506
15291,BPRES-2025-13915,2025-09-16,350000,New Building,New Building,Issued,DARTMOUTH,District 06,2,3,Dwelling - Semi-Detached,44.71358546684589,-63.54002385934802
15292,BPRES-2025-13915,2025-09-16,350000,New Building,New Building,Issued,DARTMOUTH,District 06,2,3,Dwelling - Semi-Detached,44.71358546684589,-63.54002385934802
15293,BPRES-2025-13937,,100000,New Building,New Building,Applicant Revisions,BEDFORD,District 16,0,2,Accessory Structure,44.717117371778656,-63.679863769638075
15294,BPRES-2025-13972,,10000,New Building,New Building,Application Incomplete,,District 02,0,1,Accessory Structure,44.756088332135306,-63.17522160650054
15295,BPRES-2025-13981,,6000,Renovation,Renovation,Applicant Revisions,HALIFAX,District 11,1,2,Dwelling - Single Detached,44.63242848417452,-63.62664921938343
15296,BPRES-2025-13984,2025-09-17,300000,New Building,New Building,Issued,BEAVER BANK,District 15,1,2,Dwelling - Single Detached,44.826919355880435,-63.673311617655926
15297,BPRES-2025-13991,2025-09-22,125000,New Building,New Building,Completed,HAMMONDS PLAINS,District 14,1,1,Dwelling - Backyard Suite,44.759949831341665,-63.793301744515574
15298,BPRES-2025-14066,2025-10-02,150000,New Building,New Building,Issued,HALIFAX,District 11,1,1,Dwelling - Backyard Suite,44.61053433330603,-63.62040671330589
15299,BPRES-2025-14075,,40000,New Building,New Building,Applicant Revisions,WEST PETPESWICK,District 02,0,1,Accessory Structure,44.75803290025072,-63.166357952125644
15300,BPRES-2025-14109,2025-09-11,700000,New Building,New Building,Issued,HAMMONDS PLAINS,District 14,1,1,Dwelling - Single Detached,44.696412715682165,-63.80100646779006
15301,BPRES-2025-14122,2025-10-06,239550,Addition,Addition,Completed,COLE HARBOUR,District 04,1,2,Dwelling - Multiple Units,44.655396222545846,-63.48458691005214
15302,BPRES-2025-14135,2026-04-14,40000,Renovation,Renovation,Issued,FALL RIVER,District 01,0,2,Dwelling - Multiple Units,44.82755080164196,-63.60924301020206
15303,BPRES-2025-14142,2025-10-02,100000,New Building,New Building,Issued,PORTERS LAKE,District 02,1,2,Dwelling - Single Detached,44.73773310255377,-63.283652816718906
15304,BPRES-2025-14164,2025-10-01,50000,Renovation,Renovation,Completed,UPPER TANTALLON,District 13,1,1,Dwelling - Multiple Units,44.69369345288513,-63.872126966032425
15305,BPRES-2025-14214,2026-02-05,65000,Renovation,Renovation,Issued,GLEN HAVEN,District 13,1,1,Dwelling - Backyard Suite,44.64905105880041,-63.90849724944478
15306,BPRES-2025-14223,2025-10-27,100000,New Building,New Building,Issued,OAKFIELD,District 01,1,1,Dwelling - Backyard Suite,44.91609284171254,-63.579692521454504
15307,BPRES-2025-14227,,5000,Renovation,Renovation,Withdrawn,HALIFAX,District 11,0,1,Accessory Structure,44.633419471324586,-63.614958066512905
15308,BPRES-2025-14245,2025-10-03,75000,New Building,New Building,Issued,HAMMONDS PLAINS,District 14,0,1,Accessory Structure,44.72780199256199,-63.73718690279995
15309,BPRES-2025-14250,2025-10-08,800000,New Building,New Building,Issued,LAKE ECHO,District 02,2,2,Dwelling - Multiple Units,44.73623762310838,-63.39217566576569
15310,BPRES-2025-14260,2025-10-20,400000,New Building,New Building,Issued,HERRING COVE,District 11,2,1,Dwelling - Semi-Detached,44.579962880413326,-63.57424204751513
15311,BPRES-2025-14263,2026-02-06,2800000,New Building,New Building,Issued,DARTMOUTH,District 06,8,3,Dwelling - Multiple Units,44.676449789170725,-63.53961910123581
15312,BPRES-2025-14272,,2500,Renovation,Renovation,Withdrawn,HALIFAX,District 09,1,2,Dwelling - Multiple Units,44.640335773179714,-63.623583546080354
15313,BPRES-2025-14284,2025-09-23,45000,New Building,New Building,Completed,OYSTER POND,District 02,0,1,Accessory Structure,44.77529756353391,-63.00686007537882
15314,BPRES-2025-14297,2025-10-06,18000,Addition,Addition,Completed,NORTH PRESTON,District 04,0,1,Dwelling - Single Detached,44.74402961540918,-63.47732307300324
15315,BPRES-2025-14313,2025-10-30,96500,Addition,Addition,Issued,HALIFAX,District 08,0,1,Dwelling - Single Detached,44.66346819798079,-63.60642292001903
15316,BPRES-2025-14324,2025-11-19,300000,Addition,Addition,Issued,HALIFAX,District 07,0,2,Dwelling - Single Detached,44.63231305618915,-63.58903034230134
15317,BPRES-2025-14361,2025-10-10,300000,New Building,New Building,Issued,PORTERS LAKE,District 02,1,1,Dwelling - Single Detached,44.7553839074747,-63.28793115508024
15318,BPRES-2025-14364,2025-12-08,295000,New Building,New Building,Issued,MUSQUODOBOIT HARBOUR,District 02,1,1,Dwelling - Single Detached,44.82490973827095,-63.201771510870046
15319,BPRES-2025-14392,,60000,Renovation,Renovation,Applicant Revisions,COLE HARBOUR,District 04,1,1,Dwelling - Multiple Units,44.67991976952816,-63.46136918116081
15320,BPRES-2025-14415,2025-11-21,624425,New Building,New Building,Issued,SAMBRO CREEK,District 11,1,1,Dwelling - Single Detached,44.46435818209639,-63.60616260928675
15321,BPRES-2025-14448,2025-10-02,68000,New Building,New Building,Completed,HAMMONDS PLAINS,District 14,0,2,Accessory Structure,44.76358187510513,-63.7785073043979
15322,BPRES-2025-14461,2025-10-02,250000,New Building,New Building,Issued,WHITES LAKE,District 13,1,2,Dwelling - Single Detached,44.54284908900311,-63.73631216726615
15323,BPRES-2025-14473,2025-10-20,75000,New Building,New Building,Issued,HEAD OF ST MARGARETS BAY,District 13,0,1,Accessory Structure,44.67793738424819,-63.904805927360854
15324,BPRES-2025-14496,2025-10-08,12000,New Building,New Building,Issued,BEDFORD,District 16,0,1,Accessory Structure,44.72128296828025,-63.68081981267729
15325,BPRES-2025-14526,,500000,New Building,New Building,Application Incomplete,UPPER SACKVILLE,District 14,1,1,Dwelling - Single Detached,44.80825167378126,-63.75686233742451
15326,BPRES-2025-14549,2025-10-29,25000,New Building,New Building,Completed,DARTMOUTH,District 06,0,1,Accessory Structure,44.68453693457999,-63.497946662322256
15327,BPRES-2025-14555,2025-09-18,45000,New Building,New Building,Completed,HAMMONDS PLAINS,District 14,0,1,Accessory Structure,44.72348395172976,-63.83949054655235
15328,BPRES-2025-14573,2025-10-17,125000,Addition,Addition,Completed,HALIFAX,District 12,1,2,Dwelling - Multiple Units,44.67603031318966,-63.66554502225916
15329,BPRES-2025-14587,2025-11-04,1500000,New Building,New Building,Issued,BEDFORD,District 16,5,3,Dwelling - Townhouse,44.70897299901438,-63.726628861039806
15330,BPRES-2025-14599,2025-10-08,750000,New Building,New Building,Issued,BEDFORD,District 16,1,3,Dwelling - Single Detached,44.71042955175221,-63.725956683588116
15331,BPRES-2025-14609,2025-11-12,200000,Addition,Addition,Issued,SEABRIGHT,District 13,0,2,Dwelling - Single Detached,44.61414842236486,-63.932009881279754
15332,BPRES-2025-14633,2025-10-14,750000,New Building,New Building,Issued,BEDFORD,District 16,1,3,Dwelling - Single Detached,44.7103839268633,-63.72607803607486
15333,BPRES-2025-14665,2025-11-07,300000,Addition,Addition,Issued,EAST LAWRENCETOWN,District 02,0,2,Dwelling - Single Detached,44.64335411523858,-63.329151744352735
15334,BPRES-2025-14668,2025-10-02,380000,New Building,New Building,Completed,BEDFORD,District 16,1,2,Dwelling - Single Detached,44.70894588103164,-63.728314343547325
15335,BPRES-2025-14678,2025-10-17,103000,Addition,Addition,Issued,DARTMOUTH,District 06,0,1,Dwelling - Single Detached,44.68053659762222,-63.525229397763674
15336,BPRES-2025-14689,2025-10-06,75000,New Building,New Building,Issued,LUCASVILLE,District 14,0,2,Accessory Structure,44.76987578707599,-63.71075052732151
15337,BPRES-2025-14708,2025-09-24,340000,New Building,New Building,Issued,DARTMOUTH,District 06,1,2,Dwelling - Single Detached,44.71594174575375,-63.53894522360262
15338,BPRES-2025-14715,2025-10-08,440000,New Building,New Building,Completed,COLE HARBOUR,District 04,1,1,Dwelling - Single Detached,44.681234900820236,-63.48603447897414
15339,BPRES-2025-14720,2025-10-08,65000,Addition,Addition,Issued,DARTMOUTH,District 06,0,1,Dwelling - Single Detached,44.71726358596231,-63.546247359689296
15340,BPRES-2025-14734,2026-01-02,60000,New Building,New Building,Issued,PORTERS LAKE,District 02,0,2,Accessory Structure,44.80336720869184,-63.38693500940274
15341,BPRES-2025-14769,2025-10-21,30700,Addition,Addition,Issued,HALIFAX,District 08,0,2,Dwelling - Townhouse,44.66279499097438,-63.601263131413226
15342,BPRES-2025-14778,2025-12-03,22000,New Building,New Building,Completed,HUBLEY,District 13,0,1,Accessory Structure,44.67604731862037,-63.81952418713596
15343,BPRES-2025-14790,2025-12-15,400000,Addition,Addition,Issued,HALIFAX,District 09,0,2,Dwelling - Single Detached,44.65211920283634,-63.600542858000594
15344,BPRES-2025-14808,2025-10-24,130000,Renovation,Renovation,Completed,HALIFAX,District 07,1,3,Dwelling - Multiple Units,44.6402274690439,-63.59763305826455
15345,BPRES-2025-14832,2025-10-08,18000,New Building,New Building,Completed,MEAGHERS GRANT,District 01,0,1,Accessory Structure,44.92107959863617,-63.239673737710476
15346,BPRES-2025-14851,2025-10-21,30000,Renovation,Renovation,Completed,HALIFAX,District 09,0,3,Dwelling - Single Detached,44.634231550014384,-63.635340489158466
15347,BPRES-2025-14857,2025-11-04,30000,New Building,New Building,Issued,HALIFAX,District 09,0,1,Accessory Structure,44.63804034781991,-63.629421383119606
15348,BPRES-2025-14875,2025-10-06,15000,Renovation,Renovation,Issued,HALIFAX,District 12,0,3,Dwelling - Townhouse,44.674036300632174,-63.66904778037309
15349,BPRES-2025-14894,2025-10-17,500000,New Building,New Building,Issued,HERRING COVE,District 11,2,2,Dwelling - Semi-Detached,44.579500266923546,-63.57423769561895
15350,BPRES-2025-14898,2025-12-16,125000,New Building,New Building,Issued,HUBLEY,District 13,0,2,Accessory Structure,44.65673380442033,-63.78756487260665
15351,BPRES-2025-14922,,87000,New Building,New Building,Applicant Revisions,LOWER SACKVILLE,District 15,1,2,Dwelling - Backyard Suite,44.76380410739308,-63.68502528324591
15352,BPRES-2025-14927,2025-10-28,500000,New Building,New Building,Issued,HERRING COVE,District 11,2,2,Dwelling - Semi-Detached,44.57974031841622,-63.574064360405856
15353,BPRES-2025-14943,2025-12-11,830000,New Building,New Building,Issued,COLE HARBOUR,District 04,2,1,Dwelling - Multiple Units,44.66029798703586,-63.45971399099441
15354,BPRES-2025-14971,2025-10-24,410000,New Building,New Building,Amendment Applicant Revisions,HATCHET LAKE,District 13,2,3,Dwelling - Multiple Units,44.56531171745192,-63.71448457585403
15355,BPRES-2025-14973,,15000,New Building,New Building,Applicant Revisions,HALIFAX,District 11,1,1,Dwelling - Backyard Suite,44.62025826634612,-63.57853739009592
15356,BPRES-2025-14975,2025-10-28,750000,New Building,New Building,Issued,HALIFAX,District 11,2,2,Dwelling - Multiple Units,44.62025826634612,-63.57853739009592
15357,BPRES-2025-14980,2025-10-16,350000,Addition,Addition,Issued,HAMMONDS PLAINS,District 14,0,2,Dwelling - Single Detached,44.70027608901116,-63.76422606022034
15358,BPRES-2025-14984,2026-05-15,150000,Addition,Addition,Issued,DARTMOUTH,District 03,2,2,Dwelling - Multiple Units,44.66463604436083,-63.54170111459329
15359,BPRES-2025-14998,2026-02-27,103285,Renovation,Renovation,Issued,HALIFAX,District 10,1,3,Dwelling - Multiple Units,44.65408740132192,-63.644242094005556
15360,BPRES-2025-14999,2025-10-10,40000,New Building,New Building,Issued,EAST PETPESWICK,District 02,0,1,Accessory Structure,44.69640455040388,-63.152409487591065
15361,BPRES-2025-15007,2025-10-22,30000,New Building,New Building,Issued,CARROLLS CORNER,District 01,0,1,Accessory Structure,45.02633976586236,-63.36329169831072
15362,BPRES-2025-15008,2025-10-24,600000,New Building,New Building,Issued,HALIFAX,District 11,4,3,Dwelling - Semi-Detached,44.60222313246939,-63.604275680878686
15363,BPRES-2025-15008,2025-10-24,600000,New Building,New Building,Issued,HALIFAX,District 11,4,3,Dwelling - Semi-Detached,44.60222313246939,-63.604275680878686
15364,BPRES-2025-15055,,150000,New Building,New Building,Application Incomplete,MIDDLE MUSQUODOBOIT,District 01,0,1,Accessory Structure,45.00948824980038,-63.197179760125934
15365,BPRES-2025-15068,2025-10-14,20000,Renovation,Renovation,Completed,DARTMOUTH,District 05,0,1,Dwelling - Single Detached,44.673405822499475,-63.56670302168569
15366,BPRES-2025-15073,2025-12-29,750000,New Building,New Building,Issued,HALIFAX,District 09,4,3,Dwelling - Multiple Units,44.64257166394904,-63.59453368751435
15367,BPRES-2025-15092,2025-11-20,450000,Renovation,Renovation,Issued,LAKE ECHO,District 02,1,2,Dwelling - Single Detached,44.739244546866985,-63.38088151270016
15368,BPRES-2025-15133,2025-12-16,175000,New Building,New Building,Issued,DARTMOUTH,District 03,1,1,Dwelling - Backyard Suite,44.651059312050656,-63.53144526690304
15369,BPRES-2025-15145,2025-10-24,356378,Addition,Addition,Issued,BOUTILIERS POINT,District 13,0,2,Dwelling - Single Detached,44.65707696678549,-63.95591506895144
15370,BPRES-2025-15154,2026-06-01,120000,New Building,New Building,Issued,FLETCHERS LAKE,District 01,1,2,Dwelling - Backyard Suite,44.83966564838361,-63.60648011526026
15371,BPRES-2025-15200,2025-11-04,575000,New Building,New Building,Issued,TIMBERLEA,District 12,1,1,Dwelling - Single Detached,44.64574522036309,-63.72506253759418
15372,BPRES-2025-15238,2025-10-24,96500,Renovation,Renovation,Issued,HALIFAX,District 09,0,2,Dwelling - Multiple Units,44.64811892942461,-63.59576354674142
15373,BPRES-2025-15244,2025-10-21,210000,New Building,New Building,Issued,BEDFORD,District 16,0,2,Accessory Structure,44.69829066535647,-63.70722889301
15374,BPRES-2025-15257,2025-10-09,475000,New Building,New Building,Issued,DARTMOUTH,District 06,1,3,Dwelling - Single Detached,44.715640621021656,-63.53766231958578
15375,BPRES-2025-15275,2026-01-14,10000,New Building,New Building,Completed,NORTH PRESTON,District 04,0,2,Accessory Structure,44.744243193802205,-63.475046260855045
15376,BPRES-2025-15298,2025-10-17,600000,New Building,New Building,Issued,DEVON,District 01,2,3,Dwelling - Multiple Units,44.9007780580017,-63.43219430643003
15377,BPRES-2025-15299,2025-10-28,900000,New Building,New Building,Issued,HAMMONDS PLAINS,District 14,2,3,Dwelling - Multiple Units,44.6967644431407,-63.80155445492171
15378,BPRES-2025-15325,2026-03-12,850000,Addition,Addition,Issued,FALL RIVER,District 01,5,3,Dwelling - Multiple Units,44.81919599604078,-63.61445456141219
15379,BPRES-2025-15342,,5000,New Building,New Building,Application Incomplete,EASTERN PASSAGE,District 03,0,1,Accessory Structure,44.61462004334767,-63.49578731514057
15380,BPRES-2025-15394,2025-10-30,30000,New Building,New Building,Issued,HEAD OF ST MARGARETS BAY,District 13,0,1,Accessory Structure,44.670084694204846,-63.91368026974559
15381,BPRES-2025-15414,,300000,New Building,New Building,Withdrawn,,District 02,1,1,Dwelling - Single Detached,44.7349135828979,-63.183168155522566
15382,BPRES-2025-15431,2025-10-08,800000,New Building,New Building,Issued,FALL RIVER,District 01,1,2,Dwelling - Single Detached,44.842665948789545,-63.63988923170172
15383,BPRES-2025-15434,2025-10-21,225000,New Building,New Building,Completed,WHITES LAKE,District 13,1,1,Dwelling - Backyard Suite,44.547028289375916,-63.73760293358232
15384,BPRES-2025-15451,,45000,New Building,New Building,Applicant Revisions,WEST CHEZZETCOOK,District 02,0,2,Accessory Structure,44.7351858648068,-63.2763363189269
15385,BPRES-2025-15467,2025-11-13,175000,New Building,New Building,Issued,DARTMOUTH,District 06,1,1,Dwelling - Backyard Suite,44.67566222560347,-63.52663808380172
15386,BPRES-2025-15470,2025-10-30,36864,Addition,Addition,Issued,HALIFAX,District 09,0,2,Dwelling - Semi-Detached,44.646877461999246,-63.61327602705409
15387,BPRES-2025-15508,,400000,New Building,New Building,Application Incomplete,,District 14,2,2,Dwelling - Semi-Detached,44.78055115780841,-63.7030075899776
15388,BPRES-2025-15554,2025-10-27,30000,New Building,New Building,Completed,PROSPECT,District 13,0,1,Accessory Structure,44.485079780622755,-63.79125969708231
15389,BPRES-2025-15565,2025-11-17,950000,New Building,New Building,Issued,DUNCANS COVE,District 11,1,2,Dwelling - Single Detached,44.50198796743363,-63.52041756642978
15390,BPRES-2025-15573,2026-04-28,400000,New Building,New Building,Issued,LOWER EAST CHEZZETCOOK,District 02,1,2,Dwelling - Single Detached,44.70020797252692,-63.214068708247254
15391,BPRES-2025-15580,2025-11-18,65000,Renovation,Renovation,Completed,HALIFAX,District 09,2,2,Dwelling - Multiple Units,44.64291610148048,-63.61077107450852
15392,BPRES-2025-15593,2025-10-24,45000,New Building,New Building,Issued,CLAM BAY,District 02,0,1,Accessory Structure,44.72826063197822,-62.939493966572066
15393,BPRES-2025-15652,2025-11-12,80000,New Building,New Building,Issued,HEAD OF ST MARGARETS BAY,District 13,1,2,Dwelling - Backyard Suite,44.67669502915092,-63.92294255702494
15394,BPRES-2025-15663,2025-12-01,70000,Renovation,Renovation,Issued,BEDFORD,District 16,1,2,Dwelling - Multiple Units,44.72128296828025,-63.68081981267729
15395,BPRES-2025-15669,2026-06-02,50000,New Building,New Building,Issued,LUCASVILLE,District 14,0,1,Accessory Structure,44.762959085684855,-63.72356103676098
15396,BPRES-2025-15688,2025-10-22,350000,Addition,Addition,Completed,FALL RIVER,District 01,1,2,Dwelling - Single Detached,44.808150166498905,-63.622524417033674
15397,BPRES-2025-15691,2025-10-27,300000,New Building,New Building,Completed,FALL RIVER,District 01,1,1,Dwelling - Backyard Suite,44.808233207006744,-63.623007933509015
15398,BPRES-2025-15725,2025-11-06,6000,Renovation,Renovation,Completed,HALIFAX,District 11,1,2,Dwelling - Multiple Units,44.59909181632234,-63.601918442537865
15399,BPRES-2025-15742,,50000,New Building,New Building,Withdrawn,HERRING COVE,District 11,0,1,Accessory Structure,44.56385000402233,-63.56973514896553
15400,BPRES-2025-15754,2025-10-24,400000,New Building,New Building,Issued,HEAD OF JEDDORE,District 02,1,1,Dwelling - Single Detached,44.74669670946171,-63.052839712138486
15401,BPRES-2025-15760,,475000,New Building,New Building,Withdrawn,PORTERS LAKE,District 02,1,2,Dwelling - Single Detached,44.73583873552844,-63.29233253590822
15402,BPRES-2025-15761,2025-10-31,150000,Addition,Addition,Completed,HARRIETSFIELD,District 11,1,2,Dwelling - Multiple Units,44.56774526554422,-63.63775276678367
15403,BPRES-2025-15791,2025-10-29,500000,Addition,Addition,Issued,HALIFAX,District 09,0,2,Dwelling - Single Detached,44.64218663999817,-63.62541253963611
15404,BPRES-2025-15804,2025-10-28,75000,New Building,New Building,Completed,MUSQUODOBOIT HARBOUR,District 02,0,1,Accessory Structure,44.821805664255436,-63.19874914865092
15405,BPRES-2025-15813,2025-10-22,42000,New Building,New Building,Completed,BEAVER BANK,District 15,0,1,Accessory Structure,44.874627844326355,-63.69669929428284
15406,BPRES-2025-15817,2025-11-03,35000,New Building,New Building,Completed,HAMMONDS PLAINS,District 14,0,1,Accessory Structure,44.753971030995764,-63.79637129686205
15407,BPRES-2025-15858,2025-11-05,232300,Addition,Addition,Issued,FALL RIVER,District 01,0,2,Dwelling - Single Detached,44.797421201243914,-63.6209711171176
15408,BPRES-2025-15863,2025-11-03,120000,New Building,New Building,Completed,,District 02,0,2,Accessory Structure,44.758275986171,-62.822211172947355
15409,BPRES-2025-15870,2025-10-30,500000,New Building,New Building,Issued,HERRING COVE,District 11,2,2,Dwelling - Semi-Detached,44.580071433396874,-63.57482245859329
15410,BPRES-2025-15871,2025-10-31,500000,New Building,New Building,Issued,HERRING COVE,District 11,2,2,Dwelling - Semi-Detached,44.58012347426253,-63.57506378697394
15411,BPRES-2025-15879,2025-10-30,170525,New Building,New Building,Issued,HARRIETSFIELD,District 11,0,1,Accessory Structure,44.54476427018195,-63.643456448200645
15412,BPRES-2025-15905,2025-11-03,325000,New Building,New Building,Issued,GOFFS,District 01,1,1,Dwelling - Single Detached,44.88689548843122,-63.47591956354171
15413,BPRES-2025-15918,2025-11-03,1375000,New Building,New Building,Issued,BEDFORD,District 16,5,3,Dwelling - Townhouse,44.707910992700754,-63.72585140372133
15414,BPRES-2025-15926,2025-10-31,40000,Renovation,Renovation,Completed,DARTMOUTH,District 03,1,2,Dwelling - Multiple Units,44.671442093042906,-63.520470629087676
15415,BPRES-2025-15934,2025-11-26,300000,New Building,New Building,Issued,GRAND LAKE,District 01,1,1,Dwelling - Backyard Suite,44.877755004000065,-63.603668266076234
15416,BPRES-2025-15959,2025-11-10,8699,New Building,New Building,Issued,LOWER SACKVILLE,District 15,0,1,Accessory Structure,44.781006569936295,-63.68109384956286
15417,BPRES-2025-15968,2025-10-28,182900,New Building,New Building,Issued,HACKETTS COVE,District 13,1,1,Dwelling - Single Detached,44.54593763673781,-63.93518081451966
15418,BPRES-2025-15972,,85000,Renovation,Renovation,Applicant Revisions,HALIFAX,District 10,1,1,Dwelling - Backyard Suite,44.68979179446435,-63.68991508852854
15419,BPRES-2025-15991,2026-06-01,300000,New Building,New Building,Amendment Review,SHIP HARBOUR,District 02,1,1,Dwelling - Single Detached,44.807447564660606,-62.891902725631944
15420,BPRES-2025-16011,2026-02-04,175000,New Building,New Building,Issued,LUCASVILLE,District 14,2,1,Dwelling - Semi-Detached,44.75094093315963,-63.73899879998988
15421,BPRES-2025-16027,,654500,New Building,New Building,Applicant Revisions,HALIFAX,District 10,4,2,Dwelling - Semi-Detached,44.67896471640277,-63.66010641555894
15422,BPRES-2025-16027,,654500,New Building,New Building,Applicant Revisions,HALIFAX,District 10,4,2,Dwelling - Semi-Detached,44.67896471640277,-63.66010641555894
15423,BPRES-2025-16035,2025-10-20,15000,New Building,New Building,Issued,COLE HARBOUR,District 04,0,1,Accessory Structure,44.67888202810587,-63.479983186219584
15424,BPRES-2025-16039,2025-12-29,90000,Addition,Addition,Issued,HEAD OF ST MARGARETS BAY,District 13,1,2,Dwelling - Multiple Units,44.68121299752927,-63.905326983475376
15425,BPRES-2025-16063,2026-01-05,3000,Renovation,Renovation,Issued,HALIFAX,District 11,0,1,Dwelling - Single Detached,44.60242201169831,-63.60639754792334
15426,BPRES-2025-16079,2025-11-04,900000,New Building,New Building,Issued,HAMMONDS PLAINS,District 14,1,2,Dwelling - Single Detached,44.74919847950254,-63.77880864405514
15427,BPRES-2025-16112,2025-10-23,80000,Renovation,Renovation,Issued,HALIFAX,District 09,0,2,Dwelling - Single Detached,44.641678898394154,-63.599659174966334
15428,BPRES-2025-16119,2025-12-01,500000,New Building,New Building,Issued,HALIFAX,District 11,4,2,Dwelling - Semi-Detached,44.60203782278749,-63.60569021362267
15429,BPRES-2025-16119,2025-12-01,500000,New Building,New Building,Issued,HALIFAX,District 11,4,2,Dwelling - Semi-Detached,44.60203782278749,-63.60569021362267
15430,BPRES-2025-16136,2026-06-08,200000,Addition,Addition,Issued,HALIFAX,District 12,1,2,Dwelling - Multiple Units,44.67776604354747,-63.669251619987726
15431,BPRES-2025-16145,2025-11-13,500000,New Building,New Building,Issued,HERRING COVE,District 11,2,2,Dwelling - Semi-Detached,44.57945642296071,-63.574450754025946
15432,BPRES-2025-16146,2025-10-27,450000,New Building,New Building,Cancelled,MIDDLE SACKVILLE,District 14,1,2,Dwelling - Single Detached,44.79910082603396,-63.770216197798625
15433,BPRES-2025-16154,2025-11-03,250000,Renovation,Renovation,Issued,DARTMOUTH,District 06,0,2,Dwelling - Single Detached,44.695645170217546,-63.5364541271424
15434,BPRES-2025-16156,2025-11-03,400000,New Building,New Building,Issued,MIDDLE SACKVILLE,District 14,1,1,Dwelling - Single Detached,44.799496939975405,-63.769698707557446
15435,BPRES-2025-16172,2025-11-20,75000,Addition,Addition,Issued,HALIFAX,District 11,0,1,Accessory Structure,44.62303149668534,-63.60247487307463
15436,BPRES-2025-16191,2025-12-18,400000,Addition,Addition,Issued,HALIFAX,District 09,0,2,Dwelling - Single Detached,44.64407223604628,-63.6103815108265
15437,BPRES-2025-16205,,50000,New Building,New Building,Applicant Revisions,WILLIAMSWOOD,District 11,0,2,Accessory Structure,44.53903854156358,-63.65292069442492
15438,BPRES-2025-16233,2025-11-13,40000,Renovation,Renovation,Completed,COLE HARBOUR,District 04,1,1,Dwelling - Backyard Suite,44.652555211115164,-63.47862688780756
15439,BPRES-2025-16265,2025-12-09,400000,New Building,New Building,Issued,EAST PRESTON,District 04,1,1,Dwelling - Single Detached,44.72473348615586,-63.44072293450484
15440,BPRES-2025-16275,2025-11-10,120000,New Building,New Building,Issued,LUCASVILLE,District 14,0,2,Accessory Structure,44.75745065093272,-63.73823533986557
15441,BPRES-2025-16278,2025-10-28,50000,Renovation,Renovation,Issued,HALIFAX,District 07,0,3,Dwelling - Semi-Detached,44.636736279902706,-63.57002372699807
15442,BPRES-2025-16297,2025-11-14,600000,New Building,New Building,Issued,HACKETTS COVE,District 13,2,1,Dwelling - Multiple Units,44.543217939520304,-63.9351441194148
15443,BPRES-2025-16310,2025-11-06,40000,Addition,Addition,Issued,BEAVER BANK,District 15,0,1,Accessory Structure,44.8057441520418,-63.677035977548265
15444,BPRES-2025-16319,2025-11-13,1200000,New Building,New Building,Issued,HAMMONDS PLAINS,District 14,2,2,Dwelling - Multiple Units,44.72111131476433,-63.7694282241315
15445,BPRES-2025-16321,2025-11-10,750000,New Building,New Building,Issued,,District 04,1,2,Dwelling - Single Detached,,
15446,BPRES-2025-16324,2026-03-24,67600,Addition,Addition,Amendment Review,DARTMOUTH,District 06,0,1,Dwelling - Single Detached,44.68810505869353,-63.54221615517849
15447,BPRES-2025-16356,2025-11-27,250000,New Building,New Building,Issued,HALIFAX,District 11,1,2,Dwelling - Single Detached,44.60897074582817,-63.60269089669014
15448,BPRES-2025-16369,2025-10-31,7902,Renovation,Renovation,Issued,DARTMOUTH,District 06,0,2,Dwelling - Single Detached,44.67291664855336,-63.51936108513342
15449,BPRES-2025-16374,,700000,New Building,New Building,Withdrawn,HERRING COVE,District 11,2,2,Dwelling - Semi-Detached,44.57970285905239,-63.575232732164835
15450,BPRES-2025-16380,2026-02-17,700000,New Building,New Building,Amendment Review,HERRING COVE,District 11,2,3,Dwelling - Semi-Detached,44.57970285905239,-63.575232732164835
15451,BPRES-2025-16407,2026-04-29,40000,Renovation,Renovation,Issued,COW BAY,District 03,1,2,Dwelling - Backyard Suite,44.62690366034404,-63.41950388034054
15452,BPRES-2025-16436,2026-03-09,40000,New Building,New Building,Issued,UPPER TANTALLON,District 13,0,1,Accessory Structure,44.707683468355555,-63.87114267961864
15453,BPRES-2025-16460,,80000,Addition,Addition,Applicant Revisions,HALIFAX,District 10,1,2,Dwelling - Backyard Suite,44.64905689272859,-63.642128753684915
15454,BPRES-2025-16470,2025-10-28,600000,New Building,New Building,Issued,BLACK POINT,District 13,1,1,Dwelling - Single Detached,44.660492082024206,-63.98093177751128
15455,BPRES-2025-16489,2025-11-20,324965,New Building,New Building,Issued,HUBBARDS,District 13,1,1,Dwelling - Backyard Suite,44.63346325799731,-64.0422679255803
15456,BPRES-2025-16491,,100000,Addition,Addition,Applicant Revisions,TIMBERLEA,District 12,1,1,Dwelling - Multiple Units,44.66643752300526,-63.76236614291685
15457,BPRES-2025-16536,2025-12-30,125000,Renovation,Renovation,Issued,HALIFAX,District 08,1,2,Dwelling - Multiple Units,44.65169167231285,-63.591882809466114
15458,BPRES-2025-16542,2025-11-04,450000,New Building,New Building,Issued,BEDFORD,District 16,1,3,Dwelling - Single Detached,44.709742639782725,-63.7261353063972
15459,BPRES-2025-16575,2026-01-22,4500,Renovation,Renovation,Issued,COLE HARBOUR,District 04,0,2,Dwelling - Single Detached,44.64847730456965,-63.468043237549985
15460,BPRES-2025-16611,2025-11-13,100000,New Building,New Building,Issued,HEAD OF JEDDORE,District 02,0,1,Accessory Structure,44.77914902583053,-63.047360877965396
15461,BPRES-2025-16632,2026-04-14,10000,Renovation,Renovation,Issued,HALIFAX,District 10,1,2,Dwelling - Multiple Units,44.654748755705995,-63.634429195126756
15462,BPRES-2025-16634,2025-11-04,500000,New Building,New Building,Issued,HERRING COVE,District 11,2,2,Dwelling - Semi-Detached,44.5800031995712,-63.57460558005188
15463,BPRES-2025-16658,2025-11-10,40000,New Building,New Building,Completed,WELLINGTON,District 01,0,1,Accessory Structure,44.86315009658639,-63.60483903043021
15464,BPRES-2025-16670,2025-11-10,60000,New Building,New Building,Completed,FALL RIVER,District 01,0,1,Accessory Structure,44.8376625200525,-63.652191418805295
15465,BPRES-2025-16685,2025-11-04,800000,New Building,New Building,Issued,HAMMONDS PLAINS,District 14,1,2,Dwelling - Single Detached,44.69816752441532,-63.803837098827756
15466,BPRES-2025-16719,2025-12-09,110000,Addition,Addition,Issued,MILL LAKE,District 01,0,1,Dwelling - Seasonal,45.125228256184954,-62.89918793070702
15467,BPRES-2025-16759,2025-11-04,37000,New Building,New Building,Completed,PORTERS LAKE,District 02,0,1,Accessory Structure,44.74686185245564,-63.32893805329122
15468,BPRES-2025-16767,2025-11-27,250000,New Building,New Building,Issued,HALIFAX,District 11,1,3,Dwelling - Single Detached,44.60921302463927,-63.60309083169495
15469,BPRES-2025-16773,2025-11-13,10000,Renovation,Renovation,Issued,HALIFAX,District 11,0,2,Dwelling - Townhouse,44.628789144854764,-63.61894535163767
15470,BPRES-2025-16782,2025-11-19,300000,Addition,Addition,Issued,GLEN MARGARET,District 13,1,2,Dwelling - Single Detached,44.58250959224776,-63.91187685412173
15471,BPRES-2025-16791,2025-11-19,425000,New Building,New Building,Issued,SAMBRO,District 11,1,1,Dwelling - Single Detached,44.47434855962527,-63.60597890267671
15472,BPRES-2025-16802,2025-11-21,250000,New Building,New Building,Issued,MILL LAKE,District 01,1,2,Dwelling - Single Detached,45.124742722496556,-62.89956690789722
15473,BPRES-2025-16848,2025-11-13,3000,Renovation,Renovation,Issued,LAKE LOON,District 04,0,1,Dwelling - Single Detached,44.7039649146039,-63.49758032298897
15474,BPRES-2025-16865,2025-11-13,150000,New Building,New Building,Issued,LAKE ECHO,District 02,1,1,Dwelling - Backyard Suite,44.72333450276295,-63.39197059420212
15475,BPRES-2025-16871,2025-11-12,250000,New Building,New Building,Issued,UPPER HAMMONDS PLAINS,District 14,1,2,Dwelling - Single Detached,44.76342848396352,-63.857689549531806
15476,BPRES-2025-16874,2025-11-12,20000,Renovation,Renovation,Completed,DARTMOUTH,District 06,1,1,Dwelling - Multiple Units,44.67597035058614,-63.53960423894834
15477,BPRES-2025-16889,2025-11-13,140000,Addition,Addition,Completed,WINDSOR JUNCTION,District 01,1,1,Dwelling - Multiple Units,44.79608470790322,-63.6548194217386
15478,BPRES-2025-16916,2025-11-26,45000,Renovation,Renovation,Completed,HALIFAX,District 09,1,2,Dwelling - Multiple Units,44.65021902328504,-63.62671270162218
15479,BPRES-2025-16930,2025-11-25,500000,New Building,New Building,Amendment Applicant Revisions,PORTUGUESE COVE,District 11,1,2,Dwelling - Single Detached,44.51689102585818,-63.53737684091128
15480,BPRES-2025-16944,2025-11-26,2000000,New Building,New Building,Issued,HACKETTS COVE,District 13,1,2,Dwelling - Single Detached,44.56024600922758,-63.93701432124511
15481,BPRES-2025-16949,2025-11-27,20789.36,Renovation,Renovation,Completed,HALIFAX,District 08,0,2,Dwelling - Single Detached,44.67204065195627,-63.60771008893255
15482,BPRES-2025-16954,2025-11-12,29000,Renovation,Renovation,Issued,HALIFAX,District 08,0,6,Dwelling - Multiple Units,44.654089809822885,-63.582213794713006
15483,BPRES-2025-16979,2025-11-17,450000,New Building,New Building,Issued,BEDFORD,District 16,1,3,Dwelling - Single Detached,44.71002981940362,-63.725710280261815
15484,BPRES-2025-16990,2026-01-02,50000,New Building,New Building,Issued,UPPER TANTALLON,District 13,0,2,Accessory Structure,44.72065062964289,-63.87687943645309
15485,BPRES-2025-17009,2025-11-17,150000,New Building,New Building,Issued,HERRING COVE,District 11,1,2,Dwelling - Backyard Suite,44.56328509416833,-63.56872035310221
15486,BPRES-2025-17034,2025-12-04,320000,New Building,New Building,Issued,BEAVER BANK,District 15,1,2,Dwelling - Single Detached,44.82688670554209,-63.67348441595198
15487,BPRES-2025-17039,2025-11-18,320000,New Building,New Building,Issued,BEAVER BANK,District 15,2,2,Dwelling - Multiple Units,44.82688172367079,-63.6736629052717
15488,BPRES-2025-17070,2025-12-01,7000,Renovation,Renovation,Completed,LOWER SACKVILLE,District 15,1,2,Dwelling - Multiple Units,44.76704043806362,-63.692372556324685
15489,BPRES-2025-17085,2026-01-06,108000,New Building,New Building,Issued,HALIFAX,District 07,1,2,Dwelling - Backyard Suite,44.63662503145647,-63.586678229055885
15490,BPRES-2025-17117,2025-12-08,20000,New Building,New Building,Issued,NORTH PRESTON,District 04,1,1,Dwelling - Single Detached,44.74432676428091,-63.47675046620417
15491,BPRES-2025-17147,2025-12-03,55000,New Building,New Building,Issued,HALIFAX,District 11,4,3,Dwelling - Semi-Detached,44.58594655356148,-63.59080753196586
15492,BPRES-2025-17156,2025-11-27,800000,New Building,New Building,Issued,,District 13,1,1,Dwelling - Single Detached,44.63757498182431,-64.06098637997944
15493,BPRES-2025-17161,2025-12-05,100000,New Building,New Building,Issued,HAMMONDS PLAINS,District 14,0,1,Accessory Structure,44.771323333865446,-63.75671017088701
15494,BPRES-2025-17175,2026-04-16,750000,New Building,New Building,Issued,HALIFAX,District 12,1,1,Dwelling - Single Detached,44.67704260204801,-63.67469408677774
15495,BPRES-2025-17238,2025-11-27,500000,New Building,New Building,Issued,DARTMOUTH,District 06,2,3,Dwelling - Semi-Detached,44.713094479760834,-63.539661915839716
15496,BPRES-2025-17250,2025-11-28,300000,New Building,New Building,Issued,FALL RIVER,District 01,1,1,Dwelling - Single Detached,44.83959586400535,-63.64113789282879
15497,BPRES-2025-17252,2025-11-21,570000,New Building,New Building,Issued,FALL RIVER,District 01,1,2,Dwelling - Single Detached,44.84097178783394,-63.64132275562008
15498,BPRES-2025-17264,2025-11-19,350000,New Building,New Building,Issued,BEAVER BANK,District 15,2,2,Dwelling - Multiple Units,44.826484087978585,-63.67359559406772
15499,BPRES-2025-17279,2026-03-05,15000,Renovation,Renovation,Completed,HALIFAX,District 10,1,2,Dwelling - Multiple Units,44.65967059070004,-63.63917471064341
15500,BPRES-2025-17299,2026-05-22,565000,New Building,New Building,Issued,,District 14,1,2,Dwelling - Single Detached,44.74450180750701,-63.820401973999424
15501,BPRES-2025-17311,2025-11-17,10000,New Building,New Building,Issued,MUSQUODOBOIT HARBOUR,District 02,0,1,Accessory Structure,44.78113419779249,-63.12589781514758
15502,BPRES-2025-17327,2025-11-27,40000,New Building,New Building,Issued,WEST PORTERS LAKE,District 02,0,1,Accessory Structure,44.686850726485424,-63.310754214181905
15503,BPRES-2025-17375,2025-11-24,24000,New Building,New Building,Issued,STILLWATER LAKE,District 13,0,1,Accessory Structure,44.700628440794986,-63.82840197327341
15504,BPRES-2025-17397,2025-11-17,500000,New Building,New Building,Issued,MIDDLE SACKVILLE,District 14,1,1,Dwelling - Single Detached,44.80061555711939,-63.76422017038758
15505,BPRES-2025-17398,2025-11-17,500000,New Building,New Building,Completed,MIDDLE SACKVILLE,District 14,1,1,Dwelling - Single Detached,44.8002936327203,-63.76469731824362
15506,BPRES-2025-17405,2025-12-03,450000,New Building,New Building,Issued,TIMBERLEA,District 12,1,2,Dwelling - Single Detached,44.644258903579896,-63.724932063953034
15507,BPRES-2025-17434,2025-11-18,40000,New Building,New Building,Completed,PORTERS LAKE,District 02,0,1,Accessory Structure,44.75192288695417,-63.32116680658197
15508,BPRES-2025-17439,2025-12-11,20000,Renovation,Renovation,Issued,HALIFAX,District 10,1,2,Dwelling - Multiple Units,44.65400101434948,-63.63516026168424
15509,BPRES-2025-17450,,7000000,New Building,New Building,Application Incomplete,,District 02,76,2,Dwelling - Townhouse,44.751425498275765,-63.28743507562557
15510,BPRES-2025-17452,2025-11-17,80000,New Building,New Building,Completed,WEST PETPESWICK,District 02,0,2,Accessory Structure,44.73453391729622,-63.17008123637572
15511,BPRES-2025-17476,2025-12-09,125000,Addition,Addition,Issued,HALIFAX,District 08,1,2,Dwelling - Multiple Units,44.66972420783456,-63.60622340066119
15512,BPRES-2025-17480,2025-12-01,50000,New Building,New Building,Issued,WINDSOR JUNCTION,District 01,0,1,Accessory Structure,44.79139734355907,-63.659397233404015
15513,BPRES-2025-17485,2026-05-08,150000,New Building,New Building,Amendment Review,WEST PENNANT,District 11,1,2,Dwelling - Backyard Suite,44.4676846942217,-63.65398573825365
15514,BPRES-2025-17494,,25000,Renovation,Renovation,Applicant Revisions,HALIFAX,District 10,1,3,Dwelling - Multiple Units,44.66103633474058,-63.634001460752906
15515,BPRES-2025-17503,2026-03-06,12700000,New Building,New Building,Issued,HAMMONDS PLAINS,District 14,127,2,Dwelling - Townhouse,44.73802560321655,-63.80731196745438
15516,BPRES-2025-17512,2025-12-01,450000,New Building,New Building,Issued,DUTCH SETTLEMENT,District 01,1,1,Dwelling - Single Detached,44.98721006516432,-63.429841275769796
15517,BPRES-2025-17530,,195000,New Building,New Building,Withdrawn,,District 14,0,1,Accessory Structure,44.733796190044536,-63.82016194096292
15518,BPRES-2025-17574,2026-02-23,60000,Addition,Addition,Issued,DARTMOUTH,District 06,0,2,Dwelling - Single Detached,44.68950625300173,-63.54597544563967
15519,BPRES-2025-17586,2025-11-27,2000,Renovation,Renovation,Completed,HALIFAX,District 07,0,7,Dwelling - Multiple Units,44.6427672567122,-63.569268130226405
15520,BPRES-2025-17593,2026-06-17,10000,Addition,Addition,Issued,EASTERN PASSAGE,District 03,0,2,Dwelling - Single Detached,44.60744079313838,-63.46810161004873
15521,BPRES-2025-17634,2026-01-12,35000,Renovation,Renovation,Amendment Review,MIDDLE SACKVILLE,District 14,1,2,Dwelling - Multiple Units,44.77740331621243,-63.70543703874226
15522,BPRES-2025-17645,2025-11-27,216295,Renovation,Renovation,Issued,STILLWATER LAKE,District 13,0,1,Dwelling - Single Detached,44.686222401108886,-63.81649353559193
15523,BPRES-2025-17660,2025-11-21,475000,New Building,New Building,Issued,,District 02,1,1,Dwelling - Single Detached,44.738258029938955,-63.340806318493975
15524,BPRES-2025-17668,2025-12-01,50000,Addition,Addition,Completed,FALL RIVER,District 01,0,1,Dwelling - Single Detached,44.8275427296308,-63.59736037177994
15525,BPRES-2025-17683,2025-12-01,375000,Addition,Addition,Completed,HALIFAX,District 08,0,2,Dwelling - Single Detached,44.67024378422624,-63.60511188699181
15526,BPRES-2025-17722,2025-12-30,80000,Renovation,Renovation,Issued,HALIFAX,District 08,1,3,Dwelling - Multiple Units,44.66598398625938,-63.61718632850932
15527,BPRES-2025-17780,2025-11-28,250000,New Building,New Building,Issued,HALIFAX,District 11,1,2,Dwelling - Single Detached,44.6092755019512,-63.60319632815981
15528,BPRES-2025-17787,2026-02-03,250000,New Building,New Building,Issued,HALIFAX,District 11,1,2,Dwelling - Single Detached,44.60957382458594,-63.60359489627766
15529,BPRES-2025-17813,,55000,Renovation,Renovation,Applicant Revisions,LOWER SACKVILLE,District 15,1,1,Dwelling - Single Detached,44.77151795078714,-63.6789119888129
15530,BPRES-2025-17835,2026-04-17,8000,Renovation,Renovation,Completed,HALIFAX,District 07,1,2,Dwelling - Single Detached,44.63226831706546,-63.5905296253981
15531,BPRES-2025-17860,2025-12-04,400000,New Building,New Building,Issued,TIMBERLEA,District 12,1,2,Dwelling - Single Detached,44.645463456722744,-63.72388480511946
15532,BPRES-2025-17876,2025-11-26,400000,New Building,New Building,Issued,OYSTER POND,District 02,1,1,Dwelling - Single Detached,44.77923568765827,-63.000301765955
15533,BPRES-2025-17880,2025-12-02,350000,New Building,New Building,Issued,FALL RIVER,District 01,1,2,Dwelling - Single Detached,44.83901265348303,-63.6405605415627
15534,BPRES-2025-17915,2025-12-22,500000,New Building,New Building,Issued,HALIFAX,District 11,4,2,Dwelling - Multiple Units,44.60217562206806,-63.60589745608953
15535,BPRES-2025-17917,2025-12-04,30000,New Building,New Building,Issued,FALL RIVER,District 01,0,1,Accessory Structure,44.83411339699172,-63.6514922850014
15536,BPRES-2025-17925,,5000,Addition,Addition,Applicant Revisions,BEAVER BANK,District 15,0,1,Dwelling - Single Detached,44.80256839392893,-63.68169249759048
15537,BPRES-2025-17945,2025-12-10,500000,Addition,Addition,Issued,WESTPHAL,District 04,0,1,Dwelling - Single Detached,44.7078415139493,-63.47234000302342
15538,BPRES-2025-17965,2026-04-24,15000,Renovation,Renovation,Issued,HALIFAX,District 07,1,3,Dwelling - Multiple Units,44.63960996648184,-63.5879897314076
15539,BPRES-2025-17995,2025-12-05,8000,Renovation,Renovation,Issued,DARTMOUTH,District 06,0,2,Dwelling - Single Detached,44.67185181908733,-63.516516033974504
15540,BPRES-2025-18009,2025-12-01,500000,New Building,New Building,Issued,MIDDLE SACKVILLE,District 14,1,2,Dwelling - Single Detached,44.800956825302805,-63.763887296350575
15541,BPRES-2025-18031,2025-12-22,325000,New Building,New Building,Amendment Requested,TIMBERLEA,District 12,1,2,Dwelling - Single Detached,44.64679092399551,-63.726037573183795
15542,BPRES-2025-18042,2025-12-01,325000,New Building,New Building,Amendment Requested,TIMBERLEA,District 12,1,2,Dwelling - Single Detached,44.64687215506622,-63.72615537453757
15543,BPRES-2025-18046,2025-12-01,400000,New Building,New Building,Issued,HALIFAX,District 11,4,3,Dwelling - Semi-Detached,44.586833442387494,-63.589785918642285
15544,BPRES-2025-18049,2025-12-01,400000,New Building,New Building,Issued,HALIFAX,District 11,4,3,Dwelling - Semi-Detached,44.58673807131732,-63.58962587190322
15545,BPRES-2025-18049,2025-12-01,400000,New Building,New Building,Issued,HALIFAX,District 11,4,3,Dwelling - Semi-Detached,44.58673807131732,-63.58962587190322
15546,BPRES-2025-18066,,850000,New Building,New Building,Withdrawn,,District 11,4,3,Dwelling - Multiple Units,44.62052997006157,-63.614084909320574
15547,BPRES-2025-18121,2025-12-03,250000,New Building,New Building,Issued,WELLINGTON,District 01,0,1,Accessory Structure,44.87817377888665,-63.61868386455496
15548,BPRES-2025-18131,,35000,Renovation,Renovation,Applicant Revisions,BEDFORD,District 16,1,1,Dwelling - Backyard Suite,44.73931221183021,-63.644143857811734
15549,BPRES-2025-18161,2025-12-03,27000,New Building,New Building,Issued,COLE HARBOUR,District 04,0,1,Accessory Structure,44.687131924546605,-63.49441307332134
15550,BPRES-2025-18180,2026-03-05,23000,New Building,New Building,Issued,SEAFORTH,District 02,0,1,Accessory Structure,44.65630751767756,-63.27801329564971
15551,BPRES-2025-18190,2025-12-09,1700,Renovation,Renovation,Issued,HALIFAX,District 09,0,2,Dwelling - Single Detached,44.644285102473624,-63.59395235395655
15552,BPRES-2025-18207,2025-12-09,560000,New Building,New Building,Completed,WELLINGTON,District 01,2,1,Dwelling - Multiple Units,44.8737386635629,-63.60048677258083
15553,BPRES-2025-18210,,8000,New Building,New Building,Applicant Revisions,SALMON RIVER BRIDGE,District 02,0,1,Accessory Structure,44.77740664196435,-63.03020023491017
15554,BPRES-2025-18258,2026-01-27,30000,New Building,New Building,Issued,HEAD OF JEDDORE,District 02,0,2,Accessory Structure,44.775930239034956,-63.05152030110571
15555,BPRES-2025-18290,,1300000,New Building,New Building,Applicant Revisions,LAKESIDE,District 12,4,2,Dwelling - Multiple Units,44.63351923222143,-63.7031525603953
15556,BPRES-2025-18296,,70000,Renovation,Renovation,Withdrawn,HALIFAX,District 09,0,1,Dwelling - Single Detached,44.64111354285645,-63.60789931228516
15557,BPRES-2025-18341,,200,Renovation,Renovation,Applicant Revisions,FALL RIVER,District 01,1,2,Dwelling - Multiple Units,44.82402484829923,-63.61112058266572
15558,BPRES-2025-18342,2025-12-30,70000,Renovation,Renovation,Issued,DARTMOUTH,District 05,1,1,Dwelling - Multiple Units,44.67675834919608,-63.55184130055882
15559,BPRES-2025-18374,2025-12-08,700000,New Building,New Building,Issued,BROOKSIDE,District 13,1,2,Dwelling - Single Detached,44.526987516204876,-63.708565841349504
15560,BPRES-2025-18393,,575000,New Building,New Building,Applicant Revisions,HALIFAX,District 07,1,2,Dwelling - Single Detached,44.62850289741794,-63.58818741363759
15561,BPRES-2025-18407,2025-12-22,480000,New Building,New Building,Issued,OAKFIELD,District 01,1,2,Dwelling - Single Detached,44.91368470482854,-63.55979117322433
15562,BPRES-2025-18410,2026-02-05,100000,Renovation,Renovation,Completed,GLEN HAVEN,District 13,1,3,Dwelling - Multiple Units,44.63703657071212,-63.93106204845652
15563,BPRES-2025-18442,2025-12-18,5000,Renovation,Renovation,Issued,DARTMOUTH,District 06,0,2,Dwelling - Semi-Detached,44.67994260450501,-63.546987312015645
15564,BPRES-2025-18454,2026-03-10,50000,New Building,New Building,Issued,HAMMONDS PLAINS,District 14,1,2,Dwelling - Backyard Suite,44.751658798936795,-63.788725486234775
15565,BPRES-2025-18458,2026-02-24,300000,New Building,New Building,Completed,OWLS HEAD,District 02,0,1,Accessory Structure,44.73650113194835,-62.83350780833359
15566,BPRES-2025-18518,,1500000,New Building,New Building,Application Incomplete,TERENCE BAY,District 13,1,2,Dwelling - Single Detached,44.472907454621236,-63.71841769220021
15567,BPRES-2025-18538,2025-12-19,400000,New Building,New Building,Issued,FALL RIVER,District 01,2,2,Dwelling - Multiple Units,44.806075137820436,-63.59459267648957
15568,BPRES-2025-18541,2026-02-17,50000,Renovation,Renovation,Issued,BEAVER BANK,District 15,1,1,Dwelling - Single Detached,44.79306523436883,-63.686652287169764
15569,BPRES-2025-18552,2026-02-23,10000,Renovation,Renovation,Issued,DARTMOUTH,District 03,0,3,Dwelling - Multiple Units,44.66593383982781,-63.53961861236837
15570,BPRES-2025-18569,2026-01-21,350000,New Building,New Building,Issued,DARTMOUTH,District 06,1,3,Dwelling - Single Detached,44.7153773614504,-63.53903108511784
15571,BPRES-2025-18593,2026-01-07,500000,Addition,Addition,Issued,HALIFAX,District 11,0,2,Dwelling - Single Detached,44.62495097694384,-63.59764897885802
15572,BPRES-2025-18625,2025-12-16,400000,New Building,New Building,Issued,WILLIAMSWOOD,District 11,1,2,Dwelling - Single Detached,44.53317269611548,-63.6537329478892
15573,BPRES-2025-18641,2026-01-22,67000,Renovation,Renovation,Amendment Applicant Revisions,HALIFAX,District 09,2,2,Dwelling - Multiple Units,44.63869291574293,-63.628722134519975
15574,BPRES-2025-18650,2026-01-02,400000,New Building,New Building,Issued,DARTMOUTH,District 06,1,3,Dwelling - Single Detached,44.71585388634299,-63.537741495568916
15575,BPRES-2025-18682,2025-12-22,280000,New Building,New Building,Issued,TIMBERLEA,District 12,1,2,Dwelling - Single Detached,44.645572317040184,-63.724285232811766
15576,BPRES-2025-18695,2026-04-24,942183,New Building,New Building,Issued,HALIFAX,District 10,4,2,Dwelling - Semi-Detached,44.67894474516822,-63.66029428303878
15577,BPRES-2025-18695,2026-04-24,942183,New Building,New Building,Issued,HALIFAX,District 10,4,2,Dwelling - Semi-Detached,44.67894474516822,-63.66029428303878
15578,BPRES-2025-18715,2025-12-18,61166.99,Renovation,Renovation,Issued,LOWER SACKVILLE,District 15,0,2,Dwelling - Townhouse,44.78051092787487,-63.68263359151142
15579,BPRES-2025-18778,2026-03-23,650000,New Building,New Building,Issued,MIDDLE SACKVILLE,District 14,1,2,Dwelling - Single Detached,44.80517642428291,-63.76572999474155
15580,BPRES-2025-18805,2025-12-23,76988.84,Renovation,Renovation,Issued,HALIFAX,District 09,0,2,Dwelling - Single Detached,44.6411730486166,-63.63094395807103
15581,BPRES-2025-18835,2025-12-24,850000,New Building,New Building,Issued,PORTERS LAKE,District 02,1,1,Dwelling - Single Detached,44.75361913837563,-63.33211590897377
15582,BPRES-2025-18854,2026-02-19,97000,New Building,New Building,Completed,BEAVER BANK,District 15,0,2,Accessory Structure,44.87711637362717,-63.6902260130823
15583,BPRES-2025-18893,2026-01-08,320000,New Building,New Building,Issued,BEAVER BANK,District 15,2,2,Dwelling - Multiple Units,44.826495424070316,-63.67378954266856
15584,BPRES-2025-18899,,14000000,New Building,New Building,Application Incomplete,,District 02,184,2,Dwelling - Townhouse,44.751425498275765,-63.28743507562557
15585,BPRES-2025-18913,,1600000,New Building,New Building,In Review,HALIFAX,District 09,8,4,Dwelling - Multiple Units,44.6424880394483,-63.61521486373188
15586,BPRES-2025-18930,2025-12-22,25000,New Building,New Building,Completed,WYSES CORNER,District 01,0,1,Accessory Structure,44.963415840981,-63.270601131461824
15587,BPRES-2025-18935,2026-04-09,80000,Renovation,Renovation,Issued,DARTMOUTH,District 05,1,2,Dwelling - Multiple Units,44.680369058334,-63.58698474024873
15588,BPRES-2025-18952,2026-01-19,300000,Renovation,Renovation,Issued,HEAD OF ST MARGARETS BAY,District 13,0,2,Dwelling - Single Detached,44.67733382301524,-63.919972645592686
15589,BPRES-2025-18957,,45000,Renovation,Renovation,Withdrawn,HALIFAX,District 11,1,1,Dwelling - Backyard Suite,44.62503212033486,-63.61877654155061
15590,BPRES-2025-18965,,10000,Renovation,Renovation,Application Incomplete,HALIFAX,District 11,1,1,Dwelling - Backyard Suite,44.630963857562975,-63.622963235183605
15591,BPRES-2025-18999,2026-01-06,750000,New Building,New Building,Issued,TIMBERLEA,District 12,1,2,Dwelling - Single Detached,44.64499853518174,-63.72416438334725
15592,BPRES-2025-19013,,2000,Renovation,Renovation,Withdrawn,DARTMOUTH,District 06,1,1,Dwelling - Multiple Units,44.6773144288772,-63.54890466962538
15593,BPRES-2025-19021,,,New Building,New Building,Submitted,,Unidentified,0,,Dwelling - Single Detached,,
15594,BPRES-2025-19030,2026-01-15,81000,New Building,New Building,Cancelled,BEDFORD,District 16,0,1,Accessory Structure,44.7268323241228,-63.684739609216194
15595,BPRES-2025-19040,2026-01-16,80000,New Building,New Building,Issued,MIDDLE SACKVILLE,District 14,1,2,Dwelling - Backyard Suite,44.79707147027486,-63.75815283063727
15596,BPRES-2025-19041,2026-01-12,200000,New Building,New Building,Issued,MIDDLE SACKVILLE,District 14,1,3,Dwelling - Single Detached,44.7970623880072,-63.75754074580999
15597,BPRES-2025-19050,2026-01-13,150000,Renovation,Renovation,Completed,HALIFAX,District 11,1,2,Dwelling - Multiple Units,44.62156414954099,-63.612568525699835
15598,BPRES-2025-19059,2026-01-19,15000,Addition,Addition,Issued,ENFIELD,District 01,0,1,Dwelling - Single Detached,44.92709514379552,-63.540384375877565
15599,BPRES-2025-19098,2026-02-20,25000,Addition,Addition,Issued,HALIFAX,District 08,0,3,Dwelling - Townhouse,44.66662475880728,-63.606919228777826
15600,BPRES-2025-19103,,200000,New Building,New Building,Applicant Revisions,HALIFAX,District 09,1,2,Dwelling - Backyard Suite,44.64276794806945,-63.62304900939669
15601,BPRES-2026-00009,,150000,New Building,New Building,Applicant Revisions,LAKE ECHO,District 02,0,2,Accessory Structure,44.7246594414515,-63.39151111241015
15602,BPRES-2026-00013,,225000,New Building,New Building,Application Incomplete,INDIAN HARBOUR,District 13,1,1,Dwelling - Single Detached,44.51137637448938,-63.937069731878374
15603,BPRES-2026-00020,,250000,New Building,New Building,In Review,BEDFORD,District 16,1,2,Dwelling - Single Detached,44.73034266599626,-63.65837337945464
15604,BPRES-2026-00031,2026-02-06,130000,New Building,New Building,Issued,SPRY BAY,District 02,1,1,Dwelling - Seasonal,44.83779795268071,-62.58218824265782
15605,BPRES-2026-00046,2026-02-25,110000,Addition,Addition,Issued,UPPER SACKVILLE,District 14,1,2,Dwelling - Multiple Units,44.80810768204882,-63.75617140357337
15606,BPRES-2026-00049,2026-01-16,50000,Renovation,Renovation,Issued,HALIFAX,District 10,1,1,Dwelling - Multiple Units,44.67535770443034,-63.65541812889743
15607,BPRES-2026-00067,,,New Building,New Building,Application Incomplete,EASTERN PASSAGE,District 03,1,1,Dwelling - Single Detached,44.621393091717756,-63.45045629842687
15608,BPRES-2026-00073,2026-01-20,550000,New Building,New Building,Issued,BIG LAKE,District 13,1,2,Dwelling - Single Detached,44.52197733995176,-63.86509087209361
15609,BPRES-2026-00080,2026-05-15,60000,Addition,Addition,Issued,HALIFAX,District 09,0,2,Dwelling - Single Detached,44.65370317862001,-63.6073129354586
15610,BPRES-2026-00087,2026-02-18,15000,Renovation,Renovation,Issued,MIDDLE SACKVILLE,District 14,1,2,Dwelling - Multiple Units,44.78146587101045,-63.70404066156745
15611,BPRES-2026-00098,2026-02-26,500000,New Building,New Building,Issued,HAMMONDS PLAINS,District 14,1,2,Dwelling - Single Detached,44.715620155619646,-63.769155781762144
15612,BPRES-2026-00114,2026-01-20,80000,Renovation,Renovation,Issued,HALIFAX,District 07,1,2,Dwelling - Multiple Units,44.63015642556041,-63.58877789283309
15613,BPRES-2026-00139,2026-01-19,450000,New Building,New Building,Issued,WAVERLEY,District 01,1,3,Dwelling - Single Detached,44.74448310693322,-63.5350067558161
15614,BPRES-2026-00147,2026-01-16,875000,New Building,New Building,Issued,HAMMONDS PLAINS,District 14,1,3,Dwelling - Single Detached,44.72265285978617,-63.771663227598964
15615,BPRES-2026-00162,2026-01-22,895000,New Building,New Building,Issued,HAMMONDS PLAINS,District 14,1,3,Dwelling - Single Detached,44.72198752785909,-63.77017842744967
15616,BPRES-2026-00196,,350000,New Building,New Building,Withdrawn,CLAM BAY,District 02,1,2,Dwelling - Single Detached,44.732175509977,-62.94134185618311
15617,BPRES-2026-00205,,400000,New Building,New Building,Cancelled,EAST PETPESWICK,District 02,1,1,Dwelling - Single Detached,44.73829815958456,-63.1462878584575
15618,BPRES-2026-00214,2026-01-23,46000,New Building,New Building,Completed,HALIFAX,District 09,0,1,Accessory Structure,44.643708894837864,-63.60236076828121
15619,BPRES-2026-00232,2026-03-23,90000,New Building,New Building,Issued,MUSQUODOBOIT HARBOUR,District 02,0,1,Accessory Structure,44.824649548845876,-63.2022437764078
15620,BPRES-2026-00241,2026-02-12,45000,New Building,New Building,Issued,BIG LAKE,District 13,0,1,Accessory Structure,44.52121070678671,-63.86283687410429
15621,BPRES-2026-00258,,30000,New Building,New Building,Applicant Revisions,,District 02,1,2,Dwelling - Backyard Suite,44.756088332135306,-63.17522160650054
15622,BPRES-2026-00259,,1000000,New Building,New Building,Applicant Revisions,FALL RIVER,District 01,1,2,Dwelling - Single Detached,44.82182260356256,-63.58509800689134
15623,BPRES-2026-00280,2026-06-19,25000,New Building,New Building,Issued,EAST PRESTON,District 04,0,1,Accessory Structure,44.73257483057293,-63.418255535021274
15624,BPRES-2026-00292,2026-03-06,30000,New Building,New Building,Issued,WEST CHEZZETCOOK,District 02,0,1,Accessory Structure,44.71436885368467,-63.28966394167082
15625,BPRES-2026-00296,,20000,Renovation,Renovation,In Review,SAMBRO,District 11,1,1,Dwelling - Backyard Suite,44.47629734061286,-63.61026293158892
15626,BPRES-2026-00302,2026-01-30,535000,New Building,New Building,Issued,PORTERS LAKE,District 02,1,1,Dwelling - Single Detached,44.75536469710117,-63.2851228172262
15627,BPRES-2026-00353,,35000,Addition,Addition,Applicant Revisions,LAKE ECHO,District 02,0,1,Dwelling - Single Detached,44.72335982460801,-63.40008697342995
15628,BPRES-2026-00394,2026-04-28,83630.29,New Building,New Building,Issued,HALIFAX,District 09,0,1,Accessory Structure,44.642755006970965,-63.60317343182908
15629,BPRES-2026-00400,2026-02-10,100000,New Building,New Building,Issued,HERRING COVE,District 11,1,2,Dwelling - Backyard Suite,44.56486375867517,-63.56720697011032
15630,BPRES-2026-00421,2026-01-20,250000,Renovation,Renovation,Issued,DARTMOUTH,District 06,1,1,Dwelling - Multiple Units,44.71040021029549,-63.54406561592298
15631,BPRES-2026-00435,2026-03-13,210000,New Building,New Building,Issued,GRAND LAKE,District 01,0,1,Accessory Structure,44.87830146708538,-63.58546563830875
15632,BPRES-2026-00487,2026-01-22,500000,New Building,New Building,Issued,MIDDLE SACKVILLE,District 14,1,1,Dwelling - Single Detached,44.78987054821429,-63.740414451373695
15633,BPRES-2026-00502,2026-04-01,250000,New Building,New Building,Issued,MEAGHERS GRANT,District 01,1,1,Dwelling - Single Detached,44.945511383118884,-63.26327554955282
15634,BPRES-2026-00516,,50000,New Building,New Building,Application Incomplete,PORTERS LAKE,District 02,1,2,Dwelling - Backyard Suite,44.739344127853535,-63.326589744113164
15635,BPRES-2026-00543,2026-06-23,466142,New Building,New Building,Issued,,District 03,2,1,Dwelling - Multiple Units,44.618933374528844,-63.42594614491706
15636,BPRES-2026-00554,2026-03-10,280000,Renovation,Renovation,Issued,HALIFAX,District 07,1,3,Dwelling - Multiple Units,44.639341430621734,-63.59280660171488
15637,BPRES-2026-00569,2026-03-20,105000,New Building,New Building,Amendment Review,EAST LAWRENCETOWN,District 02,1,1,Dwelling - Backyard Suite,44.653501762958356,-63.34076190184059
15638,BPRES-2026-00573,2026-04-09,2200000,Addition,Addition,Issued,DARTMOUTH,District 05,0,2,Dwelling - Single Detached,44.678594241039555,-63.59251223589235
15639,BPRES-2026-00601,2026-01-29,90000,Addition,Addition,Issued,HALIFAX,District 07,0,2,Dwelling - Multiple Units,44.62792256954885,-63.57190474539197
15640,BPRES-2026-00602,2026-02-27,60000,Renovation,Renovation,Issued,MIDDLE SACKVILLE,District 14,2,3,Dwelling - Multiple Units,44.78069742533425,-63.70276613360541
15641,BPRES-2026-00606,2026-02-05,60000,Renovation,Renovation,Issued,TIMBERLEA,District 12,1,2,Dwelling - Multiple Units,44.64073428075779,-63.714124610127115
15642,BPRES-2026-00615,2026-01-19,28000,New Building,New Building,Completed,LAKE CHARLOTTE,District 02,0,1,Accessory Structure,44.77243730857851,-62.96341789375167
15643,BPRES-2026-00620,2026-02-23,15000,Renovation,Renovation,Issued,DARTMOUTH,District 03,1,3,Dwelling - Multiple Units,44.65824678459871,-63.50928208766269
15644,BPRES-2026-00632,2026-02-04,350000,New Building,New Building,Issued,WINDSOR JUNCTION,District 01,1,1,Dwelling - Single Detached,44.78683784504576,-63.657512448702725
15645,BPRES-2026-00654,2026-04-20,20000,Renovation,Renovation,Issued,BEDFORD,District 16,1,1,Dwelling - Multiple Units,44.738319201838586,-63.65072949204703
15646,BPRES-2026-00657,2026-01-26,414000,New Building,New Building,Issued,DARTMOUTH,District 06,2,1,Dwelling - Multiple Units,44.71587539535258,-63.538351633663815
15647,BPRES-2026-00671,2026-04-23,300000,Addition,Addition,Issued,LOWER SACKVILLE,District 15,3,3,Dwelling - Multiple Units,44.76756472241328,-63.674953005494665
15648,BPRES-2026-00679,2026-02-26,350000,New Building,New Building,Issued,HAMMONDS PLAINS,District 14,0,1,Accessory Structure,44.715620155619646,-63.769155781762144
15649,BPRES-2026-00687,2026-02-02,86755,Addition,Addition,Issued,MIDDLE SACKVILLE,District 14,0,1,Dwelling - Single Detached,44.78969187338053,-63.761781947209535
15650,BPRES-2026-00693,2026-01-23,38000,New Building,New Building,Completed,UPPER TANTALLON,District 13,0,1,Accessory Structure,44.695361796992245,-63.86332953569233
15651,BPRES-2026-00735,2026-02-17,325000,New Building,New Building,Issued,MUSQUODOBOIT HARBOUR,District 02,1,1,Dwelling - Single Detached,44.78662383000452,-63.17558711666746
15652,BPRES-2026-00749,2026-02-04,280000,New Building,New Building,Issued,PLEASANT POINT,District 02,1,1,Dwelling - Single Detached,44.68824598684555,-63.06649837060639
15653,BPRES-2026-00781,2026-01-30,780000,New Building,New Building,Issued,MIDDLE SACKVILLE,District 14,2,2,Dwelling - Multiple Units,44.79315916050496,-63.73186597720985
15654,BPRES-2026-00787,,250000,New Building,New Building,Withdrawn,HALIFAX,District 08,1,1,Dwelling - Backyard Suite,44.65369626341681,-63.595047150040905
15655,BPRES-2026-00874,2026-03-03,30000,New Building,New Building,Completed,SEAFORTH,District 02,0,1,Accessory Structure,44.65378437656932,-63.2763437313886
15656,BPRES-2026-00881,2026-03-09,600000,New Building,New Building,Issued,BEDFORD,District 16,4,3,Dwelling - Multiple Units,44.7254221068607,-63.680160771836775
15657,BPRES-2026-00896,2026-02-02,400000,New Building,New Building,Issued,WEST CHEZZETCOOK,District 02,1,1,Dwelling - Single Detached,44.714848885669646,-63.27968319978058
15658,BPRES-2026-00903,2026-03-18,100000,New Building,New Building,Issued,LITTLE HARBOUR,District 02,1,1,Dwelling - Seasonal,44.717432774900146,-62.84387968615586
15659,BPRES-2026-00960,,11500,New Building,New Building,Applicant Revisions,SHIP HARBOUR,District 02,0,1,Accessory Structure,44.81354171745056,-62.85535079143644
15660,BPRES-2026-00985,2026-01-30,10000,Renovation,Renovation,Issued,HALIFAX,District 08,0,3,Dwelling - Multiple Units,44.65537701076334,-63.59824819833881
15661,BPRES-2026-00995,,300000,Addition,Addition,Applicant Revisions,HALIFAX,District 07,0,3,Dwelling - Multiple Units,44.64068430822078,-63.59793499240909
15662,BPRES-2026-01013,2026-02-23,150000,Addition,Addition,Issued,HALIFAX,District 08,0,2,Dwelling - Townhouse,44.65190176806839,-63.591027235180505
15663,BPRES-2026-01027,2026-02-04,20000,New Building,New Building,Amendment Review,BIG LAKE,District 13,0,2,Accessory Structure,44.52197733995176,-63.86509087209361
15664,BPRES-2026-01062,2026-02-02,600000,New Building,New Building,Issued,DEVON,District 01,1,2,Dwelling - Single Detached,44.90202754160116,-63.43139026168012
15665,BPRES-2026-01077,2026-02-13,250000,New Building,New Building,Issued,HAMMONDS PLAINS,District 14,1,1,Dwelling - Backyard Suite,44.735882334064264,-63.74995876838731
15666,BPRES-2026-01080,2026-02-04,1000,New Building,New Building,Issued,,District 15,0,1,Accessory Structure,44.848367368742345,-63.685086512999405
15667,BPRES-2026-01110,2026-04-17,209000,New Building,New Building,Issued,LUCASVILLE,District 14,1,1,Dwelling - Backyard Suite,44.77232859787367,-63.727894460619986
15668,BPRES-2026-01116,2026-03-26,51000,Renovation,Renovation,Issued,COLE HARBOUR,District 04,1,2,Dwelling - Multiple Units,44.67991976952816,-63.46136918116081
15669,BPRES-2026-01147,,40000,New Building,New Building,Applicant Revisions,HALIFAX,District 11,1,1,Dwelling - Backyard Suite,44.624121840340884,-63.615696494611214
15670,BPRES-2026-01174,2026-02-20,60000,New Building,New Building,Issued,HUBLEY,District 13,0,1,Accessory Structure,44.6604909606103,-63.813148405019035
15671,BPRES-2026-01219,2026-04-13,250000,Renovation,Renovation,Issued,HALIFAX,District 09,0,2,Dwelling - Single Detached,44.64443994352691,-63.636758388518714
15672,BPRES-2026-01240,2026-02-23,80000,Renovation,Renovation,Issued,HAMMONDS PLAINS,District 14,1,1,Dwelling - Multiple Units,44.726087882568315,-63.82749651668454
15673,BPRES-2026-01278,2026-03-04,450000,New Building,New Building,Amendment Applicant Revisions,BEECHVILLE,District 12,2,3,Dwelling - Multiple Units,44.636688527338414,-63.68375347338584
15674,BPRES-2026-01279,2026-02-23,370000,New Building,New Building,Issued,CONROD SETTLEMENT,District 02,1,1,Dwelling - Single Detached,44.76504299486152,-63.244619959348945
15675,BPRES-2026-01316,2026-02-10,400000,New Building,New Building,Issued,FALL RIVER,District 01,1,2,Dwelling - Single Detached,44.842367185855714,-63.63931918268643
15676,BPRES-2026-01322,2026-04-14,2000,Renovation,Renovation,Issued,WAVERLEY,District 01,0,1,Dwelling - Single Detached,44.78499047190559,-63.60163457252841
15677,BPRES-2026-01335,2026-02-13,782600,New Building,New Building,Issued,WELLINGTON,District 01,1,2,Dwelling - Single Detached,44.86567685788586,-63.61026770935162
15678,BPRES-2026-01372,2026-05-12,500000,New Building,New Building,Issued,WHITES LAKE,District 13,1,1,Dwelling - Single Detached,44.519231898231155,-63.756888871550785
15679,BPRES-2026-01390,2026-02-12,37300,New Building,New Building,Issued,LOWER SACKVILLE,District 15,0,1,Accessory Structure,44.77835609930242,-63.684348235935325
15680,BPRES-2026-01404,,1,New Building,New Building,Applicant Revisions,HAMMONDS PLAINS,District 14,0,1,Accessory Structure,44.779786089423105,-63.76505428771147
15681,BPRES-2026-01409,2026-02-13,550000,New Building,New Building,Issued,WHITES LAKE,District 13,1,1,Dwelling - Single Detached,44.521068821447315,-63.7556413983505
15682,BPRES-2026-01431,2026-03-26,650000,New Building,New Building,Amendment Review,BLIND BAY,District 13,1,2,Dwelling - Single Detached,44.502105790885686,-63.820605301937405
15683,BPRES-2026-01448,2026-02-10,500000,New Building,New Building,Issued,KETCH HARBOUR,District 11,1,1,Dwelling - Single Detached,44.48353688526036,-63.5629271670572
15684,BPRES-2026-01465,2026-02-27,150000,Addition,Addition,Issued,UPPER HAMMONDS PLAINS,District 14,0,1,Dwelling - Single Detached,44.7708281262085,-63.85565428295652
15685,BPRES-2026-01479,2026-05-08,300000,New Building,New Building,Issued,MYERS POINT,District 02,1,1,Dwelling - Single Detached,44.76378383394539,-63.047833759633036
15686,BPRES-2026-01487,2026-02-12,100000,New Building,New Building,Issued,UPPER HAMMONDS PLAINS,District 14,0,1,Accessory Structure,44.7708281262085,-63.85565428295652
15687,BPRES-2026-01503,2026-04-14,325000,New Building,New Building,Issued,TANTALLON,District 13,1,1,Dwelling - Single Detached,44.65403002884389,-63.910080765878895
15688,BPRES-2026-01538,2026-02-25,120000,Renovation,Renovation,Completed,DARTMOUTH,District 06,2,2,Dwelling - Semi-Detached,44.68892248379073,-63.52870571189065
15689,BPRES-2026-01544,2026-04-21,800000,New Building,New Building,Issued,SEABRIGHT,District 13,1,2,Dwelling - Single Detached,44.61675513988686,-63.933833054462106
15690,BPRES-2026-01554,2026-03-30,750000,Addition,Addition,Issued,HALIFAX,District 07,-1,2,Dwelling - Single Detached,44.64069177460851,-63.57759240396996
15691,BPRES-2026-01571,2026-03-23,250000,New Building,New Building,Amendment Review,TIMBERLEA,District 12,1,2,Dwelling - Backyard Suite,44.640015585597645,-63.706712714143144
15692,BPRES-2026-01578,2026-04-02,50000,Renovation,Renovation,Cancelled,DARTMOUTH,District 05,1,1,Dwelling - Multiple Units,44.68161916867766,-63.575026754520024
15693,BPRES-2026-01581,,2490000,New Building,New Building,Applicant Revisions,LAKESIDE,District 12,4,2,Dwelling - Multiple Units,44.63351923222143,-63.7031525603953
15694,BPRES-2026-01594,2026-02-25,566000,New Building,New Building,Issued,HARRIETSFIELD,District 11,1,1,Dwelling - Single Detached,44.54688579964799,-63.64253504950636
15695,BPRES-2026-01634,2026-02-20,270000,New Building,New Building,Issued,BEDFORD,District 16,1,1,Dwelling - Single Detached,44.72630606681166,-63.65399393891181
15696,BPRES-2026-01659,2026-02-23,10000,Renovation,Renovation,Issued,HALIFAX,District 09,0,2,Dwelling - Single Detached,44.64577981537296,-63.597801816627424
15697,BPRES-2026-01673,2026-03-25,70000,Renovation,Renovation,Issued,DARTMOUTH,District 05,1,3,Dwelling - Multiple Units,44.67100539989132,-63.548992576846146
15698,BPRES-2026-01675,2026-03-16,70000,New Building,New Building,Issued,MEAGHERS GRANT,District 01,0,2,Accessory Structure,44.91553381719352,-63.225858940735854
15699,BPRES-2026-01687,2026-02-24,590000,New Building,New Building,Issued,WEST CHEZZETCOOK,District 02,2,3,Dwelling - Single Detached,44.71219687598372,-63.28811820450797
15700,BPRES-2026-01690,2026-02-19,25000,New Building,New Building,Issued,LAKE CHARLOTTE,District 02,0,1,Accessory Structure,44.7643847220862,-62.95101587462577
15701,BPRES-2026-01698,2026-02-20,400000,New Building,New Building,Issued,WHITES LAKE,District 13,1,1,Dwelling - Single Detached,44.53026170796356,-63.75170924153505
15702,BPRES-2026-01724,,40000,New Building,New Building,Applicant Revisions,SHEET HARBOUR,District 02,1,1,Dwelling - Backyard Suite,44.91432626874137,-62.52270235834853
15703,BPRES-2026-01759,2026-03-04,20000,New Building,New Building,Issued,FLETCHERS LAKE,District 01,0,1,Accessory Structure,44.85085351035645,-63.59766641735558
15704,BPRES-2026-01780,,45000,Addition,Addition,Applicant Revisions,EAST PENNANT,District 11,1,2,Dwelling - Multiple Units,44.46973073280897,-63.63167652730759
15705,BPRES-2026-01781,2026-03-24,110000,Addition,Addition,Issued,BEDFORD,District 16,2,2,Dwelling - Multiple Units,44.73998446773359,-63.64342050400116
15706,BPRES-2026-01812,2026-02-24,53000,New Building,New Building,Completed,WELLINGTON,District 01,0,1,Accessory Structure,44.8737386635629,-63.60048677258083
15707,BPRES-2026-01828,2026-03-06,500000,New Building,New Building,Issued,,District 02,4,1,Dwelling - Townhouse,44.738803153845936,-63.275176626294616
15708,BPRES-2026-01836,2026-03-23,40000,New Building,New Building,Issued,MIDDLE SACKVILLE,District 14,0,1,Accessory Structure,44.80517642428291,-63.76572999474155
15709,BPRES-2026-01841,,200000,New Building,New Building,Applicant Revisions,,District 14,1,1,Dwelling - Single Detached,44.769717614477514,-63.85225493672699
15710,BPRES-2026-01873,2026-04-17,20000,New Building,New Building,Issued,EAST CHEZZETCOOK,District 02,0,1,Accessory Structure,44.720463394945284,-63.234712364023366
15711,BPRES-2026-01892,2026-05-15,20000,New Building,New Building,Issued,LOWER SACKVILLE,District 15,1,1,Dwelling - Backyard Suite,44.768364395895865,-63.646402203205845
15712,BPRES-2026-01941,2026-03-05,260000,New Building,New Building,Issued,HATCHET LAKE,District 13,2,1,Dwelling - Multiple Units,44.56494077129994,-63.70515043870113
15713,BPRES-2026-01942,2026-02-24,10000,Renovation,Renovation,Issued,HALIFAX,District 09,0,1,Accessory Structure,44.64341894217428,-63.607393776297315
15714,BPRES-2026-01996,2026-02-27,350000,New Building,New Building,Issued,DARTMOUTH,District 06,1,2,Dwelling - Single Detached,44.71529923210591,-63.539149310912904
15715,BPRES-2026-02002,2026-03-03,350000,New Building,New Building,Issued,DARTMOUTH,District 06,1,3,Dwelling - Single Detached,44.71528865845226,-63.53929190807958
15716,BPRES-2026-02008,2026-02-27,225000,New Building,New Building,Issued,LOWER EAST CHEZZETCOOK,District 02,1,1,Dwelling - Single Detached,44.69949793985472,-63.20956731957679
15717,BPRES-2026-02013,,100000,New Building,New Building,Applicant Revisions,LOWER SACKVILLE,District 15,1,1,Dwelling - Backyard Suite,44.784332485115236,-63.678857638372456
15718,BPRES-2026-02056,2026-05-29,600000,New Building,New Building,Issued,DARTMOUTH,District 06,4,2,Dwelling - Multiple Units,44.7181965026127,-63.545691617427124
15719,BPRES-2026-02061,2026-03-04,750000,New Building,New Building,Issued,FALL RIVER,District 01,1,2,Dwelling - Single Detached,44.82862941932156,-63.588584267256344
15720,BPRES-2026-02093,2026-06-08,120000,New Building,New Building,Issued,SHAD BAY,District 13,0,1,Accessory Structure,44.51979417053712,-63.792987554295664
15721,BPRES-2026-02122,2026-02-26,700000,New Building,New Building,Issued,HAMMONDS PLAINS,District 14,1,2,Dwelling - Single Detached,44.69813755784144,-63.80588248343476
15722,BPRES-2026-02148,,50000,Renovation,Renovation,Application Incomplete,LOWER SACKVILLE,District 15,1,1,Dwelling - Single Detached,44.78188951665234,-63.67597756628234
15723,BPRES-2026-02183,2026-05-12,1156351,New Building,New Building,Amendment Review,WEST DOVER,District 13,2,1,Dwelling - Multiple Units,44.504103098461215,-63.8781453051292
15724,BPRES-2026-02185,2026-03-02,200000,New Building,New Building,Issued,WILLIAMSWOOD,District 11,1,1,Dwelling - Single Detached,44.5430931971829,-63.63564835173357
15725,BPRES-2026-02191,,118500,Renovation,Renovation,Withdrawn,HALIBUT BAY,District 11,0,1,Dwelling - Single Detached,44.547823681803834,-63.551040597919894
15726,BPRES-2026-02208,2026-05-06,450000,New Building,New Building,Issued,WEST PORTERS LAKE,District 02,1,2,Dwelling - Single Detached,44.68474304809739,-63.31349914472784
15727,BPRES-2026-02233,,50000,New Building,New Building,Withdrawn,SHEET HARBOUR PASSAGE,District 02,1,1,Dwelling - Backyard Suite,44.85571063960183,-62.46562061986233
15728,BPRES-2026-02244,2026-03-24,850000,New Building,New Building,Issued,HAMMONDS PLAINS,District 14,1,2,Dwelling - Single Detached,44.72321745789204,-63.77276377013868
15729,BPRES-2026-02271,2026-06-12,170000,Addition,Addition,Issued,HALIFAX,District 08,0,2,Dwelling - Single Detached,44.66925950067634,-63.60698723356351
15730,BPRES-2026-02314,2026-06-03,90000,Addition,Addition,Issued,BEDFORD,District 16,0,2,Dwelling - Single Detached,44.72872383473098,-63.661711417497706
15731,BPRES-2026-02321,2026-03-17,136455,Renovation,Renovation,Issued,COW BAY,District 03,1,2,Dwelling - Multiple Units,44.62817045228493,-63.43070698882
15732,BPRES-2026-02331,2026-03-06,29250,New Building,New Building,Completed,HAMMONDS PLAINS,District 14,0,1,Accessory Structure,44.727935478482834,-63.839759071169894
15733,BPRES-2026-02341,,65000,Addition,Addition,Applicant Revisions,THREE FATHOM HARBOUR,District 02,0,1,Dwelling - Single Detached,44.65831768561106,-63.29241477813069
15734,BPRES-2026-02346,,40000,New Building,New Building,Applicant Revisions,HALIFAX,District 08,1,1,Dwelling - Backyard Suite,44.66166653550424,-63.601280561496154
15735,BPRES-2026-02354,2026-03-24,400000,New Building,New Building,Issued,,District 02,1,2,Dwelling - Single Detached,44.73729131749351,-63.171598280299776
15736,BPRES-2026-02358,2026-03-24,350000,Addition,Addition,Issued,LAKE CHARLOTTE,District 02,0,1,Dwelling - Single Detached,44.768034644631896,-62.95687021104567
15737,BPRES-2026-02362,2026-04-09,115000,New Building,New Building,Issued,DARTMOUTH,District 03,1,2,Dwelling - Backyard Suite,44.66571052403876,-63.540459615255756
15738,BPRES-2026-02393,2026-05-15,500000,New Building,New Building,Issued,HERRING COVE,District 11,2,2,Dwelling - Semi-Detached,44.57960884511919,-63.57503231848333
15739,BPRES-2026-02404,2026-03-18,450000,New Building,New Building,Issued,GAETZ BROOK,District 02,1,1,Dwelling - Single Detached,44.76652466373056,-63.21238605025967
15740,BPRES-2026-02424,2026-03-18,18000,Renovation,Renovation,Completed,HALIFAX,District 11,1,2,Dwelling - Single Detached,44.61075852385965,-63.609734437032564
15741,BPRES-2026-02444,2026-04-10,40000,Addition,Addition,Issued,HALIFAX,District 10,0,2,Dwelling - Single Detached,44.656562290054104,-63.63705763143717
15742,BPRES-2026-02467,2026-03-06,300000,New Building,New Building,Amendment Review,MUSQUODOBOIT HARBOUR,District 02,1,1,Dwelling - Single Detached,44.823254044045555,-63.203477906961865
15743,BPRES-2026-02472,2026-03-16,66350.19,Addition,Addition,Issued,HAMMONDS PLAINS,District 14,0,2,Dwelling - Single Detached,44.75706339689396,-63.796472649097325
15744,BPRES-2026-02479,2026-04-23,500000,New Building,New Building,Issued,HERRING COVE,District 11,2,3,Dwelling - Semi-Detached,44.57952248693257,-63.57483644822146
15745,BPRES-2026-02494,2026-03-30,32000,New Building,New Building,Issued,MUSQUODOBOIT HARBOUR,District 02,0,1,Accessory Structure,44.8001821274172,-63.15869440654186
15746,BPRES-2026-02522,2026-03-23,220000,New Building,New Building,Issued,MIDDLE SACKVILLE,District 14,1,3,Dwelling - Single Detached,44.796445123807665,-63.76625726269944
15747,BPRES-2026-02526,2026-03-09,3000,Renovation,Renovation,Completed,COLE HARBOUR,District 04,0,2,Dwelling - Single Detached,44.661940375040935,-63.487486675273296
15748,BPRES-2026-02530,2026-03-23,67000,Renovation,Renovation,Issued,UPPER TANTALLON,District 13,1,1,Dwelling - Multiple Units,44.70846181933546,-63.86851674499873
15749,BPRES-2026-02565,2026-03-18,24391,Renovation,Renovation,Completed,HALIFAX,District 11,0,1,Dwelling - Single Detached,44.625956648299244,-63.61067179864647
15750,BPRES-2026-02577,,150000,New Building,New Building,Application Incomplete,HALIFAX,District 09,1,2,Dwelling - Backyard Suite,44.647204611759285,-63.60296239802286
15751,BPRES-2026-02634,2026-04-13,432223,Renovation,Renovation,Issued,DARTMOUTH,District 03,0,1,Dwelling - Single Detached,44.66268514576751,-63.51459408806418
15752,BPRES-2026-02663,2026-05-13,1000,Renovation,Renovation,Issued,BEDFORD,District 16,0,2,Dwelling - Single Detached,44.720944379288994,-63.67866226784018
15753,BPRES-2026-02677,2026-03-30,410000,New Building,New Building,Amendment Review,TIMBERLEA,District 12,1,3,Dwelling - Single Detached,44.64373370350029,-63.72393707914505
15754,BPRES-2026-02690,2026-03-26,450000,New Building,New Building,Issued,BEDFORD,District 16,1,3,Dwelling - Single Detached,44.70992673292691,-63.7265946091215
15755,BPRES-2026-02704,2026-03-20,180000,New Building,New Building,Issued,MIDDLE SACKVILLE,District 14,2,2,Dwelling - Multiple Units,44.802147785023735,-63.763282834219844
15756,BPRES-2026-02709,2026-03-13,3000,Renovation,Renovation,Issued,HALIFAX,District 11,0,2,Dwelling - Single Detached,44.6308185787121,-63.62997669386172
15757,BPRES-2026-02728,2026-05-04,18000,New Building,New Building,Issued,LOWER SACKVILLE,District 15,0,1,Accessory Structure,44.776865521657314,-63.694319217687784
15758,BPRES-2026-02737,2026-06-08,20000,New Building,New Building,Issued,LOWER SACKVILLE,District 15,0,1,Accessory Structure,44.78566054520764,-63.68415192351266
15759,BPRES-2026-02753,,15000,Renovation,Renovation,Applicant Revisions,THREE FATHOM HARBOUR,District 02,0,1,Dwelling - Single Detached,44.648448295641465,-63.29195949333237
15760,BPRES-2026-02785,,125000,Renovation,Renovation,Withdrawn,HALIFAX,District 07,0,19,Dwelling - Multiple Units,44.64129518739388,-63.578961610397236
15761,BPRES-2026-02791,2026-03-20,425000,New Building,New Building,Issued,BEDFORD,District 16,1,3,Dwelling - Single Detached,44.70700734740854,-63.726121238493455
15762,BPRES-2026-02803,2026-05-20,200000,New Building,New Building,Issued,BEDFORD,District 16,5,3,Dwelling - Townhouse,44.70666166927686,-63.70921306047999
15763,BPRES-2026-02805,2026-05-29,400000,New Building,New Building,Amendment Review,HARRIGAN COVE,District 02,1,1,Dwelling - Single Detached,44.911393829999135,-62.31996656789823
15764,BPRES-2026-02807,2026-05-20,200000,New Building,New Building,Issued,BEDFORD,District 16,5,3,Dwelling - Townhouse,44.70646013149191,-63.7086580533961
15765,BPRES-2026-02815,2026-04-21,375000,New Building,New Building,Issued,SOUTH SECTION,District 01,1,1,Dwelling - Single Detached,45.02459180040736,-63.15761611390617
15766,BPRES-2026-02848,2026-04-08,118565,Renovation,Renovation,Issued,HAMMONDS PLAINS,District 14,0,2,Dwelling - Single Detached,44.776376589333054,-63.77073657886441
15767,BPRES-2026-02856,2026-03-13,425000,New Building,New Building,Issued,MIDDLE SACKVILLE,District 14,1,3,Dwelling - Single Detached,44.80493177702529,-63.76508299252193
15768,BPRES-2026-02871,2026-04-20,150000,Addition,Addition,Issued,LITTLE HARBOUR,District 02,0,2,Dwelling - Single Detached,44.714073382845264,-62.843497694795026
15769,BPRES-2026-02894,2026-05-11,15000,New Building,New Building,Issued,MIDDLE SACKVILLE,District 14,0,1,Accessory Structure,44.79834000346427,-63.706173001306915
15770,BPRES-2026-02902,2026-03-26,65000,Renovation,Renovation,Issued,HALIFAX,District 11,1,1,Dwelling - Multiple Units,44.6205461007723,-63.61486736554539
15771,BPRES-2026-02914,2026-03-26,38824,New Building,New Building,Issued,MIDDLE MUSQUODOBOIT,District 01,0,1,Accessory Structure,45.03217973999482,-63.15879738380645
15772,BPRES-2026-02938,,1000,Renovation,Renovation,Applicant Revisions,DARTMOUTH,District 06,1,1,Dwelling - Backyard Suite,44.683839209937595,-63.53462012376008
15773,BPRES-2026-02950,2026-03-23,1125000,New Building,New Building,Amendment Review,BEDFORD,District 16,5,3,Dwelling - Townhouse,44.70852179568885,-63.72602881225916
15774,BPRES-2026-02958,2026-04-20,400000,New Building,New Building,Issued,HALIFAX,District 11,4,3,Dwelling - Semi-Detached,44.598988555512754,-63.60078920694601
15775,BPRES-2026-02959,2026-04-21,400000,New Building,New Building,Issued,HALIFAX,District 11,4,3,Dwelling - Semi-Detached,44.59885783460606,-63.60066668940701
15776,BPRES-2026-02959,2026-04-21,400000,New Building,New Building,Issued,HALIFAX,District 11,4,3,Dwelling - Semi-Detached,44.59885783460606,-63.60066668940701
15777,BPRES-2026-02960,2026-04-23,400000,New Building,New Building,Issued,HALIFAX,District 11,4,3,Dwelling - Semi-Detached,44.59872948928852,-63.6005320293106
15778,BPRES-2026-02960,2026-04-23,400000,New Building,New Building,Issued,HALIFAX,District 11,4,3,Dwelling - Semi-Detached,44.59872948928852,-63.6005320293106
15779,BPRES-2026-02961,2026-04-21,400000,New Building,New Building,Issued,HALIFAX,District 11,4,3,Dwelling - Semi-Detached,44.598883948417864,-63.601472294112284
15780,BPRES-2026-02961,2026-04-21,400000,New Building,New Building,Issued,HALIFAX,District 11,4,3,Dwelling - Semi-Detached,44.598883948417864,-63.601472294112284
15781,BPRES-2026-02962,2026-04-21,400000,New Building,New Building,Issued,HALIFAX,District 11,4,3,Dwelling - Semi-Detached,44.59876417198202,-63.60132712186961
15782,BPRES-2026-02963,2026-04-21,400000,New Building,New Building,Issued,HALIFAX,District 11,4,3,Dwelling - Semi-Detached,44.598640728717136,-63.60118719648386
15783,BPRES-2026-02963,2026-04-21,400000,New Building,New Building,Issued,HALIFAX,District 11,4,3,Dwelling - Semi-Detached,44.598640728717136,-63.60118719648386
15784,BPRES-2026-02964,2026-04-21,400000,New Building,New Building,Issued,HALIFAX,District 11,4,3,Dwelling - Semi-Detached,44.59787214060092,-63.60041034833653
15785,BPRES-2026-02964,2026-04-21,400000,New Building,New Building,Issued,HALIFAX,District 11,4,3,Dwelling - Semi-Detached,44.59787214060092,-63.60041034833653
15786,BPRES-2026-02965,2026-04-21,400000,New Building,New Building,Issued,HALIFAX,District 11,4,3,Dwelling - Semi-Detached,44.59773392347557,-63.60027757285857
15787,BPRES-2026-02965,2026-04-21,400000,New Building,New Building,Issued,HALIFAX,District 11,4,3,Dwelling - Semi-Detached,44.59773392347557,-63.60027757285857
15788,BPRES-2026-02973,2026-03-18,28000,Renovation,Renovation,Issued,HALIFAX,District 07,0,3,Dwelling - Single Detached,44.63884715521775,-63.60453695246608
15789,BPRES-2026-02983,2026-05-14,250000,Addition,Addition,Issued,HALIFAX,District 09,0,2,Dwelling - Single Detached,44.64749224238446,-63.615959517608594
15790,BPRES-2026-03008,,120000,New Building,New Building,Applicant Revisions,FALL RIVER,District 01,0,1,Accessory Structure,44.834394552390215,-63.619046448572306
15791,BPRES-2026-03023,,650000,New Building,New Building,In Review,WHITES LAKE,District 13,1,1,Dwelling - Single Detached,44.514013441889986,-63.77071419558186
15792,BPRES-2026-03044,,1000000,New Building,New Building,Withdrawn,,District 02,3,1,Dwelling - Townhouse,44.740837247711944,-63.28298758902505
15793,BPRES-2026-03046,2026-06-10,30000,Renovation,Renovation,Issued,SEABRIGHT,District 13,1,2,Dwelling - Backyard Suite,44.613369443669285,-63.91828504302512
15794,BPRES-2026-03107,,30000,Addition,Addition,In Review,HERRING COVE,District 11,0,1,Dwelling - Single Detached,44.581147966378154,-63.582663705452305
15795,BPRES-2026-03110,2026-03-26,615000,New Building,New Building,Issued,SOUTHWEST COVE,District 02,1,1,Dwelling - Seasonal,44.73083001226453,-62.82223957607257
15796,BPRES-2026-03117,,500000,New Building,New Building,Applicant Revisions,BEAR COVE,District 11,4,2,Dwelling - Semi-Detached,44.533842906764974,-63.54229643808292
15797,BPRES-2026-03123,,51000,New Building,New Building,Application Incomplete,MIDDLE SACKVILLE,District 14,0,1,Accessory Structure,44.79068615553283,-63.76617406650804
15798,BPRES-2026-03144,2026-03-26,80000,Renovation,Renovation,Issued,DARTMOUTH,District 05,0,1,Dwelling - Single Detached,44.67748000032442,-63.55377958767262
15799,BPRES-2026-03158,,,New Building,New Building,Application Incomplete,WESTPHAL,District 04,1,1,Dwelling - Backyard Suite,44.70374580381458,-63.46802516691935
15800,BPRES-2026-03184,2026-05-26,500000,New Building,New Building,Amendment Review,EAST LAWRENCETOWN,District 02,1,2,Dwelling - Single Detached,44.6784486229301,-63.31807768915593
15801,BPRES-2026-03190,,3400000,New Building,New Building,Application Incomplete,,District 02,10,1,Dwelling - Townhouse,44.713806694418935,-63.23407792591032
15802,BPRES-2026-03233,,200000,New Building,New Building,Application Incomplete,BEECH HILL,District 02,1,1,Dwelling - Single Detached,44.76707550536345,-62.921212155822396
15803,BPRES-2026-03245,2026-04-14,10000,Addition,Addition,Issued,DARTMOUTH,District 05,0,1,Accessory Structure,44.672833805238845,-63.571169508462866
15804,BPRES-2026-03308,,5000,Renovation,Renovation,Withdrawn,LAWRENCETOWN,District 02,1,1,Dwelling - Multiple Units,44.69604621904131,-63.4060140490025
15805,BPRES-2026-03322,2026-04-20,150000,New Building,New Building,Issued,HALIBUT BAY,District 11,0,1,Accessory Structure,44.547823681803834,-63.551040597919894
15806,BPRES-2026-03339,,38000,Renovation,Renovation,In Review,HALIFAX,District 08,1,1,Dwelling - Multiple Units,44.67228463531303,-63.61288173258869
15807,BPRES-2026-03353,2026-03-26,75000,New Building,New Building,Issued,PORTERS LAKE,District 02,0,1,Accessory Structure,44.715494572067314,-63.302647453233995
15808,BPRES-2026-03361,2026-04-17,55000,New Building,New Building,Issued,HALIFAX,District 11,0,1,Accessory Structure,44.61229878287288,-63.624482480048
15809,BPRES-2026-03380,2026-04-08,300000,New Building,New Building,Issued,LAWRENCETOWN,District 02,1,1,Dwelling - Single Detached,44.696557726977616,-63.4154606939546
15810,BPRES-2026-03410,,9000000,New Building,New Building,Applicant Revisions,BEAVER BANK,District 15,60,3,Dwelling - Townhouse,44.793419089298574,-63.6883206786832
15811,BPRES-2026-03413,2026-04-20,400000,New Building,New Building,Issued,HALIFAX,District 11,4,3,Dwelling - Semi-Detached,44.58704990587173,-63.589274377859375
15812,BPRES-2026-03413,2026-04-20,400000,New Building,New Building,Issued,HALIFAX,District 11,4,3,Dwelling - Semi-Detached,44.58704990587173,-63.589274377859375
15813,BPRES-2026-03427,2026-04-20,400000,New Building,New Building,Amendment Review,HALIFAX,District 11,4,3,Dwelling - Semi-Detached,44.58715310821817,-63.589402594812654
15814,BPRES-2026-03427,2026-04-20,400000,New Building,New Building,Amendment Review,HALIFAX,District 11,4,3,Dwelling - Semi-Detached,44.58715310821817,-63.589402594812654
15815,BPRES-2026-03461,,15000,New Building,New Building,Withdrawn,BEAVER BANK,District 15,0,1,Accessory Structure,44.825235126390496,-63.6830421997929
15816,BPRES-2026-03474,2026-04-17,11100,New Building,New Building,Issued,GOFFS,District 01,0,2,Accessory Structure,44.89320112430276,-63.453735455310216
15817,BPRES-2026-03481,2026-03-31,500000,New Building,New Building,Issued,DARTMOUTH,District 06,1,3,Dwelling - Single Detached,44.716183019141866,-63.53850437026096
15818,BPRES-2026-03504,2026-05-04,965372,New Building,New Building,Issued,DARTMOUTH,District 03,5,3,Dwelling - Townhouse,44.66320556906243,-63.53958351983073
15819,BPRES-2026-03514,2026-04-21,1158446,New Building,New Building,Issued,DARTMOUTH,District 03,6,3,Dwelling - Townhouse,44.66297483732021,-63.539285867659224
15820,BPRES-2026-03517,2026-04-24,965372,New Building,New Building,Issued,DARTMOUTH,District 03,5,3,Dwelling - Townhouse,44.6627848781582,-63.5390019073514
15821,BPRES-2026-03531,2026-04-10,35000,New Building,New Building,Issued,ENFIELD,District 01,0,1,Accessory Structure,44.937909209824895,-63.54901767246401
15822,BPRES-2026-03541,2026-04-17,275000,Addition,Addition,Issued,PROSPECT BAY,District 13,0,1,Dwelling - Single Detached,44.51432130230832,-63.79430735579197
15823,BPRES-2026-03555,,1250000,New Building,New Building,Applicant Revisions,EASTERN PASSAGE,District 03,12,2,Dwelling - Multiple Units,44.61009460843439,-63.49031034796106
15824,BPRES-2026-03575,2026-04-08,35000,New Building,New Building,Completed,LAKE LOON,District 04,0,1,Accessory Structure,44.706806525398854,-63.50632181561912
15825,BPRES-2026-03577,2026-04-24,965372,New Building,New Building,Issued,DARTMOUTH,District 03,5,3,Dwelling - Townhouse,44.66259669495771,-63.5387437289873
15826,BPRES-2026-03589,2026-04-24,934119,New Building,New Building,Issued,DARTMOUTH,District 03,6,2,Dwelling - Townhouse,44.662478817861285,-63.537727754998684
15827,BPRES-2026-03594,2026-04-24,934119,New Building,New Building,Issued,DARTMOUTH,District 03,6,2,Dwelling - Townhouse,44.663245518271644,-63.5389379433867
15828,BPRES-2026-03600,2026-04-24,934119,New Building,New Building,Issued,DARTMOUTH,District 03,6,2,Dwelling - Townhouse,44.66349079040657,-63.53928859802721
15829,BPRES-2026-03603,2026-04-21,1158446,New Building,New Building,Issued,DARTMOUTH,District 03,6,3,Dwelling - Townhouse,44.66276220253699,-63.53802320487331
15830,BPRES-2026-03606,2026-04-24,1158446,New Building,New Building,Issued,DARTMOUTH,District 03,6,3,Dwelling - Townhouse,44.66292891701055,-63.53834779084984
15831,BPRES-2026-03630,,75000,New Building,New Building,Application Incomplete,HALIFAX,District 10,1,1,Dwelling - Backyard Suite,44.654721241654386,-63.64391628393526
15832,BPRES-2026-03642,2026-04-01,175000,Addition,Addition,Issued,BOUTILIERS POINT,District 13,0,2,Dwelling - Multiple Units,44.67261114264423,-63.92980207177928
15833,BPRES-2026-03658,2026-04-07,610000,New Building,New Building,Issued,DARTMOUTH,District 06,1,3,Dwelling - Single Detached,44.71642825352968,-63.53910377130956
15834,BPRES-2026-03673,2026-04-17,25000,Renovation,Renovation,Issued,HALIFAX,District 08,0,3,Dwelling - Single Detached,44.6633063821494,-63.60191949568481
15835,BPRES-2026-03697,2026-04-08,500000,New Building,New Building,Issued,DEVON,District 01,1,1,Dwelling - Single Detached,44.90256463103371,-63.43150466073324
15836,BPRES-2026-03726,2026-04-21,400000,New Building,New Building,Issued,HEAD OF JEDDORE,District 02,1,1,Dwelling - Single Detached,44.74478208693673,-63.05693362440078
15837,BPRES-2026-03753,2026-04-28,3000,Renovation,Renovation,Issued,HALIFAX,District 11,0,2,Dwelling - Semi-Detached,44.63358706030066,-63.61789350741763
15838,BPRES-2026-03808,,350000,New Building,New Building,Withdrawn,UPPER TANTALLON,District 13,1,1,Dwelling - Backyard Suite,44.69861324216217,-63.89011715641291
15839,BPRES-2026-03810,2026-05-27,1000000,New Building,New Building,Issued,,District 13,4,1,Dwelling - Townhouse,44.6994122677939,-63.889483497339874
15840,BPRES-2026-03814,2026-04-13,750000,New Building,New Building,Issued,HAMMONDS PLAINS,District 14,1,3,Dwelling - Single Detached,44.69593350142311,-63.799610976683546
15841,BPRES-2026-03826,2026-05-06,32000,New Building,New Building,Issued,TIMBERLEA,District 12,0,1,Accessory Structure,44.64890015509921,-63.72351029690936
15842,BPRES-2026-03843,,200000,Addition,Addition,Applicant Revisions,BEDFORD,District 16,4,1,Dwelling - Multiple Units,44.71703649218363,-63.72277502473586
15843,BPRES-2026-03857,2026-04-13,200000,New Building,New Building,Issued,WEST CHEZZETCOOK,District 02,1,2,Dwelling - Single Detached,44.725793962201365,-63.2672503186707
15844,BPRES-2026-03863,,12000,New Building,New Building,Cancelled,LOWER SACKVILLE,District 15,0,1,Accessory Structure,44.77878885947697,-63.66577161660644
15845,BPRES-2026-03867,2026-04-13,600000,New Building,New Building,Issued,ENFIELD,District 01,1,2,Dwelling - Single Detached,44.918875852308275,-63.55125423176766
15846,BPRES-2026-03874,2026-04-28,30000,Renovation,Renovation,Issued,DARTMOUTH,District 06,1,2,Dwelling - Multiple Units,44.69165113253179,-63.501686583537655
15847,BPRES-2026-03876,2026-04-14,750000,New Building,New Building,Issued,BROOKSIDE,District 13,1,3,Dwelling - Single Detached,44.526545265296875,-63.70806766342604
15848,BPRES-2026-03900,2026-04-10,36000,New Building,New Building,Completed,LAWRENCETOWN,District 02,0,1,Accessory Structure,44.69198994001463,-63.41354435168245
15849,BPRES-2026-03930,2026-04-21,200000,New Building,New Building,Issued,MIDDLE SACKVILLE,District 14,1,1,Dwelling - Single Detached,44.79541500314849,-63.765269803463475
15850,BPRES-2026-03936,2026-04-27,200000,New Building,New Building,Issued,,District 14,1,3,Dwelling - Single Detached,44.793981152053725,-63.76051419142593
15851,BPRES-2026-03938,2026-04-14,200000,New Building,New Building,Issued,MIDDLE SACKVILLE,District 14,1,3,Dwelling - Single Detached,44.793929680901286,-63.76205001233934
15852,BPRES-2026-03940,2026-04-14,200000,New Building,New Building,Issued,MIDDLE SACKVILLE,District 14,1,2,Dwelling - Single Detached,44.794126125202446,-63.76548779695831
15853,BPRES-2026-03951,2026-05-07,80000,Renovation,Renovation,Issued,DARTMOUTH,District 06,2,2,Dwelling - Multiple Units,44.689846242296554,-63.52949266275392
15854,BPRES-2026-03958,2026-04-23,300000,New Building,New Building,Issued,WEST PETPESWICK,District 02,1,1,Dwelling - Single Detached,44.73475529330752,-63.183135635688004
15855,BPRES-2026-03988,2026-06-03,800000,New Building,New Building,Amendment Applicant Revisions,HALIFAX,District 09,8,2,Dwelling - Multiple Units,44.65047155228312,-63.621487732204656
15856,BPRES-2026-04010,,83000,New Building,New Building,Withdrawn,DARTMOUTH,District 05,0,2,Accessory Structure,44.67738514966779,-63.58703790628846
15857,BPRES-2026-04027,2026-04-24,465000,New Building,New Building,Issued,HALIFAX,District 10,1,2,Dwelling - Single Detached,44.67540988781103,-63.657145153120915
15858,BPRES-2026-04049,2026-04-27,97989,Addition,Addition,Issued,HALIFAX,District 09,0,2,Dwelling - Single Detached,44.64196776062651,-63.61149399046036
15859,BPRES-2026-04055,2026-04-13,200000,New Building,New Building,Issued,MIDDLE SACKVILLE,District 14,1,3,Dwelling - Single Detached,44.792980563661516,-63.760939781035724
15860,BPRES-2026-04086,2026-04-15,80000,Renovation,Renovation,Issued,HALIFAX,District 11,0,3,Dwelling - Single Detached,44.6180484680534,-63.575857143084995
15861,BPRES-2026-04105,2026-04-17,118500,Renovation,Renovation,Issued,PORTERS LAKE,District 02,0,2,Dwelling - Single Detached,44.73784566594729,-63.307849141125
15862,BPRES-2026-04110,2026-04-17,100000,Addition,Addition,Issued,ENFIELD,District 01,0,2,Dwelling - Single Detached,44.93318206061771,-63.54971107027583
15863,BPRES-2026-04117,2026-04-29,350000,New Building,New Building,Issued,PORTERS LAKE,District 02,1,1,Dwelling - Single Detached,44.712888186831286,-63.310820411829404
15864,BPRES-2026-04121,2026-05-06,750000,New Building,New Building,Issued,MINEVILLE,District 02,1,1,Dwelling - Single Detached,44.71255933186531,-63.38752603389538
15865,BPRES-2026-04139,2026-04-29,320000,New Building,New Building,Issued,UPPER TANTALLON,District 13,1,1,Dwelling - Single Detached,44.71098534282711,-63.87030923897264
15866,BPRES-2026-04146,,30000,New Building,New Building,In Review,SPRY HARBOUR,District 02,0,1,Accessory Structure,44.82973728364541,-62.623555278490535
15867,BPRES-2026-04171,2026-04-29,30000,Renovation,Renovation,Issued,DARTMOUTH,District 06,0,2,Dwelling - Single Detached,44.68663599602372,-63.49901884293278
15868,BPRES-2026-04176,2026-04-17,40000,New Building,New Building,Issued,MIDDLE SACKVILLE,District 14,0,1,Accessory Structure,44.79583029356915,-63.77069294144633
15869,BPRES-2026-04207,2026-05-01,650000,New Building,New Building,Issued,WHITES LAKE,District 13,1,1,Dwelling - Single Detached,44.51375870886273,-63.766025313908465
15870,BPRES-2026-04254,2026-05-29,1000000,New Building,New Building,Amendment Review,BEDFORD,District 16,6,3,Dwelling - Townhouse,44.71812926620312,-63.719240497913866
15871,BPRES-2026-04257,,500000,New Building,New Building,Applicant Revisions,HERRING COVE,District 11,1,2,Dwelling - Single Detached,44.56030157085781,-63.56602408061036
15872,BPRES-2026-04281,2026-05-29,1000000,New Building,New Building,Amendment Review,BEDFORD,District 16,6,3,Dwelling - Townhouse,44.717758970927726,-63.71892627089149
15873,BPRES-2026-04320,2026-05-04,800000,New Building,New Building,Issued,LAKEVIEW,District 01,2,2,Dwelling - Multiple Units,44.76100246385315,-63.62522696405082
15874,BPRES-2026-04349,,45000,New Building,New Building,Applicant Revisions,,District 13,0,1,Accessory Structure,44.48606697447704,-63.796388938501934
15875,BPRES-2026-04354,,300000,New Building,New Building,In Review,,District 13,1,2,Dwelling - Single Detached,44.48606697447704,-63.796388938501934
15876,BPRES-2026-04367,2026-06-11,60000,New Building,New Building,Amendment Review,LEWIS LAKE,District 13,0,2,Accessory Structure,44.670532229483406,-63.823535021305624
15877,BPRES-2026-04369,2026-06-19,125000,Addition,Addition,Issued,DARTMOUTH,District 05,0,2,Dwelling - Single Detached,44.681017034831136,-63.56616342651852
15878,BPRES-2026-04381,,4000,Addition,Addition,Applicant Revisions,HAMMONDS PLAINS,District 14,0,1,Dwelling - Single Detached,44.70876939288071,-63.7580014669446
15879,BPRES-2026-04390,2026-04-23,10000,Renovation,Renovation,Issued,DARTMOUTH,District 06,0,2,Dwelling - Single Detached,44.72261127744658,-63.54300547374244
15880,BPRES-2026-04404,2026-05-11,540000,New Building,New Building,Issued,HEAD OF ST MARGARETS BAY,District 13,1,1,Dwelling - Single Detached,44.66874133007884,-63.915844138679596
15881,BPRES-2026-04410,2026-06-04,250000,New Building,New Building,Issued,SAMBRO CREEK,District 11,1,2,Dwelling - Backyard Suite,44.4689359735591,-63.60681337912585
15882,BPRES-2026-04422,2026-04-27,20000,Addition,Addition,Issued,SAMBRO,District 11,0,1,Dwelling - Single Detached,44.47817194188955,-63.60415280376533
15883,BPRES-2026-04430,2026-06-10,45000,Renovation,Renovation,Issued,HAMMONDS PLAINS,District 14,1,2,Dwelling - Multiple Units,44.72383790610013,-63.82310361825205
15884,BPRES-2026-04432,2026-05-25,40000,Renovation,Renovation,Issued,MIDDLE SACKVILLE,District 14,1,1,Dwelling - Single Detached,44.778671743534034,-63.70316799906063
15885,BPRES-2026-04442,,65000,Renovation,Renovation,Applicant Revisions,HALIFAX,District 07,1,3,Dwelling - Multiple Units,44.63144225954917,-63.57254195326946
15886,BPRES-2026-04460,2026-05-29,600000,New Building,New Building,Issued,HEAD OF ST MARGARETS BAY,District 13,1,2,Dwelling - Single Detached,44.674076468498015,-63.906797407728064
15887,BPRES-2026-04467,,80000,Renovation,Renovation,Applicant Revisions,WILLIAMSWOOD,District 11,0,2,Dwelling - Single Detached,44.50823556467712,-63.63873856485693
15888,BPRES-2026-04474,2026-05-25,1400000,New Building,New Building,Issued,HALIFAX,District 11,4,2,Dwelling - Semi-Detached,44.598505134180854,-63.60107340261069
15889,BPRES-2026-04474,2026-05-25,1400000,New Building,New Building,Issued,HALIFAX,District 11,4,2,Dwelling - Semi-Detached,44.598505134180854,-63.60107340261069
15890,BPRES-2026-04514,,50000,New Building,New Building,Applicant Revisions,LAKE ECHO,District 02,1,2,Dwelling - Backyard Suite,44.72191768119507,-63.39480509891093
15891,BPRES-2026-04527,,140000,New Building,New Building,Applicant Revisions,HALIFAX,District 09,1,1,Dwelling - Backyard Suite,44.6556314635186,-63.60899813765103
15892,BPRES-2026-04550,2026-06-09,750000,New Building,New Building,Issued,,District 02,2,2,Dwelling - Semi-Detached,44.78030773223948,-63.08130797661633
15893,BPRES-2026-04562,2026-04-28,120000,New Building,New Building,Issued,,District 02,1,1,Dwelling - Single Detached,44.78987201009829,-63.095811018703095
15894,BPRES-2026-04570,2026-05-25,4000,New Building,New Building,Issued,HALIFAX,District 11,0,1,Accessory Structure,44.61764308502739,-63.611057630134844
15895,BPRES-2026-04573,2026-06-23,270000,Addition,Addition,Issued,LOWER SACKVILLE,District 15,1,2,Dwelling - Multiple Units,44.782141598577276,-63.68665795029967
15896,BPRES-2026-04588,2026-05-08,89000,Addition,Addition,Issued,KETCH HARBOUR,District 11,0,1,Dwelling - Single Detached,44.48338323410831,-63.569470339945575
15897,BPRES-2026-04616,,250000,New Building,New Building,Submitted,COLE HARBOUR,District 04,1,1,Dwelling - Single Detached,44.64334769517342,-63.471793875456925
15898,BPRES-2026-04626,2026-04-27,50000,New Building,New Building,Issued,WELLINGTON,District 01,0,1,Accessory Structure,44.86414060996937,-63.597391834472326
15899,BPRES-2026-04636,2026-06-24,415000,New Building,New Building,Issued,WEST QUODDY,District 02,1,1,Dwelling - Single Detached,44.91917366709039,-62.35108479988122
15900,BPRES-2026-04652,2026-05-04,30000,New Building,New Building,Issued,HALIFAX,District 09,0,1,Accessory Structure,44.64185264939816,-63.600923358551206
15901,BPRES-2026-04657,2026-05-14,450000,New Building,New Building,Issued,MIDDLE SACKVILLE,District 14,1,2,Dwelling - Single Detached,44.79872133484845,-63.75298724001038
15902,BPRES-2026-04669,2026-05-14,475000,New Building,New Building,Issued,MIDDLE SACKVILLE,District 14,1,2,Dwelling - Single Detached,44.79815028681881,-63.75327247114479
15903,BPRES-2026-04701,2026-05-11,520000,New Building,New Building,Amendment Review,BEECHVILLE,District 12,1,3,Dwelling - Single Detached,44.63582977870593,-63.67569098085367
15904,BPRES-2026-04705,2026-05-11,520000,New Building,New Building,Amendment Review,BEECHVILLE,District 12,1,3,Dwelling - Single Detached,44.63571576528817,-63.675704133144464
15905,BPRES-2026-04710,2026-05-11,520000,New Building,New Building,Amendment Review,BEECHVILLE,District 12,1,3,Dwelling - Single Detached,44.636541255829286,-63.67712932781243
15906,BPRES-2026-04734,,20000,Renovation,Renovation,Applicant Revisions,LOWER SACKVILLE,District 15,1,2,Dwelling - Multiple Units,44.77963225448398,-63.69067079257556
15907,BPRES-2026-04745,2026-04-27,35000,New Building,New Building,Completed,HUBLEY,District 13,0,1,Accessory Structure,44.66846572571874,-63.82026604528813
15908,BPRES-2026-04788,,374400,New Building,New Building,Application Incomplete,MIDDLE SACKVILLE,District 14,2,2,Dwelling - Single Detached,44.80697143204491,-63.74839866893153
15909,BPRES-2026-04789,,180000,Addition,Addition,Applicant Revisions,HALIFAX,District 09,1,2,Dwelling - Multiple Units,44.64491724825408,-63.629554306335365
15910,BPRES-2026-04796,,750000,New Building,New Building,In Review,,District 02,1,1,Dwelling - Single Detached,44.655200468888296,-63.25988528527574
15911,BPRES-2026-04813,2026-04-30,15000,Renovation,Renovation,Issued,CONROD SETTLEMENT,District 02,0,2,Accessory Structure,44.760389521238466,-63.24398493634836
15912,BPRES-2026-04839,,15000000,Addition,Addition,Submitted,COLE HARBOUR,District 04,1,2,Dwelling - Multiple Units,44.67440452946041,-63.48711474055912
15913,BPRES-2026-04862,2026-05-05,250000,Renovation,Renovation,Issued,COLE HARBOUR,District 04,0,2,Dwelling - Single Detached,44.6765148269,-63.50016457942096
15914,BPRES-2026-04881,2026-05-13,568000,New Building,New Building,Amendment Review,BEDFORD,District 16,1,3,Dwelling - Single Detached,44.70902989879752,-63.72793237866315
15915,BPRES-2026-04893,2026-06-02,120000,Renovation,Renovation,Issued,WAVERLEY,District 01,0,1,Dwelling - Single Detached,44.780620928185115,-63.59759932869798
15916,BPRES-2026-04927,2026-06-15,25000,Addition,Addition,Issued,PORTERS LAKE,District 02,0,1,Dwelling - Single Detached,44.732681694741224,-63.30923806283947
15917,BPRES-2026-04963,2026-05-11,475000,New Building,New Building,Issued,MIDDLE SACKVILLE,District 14,2,2,Dwelling - Multiple Units,44.79675878402415,-63.756012723549574
15918,BPRES-2026-04964,2026-05-08,100000,New Building,New Building,Issued,MIDDLE SACKVILLE,District 14,0,1,Accessory Structure,44.79675878402415,-63.756012723549574
15919,BPRES-2026-04994,,20000,New Building,New Building,Withdrawn,HAMMONDS PLAINS,District 14,0,1,Accessory Structure,44.73196326745975,-63.75928775592651
15920,BPRES-2026-04995,,40000,Renovation,Renovation,Applicant Revisions,BEAVER BANK,District 15,1,3,Dwelling - Multiple Units,44.82109653944995,-63.689899802075516
15921,BPRES-2026-05007,2026-05-06,100000,Renovation,Renovation,Issued,WAVERLEY,District 01,0,2,Dwelling - Single Detached,44.78443353161151,-63.59950708216804
15922,BPRES-2026-05045,,100000,Addition,Addition,In Review,HALIFAX,District 11,1,1,Dwelling - Multiple Units,44.63554612190116,-63.62296744401655
15923,BPRES-2026-05059,2026-06-17,15000,New Building,New Building,Issued,NORTH PRESTON,District 04,0,1,Accessory Structure,44.74559474539876,-63.46954228635776
15924,BPRES-2026-05073,,4000,Renovation,Renovation,Applicant Revisions,HALIFAX,District 11,1,2,Dwelling - Multiple Units,44.62594827480644,-63.61550874843288
15925,BPRES-2026-05126,2026-06-10,170000,Renovation,Renovation,Issued,HALIFAX,District 09,0,2,Dwelling - Single Detached,44.64913569157003,-63.60018425181032
15926,BPRES-2026-05142,2026-05-01,10000,Renovation,Renovation,Issued,LUCASVILLE,District 14,1,1,Dwelling - Multiple Units,44.76080018404982,-63.725376461393246
15927,BPRES-2026-05157,2026-05-19,60000,New Building,New Building,Completed,BEDFORD,District 16,0,1,Accessory Structure,44.7268323241228,-63.684739609216194
15928,BPRES-2026-05169,,20000,Renovation,Renovation,Applicant Revisions,LOWER SACKVILLE,District 15,1,1,Dwelling - Multiple Units,44.76191410700714,-63.66287905987368
15929,BPRES-2026-05190,2026-04-30,20000,New Building,New Building,Completed,HUBLEY,District 13,0,1,Accessory Structure,44.672972415286424,-63.817331398995194
15930,BPRES-2026-05220,2026-05-20,220000,New Building,New Building,Issued,TIMBERLEA,District 12,1,3,Dwelling - Single Detached,44.637521585610685,-63.72200451076319
15931,BPRES-2026-05248,,20000,Renovation,Renovation,In Review,LAWRENCETOWN,District 02,1,1,Dwelling - Backyard Suite,44.65220523915043,-63.368886053740646
15932,BPRES-2026-05276,2026-05-06,325000,New Building,New Building,Issued,WEST JEDDORE,District 02,1,1,Dwelling - Single Detached,44.72474281626175,-63.04358531808866
15933,BPRES-2026-05284,2026-06-15,130000,New Building,New Building,Issued,HALIFAX,District 08,1,2,Dwelling - Backyard Suite,44.670825708537954,-63.604836819788225
15934,BPRES-2026-05298,2026-06-02,250000,New Building,New Building,Issued,EAST LAWRENCETOWN,District 02,1,1,Dwelling - Single Detached,44.66931133685453,-63.32907975303454
15935,BPRES-2026-05336,,10000,Renovation,Renovation,Applicant Revisions,HALIFAX,District 08,1,3,Dwelling - Multiple Units,44.65709029308969,-63.594733349361945
15936,BPRES-2026-05350,2026-05-11,428533.5,New Building,New Building,Issued,BEAVER BANK,District 15,1,1,Dwelling - Single Detached,44.84671096127411,-63.67471165170134
15937,BPRES-2026-05360,2026-05-21,20000,New Building,New Building,Issued,HAMMONDS PLAINS,District 14,0,1,Accessory Structure,44.724951460367386,-63.839687448539
15938,BPRES-2026-05380,2026-05-15,65000,Renovation,Renovation,Issued,DARTMOUTH,District 05,1,3,Dwelling - Multiple Units,44.66741460205887,-63.5782251111837
15939,BPRES-2026-05394,2026-06-01,199000,New Building,New Building,Amendment Review,LAWRENCETOWN,District 02,1,1,Dwelling - Backyard Suite,44.69456592069013,-63.426687486445104
15940,BPRES-2026-05412,,42000,Addition,Addition,Applicant Revisions,BEDFORD,District 16,0,1,Dwelling - Single Detached,44.72330569576924,-63.71356194208998
15941,BPRES-2026-05446,2026-05-20,222186,Renovation,Renovation,Issued,HALIFAX,District 11,0,2,Dwelling - Single Detached,44.61455309854914,-63.61289069686101
15942,BPRES-2026-05486,,500000,New Building,New Building,Applicant Revisions,HUBBARDS,District 13,1,1,Dwelling - Single Detached,44.63873884413844,-64.05240682013122
15943,BPRES-2026-05514,2026-05-20,60000,New Building,New Building,Issued,HAMMONDS PLAINS,District 14,0,1,Accessory Structure,44.75621051758343,-63.79710065242331
15944,BPRES-2026-05535,2026-06-16,1100000,New Building,New Building,Issued,HALIFAX,District 11,4,2,Dwelling - Semi-Detached,44.59837803847681,-63.60094045263223
15945,BPRES-2026-05548,2026-06-04,1100000,New Building,New Building,Issued,FALL RIVER,District 01,2,2,Dwelling - Multiple Units,44.83929689754174,-63.64422635629423
15946,BPRES-2026-05552,2026-06-11,670000,New Building,New Building,Amendment Review,COLE HARBOUR,District 04,1,1,Dwelling - Single Detached,44.660072595013034,-63.459150846467374
15947,BPRES-2026-05555,2026-05-15,250000,Renovation,Renovation,Issued,TIMBERLEA,District 12,0,2,Dwelling - Semi-Detached,44.65119364557343,-63.73681698488242
15948,BPRES-2026-05570,,15000,New Building,New Building,Application Incomplete,DARTMOUTH,District 05,0,1,Accessory Structure,44.68351691395052,-63.58638781149646
15949,BPRES-2026-05596,2026-06-16,5000,Renovation,Renovation,Issued,DARTMOUTH,District 05,0,1,Dwelling - Single Detached,44.65951731173308,-63.55345359782331
15950,BPRES-2026-05609,2026-06-16,350000,New Building,New Building,Issued,PORTERS LAKE,District 02,1,1,Dwelling - Single Detached,44.75793552944729,-63.28629815250635
15951,BPRES-2026-05614,,75000,Renovation,Renovation,Applicant Revisions,DARTMOUTH,District 03,0,1,Dwelling - Single Detached,44.664630026115816,-63.54706010714572
15952,BPRES-2026-05620,2026-06-03,150000,New Building,New Building,Issued,FALL RIVER,District 01,1,1,Dwelling - Backyard Suite,44.81176180740953,-63.623035389995785
15953,BPRES-2026-05624,2026-05-19,100000,Addition,Addition,Issued,FALL RIVER,District 01,1,2,Dwelling - Semi-Detached,44.81176691428302,-63.62294311914526
15954,BPRES-2026-05669,2026-06-12,400000,New Building,New Building,Issued,COW BAY,District 03,1,1,Dwelling - Single Detached,44.62504272649678,-63.44225460174628
15955,BPRES-2026-05685,2026-06-17,500000,New Building,New Building,Issued,FALL RIVER,District 01,1,2,Dwelling - Single Detached,44.803721388201666,-63.62187463478841
15956,BPRES-2026-05686,,200000,New Building,New Building,Application Incomplete,HATCHET LAKE,District 13,1,1,Dwelling - Backyard Suite,44.574825074262876,-63.71101277792272
15957,BPRES-2026-05713,2026-06-08,75000,Renovation,Renovation,Issued,WYSES CORNER,District 01,0,2,Dwelling - Single Detached,44.96414354139529,-63.29669834358133
15958,BPRES-2026-05718,2026-05-19,60996,Renovation,Renovation,Issued,EASTERN PASSAGE,District 03,0,2,Dwelling - Single Detached,44.59858913183812,-63.45727464029028
15959,BPRES-2026-05728,2026-05-13,48805,New Building,New Building,Issued,SHAD BAY,District 13,0,1,Accessory Structure,44.522413611557404,-63.78359187506657
15960,BPRES-2026-05743,2026-06-16,300000,New Building,New Building,Issued,MUSHABOOM,District 02,1,1,Dwelling - Single Detached,44.85184067080624,-62.53552598696506
15961,BPRES-2026-05761,,600000,New Building,New Building,In Review,BEDFORD,District 16,1,3,Dwelling - Single Detached,44.7278167959442,-63.65342830560878
15962,BPRES-2026-05768,,75000,New Building,New Building,In Review,BEDFORD,District 16,0,1,Accessory Structure,44.73632338053577,-63.652589538018574
15963,BPRES-2026-05775,,350000,New Building,New Building,Application Incomplete,BEDFORD,District 16,1,1,Dwelling - Backyard Suite,44.73632338053577,-63.652589538018574
15964,BPRES-2026-05785,2026-06-05,75000,New Building,New Building,Issued,ENFIELD,District 01,0,1,Accessory Structure,44.93970032343899,-63.55191572505631
15965,BPRES-2026-05807,2026-05-21,90000,New Building,New Building,Issued,HUBLEY,District 13,1,1,Dwelling - Single Detached,44.674693298553244,-63.823071734025845
15966,BPRES-2026-05855,2026-06-12,600000,New Building,New Building,Issued,HALIFAX,District 11,4,3,Dwelling - Semi-Detached,44.598529137170516,-63.60035523998773
15967,BPRES-2026-05855,2026-06-12,600000,New Building,New Building,Issued,HALIFAX,District 11,4,3,Dwelling - Semi-Detached,44.598529137170516,-63.60035523998773
15968,BPRES-2026-05859,,20000,Renovation,Renovation,Applicant Revisions,OAKFIELD,District 01,2,2,Dwelling - Multiple Units,44.91143221387109,-63.55888574020158
15969,BPRES-2026-05869,,500000,New Building,New Building,In Review,DARTMOUTH,District 06,4,2,Dwelling - Multiple Units,44.68990294648449,-63.50163216275388
15970,BPRES-2026-05901,2026-05-14,23100,New Building,New Building,Issued,MIDDLE SACKVILLE,District 14,0,1,Accessory Structure,44.78734525755761,-63.739240888368805
15971,BPRES-2026-05912,2026-05-14,475000,New Building,New Building,Issued,HAMMONDS PLAINS,District 14,1,2,Dwelling - Single Detached,44.75442676896117,-63.78036556280834
15972,BPRES-2026-05931,,8000,New Building,New Building,Withdrawn,WESTPHAL,District 04,0,1,Accessory Structure,44.69510212671151,-63.49298414817816
15973,BPRES-2026-05947,,80000,Renovation,Renovation,Application Incomplete,HALIFAX,District 10,0,1,Dwelling - Semi-Detached,44.66233907317841,-63.64590506393998
15974,BPRES-2026-05951,,30000,Addition,Addition,Applicant Revisions,BEAVER BANK,District 15,0,1,Dwelling - Single Detached,44.80256801093702,-63.6826443520581
15975,BPRES-2026-05997,,50000,New Building,New Building,Applicant Revisions,DARTMOUTH,District 06,0,1,Accessory Structure,44.681393190188466,-63.51534415588746
15976,BPRES-2026-06001,,120000,Addition,Addition,In Review,BLACK POINT,District 13,0,2,Dwelling - Single Detached,44.65280117628623,-63.98322975059731
15977,BPRES-2026-06012,2026-05-29,650000,New Building,New Building,Amendment Review,HACKETTS COVE,District 13,1,3,Dwelling - Single Detached,44.575311556482475,-63.92669817850941
15978,BPRES-2026-06023,2026-06-05,7000,Addition,Addition,Completed,BOUTILIERS POINT,District 13,0,1,Accessory Structure,44.66525244655784,-63.93875283887317
15979,BPRES-2026-06046,2026-06-09,13000,Addition,Addition,Issued,EAST PENNANT,District 11,0,1,Dwelling - Single Detached,44.467766587679996,-63.631279587731946
15980,BPRES-2026-06062,2026-05-19,30000,New Building,New Building,Completed,MIDDLE SACKVILLE,District 14,0,1,Accessory Structure,44.8002936327203,-63.76469731824362
15981,BPRES-2026-06079,,15000,Renovation,Renovation,In Review,BAYSIDE,District 13,1,2,Dwelling - Multiple Units,44.528689899367734,-63.81302128502172
15982,BPRES-2026-06085,2026-06-05,242736,New Building,New Building,Issued,HAMMONDS PLAINS,District 14,0,2,Accessory Structure,44.71125638024717,-63.7285544469686
15983,BPRES-2026-06087,,600000,Addition,Addition,In Review,HALIFAX,District 10,3,3,Dwelling - Multiple Units,44.6545230382714,-63.63647386749762
15984,BPRES-2026-06094,2026-05-22,29000,New Building,New Building,Issued,PORTERS LAKE,District 02,0,1,Accessory Structure,44.712453077060374,-63.30787396677227
15985,BPRES-2026-06109,,40000,Renovation,Renovation,Application Incomplete,HALIFAX,District 07,0,3,Dwelling - Multiple Units,44.641310150232364,-63.57791635658607
15986,BPRES-2026-06145,2026-05-26,116977,Addition,Addition,Issued,DARTMOUTH,District 05,0,2,Dwelling - Single Detached,44.66483671126831,-63.555465329011646
15987,BPRES-2026-06158,2026-05-20,85000,Renovation,Renovation,Issued,HALIFAX,District 08,0,2,Dwelling - Single Detached,44.668281013051704,-63.609032659010154
15988,BPRES-2026-06203,,1600000,New Building,New Building,Applicant Revisions,DARTMOUTH,District 06,6,3,Dwelling - Townhouse,44.71396079888852,-63.54157706017862
15989,BPRES-2026-06259,2026-05-28,500000,New Building,New Building,Issued,OSTREA LAKE,District 02,2,1,Dwelling - Semi-Detached,44.7749556828637,-63.101463600625436
15990,BPRES-2026-06264,2026-05-21,30000,New Building,New Building,Issued,PORTERS LAKE,District 02,0,1,Accessory Structure,44.72797536838524,-63.3085513062944
15991,BPRES-2026-06286,2026-06-01,200000,Renovation,Renovation,Issued,HALIFAX,District 11,0,2,Dwelling - Single Detached,44.619400188522555,-63.60662734553007
15992,BPRES-2026-06296,2026-05-25,23775,Renovation,Renovation,Issued,EASTERN PASSAGE,District 03,0,1,Dwelling - Single Detached,44.63116400295946,-63.50574891236646
15993,BPRES-2026-06323,2026-05-29,450000,New Building,New Building,Issued,BROOKSIDE,District 13,1,2,Dwelling - Single Detached,44.537015365546566,-63.70510329409664
15994,BPRES-2026-06354,,,Renovation,Renovation,In Review,MYERS POINT,District 02,0,2,Accessory Structure,44.760645255955126,-63.043514122001646
15995,BPRES-2026-06370,,950000,New Building,New Building,Application Incomplete,DARTMOUTH,District 05,8,3,Dwelling - Multiple Units,44.68394010796581,-63.583604593307506
15996,BPRES-2026-06401,2026-06-05,100000,New Building,New Building,Issued,GAETZ BROOK,District 02,0,1,Accessory Structure,44.76540661118231,-63.21244174912742
15997,BPRES-2026-06427,2026-05-26,400000,New Building,New Building,Issued,BROOKSIDE,District 13,1,1,Dwelling - Single Detached,44.53752862002422,-63.70389921072478
15998,BPRES-2026-06431,2026-06-01,400000,New Building,New Building,Issued,BROOKSIDE,District 13,1,1,Dwelling - Single Detached,44.537000457613956,-63.703477931447274
15999,BPRES-2026-06439,,760000,New Building,New Building,Application Incomplete,DARTMOUTH,District 03,8,3,Dwelling - Multiple Units,44.665986472054506,-63.5387085399148
16000,BPRES-2026-06460,,50000,New Building,New Building,In Review,HALIFAX,District 11,0,1,Accessory Structure,44.63387932066954,-63.62183793444485
16001,BPRES-2026-06477,,850000,New Building,New Building,Applicant Revisions,MIDDLE SACKVILLE,District 14,1,1,Dwelling - Single Detached,44.791399961694616,-63.74252582598702
16002,BPRES-2026-06532,2026-06-05,30000,New Building,New Building,Issued,HALIFAX,District 11,0,1,Accessory Structure,44.61663786268922,-63.57781871072473
16003,BPRES-2026-06541,2026-05-29,55000,New Building,New Building,Issued,UPPER HAMMONDS PLAINS,District 14,0,1,Accessory Structure,44.74962280142242,-63.82801379876641
16004,BPRES-2026-06577,,35000,New Building,New Building,In Review,TIMBERLEA,District 12,0,1,Accessory Structure,44.65259536981264,-63.728932077434855
16005,BPRES-2026-06608,2026-06-04,13000,New Building,New Building,Issued,HALIFAX,District 07,0,1,Accessory Structure,44.633389262711546,-63.59069744685087
16006,BPRES-2026-06616,2026-06-15,40000,Addition,Addition,Issued,HALIFAX,District 08,1,3,Dwelling - Multiple Units,44.667070939486116,-63.61347754592039
16007,BPRES-2026-06623,,500000,New Building,New Building,Applicant Revisions,DARTMOUTH,District 06,1,1,Dwelling - Single Detached,44.710754441439946,-63.54305516056503
16008,BPRES-2026-06636,2026-06-11,50000,New Building,New Building,Issued,LUCASVILLE,District 14,1,2,Dwelling - Backyard Suite,44.76080018404982,-63.725376461393246
16009,BPRES-2026-06669,,81455,Addition,Addition,In Review,HERRING COVE,District 11,0,2,Dwelling - Single Detached,44.564795913607234,-63.56400584592013
16010,BPRES-2026-06703,2026-06-05,450000,New Building,New Building,Issued,BEDFORD,District 16,1,3,Dwelling - Single Detached,44.710084108672895,-63.72643080051015
16011,BPRES-2026-06728,2026-06-24,700000,New Building,New Building,Issued,FALL RIVER,District 01,1,1,Dwelling - Single Detached,44.823110569991705,-63.58543678584447
16012,BPRES-2026-06738,,200000,Renovation,Renovation,Applicant Revisions,HALIFAX,District 08,1,2,Dwelling - Backyard Suite,44.668465863764695,-63.60642938583352
16013,BPRES-2026-06747,,20000,New Building,New Building,In Review,DEVON,District 01,0,2,Accessory Structure,44.91749771964842,-63.4037601358155
16014,BPRES-2026-06766,2026-06-19,350000,Addition,Addition,Issued,HALIFAX,District 08,0,2,Dwelling - Single Detached,44.66888159631665,-63.60849505273609
16015,BPRES-2026-06778,,500,Renovation,Renovation,Applicant Revisions,DARTMOUTH,District 06,1,1,Dwelling - Single Detached,44.678777931266524,-63.51691978326801
16016,BPRES-2026-06805,,600000,New Building,New Building,Applicant Revisions,PORT DUFFERIN,District 02,1,1,Dwelling - Single Detached,44.89629894797168,-62.374177411336404
16017,BPRES-2026-06824,2026-06-24,365230,Addition,Addition,Issued,HALIFAX,District 07,1,2,Dwelling - Single Detached,44.63284099087502,-63.58695759193782
16018,BPRES-2026-06835,2026-06-19,30000,New Building,New Building,Issued,SHIP HARBOUR,District 02,0,1,Accessory Structure,44.80674786910153,-62.88141611089109
16019,BPRES-2026-06838,,30000,New Building,New Building,Submitted,,District 02,0,2,Accessory Structure,44.69996117075366,-63.181006943444345
16020,BPRES-2026-06857,2026-06-22,50000,New Building,New Building,Issued,WAVERLEY,District 01,0,1,Accessory Structure,44.74049353220943,-63.54441250762433
16021,BPRES-2026-06876,2026-06-02,1127400,New Building,New Building,Issued,SEABRIGHT,District 13,1,3,Dwelling - Single Detached,44.61406123990817,-63.929289582858395
16022,BPRES-2026-06879,,700000,New Building,New Building,Applicant Revisions,LOWER PROSPECT,District 13,1,2,Dwelling - Single Detached,44.4539352346576,-63.726336330207666
16023,BPRES-2026-06891,,650000,New Building,New Building,In Review,LUCASVILLE,District 14,1,1,Dwelling - Single Detached,44.751777732795865,-63.736895301479386
16024,BPRES-2026-06920,,400000,New Building,New Building,In Review,,District 02,1,2,Dwelling - Single Detached,44.7218538956767,-63.27077476315863
16025,BPRES-2026-06924,2026-06-12,600000,New Building,New Building,Issued,HALIFAX,District 11,4,3,Dwelling - Semi-Detached,44.59840573450449,-63.60022050504024
16026,BPRES-2026-06941,,,Addition,Addition,Application Incomplete,HALIFAX,District 09,0,2,Dwelling - Single Detached,44.645403548490826,-63.602018206982166
16027,BPRES-2026-06961,,32000,New Building,New Building,Applicant Revisions,LAKE ECHO,District 02,0,1,Accessory Structure,44.721454633687244,-63.398761778251156
16028,BPRES-2026-06975,2026-06-05,650000,New Building,New Building,Issued,,District 01,1,2,Dwelling - Single Detached,44.9011562496095,-63.4282766869222
16029,BPRES-2026-07005,,150000,Addition,Addition,Applicant Revisions,HALIFAX,District 09,0,2,Dwelling - Single Detached,44.63648923789787,-63.6358893064862
16030,BPRES-2026-07024,,1500000,New Building,New Building,Application Incomplete,OYSTER POND,District 02,1,2,Dwelling - Single Detached,44.756523606585354,-63.01135816681682
16031,BPRES-2026-07026,,55000,New Building,New Building,In Review,,District 01,0,1,Accessory Structure,44.94791987305879,-63.51847639029217
16032,BPRES-2026-07035,2026-06-17,400000,New Building,New Building,Amendment Review,BEAVER BANK,District 15,1,1,Dwelling - Single Detached,44.83699278474296,-63.66260437049522
16033,BPRES-2026-07055,,27000,New Building,New Building,In Review,UPPER TANTALLON,District 13,0,1,Accessory Structure,44.725863859713265,-63.88071295536641
16034,BPRES-2026-07063,,50000,Addition,Addition,Applicant Revisions,DARTMOUTH,District 05,0,1,Dwelling - Single Detached,44.67608102917752,-63.58939941024921
16035,BPRES-2026-07065,2026-06-22,525000,New Building,New Building,Issued,,District 13,1,2,Dwelling - Single Detached,44.71776101634171,-63.864511171749335
16036,BPRES-2026-07068,,250000,Addition,Addition,Applicant Revisions,HALIFAX,District 11,0,2,Dwelling - Single Detached,44.63427849903933,-63.62319064568903
16037,BPRES-2026-07118,2026-06-08,25000,New Building,New Building,Issued,SMITHS SETTLEMENT,District 02,0,1,Accessory Structure,44.78466797690752,-63.10134093917464
16038,BPRES-2026-07169,2026-06-09,250000,New Building,New Building,Issued,HACKETTS COVE,District 13,1,1,Dwelling - Backyard Suite,44.55307238080881,-63.93367347543173
16039,BPRES-2026-07177,,663000,New Building,New Building,Submitted,PORTERS LAKE,District 02,1,1,Dwelling - Single Detached,44.7582626042819,-63.286865761362215
16040,BPRES-2026-07185,,580000,New Building,New Building,In Review,,District 02,1,1,Dwelling - Single Detached,44.78982792856703,-63.106299126459476
16041,BPRES-2026-07257,2026-06-08,45000,New Building,New Building,Issued,WESTPHAL,District 04,0,1,Accessory Structure,44.700025062248166,-63.45577772656797
16042,BPRES-2026-07267,,471040.78,New Building,New Building,In Review,,District 15,1,1,Dwelling - Single Detached,44.83452661597512,-63.677629989712926
16043,BPRES-2026-07273,,,Renovation,Renovation,Application Incomplete,COLE HARBOUR,District 04,0,,Dwelling - Single Detached,44.67543368998974,-63.48848556053276
16044,BPRES-2026-07287,,351000,New Building,New Building,Application Incomplete,,District 11,1,1,Dwelling - Single Detached,44.5513320287708,-63.55739314071054
16045,BPRES-2026-07299,,100000,New Building,New Building,Application Incomplete,HALIFAX,District 08,1,2,Dwelling - Backyard Suite,44.66226631180843,-63.601214552676225
16046,BPRES-2026-07302,,12000,New Building,New Building,Applicant Revisions,HAMMONDS PLAINS,District 14,0,1,Accessory Structure,44.71797689902736,-63.830959321032985
16047,BPRES-2026-07322,,100000,New Building,New Building,In Review,FALL RIVER,District 01,1,1,Dwelling - Single Detached,44.80573817760998,-63.64326847842507
16048,BPRES-2026-07323,,20000,Renovation,Renovation,Applicant Revisions,PROSPECT BAY,District 13,1,2,Dwelling - Multiple Units,44.51450929981293,-63.77761546340003
16049,BPRES-2026-07344,,450000,New Building,New Building,Applicant Revisions,PROSPECT,District 13,1,1,Dwelling - Single Detached,44.49717302639895,-63.80345275314334
16050,BPRES-2026-07352,,630000,New Building,New Building,Applicant Revisions,HACKETTS COVE,District 13,1,1,Dwelling - Single Detached,44.54896557272895,-63.93322639367819
16051,BPRES-2026-07358,,50000,New Building,New Building,In Review,BEAVER BANK,District 15,1,2,Dwelling - Single Detached,44.816645336053945,-63.69008526504603
16052,BPRES-2026-07399,,1100000,New Building,New Building,In Review,FALL RIVER,District 01,1,1,Dwelling - Single Detached,44.834442092193335,-63.640790225118174
16053,BPRES-2026-07425,,555395,New Building,New Building,In Review,HEAD OF JEDDORE,District 02,1,2,Dwelling - Single Detached,44.744487427525534,-63.056493056117716
16054,BPRES-2026-07497,,950000,New Building,New Building,In Review,FALL RIVER,District 01,1,2,Dwelling - Single Detached,44.834992931471426,-63.64137376039595
16055,BPRES-2026-07507,,425000,New Building,New Building,In Review,BEDFORD,District 16,1,3,Dwelling - Single Detached,44.710504493731264,-63.72532660925421
16056,BPRES-2026-07536,2026-06-18,6000,Renovation,Renovation,Issued,BEECHVILLE,District 12,0,2,Dwelling - Single Detached,44.633348336022614,-63.68226453488667
16057,BPRES-2026-07562,2026-06-18,38000,New Building,New Building,Issued,COLE HARBOUR,District 04,0,1,Accessory Structure,44.66279010754002,-63.477904433823426
16058,BPRES-2026-07576,,102633,New Building,New Building,In Review,HERRING COVE,District 11,1,2,Dwelling - Single Detached,44.56841471702089,-63.571379635987235
16059,BPRES-2026-07613,,8000,Addition,Addition,Application Incomplete,HALIFAX,District 09,0,2,Dwelling - Single Detached,44.64880477049767,-63.60824912340358
16060,BPRES-2026-07647,2026-06-11,600000,New Building,New Building,Issued,FALL RIVER,District 01,1,2,Dwelling - Single Detached,44.836763015778054,-63.644469840035796
16061,BPRES-2026-07672,2026-06-22,9000,New Building,New Building,Issued,MIDDLE SACKVILLE,District 14,0,1,Accessory Structure,44.794670174811834,-63.77150539981655
16062,BPRES-2026-07683,,250000,Addition,Addition,In Review,WEST JEDDORE,District 02,0,1,Dwelling - Single Detached,44.69924285173426,-63.01695030099019
16063,BPRES-2026-07702,,35000,New Building,New Building,Application Incomplete,COLE HARBOUR,District 04,0,1,Accessory Structure,44.66162431996682,-63.49622994043424
16064,BPRES-2026-07755,,160000,Addition,Addition,Application Incomplete,LOWER SACKVILLE,District 15,0,2,Dwelling - Single Detached,44.78378108384707,-63.678705462941046
16065,BPRES-2026-07784,2026-06-18,125000,Renovation,Renovation,Issued,DARTMOUTH,District 03,0,2,Dwelling - Single Detached,44.662623707021126,-63.507909095905525
16066,BPRES-2026-07793,,10000,Renovation,Renovation,Applicant Revisions,FALL RIVER,District 01,1,2,Dwelling - Multiple Units,44.83287989938544,-63.63367753214822
16067,BPRES-2026-07811,,320000,New Building,New Building,Applicant Revisions,LOWER SHIP HARBOUR,District 02,1,1,Dwelling - Single Detached,44.78557335802393,-62.83904316302878
16068,BPRES-2026-07837,,5000,New Building,New Building,In Review,WEST CHEZZETCOOK,District 02,1,2,Dwelling - Seasonal,44.703096710474405,-63.25871455163959
16069,BPRES-2026-07846,,809671.32,New Building,New Building,In Review,EAST DOVER,District 13,1,1,Dwelling - Single Detached,44.49956475852883,-63.850243477849986
16070,BPRES-2026-07880,2026-06-17,2500,Renovation,Renovation,Issued,DARTMOUTH,District 05,0,2,Dwelling - Single Detached,44.66640913746636,-63.577421302557624
16071,BPRES-2026-07899,,70000,New Building,New Building,In Review,MUSQUODOBOIT HARBOUR,District 02,0,1,Accessory Structure,44.82279463391981,-63.2063784648034
16072,BPRES-2026-07904,,30000,Renovation,Renovation,Application Incomplete,WEST CHEZZETCOOK,District 02,1,2,Dwelling - Backyard Suite,44.72052837618017,-63.26519071814036
16073,BPRES-2026-07963,,42000,New Building,New Building,In Review,LAKE LOON,District 04,0,1,Accessory Structure,44.70900982079822,-63.51443021804178
16074,BPRES-2026-07980,,160000,Addition,Addition,In Review,HALIFAX,District 09,1,2,Dwelling - Multiple Units,44.64982123912352,-63.62002410239114
16075,BPRES-2026-07996,,500000,New Building,New Building,In Review,HALIFAX,District 11,4,2,Dwelling - Semi-Detached,44.59827250105852,-63.600092840326546
16076,BPRES-2026-07996,,500000,New Building,New Building,In Review,HALIFAX,District 11,4,2,Dwelling - Semi-Detached,44.59827250105852,-63.600092840326546
16077,BPRES-2026-08022,,400000,New Building,New Building,In Review,MURCHYVILLE,District 01,1,2,Dwelling - Single Detached,45.00974163207192,-63.1353628227226
16078,BPRES-2026-08028,,800000,New Building,New Building,Applicant Revisions,DARTMOUTH,District 03,4,2,Dwelling - Multiple Units,44.65731933013836,-63.548556736659016
16079,BPRES-2026-08048,,9500,Renovation,Renovation,In Review,DARTMOUTH,District 06,0,2,Dwelling - Multiple Units,44.690136664602804,-63.52914337871098
16080,BPRES-2026-08070,,195000,New Building,New Building,Application Incomplete,HALIFAX,District 09,0,2,Accessory Structure,44.64179088713263,-63.60337107077333
16081,BPRES-2026-08099,2026-06-24,38635,New Building,New Building,Issued,FLETCHERS LAKE,District 01,0,1,Accessory Structure,44.85139613999657,-63.59692723097193
16082,BPRES-2026-08117,,475000,New Building,New Building,In Review,DARTMOUTH,District 06,1,3,Dwelling - Single Detached,44.716058250351466,-63.53846501531183
16083,BPRES-2026-08129,,7000,Renovation,Renovation,Submitted,HALIFAX,District 10,1,2,Dwelling - Single Detached,44.66245629675689,-63.6476234046775
16084,BPRES-2026-08132,,50000,Addition,Addition,Application Incomplete,DARTMOUTH,District 05,0,1,Dwelling - Single Detached,44.674934876852454,-63.56725243385612
16085,BPRES-2026-08159,,15000,New Building,New Building,Application Incomplete,DARTMOUTH,District 05,0,1,Accessory Structure,44.68364163264486,-63.58622816435946
16086,BPRES-2026-08175,,15039,New Building,New Building,In Review,LOWER SACKVILLE,District 15,0,1,Accessory Structure,44.76298396621896,-63.65746976655991
16087,BPRES-2026-08195,,41717,Addition,Addition,Applicant Revisions,FALL RIVER,District 01,0,1,Dwelling - Single Detached,44.8327200772833,-63.63173946067859
16088,BPRES-2026-08213,,700000,New Building,New Building,Applicant Revisions,,District 04,1,2,Dwelling - Single Detached,44.71569298140071,-63.50251780336246
16089,BPRES-2026-08231,,500000,New Building,New Building,Applicant Revisions,,District 03,2,2,Dwelling - Semi-Detached,44.62730771790452,-63.50990190251091
16090,BPRES-2026-08286,,1600000,New Building,New Building,In Review,HALIFAX,District 11,4,3,Dwelling - Multiple Units,44.63180598747176,-63.62809078306687
16091,BPRES-2026-08325,,500000,New Building,New Building,Application Incomplete,,District 11,2,2,Dwelling - Single Detached,44.534519421225845,-63.54318060610311
16092,BPRES-2026-08328,,100000,New Building,New Building,In Review,UPPER HAMMONDS PLAINS,District 14,1,1,Dwelling - Backyard Suite,44.75504114371027,-63.853928895261035
16093,BPRES-2026-08334,,90000,Addition,Addition,In Review,DARTMOUTH,District 05,0,1,Dwelling - Single Detached,44.67939188610742,-63.58825013571377
16094,BPRES-2026-08349,,30000,New Building,New Building,Applicant Revisions,EAST PETPESWICK,District 02,0,1,Accessory Structure,44.698960304736744,-63.14607433137175
16095,BPRES-2026-08363,,53750,Renovation,Renovation,In Review,EASTERN PASSAGE,District 03,1,1,Dwelling - Backyard Suite,44.62295398751092,-63.45466038776215
16096,BPRES-2026-08378,,58000,Renovation,Renovation,In Review,HALIFAX,District 11,0,2,Dwelling - Single Detached,44.61312134290065,-63.573445566162086
16097,BPRES-2026-08404,,500000,New Building,New Building,Application Incomplete,WAVERLEY,District 01,1,2,Dwelling - Single Detached,44.77705173348406,-63.605906882745465
16098,BPRES-2026-08417,,20000,Renovation,Renovation,Submitted,SAMBRO,District 11,1,1,Dwelling - Backyard Suite,44.47629734061286,-63.61026293158892
16099,BPRES-2026-08460,,60000,New Building,New Building,In Review,BROOKSIDE,District 13,0,1,Accessory Structure,44.547590301609766,-63.71940981632969
16100,BPRES-2026-08463,,70000,New Building,New Building,Submitted,MIDDLE SACKVILLE,District 14,0,2,Accessory Structure,44.81926976316917,-63.73318570314253
16101,BPRES-2026-08475,,100000,Addition,Addition,Submitted,LAKE ECHO,District 02,0,1,Accessory Structure,44.733244411871375,-63.38157908115355
16102,BPRES-2026-08508,,100000,New Building,New Building,Submitted,LOWER SACKVILLE,District 15,1,1,Dwelling - Backyard Suite,44.77502182629709,-63.68738444258185
16103,BPRES-2026-08545,,600000,New Building,New Building,Submitted,HALIFAX,District 09,0,2,Accessory Structure,44.647774341506754,-63.59702834016915
16104,BPRES-2026-08566,,145000,Addition,Addition,Submitted,HATCHET LAKE,District 13,1,1,Dwelling - Single Detached,44.56074097094537,-63.713099714046336
16105,BPRES-2026-08623,,10000,Addition,Addition,Application Incomplete,BEDFORD,District 14,0,2,Dwelling - Single Detached,44.725378642034336,-63.69141036540666
16106,BPRES-2026-08651,,120000,Addition,Addition,Applicant Revisions,BEDFORD,District 16,0,2,Dwelling - Single Detached,44.73731797616293,-63.64933755510567
16107,BPRES-2026-08683,,1150000,New Building,New Building,In Review,HALIFAX,District 11,1,2,Dwelling - Single Detached,44.62541312293501,-63.59213412599154
16108,BPRES-2026-08693,,50000,Renovation,Renovation,Submitted,HALIFAX,District 07,0,3,Dwelling - Multiple Units,44.64239017920512,-63.570374677061025
16109,BPRES-2026-08779,,,Renovation,Renovation,Submitted,EAST PETPESWICK,District 02,0,2,Dwelling - Multiple Units,44.74959867901232,-63.1449562082926
16110,BPRES-2026-08822,,100000,New Building,New Building,In Review,,District 02,1,1,Dwelling - Single Detached,44.692631495526825,-63.256310722172394
16111,BPRES-2026-08848,,3500,Renovation,Renovation,In Review,DARTMOUTH,District 05,0,3,Dwelling - Multiple Units,44.68610934343934,-63.58353504122579
16112,BPRES-2026-08870,,3750,Renovation,Renovation,In Review,DARTMOUTH,District 05,0,3,Dwelling - Multiple Units,44.68610934343934,-63.58353504122579
16113,BPRES-2026-08880,,50000,Addition,Addition,In Review,MIDDLE SACKVILLE,District 14,0,2,Dwelling - Single Detached,44.77802373125442,-63.7343923618104
16114,BPRES-2026-08882,,28000,New Building,New Building,In Review,BEAVER BANK,District 15,0,1,Accessory Structure,44.85689406309582,-63.676037516856866
16115,BPRES-2026-08930,,224600,Addition,Addition,Submitted,HALIFAX,District 09,0,3,Dwelling - Single Detached,44.65325655156178,-63.60257536622123
16116,BPRES-2026-08943,,1000,Renovation,Renovation,In Review,DARTMOUTH,District 06,0,1,Dwelling - Single Detached,44.67639836038268,-63.53522246974997
16117,BPRES-2026-08980,,5000,Renovation,Renovation,Applicant Revisions,DARTMOUTH,District 06,0,1,Dwelling - Single Detached,44.679502390937735,-63.507263325388564
16118,BPRES-2026-09007,,250000,New Building,New Building,Submitted,DARTMOUTH,District 05,1,2,Dwelling - Single Detached,44.67038258328194,-63.56672307395138
16119,BPRES-2026-09040,,410000,New Building,New Building,Submitted,FALL RIVER,District 01,1,2,Dwelling - Single Detached,44.84382055621314,-63.64430305379173
16120,BPRES-2026-09072,,200000,New Building,New Building,Submitted,,District 12,1,1,Dwelling - Single Detached,44.636896766502886,-63.72066320274262
16121,BP-2020-00020,2021-01-18,220000,New Building,New Building,Completed,WEST PORTERS LAKE,District 02,1,1,Dwelling - Single Detached,44.67924382615189,-63.33023536054762
16122,BP-2020-00036,,6000,New Building,New Building,Ready For Issue,HALIFAX,District 11,0,1,Accessory Structure,44.630212678617006,-63.61855960411036
16123,BP-2020-00048,2020-12-22,350000,New Building,New Building,Completed,BEAVER BANK,District 15,1,2,Dwelling - Single Detached,44.83528655701997,-63.66537710946632
16124,BP-2020-00084,,35000,New Building,New Building,Cancelled,WHITES LAKE,District 13,0,1,Accessory Structure,44.53126667770634,-63.76151779621096
16125,BP-2020-00102,2021-01-18,35000,Renovation,Renovation,Completed,HALIFAX,District 08,0,2,Dwelling - Single Detached,44.661397009819446,-63.60111196965536
16126,BP-2020-00121,2021-01-12,21700,New Building,New Building,Completed,BEAVER BANK,District 15,0,1,Accessory Structure,44.829839917478765,-63.6783410270683
16127,BP-2020-00259,2021-01-18,229000,Renovation,Renovation,Expired (Closed),HALIFAX,District 09,0,2,Dwelling - Single Detached,44.64281197438855,-63.608035902224884
16128,BP-2020-00325,2021-01-18,400000,Renovation,Renovation,Issued,HALIFAX,District 07,0,3,Dwelling - Single Detached,44.63441745794549,-63.59335469912194
16129,BP-2020-00385,2021-01-12,450000,New Building,New Building,Completed,TANTALLON,District 13,1,2,Dwelling - Single Detached,44.65198306441099,-63.89982411635839
16130,BP-2020-00408,2021-04-21,6700000,New Building,New Building,Completed,BEECHVILLE,Unidentified,0,3,Commercial,44.64014791977936,-63.67710837588923
16131,BP-2020-00426,2021-01-27,350000,New Building,New Building,Completed,TIMBERLEA,District 12,1,2,Dwelling - Single Detached,44.644895611269654,-63.72032911684326
16132,BP-2020-00474,2021-01-22,200000,New Building,New Building,Completed,TIMBERLEA,District 12,1,2,Dwelling - Single Detached,44.641775475948904,-63.72073675815274
16133,BP-2020-00510,2021-02-10,381886,Renovation,Renovation,Expired (Closed),HALIFAX,District 08,0,4,Dwelling - Multiple Units,44.655353874076326,-63.58794849030986
16134,BP-2020-00538,2021-06-28,165000,New Building,New Building,Expired (Closed),DARTMOUTH,District 05,1,1,Dwelling - Single Detached,44.66886288803362,-63.554888423603
16135,BP-2020-00559,2023-02-13,15000000,New Building,New Building,Issued,HALIFAX,District 07,350,23,Mixed Use - Residential & Other Use(s),44.64565149126535,-63.57239533124643
16136,BP-2020-00632,2021-02-17,50000,Addition,Addition,Expired,BEAVER BANK,District 15,0,2,Accessory Structure,44.823100736960235,-63.67935177234496
16137,BP-2021-00031,2021-01-22,100000,Addition,Addition,Expired (Closed),OSTREA LAKE,District 02,0,1,Dwelling - Single Detached,44.76945972929124,-63.10500688074031
16138,BP-2021-00076,2021-01-12,400000,New Building,New Building,Completed,MIDDLE SACKVILLE,District 14,1,2,Dwelling - Single Detached,44.785408580039814,-63.767849126831265
16139,BP-2021-00131,2021-06-14,280000,New Building,New Building,Completed,UPPER TANTALLON,District 13,1,2,Dwelling - Single Detached,44.70099960312419,-63.883778207939436
16140,BP-2021-00200,2021-08-11,154000,Renovation,Renovation,Completed,BEDFORD,District 16,0,1,Commercial,44.75289281442478,-63.64343709455144
16141,BP-2021-00228,,95000,Addition,Addition,Applicant Revisions,HALIFAX,District 11,0,2,Dwelling - Single Detached,44.62324361797139,-63.594110430754014
16142,BP-2021-00279,2021-09-28,10439629,New Building,New Building,Completed,HALIFAX,District 08,92,12,Mixed Use - Residential & Other Use(s),44.65613129771794,-63.59982635322202
16143,BP-2021-00322,2021-02-26,400000,Addition,Addition,Completed,HERRING COVE,District 11,0,2,Dwelling - Single Detached,44.58026159339698,-63.54917664760756
16144,BP-2021-00352,2021-02-03,4500,Renovation,Renovation,Expired (Closed),COLE HARBOUR,District 04,0,1,Mixed Use - Residential & Other Use(s),44.675589068158565,-63.4885509679667
16145,BP-2021-00380,2021-04-12,200000,New Building,New Building,Completed,TIMBERLEA,District 12,1,2,Dwelling - Single Detached,44.64154132411971,-63.72133263127963
16146,BP-2021-00453,2021-01-20,16900,Renovation,Renovation,Completed,HALIFAX,District 09,0,1,Dwelling - Single Detached,44.648631510883156,-63.59503066678688
16147,BP-2021-00497,2021-02-22,120000,New Building,New Building,Completed,MIDDLE SACKVILLE,District 14,1,2,Dwelling - Single Detached,44.78219107750848,-63.748699449761574
16148,BP-2021-00535,2021-02-10,20000,Renovation,Renovation,Expired,LOWER SACKVILLE,District 15,1,2,Dwelling - Multiple Units,44.77033625000957,-63.701933922646816
16149,BP-2021-00578,2021-05-20,1500000,Renovation,Renovation,Completed,BEDFORD,District 16,0,1,Commercial,44.696047105383656,-63.689574004280416
16150,BP-2021-00605,2021-01-22,325000,New Building,New Building,Completed,BEAVER BANK,District 15,1,3,Dwelling - Single Detached,44.83509358675792,-63.66131794682472
16151,BP-2021-00618,2021-01-22,350000,New Building,New Building,Completed,MIDDLE SACKVILLE,District 14,1,3,Dwelling - Single Detached,44.79044145478088,-63.74356372772739
16152,BP-2021-00652,2021-02-16,43000,Renovation,Renovation,Completed,COLE HARBOUR,District 04,0,1,Commercial,44.67057333474243,-63.49047812877589
16153,BP-2021-00677,2021-01-26,37101.85,Renovation,Renovation,Completed,DARTMOUTH,District 03,0,2,Dwelling - Single Detached,44.66560260681341,-63.554277789643635
16154,BP-2021-00693,2021-01-27,500000,New Building,New Building,Completed,TIMBERLEA,District 12,1,2,Dwelling - Single Detached,44.64132746208642,-63.72069584983457
16155,BP-2021-00721,2021-11-25,17000000,New Building,New Building,Completed,DARTMOUTH,District 03,90,10,Dwelling - Multiple Units,44.66867351425253,-63.53759005686093
16156,BP-2021-00739,2022-06-01,47563000,New Building,New Building,Issued,DARTMOUTH,District 05,220,27,Mixed Use - Residential & Other Use(s),44.663776757623694,-63.564629491082115
16157,BP-2021-00761,2021-02-17,40000,Renovation,Renovation,Completed,DARTMOUTH,District 06,1,1,Dwelling - Multiple Units,44.67619149259297,-63.54316617649155
16158,BP-2021-00844,2021-01-26,23700,New Building,New Building,Completed,EAST PETPESWICK,District 02,0,1,Accessory Structure,44.75350796739036,-63.15385862205402
16159,BP-2021-00851,2021-04-13,200000,New Building,New Building,Completed,TIMBERLEA,District 12,1,2,Dwelling - Single Detached,44.64183933747724,-63.720347099254504
16160,BP-2021-00861,2021-01-26,3500,Renovation,Renovation,Expired (Closed),HALIFAX,District 07,0,1,Dwelling - Single Detached,44.641605489334005,-63.59016573009187
16161,BP-2021-00909,2021-04-14,200000,New Building,New Building,Completed,TIMBERLEA,District 12,1,2,Dwelling - Single Detached,44.642024193183985,-63.71947015858314
16162,BP-2021-00924,2021-02-18,35000,New Building,New Building,Completed,UPPER SACKVILLE,District 14,0,1,Accessory Structure,44.83660930022885,-63.791176911681774
16163,BP-2021-00966,2021-02-17,100000,New Building,New Building,Completed,HUBLEY,District 13,1,1,Dwelling - Single Detached,44.66207546992368,-63.82118297282076
16164,BP-2021-01020,2021-01-27,465000,New Building,New Building,Completed,BEDFORD,District 16,1,1,Dwelling - Single Detached,44.701708391470255,-63.71485789113144
16165,BP-2021-01085,2021-02-22,60000,Renovation,Renovation,Expired,DARTMOUTH,District 06,0,1,Commercial,44.679693225846094,-63.53956048239289
16166,BP-2021-01101,2021-02-03,675000,New Building,New Building,Completed,BEDFORD,District 16,1,3,Dwelling - Single Detached,44.702691236168214,-63.71678092791064
16167,BP-2021-01136,2021-02-10,17500,New Building,New Building,Completed,UPPER SACKVILLE,District 14,0,1,Accessory Structure,44.83660930022885,-63.791176911681774
16168,BP-2021-01188,2021-02-23,400000,New Building,New Building,Expired,DARTMOUTH,District 06,1,2,Dwelling - Single Detached,44.728676229018994,-63.5461621890137
16169,BP-2021-01242,2021-02-03,150000,New Building,New Building,Completed,LUCASVILLE,District 14,1,3,Dwelling - Single Detached,44.77001809834484,-63.71220941801827
16170,BP-2021-01281,2021-02-18,175000,New Building,New Building,Expired,HALIFAX,District 11,1,2,Dwelling - Single Detached,44.60862648064853,-63.60464747737238
16171,BP-2021-01336,2021-02-17,15000,Renovation,Renovation,Expired,DARTMOUTH,District 03,0,2,Commercial,44.65688450209084,-63.53129847357066
16172,BP-2021-01442,2021-02-23,400000,New Building,New Building,Completed,BEDFORD,District 16,1,2,Dwelling - Single Detached,44.70232543069564,-63.71363224939394
16173,BP-2021-01491,2021-03-05,250000,Addition,Addition,Expired,HALIFAX,District 09,0,2,Dwelling - Single Detached,44.64852429338855,-63.61384095465212
16174,BP-2021-01534,,,New Building,New Building,Application Incomplete,,Unidentified,0,,Dwelling - Semi-Detached,,
16175,BP-2021-01583,2021-02-25,280000,New Building,New Building,Completed,HALIFAX,District 11,2,2,Dwelling - Semi-Detached,44.59959784303653,-63.6007424383729
16176,BP-2021-01612,2021-12-10,50000,New Building,New Building,Completed,BEDFORD,District 16,1,1,Dwelling - Backyard Suite,44.73778810872858,-63.650940740733134
16177,BP-2021-01670,2021-02-26,425000,New Building,New Building,Completed,BEDFORD,District 16,1,3,Dwelling - Single Detached,44.70276179393386,-63.71564759416571
16178,BP-2021-01707,2021-02-10,365000,New Building,New Building,Completed,BEDFORD,District 16,1,2,Dwelling - Single Detached,44.70294911219233,-63.71268490914438
16179,BP-2021-01747,2021-04-21,220000,New Building,New Building,Completed,TIMBERLEA,District 12,0,1,Accessory Structure,44.64296567476923,-63.72348995195499
16180,BP-2021-01792,2021-03-02,400000,New Building,New Building,Completed,BEDFORD,District 16,1,3,Dwelling - Single Detached,44.720815494718074,-63.7152754025719
16181,BP-2021-01860,2021-03-04,15500,New Building,New Building,Expired,MIDDLE SACKVILLE,District 14,0,1,Accessory Structure,44.81241372404114,-63.74639613984614
16182,BP-2021-01875,2021-03-25,100000,Renovation,Renovation,Completed,BEDFORD,District 16,0,1,Commercial,44.7151366361282,-63.67177458310159
16183,BP-2021-01890,2021-02-22,400000,New Building,New Building,Completed,BEDFORD,District 16,1,2,Dwelling - Single Detached,44.70270021534866,-63.71422909756449
16184,BP-2021-01936,2021-03-10,728000,Renovation,Renovation,Completed,DARTMOUTH,District 06,0,1,Commercial,44.70155960394642,-63.58615744741252
16185,BP-2021-01963,2021-02-26,250000,Renovation,Renovation,Completed,HALIFAX,District 11,0,2,Commercial,44.612843183513334,-63.62010980416994
16186,BP-2021-01995,2021-03-05,21956.88,Renovation,Renovation,Completed,EASTERN PASSAGE,District 03,1,1,Dwelling - Multiple Units,44.602654959151835,-63.46859888630284
16187,BP-2021-02042,2021-03-11,180000,New Building,New Building,Completed,HERRING COVE,District 11,1,1,Dwelling - Single Detached,44.573762064859636,-63.572285154794585
16188,BP-2021-02079,,25000,New Building,New Building,Withdrawn,DARTMOUTH,District 06,0,1,Accessory Structure,44.67801980827204,-63.54305935674017
16189,BP-2021-02122,2021-03-03,85181,Renovation,Renovation,Expired,HALIFAX,District 12,0,2,Commercial,44.639560800174856,-63.669391681182084
16190,BP-2021-02142,2021-02-23,450000,New Building,New Building,Completed,BEDFORD,District 16,1,2,Dwelling - Single Detached,44.70292364311553,-63.7177323535899
16191,BP-2021-02164,2021-02-19,1800,Renovation,Renovation,Completed,HALIFAX,District 07,0,2,Dwelling - Single Detached,44.63930311228154,-63.59228786969668
16192,BP-2021-02196,2021-02-23,400000,New Building,New Building,Expired,DARTMOUTH,District 06,1,3,Dwelling - Single Detached,44.70547135081262,-63.55215685418767
16193,BP-2021-02239,2021-02-22,400000,New Building,New Building,Cancelled,DARTMOUTH,District 06,1,3,Dwelling - Single Detached,44.705651119291076,-63.55184005907384
16194,BP-2021-02311,2021-03-04,400000,New Building,New Building,Completed,HAMMONDS PLAINS,District 14,1,2,Dwelling - Single Detached,44.743608872028695,-63.77305928186893
16195,BP-2021-02348,2021-02-26,65500,Addition,Addition,Completed,UPPER HAMMONDS PLAINS,District 14,0,2,Dwelling - Single Detached,44.77133535118843,-63.85558941772084
16196,BP-2021-02423,2021-06-14,40000,New Building,New Building,Completed,EAST LAWRENCETOWN,District 02,0,1,Accessory Structure,44.65502149728695,-63.34133632211591
16197,BP-2021-02494,,70000,New Building,New Building,Withdrawn,HALIFAX,District 11,0,1,Industrial,44.63077748178264,-63.61489733756568
16198,BP-2021-02529,2021-09-29,1398100,New Building,New Building,Expired (Closed),,District 01,0,1,Industrial,44.92820922231222,-63.52599218940917
16199,BP-2021-02546,,8000000,New Building,New Building,Withdrawn,DARTMOUTH,District 03,41,6,Dwelling - Multiple Units,44.667197502359,-63.54738304948326
16200,BP-2021-02569,2021-02-23,440000,New Building,New Building,Completed,BEDFORD,District 16,1,2,Dwelling - Single Detached,44.70256256238442,-63.71297990366027
16201,BP-2021-02618,2021-03-04,225000,New Building,New Building,Completed,MIDDLE SACKVILLE,District 14,1,2,Dwelling - Single Detached,44.783586569199855,-63.733340801677386
16202,BP-2021-02647,2021-04-30,195000,New Building,New Building,Completed,COLLEGE LAKE,District 01,1,2,Dwelling - Seasonal,45.23009513841653,-62.79894502272757
16203,BP-2021-02685,2021-02-26,250000,New Building,New Building,Completed,MIDDLE SACKVILLE,District 14,1,3,Dwelling - Single Detached,44.780624496820444,-63.73522386120385
16204,BP-2021-02779,2021-07-05,80000,Renovation,Renovation,Completed,HALIFAX,District 07,0,4,Commercial,44.64279605050985,-63.57747429339378
16205,BP-2021-02825,2021-03-09,225000,New Building,New Building,Completed,MIDDLE SACKVILLE,District 14,1,2,Dwelling - Single Detached,44.78060159492933,-63.73629220816528
16206,BP-2021-02869,2023-07-13,590000,New Building,New Building,Expired,,District 08,2,3,Dwelling - Multiple Units,44.65654869446455,-63.591894620330685
16207,BP-2021-02888,2021-06-02,100000,Renovation,Renovation,Expired,HALIFAX,District 08,0,5,Commercial,44.653491773404276,-63.58571287065244
16208,BP-2021-02965,2021-05-11,15500,Renovation,Renovation,Completed,HALIFAX,District 09,1,2,Dwelling - Single Detached,44.64405908688244,-63.63581003289424
16209,BP-2021-02995,2021-09-09,9000000,New Building,New Building,Completed,LOWER SACKVILLE,District 15,60,5,Mixed Use - Residential & Other Use(s),44.76705591012046,-63.68226975975913
16210,BP-2021-03055,2021-03-19,550000,New Building,New Building,Completed,BEDFORD,District 16,1,3,Dwelling - Single Detached,44.700904852219665,-63.71242642732721
16211,BP-2021-03125,2021-03-17,10000,New Building,New Building,Completed,EAST JEDDORE,District 02,0,1,Accessory Structure,44.71568748946785,-62.99826268854289
16212,BP-2021-03140,2021-04-13,200000,New Building,New Building,Completed,TIMBERLEA,District 12,1,2,Dwelling - Single Detached,44.64185954777348,-63.72022719963026
16213,BP-2021-03254,2021-06-28,90000,New Building,New Building,Completed,WAVERLEY,District 01,1,1,Dwelling - Single Detached,44.78726951261765,-63.60715479559708
16214,BP-2021-03288,2021-04-07,350000,New Building,New Building,Completed,MIDDLE SACKVILLE,District 14,1,2,Dwelling - Single Detached,44.783104837052306,-63.745301355061706
16215,BP-2021-03314,,26000,Addition,Addition,Applicant Revisions,DARTMOUTH,District 05,0,1,Commercial,44.66855133436803,-63.565162707487154
16216,BP-2021-03347,2021-05-04,58000,Addition,Addition,Amendment Requested,HALIFAX,District 10,0,2,Dwelling - Single Detached,44.657108141955916,-63.63616690016003
16217,BP-2021-03375,2021-03-09,157600,New Building,New Building,Completed,DARTMOUTH,District 06,1,3,Dwelling - Single Detached,44.69787090696651,-63.53493903216453
16218,BP-2021-03398,2021-10-07,5000000,New Building,New Building,Expired,DARTMOUTH,District 05,42,8,Mixed Use - Residential & Other Use(s),44.667680275667514,-63.56262669495563
16219,BP-2021-03468,2021-11-18,200000,Addition,Addition,Expired (Closed),HALIFAX,District 11,1,2,Dwelling - Multiple Units,44.625360541348314,-63.60005512409371
16220,BP-2021-03539,2021-04-15,40000,Renovation,Renovation,Completed,MIDDLE SACKVILLE,District 14,0,1,Dwelling - Single Detached,44.80916763565299,-63.71044099839882
16221,BP-2021-03558,2021-03-18,50000,New Building,New Building,Completed,SMITHS SETTLEMENT,District 02,0,1,Accessory Structure,44.785038605809596,-63.100434876070175
16222,BP-2021-03604,2021-04-07,40000,New Building,New Building,Completed,UPPER TANTALLON,District 13,0,1,Accessory Structure,44.73160575452429,-63.89026965556205
16223,BP-2021-03633,2021-04-14,4500,Renovation,Renovation,Completed,HALIFAX,District 07,1,3,Dwelling - Multiple Units,44.6392145533444,-63.59503406534102
16224,BP-2021-03693,2021-05-20,295000,Renovation,Renovation,Completed,DARTMOUTH,District 06,0,1,Commercial,44.679693225846094,-63.53956048239289
16225,BP-2021-03751,2022-04-25,2000,Renovation,Renovation,Completed,HALIFAX,District 09,1,3,Dwelling - Multiple Units,44.64965047884482,-63.63011199558125
16226,BP-2021-03789,2021-03-16,530000,New Building,New Building,Completed,BEDFORD,District 16,1,2,Dwelling - Single Detached,44.703138559205996,-63.71677263881271
16227,BP-2021-03820,2021-06-14,48800,Renovation,Renovation,Completed,MUSQUODOBOIT HARBOUR,District 02,0,2,Dwelling - Multiple Units,44.78638481289316,-63.14713886277952
16228,BP-2021-03839,2021-04-01,400000,New Building,New Building,Completed,OAKFIELD,District 01,1,2,Dwelling - Single Detached,44.92265756488963,-63.56004287339014
16229,BP-2021-03883,2021-06-08,32000,Renovation,Renovation,Completed,DARTMOUTH,District 06,0,1,Commercial,44.71400426734713,-63.59438278126981
16230,BP-2021-03898,2021-12-22,138500,Addition,Addition,Expired,HALIFAX,District 08,1,2,Dwelling - Multiple Units,44.65537321449204,-63.61139444173671
16231,BP-2021-03913,2021-04-08,260000,New Building,New Building,Completed,TIMBERLEA,District 12,1,2,Dwelling - Single Detached,44.64147452557565,-63.720064860120296
16232,BP-2021-04016,2021-03-24,140000,New Building,New Building,Completed,MIDDLE SACKVILLE,District 14,1,2,Dwelling - Single Detached,44.79300930871592,-63.76688731851729
16233,BP-2021-04084,2021-06-10,13000,New Building,New Building,Completed,EAST PETPESWICK,District 02,0,1,Accessory Structure,44.72812944365369,-63.15618706495362
16234,BP-2021-04131,2021-12-22,15000,Renovation,Renovation,Completed,TIMBERLEA,District 12,0,1,Commercial,44.64688142215451,-63.71606752224993
16235,BP-2021-04173,2024-09-16,65000,New Building,New Building,Issued,MUSQUODOBOIT HARBOUR,District 02,0,1,Commercial,44.80980431888975,-63.19754941143794
16236,BP-2021-04230,2021-06-09,250000,New Building,New Building,Completed,HALIFAX,District 11,2,3,Dwelling - Semi-Detached,44.6010065029411,-63.60151620636814
16237,BP-2021-04268,,5000,New Building,New Building,Cancelled,HALIFAX,District 08,0,1,Accessory Structure,44.663680699977796,-63.6052872553426
16238,BP-2021-04300,2021-03-25,160000,New Building,New Building,Completed,TIMBERLEA,District 12,1,3,Dwelling - Single Detached,44.64032365683287,-63.722827599353295
16239,BP-2021-04340,2021-06-09,300000,Renovation,Renovation,Completed,DARTMOUTH,District 06,0,1,Commercial,44.720360975822715,-63.5818322544255
16240,BP-2021-04369,2021-05-10,61500,Addition,Addition,Expired,LAKE CHARLOTTE,District 02,0,3,Dwelling - Single Detached,44.773449411974084,-62.94351224039179
16241,BP-2021-04395,2021-04-13,160000,New Building,New Building,Completed,TIMBERLEA,District 12,1,3,Dwelling - Single Detached,44.64010790362396,-63.723373787967624
16242,BP-2021-04419,2021-04-09,300000,New Building,New Building,Completed,MINEVILLE,District 02,1,1,Dwelling - Single Detached,44.697740436403016,-63.377194843013754
16243,BP-2021-04461,2021-04-09,400000,New Building,New Building,Completed,WYSES CORNER,District 01,1,1,Dwelling - Single Detached,44.96068277485292,-63.29779161746385
16244,BP-2021-04479,2021-03-30,375000,New Building,New Building,Completed,MIDDLE SACKVILLE,District 14,1,2,Dwelling - Single Detached,44.78735393379536,-63.74275200344525
16245,BP-2021-04493,2021-06-10,121950.65,Renovation,Renovation,Completed,DARTMOUTH,District 06,0,1,Dwelling - Single Detached,44.679352097403715,-63.545355902809476
16246,BP-2021-04511,2021-04-01,725000,New Building,New Building,Completed,BEDFORD,District 16,1,3,Dwelling - Single Detached,44.705565895450725,-63.71026633508266
16247,BP-2021-04590,2021-04-06,6500,New Building,New Building,Expired,LAKE ECHO,District 02,0,1,Accessory Structure,44.736500574465346,-63.391404225430406
16248,BP-2021-04615,2021-12-29,100000,Addition,Addition,Expired,DARTMOUTH,District 06,0,1,Dwelling - Single Detached,44.697450279804144,-63.550621998844285
16249,BP-2021-04664,2021-04-13,15000,Renovation,Renovation,Completed,BEDFORD,District 16,-1,3,Dwelling - Townhouse,44.71317126034632,-63.678275402887074
16250,BP-2021-04683,2021-05-05,17000,Addition,Addition,Expired,MIDDLE SACKVILLE,District 14,0,2,Dwelling - Single Detached,44.792957039466195,-63.70735457912145
16251,BP-2021-04700,2021-03-29,400000,New Building,New Building,Completed,BROOKSIDE,District 13,1,1,Dwelling - Single Detached,44.55426726984752,-63.7100253647775
16252,BP-2021-04713,2021-06-02,540500,New Building,New Building,Completed,DARTMOUTH,District 06,1,1,Dwelling - Single Detached,44.69531305954721,-63.54886899475381
16253,BP-2021-04785,2021-05-21,25000,New Building,New Building,Completed,COLE HARBOUR,District 04,0,1,Accessory Structure,44.67437416362578,-63.48390271074856
16254,BP-2021-04804,,500000,New Building,New Building,Application Incomplete,HALIFAX,District 16,1,2,Dwelling - Single Detached,44.695323754247134,-63.678938099899284
16255,BP-2021-04820,2021-04-19,200000,New Building,New Building,Completed,GLEN HAVEN,District 13,1,2,Dwelling - Single Detached,44.63399770331372,-63.89548727566049
16256,BP-2021-04850,2021-04-19,500000,New Building,New Building,Completed,TIMBERLEA,District 12,1,2,Dwelling - Single Detached,44.64129169867872,-63.72082285924184
16257,BP-2021-04882,2021-05-20,50000,Renovation,Renovation,Expired,HALIFAX,District 07,0,6,Mixed Use - Residential & Other Use(s),44.64437543826798,-63.56958909112941
16258,BP-2021-04932,2021-04-13,12000,New Building,New Building,Completed,TIMBERLEA,District 12,0,1,Accessory Structure,44.647291984417066,-63.71458197853286
16259,BP-2021-04960,2021-04-09,180000,New Building,New Building,Completed,MIDDLE SACKVILLE,District 14,1,3,Dwelling - Single Detached,44.79208175750106,-63.767448153253994
16260,BP-2021-05003,2021-06-29,70628,Renovation,Renovation,Completed,GOFFS,District 01,0,4,Commercial,44.886560015262745,-63.51491466538
16261,BP-2021-05042,2021-05-19,140000,New Building,New Building,Completed,BEAVER BANK,District 15,1,1,Dwelling - Single Detached,44.84640451933718,-63.67727617779138
16262,BP-2021-05094,2021-05-03,300000,New Building,New Building,Completed,EASTERN PASSAGE,District 03,1,2,Dwelling - Single Detached,44.61794022218481,-63.46435976053265
16263,BP-2021-05118,2021-04-20,300000,New Building,New Building,Completed,HALIFAX,District 08,1,3,Dwelling - Single Detached,44.66456772095575,-63.61067421964184
16264,BP-2021-05225,2021-06-07,158800,Renovation,Renovation,Expired,BEDFORD,District 16,0,2,Dwelling - Single Detached,44.7251510228301,-63.65743615737052
16265,BP-2021-05298,2021-05-11,220000,New Building,New Building,Completed,LAWRENCETOWN,District 02,1,2,Dwelling - Single Detached,44.692184041251075,-63.42349333719017
16266,BP-2021-05363,2022-06-16,275000,New Building,New Building,Completed,HALIFAX,District 08,1,3,Dwelling - Single Detached,44.652435100364166,-63.59019316078606
16267,BP-2021-05428,2021-06-03,440000,New Building,New Building,Completed,MYERS POINT,District 02,1,1,Dwelling - Single Detached,44.764489130312846,-63.04652641905781
16268,BP-2021-05466,2021-10-25,46000,Renovation,Renovation,Completed,HALIFAX,District 08,0,1,Accessory Structure,44.66183435258721,-63.606377397274485
16269,BP-2021-05568,2021-09-14,1326650,New Building,New Building,Completed,BEDFORD,District 16,0,2,Commercial,44.708166275810235,-63.71056815854703
16270,BP-2021-05590,2021-06-29,300000,New Building,New Building,Completed,HALIFAX,District 11,4,2,Dwelling - Semi-Detached,44.59840344687359,-63.60394561042918
16271,BP-2021-05677,2021-04-16,125000,Renovation,Renovation,Completed,DARTMOUTH,District 06,0,2,Commercial,44.70950973154887,-63.576821911067334
16272,BP-2021-05712,2021-04-20,250000,New Building,New Building,Completed,MIDDLE SACKVILLE,District 14,1,3,Dwelling - Single Detached,44.79480832467179,-63.7478890606493
16273,BP-2021-05743,2021-07-15,250000,Renovation,Renovation,Expired (Closed),HALIFAX,District 10,0,3,Dwelling - Multiple Units,44.65262577751536,-63.63111586605286
16274,BP-2021-05791,2021-09-14,1326650,New Building,New Building,Expired,BEDFORD,District 16,0,2,Commercial,44.70917405303273,-63.71002419717636
16275,BP-2021-05870,2022-09-15,26000,Renovation,Renovation,Completed,HALIFAX,District 08,1,2,Dwelling - Multiple Units,44.6704742896802,-63.60708082668109
16276,BP-2021-05923,2021-04-23,500000,New Building,New Building,Completed,TIMBERLEA,District 12,1,3,Dwelling - Single Detached,44.64117514246321,-63.721050699426804
16277,BP-2021-05984,2021-08-13,90000,New Building,New Building,Completed,LOWER SACKVILLE,District 15,0,1,Accessory Structure,44.772011866316035,-63.63718039611281
16278,BP-2021-06000,2021-04-30,20000,New Building,New Building,Completed,HAMMONDS PLAINS,District 14,0,1,Accessory Structure,44.75623373478331,-63.79067762028716
16279,BP-2021-06009,2022-08-24,340000,Renovation,Renovation,Completed,WESTPHAL,District 04,0,3,Commercial,44.70182745901364,-63.47131238385773
16280,BP-2021-06032,,7000,New Building,New Building,Withdrawn,HALIFAX,District 16,0,1,Accessory Structure,44.695962778482894,-63.67405590625761
16281,BP-2021-06062,2021-06-22,54000,Addition,Addition,Expired,WAVERLEY,District 01,0,2,Dwelling - Single Detached,44.78523349643808,-63.60324328341787
16282,BP-2021-06101,,35000,Renovation,Renovation,Withdrawn,HALIFAX,District 08,1,1,Dwelling - Multiple Units,44.66721740145169,-63.610206610828364
16283,BP-2021-06124,2021-05-04,300000,New Building,New Building,Expired,HALIFAX,District 11,2,3,Dwelling - Semi-Detached,44.59664419104842,-63.60149796422731
16284,BP-2021-06164,2021-04-27,200000,New Building,New Building,Completed,MIDDLE SACKVILLE,District 14,1,2,Dwelling - Single Detached,44.793265350153995,-63.745245514465324
16285,BP-2021-06196,2022-01-27,300000,Addition,Addition,Expired (Closed),HALIFAX,District 09,0,3,Dwelling - Multiple Units,44.642755006970965,-63.60317343182908
16286,BP-2021-06232,,23000,Renovation,Renovation,Applicant Revisions,HALIFAX,District 09,1,2,Dwelling - Multiple Units,44.64891557232362,-63.6011458021787
16287,BP-2021-06251,2021-06-15,58000,Renovation,Renovation,Completed,HALIFAX,District 16,0,2,Commercial,44.69724470080895,-63.66149177862704
16288,BP-2021-06261,2021-06-30,600000,New Building,New Building,Completed,BROOKSIDE,District 13,2,2,Dwelling - Multiple Units,44.55071452362802,-63.70825489932401
16289,BP-2021-06285,2021-04-27,52650,Renovation,Renovation,Completed,TANTALLON,District 13,0,1,Dwelling - Single Detached,44.64875017307609,-63.896965369896805
16290,BP-2021-06339,2021-05-06,174000,Renovation,Renovation,Expired,HALIFAX,District 09,0,1,Dwelling - Single Detached,44.64168185831245,-63.637646385649525
16291,BP-2021-06372,2021-05-06,550000,New Building,New Building,Completed,COLE HARBOUR,District 04,1,1,Dwelling - Single Detached,44.646566697167216,-63.46637823567373
16292,BP-2021-06445,2021-11-29,24000,Renovation,Renovation,Issued,HALIFAX,District 11,0,1,Dwelling - Single Detached,44.60942132360862,-63.616976238726835
16293,BP-2021-06490,2021-06-29,7500,Renovation,Renovation,Completed,HALIFAX,District 12,1,1,Dwelling - Single Detached,44.67406547285113,-63.666126397776445
16294,BP-2021-06511,2021-05-06,450000,New Building,New Building,Completed,PORTERS LAKE,District 02,1,2,Dwelling - Single Detached,44.75269754070494,-63.337596983263964
16295,BP-2021-06580,,75000,Renovation,Renovation,Withdrawn,HALIFAX,District 09,1,2,Dwelling - Single Detached,44.65062795457221,-63.62781981582263
16296,BP-2021-06605,2021-05-28,200000,New Building,New Building,Expired,KETCH HARBOUR,District 11,1,1,Dwelling - Single Detached,44.48201106643132,-63.540739617868496
16297,BP-2021-06620,2021-06-03,1100,Renovation,Renovation,Completed,INGRAMPORT,District 13,1,1,Dwelling - Single Detached,44.66516286533619,-63.96835149491501
16298,BP-2021-06682,2021-05-05,450000,New Building,New Building,Completed,EASTERN PASSAGE,District 03,1,1,Dwelling - Single Detached,44.619489732180824,-63.4593240621598
16299,BP-2021-06729,2021-05-06,200000,New Building,New Building,Completed,MIDDLE SACKVILLE,District 14,1,2,Dwelling - Single Detached,44.79374147873546,-63.7483435453111
16300,BP-2021-06793,2021-07-15,440000,New Building,New Building,Expired,EASTERN PASSAGE,District 03,4,2,Dwelling - Semi-Detached,44.615324191554485,-63.46709315785258
16301,BP-2021-06804,2021-05-07,50406,Renovation,Renovation,Completed,HALIFAX,District 09,0,2,Dwelling - Single Detached,44.64064717983954,-63.62123675301043
16302,BP-2021-06840,,52500,New Building,New Building,Withdrawn,DARTMOUTH,District 05,0,1,Accessory Structure,44.680254506308444,-63.59124256954822
16303,BP-2021-06882,2021-08-03,490000,New Building,New Building,Completed,MIDDLE SACKVILLE,District 14,1,1,Dwelling - Single Detached,44.78661682225299,-63.75892453266127
16304,BP-2021-06930,2021-05-20,350000,New Building,New Building,Completed,LUCASVILLE,District 14,1,1,Dwelling - Single Detached,44.75949699719265,-63.740360393988006
16305,BP-2021-06959,2022-01-21,84000,Addition,Addition,Completed,BEDFORD,District 16,1,2,Mixed Use - Residential & Other Use(s),44.72854373059268,-63.664090028813305
16306,BP-2021-07002,2021-06-21,440000,New Building,New Building,Expired,EASTERN PASSAGE,District 03,4,2,Dwelling - Semi-Detached,44.61520419083185,-63.46683688056002
16307,BP-2021-07024,2021-05-12,775000,New Building,New Building,Completed,BEDFORD,District 16,1,3,Dwelling - Single Detached,44.702639409594134,-63.71656114548335
16308,BP-2021-07047,,8000,Renovation,Renovation,Withdrawn,BEDFORD,District 16,1,1,Dwelling - Multiple Units,44.72022634913702,-63.67980848481953
16309,BP-2021-07087,2021-05-27,79203.79,Renovation,Renovation,Completed,DARTMOUTH,District 06,0,3,Dwelling - Single Detached,44.70783683896915,-63.55279055701396
16310,BP-2021-07131,2021-06-08,250000,New Building,New Building,Completed,LOWER SACKVILLE,District 15,1,2,Dwelling - Single Detached,44.764633251590396,-63.69011137618223
16311,BP-2021-07203,2021-06-03,45000,Renovation,Renovation,Completed,,District 05,0,8,Commercial,44.66488893187844,-63.566426907141995
16312,BP-2021-07219,2021-06-11,185000,Renovation,Renovation,Completed,HALIFAX,District 07,0,6,Institutional and Governmental,44.64236101077217,-63.57330589147405
16313,BP-2021-07262,2021-05-18,50000,New Building,New Building,Expired,PORTERS LAKE,District 02,0,1,Accessory Structure,44.73608380967844,-63.30840692206228
16314,BP-2021-07274,,60000,New Building,New Building,Withdrawn,DARTMOUTH,District 05,1,1,Dwelling - Single Detached,44.65790481254559,-63.55283550707802
16315,BP-2021-07298,2021-05-10,180000,New Building,New Building,Completed,LUCASVILLE,District 14,1,3,Dwelling - Single Detached,44.770271812918146,-63.708751722493
16316,BP-2021-07355,2021-05-18,400000,New Building,New Building,Completed,UPPER SACKVILLE,District 14,1,2,Dwelling - Single Detached,44.83817098034884,-63.78984644270399
16317,BP-2021-07395,2021-05-18,450000,New Building,New Building,Completed,UPPER TANTALLON,District 13,1,2,Dwelling - Single Detached,44.70405986714122,-63.887004007847615
16318,BP-2021-07415,,15000,New Building,New Building,Application Incomplete,HALIFAX,District 12,0,1,Accessory Structure,44.67482125858048,-63.664874951928304
16319,BP-2021-07447,2023-03-24,170000,New Building,New Building,Amendment Applicant Revisions,SEABRIGHT,District 13,1,2,Dwelling - Single Detached,44.59406009417526,-63.920480300429645
16320,BP-2021-07525,2022-01-06,40000,Renovation,Renovation,Completed,HALIFAX,District 10,1,3,Dwelling - Multiple Units,44.65905917787247,-63.63604003871094
16321,BP-2021-07564,2021-05-28,23000,New Building,New Building,Completed,DARTMOUTH,District 03,0,1,Accessory Structure,44.657400676812166,-63.5092838758989
16322,BP-2021-07598,2022-07-13,35000,New Building,New Building,Withdrawn,EAST CHEZZETCOOK,District 02,0,1,Commercial,44.746914555238256,-63.22898936883067
16323,BP-2021-07621,,25000,Renovation,Renovation,Applicant Revisions,DARTMOUTH,District 06,0,1,Commercial,44.714784342362634,-63.59930938767651
16324,BP-2021-07646,2021-07-15,6700,Renovation,Renovation,Completed,DARTMOUTH,District 03,0,2,Industrial,44.654112448008945,-63.54152580023111
16325,BP-2021-07716,,20000,Renovation,Renovation,Applicant Revisions,HALIFAX,District 12,1,2,Dwelling - Multiple Units,44.67557712802928,-63.67514244892889
16326,BP-2021-07769,2021-08-24,21000,Renovation,Renovation,Completed,HALIFAX,District 08,0,4,Commercial,44.65301630700389,-63.597780425646086
16327,BP-2021-07839,2021-07-22,433500,New Building,New Building,Issued,HALIFAX,District 11,2,2,Dwelling - Single Detached,44.62049029249608,-63.57923212636686
16328,BP-2021-07898,2021-06-09,240000,New Building,New Building,Completed,HALIFAX,District 11,1,2,Dwelling - Single Detached,44.60664214621726,-63.60086768814366
16329,BP-2021-07939,,250000,New Building,New Building,Cancelled,,District 16,0,1,Accessory Structure,44.720831350846126,-63.6698724948489
16330,BP-2021-07971,2022-11-17,26000,Addition,Addition,Expired,HALIFAX,District 11,0,2,Dwelling - Single Detached,44.632250065614414,-63.62473865059222
16331,BP-2021-07997,2021-11-04,510000,New Building,New Building,Completed,HERRING COVE,District 11,1,2,Dwelling - Single Detached,44.580357750430714,-63.57498150665076
16332,BP-2021-08020,2021-12-02,18000000,New Building,New Building,Completed,HALIFAX,District 09,128,7,Dwelling - Multiple Units,44.64948558175645,-63.60271634031852
16333,BP-2021-08095,2021-06-02,135500,Renovation,Renovation,Expired,HALIFAX,District 07,0,2,Dwelling - Single Detached,44.62969010945182,-63.5882003832769
16334,BP-2021-08128,2021-06-11,275000,New Building,New Building,Completed,EAST CHEZZETCOOK,District 02,1,1,Dwelling - Single Detached,44.723791824346705,-63.23195466702827
16335,BP-2021-08236,2021-08-17,3605,Renovation,Renovation,Completed,WAVERLEY,District 01,0,2,Commercial,44.78300658090951,-63.5984411325504
16336,BP-2021-08290,2021-05-21,24000,New Building,New Building,Completed,BEAVER BANK,District 15,0,1,Accessory Structure,44.83384751247358,-63.66154460888355
16337,BP-2021-08324,2022-01-21,13440000,New Building,New Building,Completed,HALIFAX,District 08,84,7,Dwelling - Multiple Units,44.65560901381264,-63.592184988970196
16338,BP-2021-08406,2021-06-15,6000,Renovation,Renovation,Completed,HALIFAX,District 09,0,1,Dwelling - Single Detached,44.654866943271834,-63.618688173240194
16339,BP-2021-08433,2021-07-22,70000,Renovation,Renovation,Completed,HALIFAX,District 16,0,1,Commercial,44.697803424430184,-63.685652505077236
16340,BP-2021-08470,2021-08-20,60000,Renovation,Renovation,Completed,HALIFAX,District 07,0,5,Commercial,44.6463254422597,-63.57597536276829
16341,BP-2021-08499,,65000,Addition,Addition,Withdrawn,BAYSIDE,District 13,0,2,Dwelling - Single Detached,44.540532797321355,-63.79202149795325
16342,BP-2021-08536,2021-05-14,600000,New Building,New Building,Expired,HALIFAX,District 07,1,2,Dwelling - Single Detached,44.6293964232379,-63.58210254049885
16343,BP-2021-08579,2021-09-16,14951260,New Building,New Building,Completed,LOWER SACKVILLE,District 15,0,3,Industrial,44.75442467056316,-63.65286933952428
16344,BP-2021-08635,2021-06-28,25000,New Building,New Building,Expired,WELLINGTON,District 01,0,1,Accessory Structure,44.85348251856422,-63.611532098451896
16345,BP-2021-08688,2021-06-11,330000,New Building,New Building,Completed,ENFIELD,District 01,1,1,Dwelling - Single Detached,44.913465350395406,-63.55485138732868
16346,BP-2021-08759,2021-07-05,435000,New Building,New Building,Completed,LUCASVILLE,District 14,1,2,Dwelling - Single Detached,44.7672598753616,-63.71554017977755
16347,BP-2021-08848,2021-06-29,750000,New Building,New Building,Completed,LEWIS LAKE,District 13,1,3,Dwelling - Single Detached,44.67625524216933,-63.83457369361758
16348,BP-2021-08878,,50000,Renovation,Renovation,Applicant Revisions,DARTMOUTH,District 06,1,1,Dwelling - Backyard Suite,44.72886376770385,-63.546691117691765
16349,BP-2021-08933,2021-06-30,500000,New Building,New Building,Completed,HUBLEY,District 13,1,1,Dwelling - Single Detached,44.66286912115718,-63.81131096340157
16350,BP-2021-08980,2021-07-08,1100000,Renovation,Renovation,Completed,DARTMOUTH,District 06,0,1,Commercial,44.72295043364461,-63.577341275332664
16351,BP-2021-09037,2021-08-13,165000,Addition,Addition,Expired,HALIFAX,District 09,0,2,Dwelling - Single Detached,44.64935380743402,-63.608486553433046
16352,BP-2021-09108,2022-04-29,38300000,New Building,New Building,Issued,HALIFAX,District 08,226,26,Mixed Use - Residential & Other Use(s),44.647294209007,-63.591483163516465
16353,BP-2021-09151,2021-05-26,435000,New Building,New Building,Completed,TANTALLON,District 13,1,1,Dwelling - Single Detached,44.64915993985985,-63.896175661716455
16354,BP-2021-09186,2023-10-26,17286648,New Building,New Building,Issued,DARTMOUTH,District 05,103,12,Dwelling - Multiple Units,44.672691681840114,-63.59162368835915
16355,BP-2021-09199,2021-06-17,150000,New Building,New Building,Expired (Closed),HAMMONDS PLAINS,District 14,1,2,Dwelling - Single Detached,44.73419053566427,-63.804148618846
16356,BP-2021-09220,2021-06-25,15000,Renovation,Renovation,Completed,BEDFORD,District 16,1,1,Dwelling - Multiple Units,44.70919312222864,-63.66956967887255
16357,BP-2021-09263,,30000,New Building,New Building,Application Incomplete,BEAVER BANK,District 15,0,1,Accessory Structure,44.83413604161656,-63.65768606898171
16358,BP-2021-09319,2021-11-04,1200000,New Building,New Building,Completed,BEDFORD,District 16,6,1,Dwelling - Townhouse,44.74313498831052,-63.65448291626785
16359,BP-2021-09344,2021-09-02,30000,Renovation,Renovation,Expired (Closed),FALL RIVER,District 01,0,1,Commercial,44.818383751207776,-63.61028050309607
16360,BP-2021-09382,2021-07-15,52500,Renovation,Renovation,Completed,HALIFAX,District 12,0,1,Commercial,44.65927341803558,-63.670558455007765
16361,BP-2021-09416,2021-08-06,100000,Renovation,Renovation,Completed,HALIFAX,District 07,0,21,Commercial,44.64440616602548,-63.57214898917251
16362,BP-2021-09453,2024-07-16,23800000,New Building,New Building,Amendment Applicant Revisions,HALIFAX,District 08,142,9,Dwelling - Multiple Units,44.661072867114896,-63.61596741731837
16363,BP-2021-09461,2021-07-16,40000,Renovation,Renovation,Completed,DARTMOUTH,District 03,1,2,Dwelling - Multiple Units,44.63802988086067,-63.52332513181428
16364,BP-2021-09509,2021-08-06,70000,Renovation,Renovation,Issued,BEDFORD,District 16,0,1,Commercial,44.696047105383656,-63.689574004280416
16365,BP-2021-09532,,375000,New Building,New Building,Applicant Revisions,HALIFAX,District 11,4,2,Dwelling - Multiple Units,44.62158649709105,-63.62103129767926
16366,BP-2021-09638,2021-06-17,340000,New Building,New Building,Completed,FALL RIVER,District 01,1,1,Dwelling - Single Detached,44.81442961214769,-63.62960859851052
16367,BP-2021-09703,2021-07-09,350000,New Building,New Building,Completed,BEDFORD,District 16,1,2,Dwelling - Single Detached,44.70118216182328,-63.71435227352424
16368,BP-2021-09723,2021-09-09,12000,Renovation,Renovation,Completed,HALIFAX,District 09,-1,2,Mixed Use - Residential & Other Use(s),44.64177967933298,-63.609704961634336
16369,BP-2021-09774,,19950000,New Building,New Building,Withdrawn,HALIFAX,District 08,0,11,Commercial,44.65938322100367,-63.596387624036076
16370,BP-2021-09813,,40000,Addition,Addition,Withdrawn,HALIFAX,District 08,0,2,Dwelling - Semi-Detached,44.65072677962584,-63.58408865925818
16371,BP-2021-09872,2021-07-28,440000,New Building,New Building,Completed,PORTERS LAKE,District 02,1,1,Dwelling - Single Detached,44.78111262683979,-63.360104308600306
16372,BP-2021-09949,2021-06-17,22000,New Building,New Building,Expired,FALL RIVER,District 01,0,1,Accessory Structure,44.832107400474094,-63.58989283024298
16373,BP-2021-09990,,25000,Renovation,Renovation,Applicant Revisions,HALIFAX,District 12,0,1,Commercial,44.654619308948014,-63.67723203378542
16374,BP-2021-10025,2021-11-22,800000,New Building,New Building,Completed,BEDFORD,District 16,4,2,Dwelling - Townhouse,44.74374644202427,-63.655087064261934
16375,BP-2021-10091,,13838000,New Building,New Building,Withdrawn,DARTMOUTH,District 03,60,6,Mixed Use - Residential & Other Use(s),44.66730899734973,-63.549911756867814
16376,BP-2021-10203,2021-06-17,35000,New Building,New Building,Expired (Closed),EAST CHEZZETCOOK,District 02,0,1,Accessory Structure,44.721118590716635,-63.23021045838022
16377,BP-2021-10263,2021-06-29,300000,New Building,New Building,Completed,TIMBERLEA,District 12,1,2,Dwelling - Single Detached,44.6408583499537,-63.72286577677565
16378,BP-2021-10291,2021-10-07,600000,New Building,New Building,Expired,BEDFORD,District 16,4,1,Dwelling - Townhouse,44.70666555294793,-63.71495102668806
16379,BPCOM-2021-10633,2021-10-15,550000,Renovation,Renovation,Completed,HALIFAX,District 07,0,10,Commercial,44.648174386147936,-63.57125082515577
16380,BPCOM-2021-10937,2021-09-01,850000,Renovation,Renovation,Completed,HALIFAX,District 09,0,1,Commercial,44.647124719777366,-63.619414351112646
16381,BPCOM-2021-11063,2021-10-20,2350000,Renovation,Renovation,Expired,DARTMOUTH,District 05,0,2,Commercial,44.68892415101919,-63.590022075020656
16382,BPCOM-2021-11137,2021-11-29,1500000,Renovation,Renovation,Completed,DARTMOUTH,District 06,0,3,Commercial,44.70085014059161,-63.6062131800168
16383,BPCOM-2021-11350,2021-09-28,7000000,Addition,Addition,Completed,BEDFORD,District 16,0,3,Commercial,44.74733866504509,-63.62921194241388
16384,BPCOM-2021-11577,2021-09-13,115000,Renovation,Renovation,Completed,HALIFAX,District 10,0,4,Commercial,44.674183266954365,-63.64694974411197
16385,BPCOM-2021-11785,2021-11-02,2591000,Addition,Addition,Expired,HALIFAX,District 11,0,1,Industrial,44.62063118137107,-63.60499300875577
16386,BPCOM-2021-12080,2021-08-24,1700000,Renovation,Renovation,Completed,HALIFAX,District 07,0,22,Commercial,44.652649421307245,-63.57452150316824
16387,BPCOM-2021-12367,2024-07-03,185000,Renovation,Renovation,Completed,DARTMOUTH,District 06,0,1,Commercial,44.716415538060204,-63.56003919723857
16388,BPCOM-2021-12540,2021-10-18,1203000,New Building,New Building,Completed,BEECHVILLE,Unidentified,0,1,Commercial,44.640748459209114,-63.67774400626767
16389,BPCOM-2021-12935,2021-09-23,500000,Renovation,Renovation,Expired,HALIFAX,District 12,0,1,Commercial,44.658382551939916,-63.67069661073646
16390,BPCOM-2021-13149,2021-11-12,5000000,New Building,New Building,Completed,DARTMOUTH,District 06,0,1,Commercial,44.72199741556242,-63.56275852475654
16391,BPCOM-2021-13229,2021-09-16,50000,Renovation,Renovation,Completed,DARTMOUTH,District 06,0,2,Commercial,44.711079005697826,-63.60332718540767
16392,BPCOM-2021-13548,2021-08-25,35000,Renovation,Renovation,Expired,HALIFAX,District 08,0,2,Commercial,44.662179929808275,-63.6195911412936
16393,BPCOM-2021-13781,2021-09-21,32000,Renovation,Renovation,Expired,HALIFAX,District 09,0,3,Commercial,44.649368575944415,-63.61874247106554
16394,BPCOM-2021-14013,2021-10-04,67000,Renovation,Renovation,Expired (Closed),HALIFAX,District 11,0,1,Commercial,44.613391347059256,-63.61778570326462
16395,BPCOM-2021-14433,2021-09-23,544863,Renovation,Renovation,Expired (Closed),HALIFAX,District 09,0,10,Commercial,44.64386901012016,-63.623099234855225
16396,BPCOM-2021-14611,2021-09-24,222000,Addition,Addition,Completed,HERRING COVE,District 11,0,1,Commercial,44.56182281742388,-63.5614401687101
16397,BPCOM-2021-14795,2023-08-03,9331109,New Building,New Building,Issued,HALIFAX,District 08,105,10,Commercial,44.66003167963594,-63.5967625375812
16398,BPCOM-2021-15020,2021-12-15,1993197,New Building,New Building,Completed,LOWER SACKVILLE,District 15,0,1,Commercial,44.760076016958614,-63.65147025176924
16399,BPCOM-2021-15140,2021-10-25,30000,Renovation,Renovation,Completed,DARTMOUTH,District 06,0,3,Commercial,44.698054425299425,-63.581808331756406
16400,BPCOM-2021-15235,2022-05-06,150000,Addition,Addition,Cancelled,HALIFAX,District 08,0,3,Mixed Use - Residential & Other Use(s),44.65361755315686,-63.590812237354456
16401,BPCOM-2021-15542,2022-01-17,155500,New Building,New Building,Expired (Closed),PORTERS LAKE,District 02,0,2,Agriculture,44.72106836293253,-63.30817548306435
16402,BPCOM-2021-15914,2021-11-23,250000,Renovation,Renovation,Expired (Closed),HALIFAX,District 07,0,11,Dwelling - Multiple Units,44.64125450794213,-63.58475961966785
16403,BPCOM-2021-16089,2021-11-22,32500,Renovation,Renovation,Completed,DARTMOUTH,District 06,0,1,Commercial,44.70000442924616,-63.58598877774229
16404,BPCOM-2021-16292,,100000,Renovation,Renovation,Applicant Revisions,,Unidentified,0,23,Mixed Use - Residential & Other Use(s),,
16405,BPCOM-2021-16537,2022-02-01,205000,Addition,Addition,Expired,INDIAN HARBOUR,District 13,0,2,Commercial,44.520387960849604,-63.937604898177085
16406,BPCOM-2021-16916,2021-12-23,2000,Renovation,Renovation,Completed,DARTMOUTH,District 05,1,5,Mixed Use - Residential & Other Use(s),44.66589264267182,-63.570329317175656
16407,BPCOM-2021-17166,2021-12-01,300000,New Building,New Building,Expired,TIMBERLEA,District 12,0,1,Commercial,44.63691746521457,-63.715025673237285
16408,BPCOM-2021-17484,2021-12-08,4500,Renovation,Renovation,Expired (Closed),BEDFORD,District 14,0,1,Commercial,44.71250539006295,-63.71813942062066
16409,BPCOM-2021-17698,2021-11-30,75000,Renovation,Renovation,Completed,HALIFAX,District 08,0,12,Commercial,44.65190753286794,-63.57871415622769
16410,BPCOM-2021-18142,2022-06-24,30000,Renovation,Renovation,Expired,DARTMOUTH,District 06,0,6,Commercial,44.681195077046226,-63.538413699980595
16411,BPCOM-2021-18300,2021-12-20,25000,Renovation,Renovation,Expired (Closed),DARTMOUTH,District 03,0,2,Commercial,44.669268796222816,-63.50724722977211
16412,BPCOM-2021-18475,2022-10-05,21464000,New Building,New Building,Amendment Review,DARTMOUTH,District 05,117,9,Mixed Use - Residential & Other Use(s),44.67153041391625,-63.5813558280057
16413,BPCOM-2021-18886,2022-01-24,500000,Renovation,Renovation,Completed,BEDFORD,District 16,0,2,Commercial,44.70828592460972,-63.66570184412501
16414,BPCOM-2021-19110,2021-12-06,580000,Renovation,Renovation,Expired,DARTMOUTH,District 06,0,2,Commercial,44.69209565480768,-63.59954991470839
16415,BPCOM-2021-19252,2021-12-13,510000,Renovation,Renovation,Completed,HALIFAX,District 07,0,19,Dwelling - Multiple Units,44.641286660051904,-63.581142538095335
16416,BPCOM-2021-19326,2022-01-17,67625,Renovation,Renovation,Completed,DARTMOUTH,District 06,0,1,Commercial,44.69949206599001,-63.58724856417084
16417,BPCOM-2021-19401,2022-01-14,100000,Renovation,Renovation,Completed,BEECHVILLE,District 12,0,1,Commercial,44.64563612728162,-63.67296526290348
16418,BPCOM-2021-19584,2022-03-02,366000,Renovation,Renovation,Completed,HALIFAX,District 12,0,2,Institutional and Governmental,44.659599010760246,-63.664351713023834
16419,BPCOM-2021-19732,2022-06-24,19500000,New Building,New Building,Issued,LOWER SACKVILLE,District 15,125,7,Dwelling - Multiple Units,44.7694601177433,-63.694170609634504
16420,BPCOM-2021-19903,2022-01-13,800000,Renovation,Renovation,Completed,DARTMOUTH,District 05,0,1,Commercial,44.680959347995376,-63.54890318407514
16421,BPCOM-2021-20068,2021-12-29,11500,New Building,New Building,Completed,HALIFAX,District 08,0,1,Accessory Structure,44.65401420377231,-63.582829025983926
16422,BPCOM-2021-20231,2022-02-01,314500,Renovation,Renovation,Completed,DARTMOUTH,District 03,0,2,Commercial,44.67058422584287,-63.525608149775046
16423,BPCOM-2021-20331,2022-07-21,11500000,New Building,New Building,Completed,DARTMOUTH,District 06,64,5,Dwelling - Multiple Units,44.690745692354646,-63.53191239954584
16424,BPCOM-2022-00152,2022-01-17,500,Renovation,Renovation,Completed,HALIFAX,District 09,0,1,Commercial,44.65755165372624,-63.627378066618384
16425,BPCOM-2022-00306,2022-01-24,86000,Renovation,Renovation,Completed,BEDFORD,District 16,0,1,Commercial,44.73635846691734,-63.65696658156799
16426,BPCOM-2022-00460,2022-03-24,23400,New Building,New Building,Expired,DARTMOUTH,District 05,0,1,Accessory Structure,44.667881740366404,-63.56814058668562
16427,BPCOM-2022-00680,2022-02-14,65776.75,Renovation,Renovation,Expired,HALIFAX,District 07,0,5,Dwelling - Multiple Units,44.63442953358501,-63.57901215993974
16428,BPCOM-2022-00853,2022-02-23,60000,Renovation,Renovation,Expired (Closed),DARTMOUTH,District 06,0,3,Commercial,44.70584325220681,-63.58831887296555
16429,BPCOM-2022-01143,2022-05-17,127190,Renovation,Renovation,Completed,DARTMOUTH,District 03,0,1,Commercial,44.64832207726064,-63.54594810034494
16430,BPCOM-2022-01286,2022-02-17,46000,Renovation,Renovation,Expired (Closed),UPPER TANTALLON,District 13,0,2,Institutional and Governmental,44.706845068322224,-63.8579775402199
16431,BPCOM-2022-01547,2022-03-17,85000,Renovation,Renovation,Completed,HALIFAX,District 07,0,16,Commercial,44.646610284668,-63.572822348536036
16432,BPCOM-2022-01638,2022-06-15,9269750,New Building,New Building,Completed,DARTMOUTH,District 06,44,6,Dwelling - Multiple Units,44.6980683913267,-63.5471163493985
16433,BPCOM-2022-01958,2022-04-06,13650271,New Building,New Building,Completed,BEECHVILLE,District 13,0,2,Commercial,44.62998531590771,-63.66744433693332
16434,BPCOM-2022-02051,2022-04-07,271000,Renovation,Renovation,Expired (Closed),HALIFAX,District 07,0,12,Dwelling - Multiple Units,44.63752562049782,-63.57924809260707
16435,BPCOM-2022-02087,2022-03-15,95000,Renovation,Renovation,Completed,BEDFORD,District 16,0,1,Commercial,44.696047105383656,-63.689574004280416
16436,BPCOM-2022-02310,2022-03-15,200000,Renovation,Renovation,Completed,HALIFAX,District 07,0,2,Commercial,44.64302898652359,-63.578680787340815
16437,BPCOM-2022-02470,2022-03-29,550000,Renovation,Renovation,Completed,TIMBERLEA,District 12,0,1,Commercial,44.63691746521457,-63.715025673237285
16438,BPCOM-2022-02658,2022-05-05,25000,Renovation,Renovation,Completed,DARTMOUTH,District 05,0,1,Commercial,44.668147692613935,-63.566099882752106
16439,BPCOM-2022-02926,2022-04-12,103135,Renovation,Renovation,Completed,HALIFAX,District 07,0,2,Commercial,44.6442663470916,-63.57844436171462
16440,BPCOM-2022-03113,2022-04-13,1000000,Renovation,Renovation,Expired (Closed),HALIFAX,District 07,0,24,Institutional and Governmental,44.63040598719265,-63.58017282350806
16441,BPCOM-2022-03337,2022-04-12,453000,Renovation,Renovation,Completed,DARTMOUTH,District 06,0,1,Commercial,44.698054425299425,-63.581808331756406
16442,BPCOM-2022-03667,2022-06-21,25000,Renovation,Renovation,Completed,HALIFAX,District 12,0,4,Commercial,44.65513999799687,-63.66995983206623
16443,BPCOM-2022-03907,2022-05-02,150000,Renovation,Renovation,Expired (Closed),HALIFAX,District 09,0,1,Commercial,44.65755165372624,-63.627378066618384
16444,BPCOM-2022-03955,2022-05-17,48000,Renovation,Renovation,Completed,HALIFAX,District 09,0,2,Commercial,44.644905261568724,-63.61893106138063
16445,BPCOM-2022-04224,2022-05-06,140000,Renovation,Renovation,Completed,BEDFORD,District 16,0,1,Commercial,44.75162087426117,-63.64130063627347
16446,BPCOM-2022-04372,2022-04-21,1800000,Renovation,Renovation,Completed,BEDFORD,District 16,0,1,Commercial,44.751368805238755,-63.64729830330081
16447,BPCOM-2022-04684,2022-05-10,104000,Renovation,Renovation,Completed,HALIFAX,District 08,0,3,Commercial,44.65853399833724,-63.59825620408459
16448,BPCOM-2022-04915,2022-05-05,1000000,Renovation,Renovation,Expired (Closed),HALIFAX,District 07,0,6,Commercial,44.65103876327361,-63.577228829143614
16449,BPCOM-2022-05321,2022-05-03,6600,Renovation,Renovation,Expired,DARTMOUTH,District 06,0,1,Commercial,44.69490509180009,-63.57587017120275
16450,BPCOM-2022-05386,,92624,Renovation,Renovation,Withdrawn,DARTMOUTH,District 03,0,1,Commercial,44.655141409851474,-63.530999647782615
16451,BPCOM-2022-05514,2022-06-13,153000,Renovation,Renovation,Completed,HALIFAX,District 07,0,10,Commercial,44.64876025766245,-63.57178250895293
16452,BPCOM-2022-05742,2022-06-22,75000,Renovation,Renovation,Completed,LOWER SACKVILLE,District 15,0,2,Commercial,44.764562842409,-63.67600634029127
16453,BPCOM-2022-05861,2022-06-21,100000,Renovation,Renovation,Completed,HALIFAX,District 07,0,4,Commercial,44.64281306834046,-63.577408471277984
16454,BPCOM-2022-06126,2022-12-02,1250000,New Building,New Building,Issued,BEDFORD,District 16,0,2,Commercial,44.70961567447068,-63.70859553628308
16455,BPCOM-2022-06527,2022-05-30,100000,Renovation,Renovation,Expired,DARTMOUTH,District 06,0,3,Commercial,44.70584325220681,-63.58831887296555
16456,BPCOM-2022-07015,2022-06-08,422500,Renovation,Renovation,Completed,HALIFAX,District 07,0,10,Commercial,44.64876025766245,-63.57178250895293
16457,BPCOM-2022-07194,2023-04-05,4000000,Addition,Addition,Completed,HALIFAX,District 08,30,3,Dwelling - Multiple Units,44.66635979978211,-63.61415358815538
16458,BPCOM-2022-07463,2022-06-08,10700,New Building,New Building,Expired,DARTMOUTH,District 06,0,1,Accessory Structure,44.685811905892514,-63.52875624776357
16459,BPCOM-2022-07604,2022-08-23,57124,New Building,New Building,Completed,EAST CHEZZETCOOK,District 02,0,1,Commercial,44.746914555238256,-63.22898936883067
16460,BPCOM-2022-07674,2022-06-28,275000,Renovation,Renovation,Completed,HALIFAX,District 12,0,1,Commercial,44.65201581295409,-63.675504048302706
16461,BPCOM-2022-07843,2022-08-30,300000,Renovation,Renovation,Expired,DARTMOUTH,District 06,0,1,Commercial,44.68109131874823,-63.537645459227626
16462,BPCOM-2022-08320,2022-07-14,30500,Renovation,Renovation,Completed,HALIFAX,District 10,0,1,Commercial,44.66086336739005,-63.637310330920975
16463,BPCOM-2022-08502,2022-07-29,140000,New Building,New Building,Expired,OYSTER POND,District 02,0,1,Accessory Structure,44.77802602934326,-63.01566353140864
16464,BPCOM-2022-08734,2022-12-13,17500000,New Building,New Building,Issued,HALIFAX,District 09,73,7,Mixed Use - Residential & Other Use(s),44.64890987317465,-63.60349721925497
16465,BPCOM-2022-08920,,150000,New Building,New Building,Applicant Revisions,GOODWOOD,District 13,0,1,Commercial,44.60036192217542,-63.67777978956337
16466,BPCOM-2022-09168,2022-07-20,259000,Renovation,Renovation,Completed,HALIFAX,District 08,0,10,Commercial,44.658343562106154,-63.60322178206833
16467,BPCOM-2022-09267,2022-12-21,3600000,Addition,Addition,Completed,HALIFAX,District 09,0,1,Institutional and Governmental,44.6412551213281,-63.597962710850176
16468,BPCOM-2022-09410,2022-08-02,145278,Renovation,Renovation,Expired,BEDFORD,District 16,0,2,Commercial,44.69583150641794,-63.69003468971675
16469,BPCOM-2022-09490,2022-10-11,2550000,Renovation,Renovation,Completed,DARTMOUTH,District 06,0,2,Commercial,44.71296702742929,-63.557745209257014
16470,BPCOM-2022-09669,2022-07-27,83751.79,Renovation,Renovation,Completed,BEDFORD,District 16,0,2,Commercial,44.72219211599113,-63.68789495377324
16471,BPCOM-2022-09891,2022-08-19,4500,Renovation,Renovation,Expired,HALIFAX,District 08,0,1,Commercial,44.664693253718205,-63.619545480439356
16472,BPCOM-2022-10018,2022-12-21,2089000,Renovation,Renovation,Issued,HALIFAX,District 07,16,4,Mixed Use - Residential & Other Use(s),44.64508099994872,-63.57240737964622
16473,BPCOM-2022-10191,2024-01-05,190000,Renovation,Renovation,Completed,HALIFAX,District 12,0,1,Commercial,44.64879775806316,-63.67442002921551
16474,BPCOM-2022-10367,,50000,New Building,New Building,Applicant Revisions,MUSQUODOBOIT HARBOUR,District 02,0,1,Commercial,44.80980431888975,-63.19754941143794
16475,BPCOM-2022-10654,2022-08-23,10000,Renovation,Renovation,Completed,COLE HARBOUR,District 04,0,1,Commercial,44.67035994210395,-63.49791815670479
16476,BPCOM-2022-10902,2022-08-31,225916,Renovation,Renovation,Expired,DARTMOUTH,District 05,0,3,Institutional and Governmental,44.66401999948769,-63.56935671636894
16477,BPCOM-2022-11140,2022-08-31,724800,Renovation,Renovation,Completed,DARTMOUTH,District 03,0,1,Institutional and Governmental,44.653539003421486,-63.544515889069004
16478,BPCOM-2022-11387,2022-09-23,520000,Renovation,Renovation,Completed,DARTMOUTH,District 06,0,1,Commercial,44.70162094807761,-63.56684671205763
16479,BPCOM-2022-11622,2022-11-21,2300000,New Building,New Building,Completed,BEDFORD,District 16,0,1,Commercial,44.72374932873195,-63.6697550515699
16480,BPCOM-2022-11859,2023-05-31,500000,Renovation,Renovation,Completed,DARTMOUTH,District 06,0,2,Commercial,44.716415538060204,-63.56003919723857
16481,BPCOM-2022-12033,2022-10-07,25000,Renovation,Renovation,Issued,HATCHET LAKE,District 13,2,1,Mixed Use - Residential & Other Use(s),44.57289214877226,-63.71380890958733
16482,BPCOM-2022-12245,2022-12-09,17300000,New Building,New Building,Completed,HALIFAX,District 08,65,10,Dwelling - Multiple Units,44.65410657501227,-63.59645563807567
16483,BPCOM-2022-12572,2022-10-14,40000,Renovation,Renovation,Completed,BEDFORD,District 16,0,1,Commercial,44.70828592460972,-63.66570184412501
16484,BPCOM-2022-12683,2023-09-11,450000,Renovation,Renovation,Expired,DARTMOUTH,District 05,0,2,Commercial,44.675649919669695,-63.5620254931966
16485,BPCOM-2022-12698,2023-03-27,75000,Renovation,Renovation,Completed,BEDFORD,District 16,0,2,Commercial,44.70828592460972,-63.66570184412501
16486,BPCOM-2022-12777,2022-10-27,65000,Renovation,Renovation,Completed,DARTMOUTH,District 03,0,2,Mixed Use - Residential & Other Use(s),44.65768543350223,-63.54540345517233
16487,BPCOM-2022-12922,2022-10-13,82000,Renovation,Renovation,Completed,HALIFAX,District 07,0,1,Commercial,44.64298967857317,-63.57756906754093
16488,BPCOM-2022-13129,2022-10-13,195000,New Building,New Building,Issued,LAWRENCETOWN,District 02,0,2,Agriculture,44.70246237520097,-63.415653994962284
16489,BPCOM-2022-13446,2023-01-31,440000,Renovation,Renovation,Completed,HALIFAX,District 10,0,1,Commercial,44.66216841007007,-63.65588735115164
16490,BPCOM-2022-13684,2022-11-23,350000,Renovation,Renovation,Completed,LOWER SACKVILLE,District 15,0,1,Commercial,44.7753645849725,-63.696100899643206
16491,BPCOM-2022-13923,,84000,New Building,New Building,Cancelled,DARTMOUTH,District 06,0,1,Commercial,44.69764234607669,-63.60501788743224
16492,BPCOM-2022-14090,2023-01-24,1212000,Addition,Addition,Completed,DARTMOUTH,District 06,0,1,Industrial,44.695721602830595,-63.5764540241628
16493,BPCOM-2022-14305,2023-03-23,21073076,New Building,New Building,Issued,HALIFAX,District 07,95,8,Mixed Use - Residential & Other Use(s),44.63970185623544,-63.57041682032825
16494,BPCOM-2022-14406,2022-12-16,10200000,New Building,New Building,Completed,BEAVER BANK,District 15,74,4,Dwelling - Multiple Units,44.80200245169079,-63.68908159237369
16495,BPCOM-2022-14475,2022-11-21,54332,New Building,New Building,Completed,LOWER SACKVILLE,District 15,0,1,Accessory Structure,44.779952914757935,-63.67275643727086
16496,BPCOM-2022-14618,2023-03-15,3060000,New Building,New Building,Completed,HALIFAX,District 11,17,4,Dwelling - Multiple Units,44.61870678822849,-63.62157919362275
16497,BPCOM-2022-14861,2022-12-21,22000,Renovation,Renovation,Completed,DARTMOUTH,District 05,0,1,Commercial,44.67117532838168,-63.578860479826545
16498,BPCOM-2022-15254,2023-08-24,10000000,New Building,New Building,Cancelled,LUCASVILLE,District 14,118,3,Dwelling - Multiple Units,44.76619723135018,-63.722571500151226
16499,BPCOM-2022-15432,2023-03-23,14200000,New Building,New Building,Completed,HALIFAX,District 16,71,6,Mixed Use - Residential & Other Use(s),44.6991967974668,-63.68390913970403
16500,BPCOM-2022-15595,2023-06-09,24480000,New Building,New Building,Issued,LOWER SACKVILLE,District 15,140,4,Mixed Use - Residential & Other Use(s),44.76859840807282,-63.69710089687543
16501,BPCOM-2022-15700,2023-09-05,175000,Renovation,Renovation,Completed,HALIFAX,District 09,0,2,Mixed Use - Residential & Other Use(s),44.64453411054719,-63.600751458519596
16502,BPCOM-2022-15846,2023-04-19,50000,New Building,New Building,Completed,HEAD OF CHEZZETCOOK,District 02,1,1,Mixed Use - Residential & Other Use(s),44.740013230962,-63.25271659753559
16503,BPCOM-2023-00028,,6000,Renovation,Renovation,Application Incomplete,LOWER SACKVILLE,District 15,0,1,Accessory Structure,44.7593264801536,-63.67073906419949
16504,BPCOM-2023-00055,2023-06-19,10000000,Renovation,Renovation,Completed,DARTMOUTH,District 05,99,17,Mixed Use - Residential & Other Use(s),44.67900086408493,-63.55049243318275
16505,BPCOM-2023-00120,2023-06-27,18000000,Renovation,Renovation,Completed,HALIFAX,District 07,172,15,Mixed Use - Residential & Other Use(s),44.6467703874081,-63.57258908888308
16506,BPCOM-2023-00293,,50000,New Building,New Building,Withdrawn,LOWER SACKVILLE,District 15,0,1,Accessory Structure,44.75716499824938,-63.65665702482798
16507,BPCOM-2023-00550,2023-02-06,2428000,Renovation,Renovation,Completed,HALIFAX,District 07,0,17,Commercial,44.649864855350096,-63.57596272541034
16508,BPCOM-2023-00866,2023-02-08,26000,New Building,New Building,Completed,LOWER SACKVILLE,District 15,0,1,Accessory Structure,44.779917834007506,-63.672458881268376
16509,BPCOM-2023-00986,2023-05-17,17820000,New Building,New Building,Issued,HALIFAX,District 10,99,4,Dwelling - Multiple Units,44.68162731605323,-63.660592200342904
16510,BPCOM-2023-01031,2023-06-23,1600000,New Building,New Building,Expired,DARTMOUTH,District 06,0,1,Commercial,44.69962541211675,-63.60680609994102
16511,BPCOM-2023-01106,2023-04-05,42500,Renovation,Renovation,Completed,HALIFAX,District 09,1,2,Mixed Use - Residential & Other Use(s),44.64546934203425,-63.59757593166269
16512,BPCOM-2023-01182,2023-02-22,679300,Renovation,Renovation,Completed,DARTMOUTH,District 06,0,1,Commercial,44.69960739485601,-63.59098685572658
16513,BPCOM-2023-01334,2023-06-13,22500000,New Building,New Building,Issued,DARTMOUTH,District 03,140,9,Dwelling - Multiple Units,44.66276671226124,-63.5532881661451
16514,BPCOM-2023-01576,2023-09-05,75000,Renovation,Renovation,Expired,HALIFAX,District 12,0,1,Commercial,44.65177556411267,-63.677755444713306
16515,BPCOM-2023-01778,2023-11-15,5000,Addition,Addition,Completed,,District 08,0,3,Commercial,44.65273767182447,-63.590278613377116
16516,BPCOM-2023-02032,2023-06-14,300000,Renovation,Renovation,Completed,HALIFAX,District 10,0,6,Mixed Use - Residential & Other Use(s),44.669580326122535,-63.64966062170456
16517,BPCOM-2023-02269,2023-09-29,22540000,New Building,New Building,Issued,HALIFAX,District 08,112,9,Mixed Use - Residential & Other Use(s),44.65044200227212,-63.592648937166416
16518,BPCOM-2023-02478,2023-04-11,1300000,Renovation,Renovation,Completed,DARTMOUTH,District 06,0,1,Commercial,44.69526589416729,-63.579984023965125
16519,BPCOM-2023-02769,2023-04-12,32000,Renovation,Renovation,Completed,LOWER SACKVILLE,District 15,0,1,Commercial,44.769144534801164,-63.68679974031686
16520,BPCOM-2023-03031,,14200000,New Building,New Building,Withdrawn,,District 16,71,6,Mixed Use - Residential & Other Use(s),44.69847516662355,-63.68329209701152
16521,BPCOM-2023-03033,2024-06-26,27800000,New Building,New Building,Issued,HALIFAX,District 16,159,7,Mixed Use - Residential & Other Use(s),44.69834788845807,-63.682559131508654
16522,BPCOM-2023-03220,2023-05-16,5000,New Building,New Building,Expired,NORTH PRESTON,District 04,0,1,Accessory Structure,44.74541117642184,-63.467392837357764
16523,BPCOM-2023-03387,2023-04-17,1458000,Renovation,Renovation,Issued,DARTMOUTH,District 06,0,5,Commercial,44.696182996606396,-63.58099156721124
16524,BPCOM-2023-03473,2024-06-28,12000000,New Building,New Building,Issued,HALIFAX,District 07,55,8,Mixed Use - Residential & Other Use(s),44.634544628156696,-63.57634527367375
16525,BPCOM-2023-03585,2023-10-24,3260000,Renovation,Renovation,Completed,DARTMOUTH,District 03,0,3,Commercial,44.647960763682285,-63.54697520012901
16526,BPCOM-2023-03726,2023-05-05,500000,Renovation,Renovation,Completed,HALIFAX,District 08,0,5,Commercial,44.65237925099695,-63.58342846725799
16527,BPCOM-2023-03837,2023-04-19,101000,Renovation,Renovation,Expired,HALIFAX,District 10,0,1,Commercial,44.65439109447035,-63.63094071679067
16528,BPCOM-2023-03953,2023-11-09,99821132.85,New Building,New Building,Issued,HALIFAX,District 07,462,21,Mixed Use - Residential & Other Use(s),44.645176808228285,-63.571415720517095
16529,BPCOM-2023-04158,2023-05-17,37000,Renovation,Renovation,Completed,HALIFAX,District 11,0,1,Commercial,44.61374653439009,-63.61594202172985
16530,BPCOM-2023-04350,2023-04-25,170000,Renovation,Renovation,Completed,HALIFAX,District 09,0,1,Commercial,44.65755165372624,-63.627378066618384
16531,BPCOM-2023-04659,2023-06-06,280000,Renovation,Renovation,Completed,DARTMOUTH,District 05,0,1,Commercial,44.671568523095935,-63.575954039224875
16532,BPCOM-2023-04858,2023-05-15,10000,Renovation,Renovation,Completed,DARTMOUTH,District 05,0,3,Commercial,44.66540445918765,-63.56707837953024
16533,BPCOM-2023-05045,2023-06-20,2887761,New Building,New Building,Expired,,District 06,0,1,Commercial,,
16534,BPCOM-2023-05279,2023-10-04,600000,New Building,New Building,Issued,FALL RIVER,District 01,1,2,Mixed Use - Residential & Other Use(s),44.80250671938642,-63.60531287593
16535,BPCOM-2023-05700,2023-06-21,377000,Renovation,Renovation,Expired,DARTMOUTH,District 05,0,3,Mixed Use - Residential & Other Use(s),44.66593767488683,-63.5664707775445
16536,BPCOM-2023-05869,2023-11-28,300000,Renovation,Renovation,Completed,DARTMOUTH,District 06,0,2,Industrial,44.70337858646126,-63.59396664420321
16537,BPCOM-2023-05991,2023-08-18,200000,Addition,Addition,Expired,ELDERBANK,District 01,0,1,Agriculture,44.98897995249232,-63.18939541379963
16538,BPCOM-2023-06166,2023-06-06,150000,Renovation,Renovation,Completed,DARTMOUTH,District 06,0,1,Commercial,44.70171490296883,-63.56688657965104
16539,BPCOM-2023-06366,2023-06-09,250000,Renovation,Renovation,Completed,BEDFORD,District 16,0,2,Commercial,44.708166275810235,-63.71056815854703
16540,BPCOM-2023-06627,,2500000,Renovation,Renovation,Withdrawn,DARTMOUTH,District 06,0,2,Industrial,44.7230936818133,-63.57154777325596
16541,BPCOM-2023-06891,2023-07-06,2004000,Renovation,Renovation,Completed,HALIFAX,District 09,0,7,Dwelling - Multiple Units,44.641799045851236,-63.61735948586714
16542,BPCOM-2023-07017,2023-07-24,400000,Renovation,Renovation,Completed,DARTMOUTH,District 06,0,1,Commercial,44.70606096003293,-63.563242229110124
16543,BPCOM-2023-07404,,1000,Renovation,Renovation,Withdrawn,HALIFAX,District 11,2,3,Mixed Use - Residential & Other Use(s),44.621665806800785,-63.61791001631827
16544,BPCOM-2023-07603,2023-07-12,250000,Renovation,Renovation,Expired,DARTMOUTH,District 05,0,13,Dwelling - Multiple Units,44.664048195149505,-63.56685552077682
16545,BPCOM-2023-07766,2023-07-07,225000,Renovation,Renovation,Completed,HALIFAX,District 12,0,1,Commercial,44.65177556411267,-63.677755444713306
16546,BPCOM-2023-08050,2023-07-10,15000,Renovation,Renovation,Completed,DARTMOUTH,District 06,0,1,Commercial,44.712444233864325,-63.59957159698863
16547,BPCOM-2023-08244,2023-07-07,5800,New Building,New Building,Expired,BEECHVILLE,District 12,0,1,Accessory Structure,44.642774274101775,-63.6747793957841
16548,BPCOM-2023-08396,2023-07-13,150000,Renovation,Renovation,Completed,DARTMOUTH,District 06,0,1,Commercial,44.707901147954225,-63.58159166072314
16549,BPCOM-2023-08671,2023-09-06,40000,Renovation,Renovation,Completed,PORTERS LAKE,District 02,0,1,Commercial,44.74297069383704,-63.27884809882284
16550,BPCOM-2023-09010,2023-11-21,24280000,New Building,New Building,Completed,DARTMOUTH,District 06,73,6,Dwelling - Multiple Units,44.714715820241764,-63.54224941298413
16551,BPCOM-2023-09095,2023-08-28,475000,New Building,New Building,Issued,TANTALLON,District 13,0,1,Commercial,44.651624624285546,-63.906846127931566
16552,BPCOM-2023-09558,,,Renovation,Renovation,Applicant Revisions,WAVERLEY,District 01,0,1,Commercial,44.77539066786292,-63.60698121666849
16553,BPCOM-2023-09810,2024-01-26,12500000,New Building,New Building,Issued,MIDDLE SACKVILLE,District 14,50,4,Dwelling - Multiple Units,44.78104166972629,-63.70641286476978
16554,BPCOM-2023-09960,2023-07-28,3000,Renovation,Renovation,Completed,HALIFAX,District 11,0,1,Commercial,44.622001445556585,-63.618252743576214
16555,BPCOM-2023-10072,2024-01-26,12500000,New Building,New Building,Issued,MIDDLE SACKVILLE,District 14,50,4,Dwelling - Multiple Units,44.78111676940062,-63.70759421725245
16556,BPCOM-2023-10179,2023-09-08,95000,Renovation,Renovation,Expired,HALIFAX,District 07,0,3,Commercial,44.63804631825359,-63.57541504472231
16557,BPCOM-2023-10383,2023-09-18,24000,Renovation,Renovation,Completed,BEDFORD,District 16,0,2,Commercial,44.73049303174385,-63.660589370583736
16558,BPCOM-2023-10940,,380000,Renovation,Renovation,Withdrawn,HALIFAX,District 07,0,1,Commercial,44.64186709903187,-63.57823276969319
16559,BPCOM-2023-11091,2023-09-11,100,New Building,New Building,Expired,PORTERS LAKE,District 02,0,1,Accessory Structure,44.7447033581758,-63.28302548576918
16560,BPCOM-2023-11262,2023-10-04,550000,Renovation,Renovation,Completed,HALIFAX,District 12,0,1,Commercial,44.649320394982325,-63.67720063251109
16561,BPCOM-2023-11585,2024-03-20,21775000,New Building,New Building,Issued,HALIFAX,District 09,188,11,Mixed Use - Residential & Other Use(s),44.64438641484217,-63.598827148876616
16562,BPCOM-2023-11831,2025-09-03,20000000,New Building,New Building,Issued,HALIFAX,District 16,102,8,Mixed Use - Residential & Other Use(s),44.69952856866314,-63.66221727606138
16563,BPCOM-2023-11991,2023-09-19,50000,Renovation,Renovation,Expired,HALIFAX,District 07,0,16,Commercial,44.642909208739134,-63.56821153919397
16564,BPCOM-2023-12152,2023-10-26,2100000,Renovation,Renovation,Completed,DARTMOUTH,District 06,0,2,Commercial,44.71957781469422,-63.586564298282255
16565,BPCOM-2023-12373,2023-09-26,25000,Renovation,Renovation,Completed,HAMMONDS PLAINS,District 14,0,1,Commercial,44.733520023262244,-63.80556809086313
16566,BPCOM-2023-12655,2024-10-02,6879513,New Building,New Building,Completed,GOFFS,District 01,0,1,Industrial,44.871600904942426,-63.5298774872105
16567,BPCOM-2023-12884,2023-10-18,500000,Renovation,Renovation,Expired,BEDFORD,District 16,0,4,Dwelling - Multiple Units,44.739062871232385,-63.6568426557691
16568,BPCOM-2023-13200,2023-11-01,80000,Renovation,Renovation,Completed,HALIFAX,District 11,0,4,Dwelling - Multiple Units,44.63077748178264,-63.61489733756568
16569,BPCOM-2023-13367,2023-10-24,100000,New Building,New Building,Expired,SHEET HARBOUR,District 02,0,1,Accessory Structure,44.9189986176557,-62.53150319957456
16570,BPCOM-2023-13614,2023-11-01,625000,Renovation,Renovation,Expired,DARTMOUTH,District 06,0,2,Commercial,44.716415538060204,-63.56003919723857
16571,BPCOM-2023-13705,2023-10-23,129675,Renovation,Renovation,Completed,DARTMOUTH,District 05,0,1,Commercial,44.67192058861362,-63.579539844483385
16572,BPCOM-2023-13878,2023-10-26,767000,Renovation,Renovation,Completed,DARTMOUTH,District 05,0,16,Commercial,44.66895577567242,-63.57660656241076
16573,BPCOM-2023-14138,2023-11-06,38000,Renovation,Renovation,Expired,HALIFAX,District 11,0,1,Commercial,44.600834450705406,-63.608356775770645
16574,BPCOM-2023-14209,2023-11-24,846572.78,Renovation,Renovation,Completed,HALIFAX,District 07,0,9,Commercial,44.643001232018115,-63.57665903291366
16575,BPCOM-2023-14363,2024-03-28,120000,Renovation,Renovation,Completed,HALIFAX,District 12,0,1,Accessory Structure,44.65691862761092,-63.67559218069956
16576,BPCOM-2023-14575,2023-11-28,12000,Renovation,Renovation,Completed,BEDFORD,District 16,0,1,Commercial,44.716515972343345,-63.70681589808718
16577,BPCOM-2023-14833,2024-04-08,12000000,New Building,New Building,Expired,HALIFAX,District 08,72,7,Dwelling - Multiple Units,44.66080673774052,-63.596579535786255
16578,BPCOM-2023-14896,2024-06-03,4200,Renovation,Renovation,Issued,MUSQUODOBOIT HARBOUR,District 02,0,1,Mixed Use - Residential & Other Use(s),44.78309538340588,-63.153661710650596
16579,BPCOM-2023-14992,2024-06-17,320000,New Building,New Building,Completed,BEDFORD,District 16,0,1,Commercial,44.708026880724994,-63.6646761985088
16580,BPCOM-2023-15004,2024-06-17,120000,New Building,New Building,Completed,BEDFORD,District 16,0,1,Commercial,44.708026880724994,-63.6646761985088
16581,BPCOM-2023-15283,2024-05-24,7071000,Renovation,Renovation,Issued,DARTMOUTH,District 06,0,1,Commercial,44.697746596364304,-63.56935715065915
16582,BPCOM-2023-15434,2024-03-04,1082650,New Building,New Building,Issued,BEDFORD,District 16,0,2,Commercial,44.71218948260301,-63.716029414994885
16583,BPCOM-2023-15521,,72000000,New Building,New Building,Applicant Revisions,WESTPHAL,District 04,300,7,Mixed Use - Residential & Other Use(s),44.695045287418765,-63.49869829502031
16584,BPCOM-2023-15696,2024-09-20,1000000,Addition,Addition,Issued,HALIFAX,District 07,3,4,Dwelling - Multiple Units,44.640538540980074,-63.575207020796405
16585,BPCOM-2023-15818,2024-05-23,184512.8,New Building,New Building,Completed,DARTMOUTH,District 06,0,1,Accessory Structure,44.69444696163032,-63.60160578203045
16586,BPCOM-2023-15910,,75000000,New Building,New Building,Applicant Revisions,WESTPHAL,District 04,300,7,Mixed Use - Residential & Other Use(s),44.69612255880197,-63.49739314894034
16587,BPCOM-2023-15955,,300000,New Building,New Building,Application Incomplete,HALIFAX,District 08,36,5,Mixed Use - Residential & Other Use(s),44.64773071296165,-63.59163700736554
16588,BPCOM-2023-16058,2024-09-20,1000000,Addition,Addition,Issued,HALIFAX,District 07,3,4,Dwelling - Multiple Units,44.64051236068794,-63.575308280634026
16589,BPCOM-2023-16195,2024-07-08,3500000,Addition,Addition,Issued,WESTPHAL,District 04,0,2,Commercial,44.696418217205796,-63.49660083383093
16590,BPCOM-2023-16260,2026-01-05,260527.68,New Building,New Building,Issued,HATCHET LAKE,District 13,0,1,Commercial,44.57863694794698,-63.707633140230286
16591,BPCOM-2023-16326,2024-10-09,28000000,Addition,Addition,Issued,DARTMOUTH,District 05,138,9,Mixed Use - Residential & Other Use(s),44.667387113979714,-63.563202755527705
16592,BPCOM-2023-16435,2024-08-29,5200000,New Building,New Building,Issued,HALIFAX,District 08,33,10,Mixed Use - Residential & Other Use(s),44.65670999528505,-63.597365758251364
16593,BPCOM-2023-16462,2024-12-05,10591000,New Building,New Building,Cancelled,HALIFAX,District 08,50,5,Dwelling - Multiple Units,44.65730803892346,-63.59638113443537
16594,BPCOM-2024-00064,2024-01-11,150000,Renovation,Renovation,Completed,DARTMOUTH,District 06,0,1,Commercial,44.70316304446256,-63.56378993623209
16595,BPCOM-2024-00298,2024-04-15,30000,Renovation,Renovation,Expired,HALIFAX,District 08,0,3,Commercial,44.658974159407016,-63.598376833088174
16596,BPCOM-2024-00440,2024-02-01,20000,Renovation,Renovation,Completed,DARTMOUTH,District 05,0,11,Mixed Use - Residential & Other Use(s),44.667149376771064,-63.565079257895846
16597,BPCOM-2024-00588,2024-04-05,10000,New Building,New Building,Expired,UPPER SACKVILLE,District 14,0,1,Commercial,44.82928986964486,-63.785377930760156
16598,BPCOM-2024-00801,2024-01-30,70000,Renovation,Renovation,Cancelled,HALIFAX,District 07,0,10,Commercial,44.644701522069,-63.57934135404518
16599,BPCOM-2024-00871,2024-01-31,50000,Renovation,Renovation,Completed,HALIFAX,District 10,0,4,Dwelling - Multiple Units,44.66189648245316,-63.63231025504165
16600,BPCOM-2024-01212,2026-04-13,60000,Addition,Addition,Issued,WEST CHEZZETCOOK,District 02,0,1,Commercial,44.70727399726676,-63.26161451951579
16601,BPCOM-2024-01291,2024-02-21,20000,Renovation,Renovation,Completed,BEDFORD,District 16,0,3,Mixed Use - Residential & Other Use(s),44.707774727833154,-63.70728271307652
16602,BPCOM-2024-01323,,1000000,New Building,New Building,Applicant Revisions,WESTPHAL,District 04,0,1,Commercial,44.69728440353738,-63.493581683777485
16603,BPCOM-2024-01580,2024-03-04,97298,Renovation,Renovation,Expired,HALIFAX,District 08,0,1,Commercial,44.66099681965111,-63.61375998895126
16604,BPCOM-2024-01797,2025-01-20,3050000,New Building,New Building,Amendment Applicant Revisions,HALIFAX,District 08,17,5,Dwelling - Multiple Units,44.65311303336234,-63.5897874531267
16605,BPCOM-2024-02062,2024-03-05,150000,Renovation,Renovation,Expired,UPPER TANTALLON,District 13,0,2,Commercial,44.68526567228456,-63.87549430469479
16606,BPCOM-2024-02374,2024-03-07,70000,New Building,New Building,Amendment Application Incomplete,KETCH HARBOUR,District 11,0,1,Commercial,44.49206515186222,-63.551884290135526
16607,BPCOM-2024-02482,2024-03-12,80000,Renovation,Renovation,Completed,HALIFAX,District 07,0,1,Mixed Use - Residential & Other Use(s),44.648174386147936,-63.57125082515577
16608,BPCOM-2024-02682,2024-05-24,70000,Renovation,Renovation,Completed,HAMMONDS PLAINS,District 14,0,1,Commercial,44.728049278595066,-63.74950387572457
16609,BPCOM-2024-02854,2024-05-07,44850,Renovation,Renovation,Expired,DARTMOUTH,District 06,0,2,Commercial,44.671441459730595,-63.503440266324844
16610,BPCOM-2024-03032,2024-05-01,4000000,Renovation,Renovation,Completed,DARTMOUTH,District 06,0,1,Commercial,44.697746596364304,-63.56935715065915
16611,BPCOM-2024-03357,2026-01-15,25000,Renovation,Renovation,Issued,DARTMOUTH,District 05,1,3,Dwelling - Multiple Units,44.66629351546474,-63.56706535322117
16612,BPCOM-2024-03641,2024-05-06,250000,Renovation,Renovation,Completed,HALIFAX,District 08,0,1,Commercial,44.65555266015443,-63.59670789562966
16613,BPCOM-2024-03730,2024-05-08,1133560,Renovation,Renovation,Completed,HALIFAX,District 09,0,3,Commercial,44.649368575944415,-63.61874247106554
16614,BPCOM-2024-04099,2025-05-01,70000,Addition,Addition,Issued,HUBLEY,District 13,0,3,Commercial,44.67771614525281,-63.82318342038665
16615,BPCOM-2024-04420,2024-07-02,1200000,Renovation,Renovation,Issued,WEST CHEZZETCOOK,District 02,0,1,Commercial,44.71130856347884,-63.26055392696131
16616,BPCOM-2024-04614,2024-09-06,2500000,Renovation,Renovation,Completed,DARTMOUTH,District 03,0,1,Commercial,44.64928510721457,-63.54412440635905
16617,BPCOM-2024-04779,2024-09-11,15000,Renovation,Renovation,Completed,BEDFORD,District 16,0,2,Commercial,44.716515972343345,-63.70681589808718
16618,BPCOM-2024-05043,2024-06-11,150000,Renovation,Renovation,Completed,HALIFAX,District 10,0,7,Mixed Use - Residential & Other Use(s),44.67536736061906,-63.64744449160185
16619,BPCOM-2024-05208,2024-06-10,30000,Renovation,Renovation,Completed,DARTMOUTH,District 05,0,1,Commercial,44.67192058861362,-63.579539844483385
16620,BPCOM-2024-05524,,10000,New Building,New Building,Applicant Revisions,OYSTER POND,District 02,0,1,Commercial,44.778290027366616,-62.9965029963652
16621,BPCOM-2024-05851,2024-06-13,32000,Renovation,Renovation,Expired,MIDDLE SACKVILLE,District 14,0,1,Institutional and Governmental,44.775498414537964,-63.703540114309156
16622,BPCOM-2024-05989,2024-08-19,950000,Renovation,Renovation,Completed,HALIFAX,District 07,0,22,Institutional and Governmental,44.64930696488166,-63.573363723911974
16623,BPCOM-2024-06157,2024-07-03,3090477,Renovation,Renovation,Completed,DARTMOUTH,District 05,0,1,Institutional and Governmental,44.67494402676536,-63.58434866383253
16624,BPCOM-2024-06233,,43800000,New Building,New Building,Applicant Revisions,HALIFAX,District 07,438,30,Mixed Use - Residential & Other Use(s),44.64052863483248,-63.585674355809445
16625,BPCOM-2024-06233,,43800000,New Building,New Building,Applicant Revisions,HALIFAX,District 07,438,30,Mixed Use - Residential & Other Use(s),44.64052863483248,-63.585674355809445
16626,BPCOM-2024-06233,,43800000,New Building,New Building,Applicant Revisions,HALIFAX,District 07,438,30,Mixed Use - Residential & Other Use(s),44.64052863483248,-63.585674355809445
16627,BPCOM-2024-06233,,43800000,New Building,New Building,Applicant Revisions,HALIFAX,District 07,438,30,Mixed Use - Residential & Other Use(s),44.64052863483248,-63.585674355809445
16628,BPCOM-2024-06233,,43800000,New Building,New Building,Applicant Revisions,HALIFAX,District 07,438,30,Mixed Use - Residential & Other Use(s),44.64052863483248,-63.585674355809445
16629,BPCOM-2024-06481,2024-06-17,200000,Renovation,Renovation,Expired,DARTMOUTH,District 05,0,3,Commercial,44.68656042112191,-63.55952448193897
16630,BPCOM-2024-06575,2024-12-06,11190000,New Building,New Building,Issued,HALIFAX,District 09,79,7,Dwelling - Multiple Units,44.65018673038598,-63.595605678633945
16631,BPCOM-2024-06741,2025-03-04,350000,New Building,New Building,Issued,HAMMONDS PLAINS,District 14,1,1,Mixed Use - Residential & Other Use(s),44.72530224921251,-63.74092918383541
16632,BPCOM-2024-06787,2024-08-20,2300000,Renovation,Renovation,Completed,DARTMOUTH,District 06,0,1,Commercial,44.706341622899835,-63.591147539489086
16633,BPCOM-2024-06816,2024-07-29,325000,Renovation,Renovation,Completed,GOFFS,District 01,0,2,Commercial,44.886560015262745,-63.51491466538
16634,BPCOM-2024-07031,,80000,Renovation,Renovation,Withdrawn,HALIFAX,District 08,0,3,Dwelling - Multiple Units,44.661765724807644,-63.6045109326828
16635,BPCOM-2024-07288,2025-10-07,27734775,New Building,New Building,Issued,HALIFAX,District 09,168,8,Dwelling - Multiple Units,44.65550082372012,-63.62955627816894
16636,BPCOM-2024-07361,2024-06-17,742228,Renovation,Renovation,Completed,DARTMOUTH,District 06,0,1,Commercial,44.69962541211675,-63.60680609994102
16637,BPCOM-2024-07405,2024-09-25,94300000,New Building,New Building,Amendment Review,DARTMOUTH,District 05,348,33,Mixed Use - Residential & Other Use(s),44.66820579963576,-63.57754855675269
16638,BPCOM-2024-07618,2024-08-28,125000,Renovation,Renovation,Completed,HALIFAX,District 12,0,1,Commercial,44.6838321976988,-63.67568391644755
16639,BPCOM-2024-07764,2024-06-26,80000,Renovation,Renovation,Issued,HALIFAX,District 07,0,9,Commercial,44.64216433256947,-63.57629752762255
16640,BPCOM-2024-08115,2024-07-03,90000,Renovation,Renovation,Issued,HALIFAX,District 07,0,9,Dwelling - Multiple Units,44.63631200711838,-63.57805498981582
16641,BPCOM-2024-08216,2024-07-09,100000,Renovation,Renovation,Completed,LOWER SACKVILLE,District 15,0,1,Commercial,44.759462594559935,-63.65796201863322
16642,BPCOM-2024-08347,2024-07-02,295000,Renovation,Renovation,Issued,UPPER TANTALLON,District 13,0,1,Commercial,44.686717488550066,-63.87940708646227
16643,BPCOM-2024-08645,2024-08-07,450000,Renovation,Renovation,Issued,,District 06,0,1,Commercial,,
16644,BPCOM-2024-08714,2024-08-19,293400,Renovation,Renovation,Issued,DARTMOUTH,District 06,0,2,Commercial,44.70285177387779,-63.60224912199553
16645,BPCOM-2024-08871,2024-07-15,10000,Renovation,Renovation,Completed,HALIFAX,District 07,0,4,Commercial,44.64514702563915,-63.572835584814875
16646,BPCOM-2024-09168,,45000,Renovation,Renovation,Withdrawn,HALIFAX,District 09,0,2,Institutional and Governmental,44.65361937593011,-63.61180276585765
16647,BPCOM-2024-09289,2024-12-09,58000,Renovation,Renovation,Completed,HALIFAX,District 08,0,1,Commercial,44.65429998391781,-63.596223562544694
16648,BPCOM-2024-09517,,,New Building,New Building,Application Incomplete,,District 01,0,,Commercial,44.962689368160156,-63.36304759664789
16649,BPCOM-2024-09669,2024-08-06,312856,Renovation,Renovation,Completed,HALIFAX,District 07,0,2,Institutional and Governmental,44.631329104661084,-63.581701595014245
16650,BPCOM-2024-09932,2024-07-30,98750,Renovation,Renovation,Completed,DARTMOUTH,District 06,0,1,Commercial,44.69377393667419,-63.50109610285572
16651,BPCOM-2024-10210,2024-09-03,80000,Renovation,Renovation,Issued,DARTMOUTH,District 06,0,1,Commercial,44.712444233864325,-63.59957159698863
16652,BPCOM-2024-10431,2024-08-20,120000,Renovation,Renovation,Amendment Applicant Revisions,DARTMOUTH,District 05,0,3,Dwelling - Multiple Units,44.6673676290416,-63.56722974606019
16653,BPCOM-2024-10603,2024-08-28,105000,Renovation,Renovation,Completed,BEDFORD,District 14,0,1,Commercial,44.7134624232118,-63.71734320415126
16654,BPCOM-2024-10785,,139444.39,Renovation,Renovation,Withdrawn,DARTMOUTH,District 06,0,1,Commercial,44.706650828355635,-63.561729033334665
16655,BPCOM-2024-11306,2025-07-15,12000000,New Building,New Building,Amendment Applicant Revisions,HALIFAX,District 10,122,7,Mixed Use - Residential & Other Use(s),44.659746321145526,-63.6331241252725
16656,BPCOM-2024-11693,2024-09-24,1400000,Renovation,Renovation,Issued,DARTMOUTH,District 05,0,3,Institutional and Governmental,44.66401999948769,-63.56935671636894
16657,BPCOM-2024-12005,2026-01-29,100000,Renovation,Renovation,Issued,HALIFAX,District 16,2,8,Dwelling - Multiple Units,44.70043397244716,-63.66194972632014
16658,BPCOM-2024-12128,2024-10-07,384251,Renovation,Renovation,Issued,HALIFAX,District 07,0,4,Commercial,44.636077894335045,-63.59385494574683
16659,BPCOM-2024-12294,2024-10-25,4574523,New Building,New Building,Issued,HALIFAX,District 08,0,1,Industrial,44.66758507686212,-63.59701944385623
16660,BPCOM-2024-12577,2024-09-25,17000,Renovation,Renovation,Completed,HALIFAX,District 09,0,2,Commercial,44.64824120792095,-63.604947785206136
16661,BPCOM-2024-12823,2024-11-08,550000,New Building,New Building,Completed,UPPER SACKVILLE,District 14,0,1,Commercial,44.81483430721447,-63.76568513237929
16662,BPCOM-2024-13269,2025-03-24,7975000,New Building,New Building,Issued,DARTMOUTH,District 05,19,5,Dwelling - Multiple Units,44.685900259990916,-63.583834806047825
16663,BPCOM-2024-13912,2025-01-29,42400000,New Building,New Building,Issued,DARTMOUTH,District 05,107,9,Dwelling - Multiple Units,44.67363164433911,-63.58471423968791
16664,BPCOM-2024-14702,2024-10-15,3000,Renovation,Renovation,Completed,HALIFAX,District 07,0,2,Mixed Use - Residential & Other Use(s),44.644408347629074,-63.578531617129926
16665,BPCOM-2024-15066,2024-12-16,160000,Renovation,Renovation,Completed,LOWER SACKVILLE,District 15,0,1,Commercial,44.77408626681003,-63.69263702783507
16666,BPCOM-2024-15233,2025-04-08,83443.75,New Building,New Building,Issued,UPPER TANTALLON,District 13,0,1,Accessory Structure,44.687977824717336,-63.88320003476555
16667,BPCOM-2024-15286,2025-08-20,500,Renovation,Renovation,Completed,HALIFAX,District 07,1,3,Dwelling - Multiple Units,44.63955545618895,-63.59824364787026
16668,BPCOM-2024-15645,2025-02-19,13630000,New Building,New Building,Issued,DARTMOUTH,District 05,97,12,Mixed Use - Residential & Other Use(s),44.68643786258165,-63.5636903768702
16669,BPCOM-2024-15937,2026-01-05,18000000,New Building,New Building,Issued,HALIFAX,District 08,86,10,Mixed Use - Residential & Other Use(s),44.65569905743456,-63.59709814171158
16670,BPCOM-2024-16088,2025-05-22,51145219,New Building,New Building,Issued,HALIFAX,District 07,0,6,Commercial,44.649589441800885,-63.581092092925175
16671,BPCOM-2024-16244,2024-11-12,700000,Renovation,Renovation,Completed,,District 06,0,1,Commercial,44.72358319503926,-63.573185132529375
16672,BPCOM-2024-16514,2025-01-24,3250000,New Building,New Building,Issued,DARTMOUTH,District 05,48,5,Dwelling - Multiple Units,44.68364163264486,-63.58622816435946
16673,BPCOM-2024-16762,2026-05-29,500000,New Building,New Building,Issued,EASTERN PASSAGE,District 03,0,2,Commercial,44.61036047011631,-63.49358396701428
16674,BPCOM-2024-16931,2024-11-29,197300,Renovation,Renovation,Completed,HALIFAX,District 07,2,13,Mixed Use - Residential & Other Use(s),44.63752562049782,-63.57924809260707
16675,BPCOM-2024-17044,2025-07-21,12346714,New Building,New Building,Issued,HALIFAX,District 08,0,2,Industrial,44.66758507686212,-63.59701944385623
16676,BPCOM-2024-17208,2024-11-22,50000,Renovation,Renovation,Issued,COLE HARBOUR,District 04,0,1,Commercial,44.657417317201315,-63.490450434218985
16677,BPCOM-2024-17612,2025-07-23,11550000,New Building,New Building,Issued,LOWER SACKVILLE,District 15,67,5,Mixed Use - Residential & Other Use(s),44.762477118951104,-63.67267803092538
16678,BPCOM-2024-17881,2025-03-12,7350000,New Building,New Building,Issued,BEDFORD,District 16,10,2,Mixed Use - Residential & Other Use(s),44.74572686715319,-63.63648441563658
16679,BPCOM-2024-18139,2025-11-24,3430000,Renovation,Renovation,Issued,DARTMOUTH,District 03,0,2,Commercial,44.66608955318506,-63.531662550854286
16680,BPCOM-2024-18201,2025-03-24,507000,Renovation,Renovation,Completed,DARTMOUTH,District 06,0,2,Commercial,44.700292327041744,-63.60518526717371
16681,BPCOM-2024-18393,2025-04-02,6750000,New Building,New Building,Issued,GOFFS,District 01,0,6,Commercial,44.875399755316394,-63.534722718347105
16682,BPCOM-2024-18570,2025-02-06,50000,Renovation,Renovation,Issued,BEDFORD,District 16,0,2,Commercial,44.70917405303273,-63.71002419717636
16683,BPCOM-2024-18860,2025-01-22,15000,Renovation,Renovation,Issued,HALIFAX,District 07,0,4,Commercial,44.64287216739084,-63.571652814160544
16684,BPCOM-2024-18958,2025-03-13,450000,Renovation,Renovation,Completed,HALIFAX,District 08,0,2,Commercial,44.65391207651713,-63.585581794965655
16685,BPCOM-2025-00310,2025-03-19,62000,New Building,New Building,Issued,GOODWOOD,District 13,0,1,Accessory Structure,44.60244780820571,-63.67498306104892
16686,BPCOM-2025-00512,2025-01-28,1700000,Renovation,Renovation,Completed,HALIFAX,District 07,0,9,Commercial,44.64195032313559,-63.5766459595821
16687,BPCOM-2025-00781,2025-01-29,625500,Renovation,Renovation,Completed,HALIFAX,District 12,0,3,Commercial,44.65448564541602,-63.6690827813914
16688,BPCOM-2025-01040,2025-03-04,4500000,Renovation,Renovation,Issued,HALIFAX,District 07,0,9,Mixed Use - Residential & Other Use(s),44.65080283699788,-63.57676502818709
16689,BPCOM-2025-01137,2025-02-12,15000,Renovation,Renovation,Completed,HALIFAX,District 07,0,16,Mixed Use - Residential & Other Use(s),44.641582073720514,-63.57837722175991
16690,BPCOM-2025-01325,2025-04-09,45160759,New Building,New Building,Issued,DARTMOUTH,District 06,0,2,Institutional and Governmental,44.71643406390999,-63.57126125517427
16691,BPCOM-2025-01453,2025-06-02,9000000,New Building,New Building,Issued,HALIFAX,District 08,34,9,Dwelling - Multiple Units,44.64927334828094,-63.59187389533384
16692,BPCOM-2025-01531,2025-03-19,310000,Renovation,Renovation,Completed,HALIFAX,District 07,0,8,Commercial,44.64308449638749,-63.576340765799294
16693,BPCOM-2025-01603,2025-10-16,7000000,New Building,New Building,Issued,HALIFAX,District 08,26,7,Dwelling - Multiple Units,44.661588526462616,-63.59760279592931
16694,BPCOM-2025-01707,2025-03-24,4200000,Renovation,Renovation,Issued,DARTMOUTH,District 06,0,2,Industrial,44.71756445433345,-63.56027174858085
16695,BPCOM-2025-01840,2025-02-14,145000,Renovation,Renovation,Completed,HALIFAX,District 07,0,16,Commercial,44.648977647796926,-63.57476083134049
16696,BPCOM-2025-02243,2025-04-28,150000,Renovation,Renovation,Completed,HALIFAX,District 07,0,11,Commercial,44.64589977309747,-63.57321313914039
16697,BPCOM-2025-02482,2025-06-11,49414,Renovation,Renovation,Completed,DARTMOUTH,District 05,0,4,Dwelling - Multiple Units,44.684534633895936,-63.59020430040502
16698,BPCOM-2025-02605,2025-06-11,951000,New Building,New Building,Issued,FALL RIVER,District 01,0,1,Institutional and Governmental,44.82347595053719,-63.61961025654319
16699,BPCOM-2025-02776,2025-05-20,27000,Renovation,Renovation,Completed,DARTMOUTH,District 05,0,2,Commercial,44.66440814349242,-63.570051670461794
16700,BPCOM-2025-02918,2025-05-09,550000,Renovation,Renovation,Completed,HALIFAX,District 12,0,1,Commercial,44.646773885576025,-63.67170799381907
16701,BPCOM-2025-02987,2026-01-23,28620000,New Building,New Building,Issued,HALIFAX,District 08,159,10,Dwelling - Multiple Units,44.65455780501638,-63.5969622042749
16702,BPCOM-2025-03019,2026-06-18,52000000,New Building,New Building,Issued,DARTMOUTH,District 05,162,14,Mixed Use - Residential & Other Use(s),44.68604177953048,-63.6064647097428
16703,BPCOM-2025-03118,2025-05-15,563488.5,Renovation,Renovation,Completed,COLE HARBOUR,District 04,0,3,Commercial,44.68395448250197,-63.48976894993163
16704,BPCOM-2025-03172,2025-06-12,1050000,New Building,New Building,Issued,LANTZ,District 01,0,2,Commercial,44.97319686276429,-63.475581778682916
16705,BPCOM-2025-03275,2025-06-27,25411621,New Building,New Building,Issued,DARTMOUTH,District 05,113,6,Dwelling - Multiple Units,44.68235899676939,-63.58609442891378
16706,BPCOM-2025-03381,2025-06-03,23000000,New Building,New Building,Issued,BEDFORD,District 16,145,15,Dwelling - Multiple Units,44.71018835460187,-63.7158172144772
16707,BPCOM-2025-03540,,24840000,New Building,New Building,Applicant Revisions,HALIFAX,District 10,138,15,Dwelling - Multiple Units,44.661112386422026,-63.65357522607201
16708,BPCOM-2025-03635,2025-03-25,500000,Renovation,Renovation,Issued,DARTMOUTH,District 06,0,1,Commercial,44.70016925911499,-63.60705471107422
16709,BPCOM-2025-03661,2025-11-03,15000000,Renovation,Renovation,Issued,DARTMOUTH,District 05,84,8,Mixed Use - Residential & Other Use(s),44.66501648952933,-63.56684752329249
16710,BPCOM-2025-03714,2025-04-02,450000,Renovation,Renovation,Completed,DARTMOUTH,District 06,0,2,Commercial,44.700292327041744,-63.60518526717371
16711,BPCOM-2025-03939,2025-04-03,25000,Renovation,Renovation,Completed,BEDFORD,District 16,0,2,Commercial,44.70706104901189,-63.70901383719901
16712,BPCOM-2025-04067,,30800000,New Building,New Building,Applicant Revisions,BEDFORD,District 16,155,11,Mixed Use - Residential & Other Use(s),44.70772984694399,-63.71454472757455
16713,BPCOM-2025-04227,,354000,New Building,New Building,Withdrawn,TIMBERLEA,District 12,0,1,Commercial,44.64296567476923,-63.72348995195499
16714,BPCOM-2025-04335,2025-05-29,750000,Renovation,Renovation,Completed,HALIFAX,District 07,0,1,Commercial,44.643657140980025,-63.57848656380553
16715,BPCOM-2025-04409,,25000,Renovation,Renovation,Applicant Revisions,BEDFORD,District 16,0,2,Institutional and Governmental,44.7245812328983,-63.66897250789081
16716,BPCOM-2025-04738,2025-04-29,550000,Renovation,Renovation,Issued,HALIFAX,District 12,0,1,Commercial,44.65691862761092,-63.67559218069956
16717,BPCOM-2025-05017,2025-07-17,100000,Renovation,Renovation,Issued,LOWER SACKVILLE,District 15,0,2,Commercial,44.77840904376099,-63.6710202412872
16718,BPCOM-2025-05335,2025-04-16,99111,Renovation,Renovation,Completed,DARTMOUTH,District 05,0,10,Commercial,44.66558333840882,-63.56992187770611
16719,BPCOM-2025-05891,2025-05-05,40000,Renovation,Renovation,Issued,DARTMOUTH,District 06,0,1,Commercial,44.7105221097503,-63.583414310878965
16720,BPCOM-2025-06233,2025-08-12,1500000,New Building,New Building,Issued,TIMBERLEA,District 12,0,1,Commercial,44.63580945855398,-63.71475951536789
16721,BPCOM-2025-06583,,50000,New Building,New Building,Applicant Revisions,SEAFORTH,District 02,1,1,Mixed Use - Residential & Other Use(s),44.6611601850131,-63.27755866048523
16722,BPCOM-2025-06778,2025-06-06,20000,Renovation,Renovation,Completed,LOWER SACKVILLE,District 15,0,1,Commercial,44.774666976689566,-63.693052196939526
16723,BPCOM-2025-07176,,70000000,New Building,New Building,Applicant Revisions,HALIFAX,District 07,256,11,Mixed Use - Residential & Other Use(s),44.63895314523291,-63.59298408006415
16724,BPCOM-2025-07361,2025-07-18,1500000,Addition,Addition,Issued,DARTMOUTH,District 06,0,1,Commercial,44.709068779877285,-63.595918850695405
16725,BPCOM-2025-08039,2025-06-09,50000,Renovation,Renovation,Issued,BEECHVILLE,District 12,0,1,Commercial,44.64088885195961,-63.67083372093114
16726,BPCOM-2025-08134,2025-06-26,50000,Renovation,Renovation,Completed,GOFFS,District 01,0,2,Commercial,44.886560015262745,-63.51491466538
16727,BPCOM-2025-08308,2025-06-20,45000,Renovation,Renovation,Issued,HALIFAX,District 07,0,1,Institutional and Governmental,44.63265205973514,-63.57752501658912
16728,BPCOM-2025-08522,2025-06-16,108900,Renovation,Renovation,Issued,HALIFAX,District 09,0,1,Commercial,44.649368575944415,-63.61874247106554
16729,BPCOM-2025-09240,2025-06-24,40000,Renovation,Renovation,Completed,COLE HARBOUR,District 04,0,1,Commercial,44.67496501855238,-63.492580415135265
16730,BPCOM-2025-09534,2025-07-09,40000,Renovation,Renovation,Completed,LOWER SACKVILLE,District 15,0,1,Commercial,44.768827557770386,-63.685889532883614
16731,BPCOM-2025-09859,2025-06-30,15000,Renovation,Renovation,Completed,HALIFAX,District 12,0,4,Commercial,44.65513999799687,-63.66995983206623
16732,BPCOM-2025-10136,2025-07-08,77000,Renovation,Renovation,Completed,BEDFORD,District 16,0,3,Commercial,44.70777158221398,-63.70810354889524
16733,BPCOM-2025-10341,2025-07-25,80000,Renovation,Renovation,Issued,DARTMOUTH,Unidentified,0,1,Commercial,44.673150502229056,-63.53137326610548
16734,BPCOM-2025-10511,2025-08-18,585234.31,Renovation,Renovation,Issued,HALIFAX,District 08,0,5,Mixed Use - Residential & Other Use(s),44.65186335020319,-63.588013275639064
16735,BPCOM-2025-10698,2025-10-06,958400,Renovation,Renovation,Issued,HALIFAX,District 07,0,3,Commercial,44.64924799622453,-63.5761389452127
16736,BPCOM-2025-11037,2025-08-20,80000,Renovation,Renovation,Issued,HALIFAX,District 10,0,3,Commercial,44.681296436369976,-63.65931102488349
16737,BPCOM-2025-11429,2025-12-23,17325000,New Building,New Building,Amendment Review,BEAVER BANK,District 15,76,4,Dwelling - Multiple Units,44.80475467364561,-63.6890516359267
16738,BPCOM-2025-11715,2025-10-14,200000,Renovation,Renovation,Issued,BEDFORD,District 16,0,1,Commercial,44.71336448807936,-63.714994954799224
16739,BPCOM-2025-12014,2025-09-03,15000,Renovation,Renovation,Issued,HALIFAX,District 08,0,4,Dwelling - Multiple Units,44.65237877664981,-63.59363721495331
16740,BPCOM-2025-12276,2025-08-27,950000,Renovation,Renovation,Issued,PORTERS LAKE,District 02,0,1,Commercial,44.743004002130725,-63.281485184917855
16741,BPCOM-2025-12527,2025-09-02,350000,Renovation,Renovation,Completed,DARTMOUTH,District 06,0,1,Commercial,44.69766277604728,-63.584039441276076
16742,BPCOM-2025-12660,2025-09-17,45000,Renovation,Renovation,Issued,DARTMOUTH,District 05,0,4,Commercial,44.66605956128556,-63.56598034689917
16743,BPCOM-2025-12782,2026-01-02,50000,Addition,Addition,Issued,HALIFAX,District 12,1,1,Mixed Use - Residential & Other Use(s),44.65838586672393,-63.66207824108128
16744,BPCOM-2025-12896,,312000,New Building,New Building,Withdrawn,NORTH PRESTON,District 04,0,1,Commercial,44.74142666262328,-63.46896424240925
16745,BPCOM-2025-13096,2026-04-28,19794000,New Building,New Building,Issued,,District 06,0,1,Commercial,44.72809819266829,-63.584113828164654
16746,BPCOM-2025-13380,2025-09-05,325000,Renovation,Renovation,Completed,HALIFAX,District 07,0,9,Commercial,44.647297148804824,-63.57684441289074
16747,BPCOM-2025-13761,2026-01-09,3000000,Renovation,Renovation,Completed,BEDFORD,District 16,0,6,Commercial,44.73171107548279,-63.65941779538993
16748,BPCOM-2025-13980,,950000,New Building,New Building,In Review,,District 11,0,1,Industrial,44.58714778878342,-63.643632620143315
16749,BPCOM-2025-14173,2025-10-16,200000,Renovation,Renovation,Completed,HALIFAX,District 07,0,11,Mixed Use - Residential & Other Use(s),44.64585365514064,-63.57318613888742
16750,BPCOM-2025-14366,2025-10-24,110000,Renovation,Renovation,Issued,HALIFAX,District 08,0,9,Commercial,44.66059336325341,-63.59608634202387
16751,BPCOM-2025-14602,,70000,Addition,Addition,Withdrawn,HALIFAX,District 11,2,3,Dwelling - Multiple Units,44.60958254240611,-63.61625840707493
16752,BPCOM-2025-14901,,7000,Renovation,Renovation,Completed,HALIFAX,District 07,0,2,Commercial,44.63551523693974,-63.572102175849906
16753,BPCOM-2025-15046,2026-01-06,150000,Renovation,Renovation,Issued,DARTMOUTH,District 06,0,3,Mixed Use - Residential & Other Use(s),44.682289203730534,-63.53846230713893
16754,BPCOM-2025-15215,2025-10-24,275000,Renovation,Renovation,Completed,GOFFS,District 01,0,6,Commercial,44.886560015262745,-63.51491466538
16755,BPCOM-2025-15364,2025-11-06,100000,Renovation,Renovation,Completed,HALIFAX,District 08,0,2,Commercial,44.65391207651713,-63.585581794965655
16756,BPCOM-2025-15591,2026-04-07,693150,Renovation,Renovation,Issued,DARTMOUTH,District 05,0,2,Commercial,44.66440814349242,-63.570051670461794
16757,BPCOM-2025-15756,2026-01-28,250000,Renovation,Renovation,Amendment Applicant Revisions,HALIFAX,District 10,0,2,Commercial,44.67602066244646,-63.64798267251626
16758,BPCOM-2025-15909,2025-10-31,60000,Renovation,Renovation,Completed,HALIFAX,District 12,0,4,Commercial,44.65448564541602,-63.6690827813914
16759,BPCOM-2025-16134,2025-11-14,601000,Renovation,Renovation,Issued,DARTMOUTH,District 03,0,1,Commercial,44.670362149929694,-63.528130388173594
16760,BPCOM-2025-16228,2025-11-27,500000,Renovation,Renovation,Issued,COLE HARBOUR,District 04,0,1,Commercial,44.67496501855238,-63.492580415135265
16761,BPCOM-2025-16314,2025-11-05,75000,Renovation,Renovation,Issued,HALIFAX,District 07,0,21,Dwelling - Multiple Units,44.64058700556564,-63.58356124383693
16762,BPCOM-2025-16473,2025-10-30,200000,Renovation,Renovation,Issued,HALIFAX,District 07,0,16,Commercial,44.648977647796926,-63.57476083134049
16763,BPCOM-2025-16765,2025-11-20,200000,Renovation,Renovation,Issued,DARTMOUTH,District 05,0,8,Commercial,44.66501648952933,-63.56684752329249
16764,BPCOM-2025-17025,2026-01-20,5500000,Addition,Addition,Issued,BEDFORD,District 16,0,4,Commercial,44.72225598155308,-63.69550444192757
16765,BPCOM-2025-17243,,957550,New Building,New Building,Applicant Revisions,,District 14,0,2,Commercial,44.79813496433273,-63.740963296742045
16766,BPCOM-2025-17432,2025-11-18,119000,Renovation,Renovation,Completed,HALIFAX,District 07,0,22,Commercial,44.64930696488166,-63.573363723911974
16767,BPCOM-2025-17737,,40000,New Building,New Building,Applicant Revisions,MURPHY COVE,District 02,0,1,Commercial,44.77570239951846,-62.76305185896554
16768,BPCOM-2025-17938,2026-05-07,80000,Renovation,Renovation,Issued,HALIFAX,District 11,0,3,Institutional and Governmental,44.624857465552935,-63.617603396420606
16769,BPCOM-2025-18083,,200000,Renovation,Renovation,Applicant Revisions,WEST PETPESWICK,District 02,1,2,Mixed Use - Residential & Other Use(s),44.738164382040544,-63.17167765396098
16770,BPCOM-2025-18162,,380000,New Building,New Building,In Review,GOODWOOD,District 13,0,1,Commercial,44.601760433435935,-63.680919346213955
16771,BPCOM-2025-18472,,1750000,Addition,Addition,Applicant Revisions,EASTERN PASSAGE,District 03,4,3,Mixed Use - Residential & Other Use(s),44.60672002036307,-63.48872732056844
16772,BPCOM-2025-18687,2025-12-23,300000,Renovation,Renovation,Issued,DARTMOUTH,District 06,0,5,Commercial,44.696182996606396,-63.58099156721124
16773,BPCOM-2025-18792,,24000000,New Building,New Building,Applicant Revisions,COLE HARBOUR,District 04,104,6,Dwelling - Multiple Units,44.67227667987706,-63.48107066038128
16774,BPCOM-2025-18890,2026-01-08,1169812,Renovation,Renovation,Issued,LOWER SACKVILLE,District 15,0,2,Commercial,44.77840904376099,-63.6710202412872
16775,BPCOM-2025-19088,2026-02-17,5000,Renovation,Renovation,Applicant Revisions,GOODWOOD,District 13,0,1,Commercial,44.60137139329214,-63.681079693084556
16776,BPCOM-2026-00194,2026-01-16,280000,Renovation,Renovation,Issued,DARTMOUTH,District 05,0,3,Commercial,44.68656042112191,-63.55952448193897
16777,BPCOM-2026-00374,,80000,Renovation,Renovation,Withdrawn,HALIFAX,District 07,0,22,Mixed Use - Residential & Other Use(s),44.64386987195683,-63.56984458600852
16778,BPCOM-2026-00456,2026-02-24,80000,Renovation,Renovation,Issued,HALIFAX,District 07,0,24,Mixed Use - Residential & Other Use(s),44.64386987195683,-63.56984458600852
16779,BPCOM-2026-00562,2026-01-23,1500000,Renovation,Renovation,Issued,HALIFAX,District 07,0,2,Institutional and Governmental,44.63936277761296,-63.585327595239505
16780,BPCOM-2026-00804,2026-02-12,1600000,Renovation,Renovation,Amendment Review,LOWER SACKVILLE,District 15,0,2,Commercial,44.77840904376099,-63.6710202412872
16781,BPCOM-2026-01087,2026-02-13,100000,Renovation,Renovation,Issued,HALIFAX,District 07,0,6,Commercial,44.64345501244733,-63.575860163395795
16782,BPCOM-2026-01248,,750000,New Building,New Building,Application Incomplete,,District 04,0,2,Commercial,44.67287719216014,-63.47976770891826
16783,BPCOM-2026-01412,2026-02-12,250000,Renovation,Renovation,Issued,HALIFAX,District 09,0,3,Commercial,44.649368575944415,-63.61874247106554
16784,BPCOM-2026-01444,,34000000,New Building,New Building,Applicant Revisions,HALIFAX,District 10,164,9,Dwelling - Multiple Units,44.65296740262956,-63.631067895658454
16785,BPCOM-2026-01526,2026-06-11,10000000,New Building,New Building,Issued,HAMMONDS PLAINS,District 14,46,3,Mixed Use - Residential & Other Use(s),44.734262864132795,-63.75764837717945
16786,BPCOM-2026-01692,2026-02-26,929958,Renovation,Renovation,Issued,DARTMOUTH,District 05,0,3,Commercial,44.68656042112191,-63.55952448193897
16787,BPCOM-2026-01827,2026-03-02,100000,Renovation,Renovation,Completed,HALIFAX,District 07,0,15,Dwelling - Multiple Units,44.64129518739388,-63.578961610397236
16788,BPCOM-2026-02145,2026-05-01,20000,Renovation,Renovation,Completed,LOWER SACKVILLE,District 15,0,1,Commercial,44.75562772266534,-63.66113603512908
16789,BPCOM-2026-02471,2026-05-29,502000,Addition,Addition,Issued,BEECHVILLE,District 12,0,1,Commercial,44.639051617950166,-63.66731782347035
16790,BPCOM-2026-02764,2026-06-17,300000,New Building,New Building,Issued,SEAFORTH,District 02,0,1,Industrial,44.6559796731415,-63.27760428864463
16791,BPCOM-2026-02904,,32000000,Addition,Addition,Applicant Revisions,HALIFAX,District 07,134,75,Mixed Use - Residential & Other Use(s),44.6490123403888,-63.57816114662933
16792,BPCOM-2026-03056,,350000,Renovation,Renovation,Applicant Revisions,DARTMOUTH,District 06,0,2,Industrial,44.70298997813389,-63.593308936518106
16793,BPCOM-2026-03390,2026-05-01,897000,Renovation,Renovation,Issued,MUSQUODOBOIT HARBOUR,District 02,0,1,Commercial,44.78397995164184,-63.15830301464035
16794,BPCOM-2026-03841,,34000000,New Building,New Building,In Review,HALIFAX,District 07,168,9,Mixed Use - Residential & Other Use(s),44.64374609962183,-63.57670893427575
16795,BPCOM-2026-03845,,12500000,New Building,New Building,Applicant Revisions,HALIFAX,District 10,50,7,Dwelling - Multiple Units,44.65279902968498,-63.63212444672726
16796,BPCOM-2026-04056,,300000,New Building,New Building,Applicant Revisions,UPPER HAMMONDS PLAINS,District 14,0,1,Industrial,44.7554533986686,-63.847047356597464
16797,BPCOM-2026-04267,,40000,Renovation,Renovation,In Review,WELLINGTON,District 01,0,1,Accessory Structure,44.85083959800568,-63.60982428036301
16798,BPCOM-2026-04604,,12000000,Renovation,Renovation,Applicant Revisions,MIDDLE SACKVILLE,District 14,0,4,Dwelling - Multiple Units,44.789619063929706,-63.72038421435171
16799,BPCOM-2026-04799,2026-05-06,340000,Renovation,Renovation,Issued,HALIFAX,District 12,0,4,Commercial,44.6709551285753,-63.66390370175253
16800,BPCOM-2026-05116,,1315000,New Building,New Building,In Review,MIDDLE MUSQUODOBOIT,District 01,0,1,Institutional and Governmental,45.04460466379298,-63.1469079557328
16801,BPCOM-2026-05249,,22000,New Building,New Building,Applicant Revisions,,District 02,0,1,Commercial,44.79723011525248,-63.39320962588997
16802,BPCOM-2026-05416,2026-05-26,3800000,Renovation,Renovation,Issued,DARTMOUTH,District 06,0,1,Commercial,44.69984803600896,-63.56297043230378
16803,BPCOM-2026-05780,2026-05-19,112690,Renovation,Renovation,Issued,DARTMOUTH,District 06,0,1,Commercial,44.701576301676354,-63.60831325683414
16804,BPCOM-2026-05954,,900000,Addition,Addition,Submitted,BEDFORD,District 16,0,1,Commercial,44.74733866504509,-63.62921194241388
16805,BPCOM-2026-06417,2026-06-16,84000,Renovation,Renovation,Issued,DARTMOUTH,District 05,0,3,Institutional and Governmental,44.67210821195945,-63.58631607512788
16806,BPCOM-2026-06698,2026-06-08,180000,Renovation,Renovation,Issued,DARTMOUTH,District 05,0,3,Commercial,44.68656042112191,-63.55952448193897
16807,BPCOM-2026-07006,,800000,New Building,New Building,In Review,HALIFAX,District 07,5,4,Dwelling - Multiple Units,44.63963244733463,-63.59160079532732
16808,BPCOM-2026-07108,2026-06-04,108705,Renovation,Renovation,Issued,HALIFAX,District 09,0,5,Commercial,44.64456804856731,-63.61829827347219
16809,BPCOM-2026-07525,,110000,Renovation,Renovation,Applicant Revisions,HALIFAX,District 09,2,3,Dwelling - Multiple Units,44.6548948187524,-63.605025148702175
16810,BPCOM-2026-07849,2026-06-24,40000,New Building,New Building,Issued,HALIFAX,District 12,0,1,Accessory Structure,44.65838586672393,-63.66207824108128
16811,BPCOM-2026-07958,,300000,Renovation,Renovation,In Review,FALL RIVER,District 01,0,1,Commercial,44.81002123819536,-63.60599313963408
16812,BPCOM-2026-08142,,3200000,Renovation,Renovation,In Review,HALIFAX,District 07,0,14,Commercial,44.64966610556248,-63.57564691094759
16813,BPCOM-2026-08261,,8000,Renovation,Renovation,Applicant Revisions,HALIFAX,District 08,0,5,Mixed Use - Residential & Other Use(s),44.65409027037147,-63.58663404296194
16814,BPCOM-2026-08700,,10000,Addition,Addition,Submitted,ELMSDALE,District 01,0,1,Institutional and Governmental,44.96262118263154,-63.48861652592355
16815,BPRES-2021-10327,2022-07-19,350000,Addition,Addition,Issued,HALIFAX,District 08,0,3,Dwelling - Multiple Units,44.66638959535726,-63.60012433323014
16816,BPRES-2021-10398,2021-06-29,280000,New Building,New Building,Completed,OAKFIELD,District 01,1,2,Dwelling - Single Detached,44.9210273777568,-63.566632286316576
16817,BPRES-2021-10460,2022-07-05,10500,Addition,Addition,Expired,HALIFAX,District 08,0,1,Dwelling - Single Detached,44.65239426285819,-63.594569969329015
16818,BPRES-2021-10497,2021-08-20,80000,Renovation,Renovation,Expired,BEDFORD,District 16,0,3,Dwelling - Multiple Units,44.72745525042854,-63.67163424534218
16819,BPRES-2021-10563,2021-06-30,18000,New Building,New Building,Expired (Closed),FALL RIVER,District 01,0,1,Accessory Structure,44.82242592019278,-63.63637154875481
16820,BPRES-2021-10610,2021-11-01,300000,New Building,New Building,Expired,PROSPECT BAY,District 13,1,1,Dwelling - Single Detached,44.5172353635206,-63.77341839285491
16821,BPRES-2021-10666,2021-06-29,375000,New Building,New Building,Completed,MIDDLE SACKVILLE,District 14,1,1,Dwelling - Single Detached,44.782269013439844,-63.74944395098683
16822,BPRES-2021-10747,2021-06-28,151500,Addition,Addition,Expired,HALIFAX,District 08,0,3,Dwelling - Single Detached,44.654538490655014,-63.60102369660062
16823,BPRES-2021-10792,2021-07-05,555000,New Building,New Building,Expired,TIMBERLEA,District 12,2,1,Dwelling - Single Detached,44.67937464685217,-63.77695490319073
16824,BPRES-2021-10906,,32000,New Building,New Building,Withdrawn,HAMMONDS PLAINS,District 14,0,1,Accessory Structure,44.777824633906086,-63.76919072994814
16825,BPRES-2021-10989,2021-06-30,450000,New Building,New Building,Completed,MIDDLE SACKVILLE,District 14,1,2,Dwelling - Single Detached,44.77753538032288,-63.743138738662736
16826,BPRES-2021-11058,2021-07-14,20000,New Building,New Building,Completed,DARTMOUTH,District 05,0,1,Accessory Structure,44.682652998482695,-63.57188691772926
16827,BPRES-2021-11157,2021-06-25,325000,New Building,New Building,Completed,BEAVER BANK,District 15,1,2,Dwelling - Single Detached,44.80265100771942,-63.67588030327318
16828,BPRES-2021-11289,2022-07-07,27000,New Building,New Building,Completed,EAST LAWRENCETOWN,District 02,0,1,Accessory Structure,44.665686044849885,-63.321306090057995
16829,BPRES-2021-11344,2021-07-15,375000,New Building,New Building,Completed,MIDDLE SACKVILLE,District 14,1,2,Dwelling - Single Detached,44.77738709238803,-63.737800118596
16830,BPRES-2021-11454,2021-08-03,28600,New Building,New Building,Completed,HAMMONDS PLAINS,District 14,0,1,Accessory Structure,44.75637710075906,-63.788275190695344
16831,BPRES-2021-11526,2021-08-03,250000,New Building,New Building,Completed,BOUTILIERS POINT,District 13,1,2,Dwelling - Single Detached,44.66384823550276,-63.93827390252756
16832,BPRES-2021-11592,2021-08-05,98000,Renovation,Renovation,Completed,HALIFAX,District 09,0,1,Dwelling - Multiple Units,44.65769506716259,-63.621782482478004
16833,BPRES-2021-11677,2021-07-16,37000,New Building,New Building,Completed,UPPER SACKVILLE,District 14,0,1,Accessory Structure,44.81701674981401,-63.76446671894275
16834,BPRES-2021-11702,2022-04-25,3000,Renovation,Renovation,Completed,HALIFAX,District 11,0,2,Dwelling - Single Detached,44.63391367135132,-63.621974800669726
16835,BPRES-2021-11820,2021-07-23,30000,New Building,New Building,Completed,HAMMONDS PLAINS,District 14,0,1,Accessory Structure,44.777824633906086,-63.76919072994814
16836,BPRES-2021-11849,,30000,Addition,Addition,Applicant Revisions,WAVERLEY,District 01,0,2,Dwelling - Single Detached,44.77372902356006,-63.580982553062306
16837,BPRES-2021-11910,,,Renovation,Renovation,Cancelled,DARTMOUTH,District 05,1,2,Dwelling - Multiple Units,44.67893383826041,-63.5862277406373
16838,BPRES-2021-11914,,94000,Addition,Addition,Application Incomplete,HALIFAX,District 11,1,1,Dwelling - Backyard Suite,44.5897429275345,-63.59483744821357
16839,BPRES-2021-12038,2021-07-22,18000,New Building,New Building,Expired,COLE HARBOUR,District 04,0,1,Accessory Structure,44.66562675316934,-63.49564880322089
16840,BPRES-2021-12069,,390000,New Building,New Building,Withdrawn,,Unidentified,1,1,Dwelling - Single Detached,44.612570106570075,-64.11824064116105
16841,BPRES-2021-12117,2021-08-20,20000,Renovation,Renovation,Expired,HALIFAX,District 10,1,1,Dwelling - Multiple Units,44.64950892752643,-63.64223991673958
16842,BPRES-2021-12162,2021-09-08,4500,Renovation,Renovation,Expired (Closed),WEST QUODDY,District 02,0,1,Dwelling - Seasonal,44.93159585193288,-62.34669111529471
16843,BPRES-2021-12246,2021-07-28,550000,New Building,New Building,Completed,CLAM BAY,District 02,1,2,Dwelling - Single Detached,44.72831045723758,-62.93817094449157
16844,BPRES-2021-12299,2021-12-14,20000,Renovation,Renovation,Expired,HALIFAX,District 09,0,2,Dwelling - Single Detached,44.64410981117273,-63.60505356157352
16845,BPRES-2021-12374,2022-03-29,10000,Renovation,Renovation,Issued,DARTMOUTH,District 03,0,1,Dwelling - Backyard Suite,44.64669754883958,-63.5405181276944
16846,BPRES-2021-12401,2021-08-31,25000,New Building,New Building,Completed,COLE HARBOUR,District 04,0,1,Accessory Structure,44.676253835995794,-63.50067992400098
16847,BPRES-2021-12447,2021-11-30,40000,Renovation,Renovation,Completed,UPPER HAMMONDS PLAINS,District 14,1,2,Dwelling - Semi-Detached,44.75499350115066,-63.85393263802477
16848,BPRES-2021-12498,2021-08-05,2000,New Building,New Building,Completed,WILLIAMSWOOD,District 11,0,1,Accessory Structure,44.48033585621865,-63.61064467950181
16849,BPRES-2021-12665,2021-08-12,425000,New Building,New Building,Completed,BEAVER BANK,District 15,1,2,Dwelling - Single Detached,44.832128240992944,-63.65729799715908
16850,BPRES-2021-12742,2021-08-27,755600,New Building,New Building,Completed,MIDDLE SACKVILLE,District 14,1,1,Dwelling - Single Detached,44.78594046207369,-63.747467282937386
16851,BPRES-2021-12796,2022-02-10,1100000,New Building,New Building,Completed,BEDFORD,District 16,4,3,Dwelling - Semi-Detached,44.737297836051624,-63.64968318919997
16852,BPRES-2021-12827,2021-08-24,500000,New Building,New Building,Completed,TIMBERLEA,District 12,4,3,Dwelling - Semi-Detached,44.650704870914524,-63.73552535351969
16853,BPRES-2021-12865,2022-08-30,15000,Renovation,Renovation,Completed,HALIFAX,District 11,1,2,Dwelling - Multiple Units,44.62554334976133,-63.61505364141556
16854,BPRES-2021-12962,2021-10-06,140000,Renovation,Renovation,Completed,DARTMOUTH,District 05,0,2,Dwelling - Single Detached,44.68223546334783,-63.5639464126189
16855,BPRES-2021-13019,2021-08-12,36000,New Building,New Building,Completed,BEAVER BANK,District 15,0,1,Accessory Structure,44.79687577887312,-63.68088064516997
16856,BPRES-2021-13074,2021-08-20,850000,New Building,New Building,Completed,BEDFORD,District 16,1,2,Dwelling - Single Detached,44.70015845551632,-63.71234068045527
16857,BPRES-2021-13133,2021-09-02,17496,Renovation,Renovation,Completed,DARTMOUTH,District 05,0,11,Dwelling - Multiple Units,44.66411219229231,-63.56372834790487
16858,BPRES-2021-13203,2021-08-20,29782,Renovation,Renovation,Expired,HALIFAX,District 09,0,2,Dwelling - Single Detached,44.65134592776432,-63.608549335407744
16859,BPRES-2021-13261,2021-08-27,20000,New Building,New Building,Completed,MIDDLE SACKVILLE,District 14,0,1,Accessory Structure,44.795167775765776,-63.730309761977665
16860,BPRES-2021-13322,2021-08-25,39000,New Building,New Building,Completed,BEAVER BANK,District 15,0,2,Accessory Structure,44.838541950550656,-63.66843643275437
16861,BPRES-2021-13359,2021-08-27,600000,New Building,New Building,Completed,HARRIETSFIELD,District 11,1,2,Dwelling - Single Detached,44.54459393279086,-63.644749441530614
16862,BPRES-2021-13390,,8400,Renovation,Renovation,Applicant Revisions,WHITES LAKE,District 13,1,2,Dwelling - Multiple Units,44.54089655752292,-63.74021726502527
16863,BPRES-2021-13454,2021-11-22,300000,New Building,New Building,Completed,FALL RIVER,District 01,2,2,Dwelling - Multiple Units,44.82419730048937,-63.61504323804381
16864,BPRES-2021-13509,2021-09-29,957000,New Building,New Building,Issued,HARRIETSFIELD,District 11,1,2,Dwelling - Single Detached,44.552599956129285,-63.64208459175064
16865,BPRES-2021-13578,,10500,New Building,New Building,Withdrawn,MIDDLE SACKVILLE,District 14,0,1,Accessory Structure,44.79642711069528,-63.732895464263876
16866,BPRES-2021-13618,2021-09-07,180000,New Building,New Building,Completed,HALIFAX,District 11,2,3,Dwelling - Semi-Detached,44.60226507686255,-63.61337539052401
16867,BPRES-2021-13700,2021-08-27,300000,New Building,New Building,Completed,PORTERS LAKE,District 02,1,1,Dwelling - Single Detached,44.754890003938,-63.3060506808761
16868,BPRES-2021-13810,2021-09-09,175000,Renovation,Renovation,Expired,HAMMONDS PLAINS,District 14,0,3,Dwelling - Single Detached,44.710571305167676,-63.74593076664433
16869,BPRES-2021-13848,2021-09-09,84000,New Building,New Building,Expired,HUBLEY,District 13,1,1,Dwelling - Single Detached,44.68120897290328,-63.82468109499305
16870,BPRES-2021-13885,2021-09-09,150000,Renovation,Renovation,Expired,FLETCHERS LAKE,District 01,0,1,Dwelling - Single Detached,44.85374637449538,-63.597290469031
16871,BPRES-2021-14034,,8800,New Building,New Building,Withdrawn,HUBLEY,District 13,0,1,Accessory Structure,44.67995270921027,-63.82334443477952
16872,BPRES-2021-14052,2021-09-29,875000,New Building,New Building,Completed,BEDFORD,District 16,1,3,Dwelling - Single Detached,44.7013268416601,-63.71456447989734
16873,BPRES-2021-14104,2021-09-21,30000,New Building,New Building,Completed,PORTERS LAKE,District 02,0,1,Accessory Structure,44.70822545637335,-63.30352535004583
16874,BPRES-2021-14182,2021-10-19,450000,New Building,New Building,Completed,PORTERS LAKE,District 02,1,1,Dwelling - Single Detached,44.750887751059224,-63.33394708485407
16875,BPRES-2021-14260,2021-09-21,350000,New Building,New Building,Completed,CLAM BAY,District 02,1,2,Dwelling - Single Detached,44.72921448651433,-62.92119253157867
16876,BPRES-2021-14306,2022-05-26,285000,New Building,New Building,Amendment Applicant Revisions,WELLINGTON,District 01,1,2,Dwelling - Single Detached,44.87686457681525,-63.60782773079991
16877,BPRES-2021-14342,2021-09-28,18000,New Building,New Building,Expired (Closed),FALL RIVER,District 01,0,1,Accessory Structure,44.807007567146314,-63.62527045386103
16878,BPRES-2021-14369,2021-09-02,25000,New Building,New Building,Completed,HATCHET LAKE,District 13,0,1,Accessory Structure,44.56284857382714,-63.738691848490404
16879,BPRES-2021-14474,2021-09-14,425000,New Building,New Building,Completed,FALL RIVER,District 01,1,2,Dwelling - Single Detached,44.809439966311686,-63.58579345261584
16880,BPRES-2021-14515,,300000,Addition,Addition,Withdrawn,HALIFAX,District 12,1,1,Dwelling - Single Detached,44.68012536765861,-63.67438168642356
16881,BPRES-2021-14555,,3000,Renovation,Renovation,Application Incomplete,HALIFAX,District 07,0,2,Dwelling - Semi-Detached,44.6415961865041,-63.57633736548555
16882,BPRES-2021-14588,2021-10-19,30000,New Building,New Building,Expired (Closed),HALIFAX,District 07,0,1,Accessory Structure,44.64165344337457,-63.590875941688594
16883,BPRES-2021-14672,2021-11-23,45145,Addition,Addition,Expired,BEDFORD,District 16,0,1,Dwelling - Single Detached,44.71619612025437,-63.68304613434478
16884,BPRES-2021-14756,,30000,New Building,New Building,Withdrawn,MIDDLE SACKVILLE,District 14,0,1,Accessory Structure,44.78388296523796,-63.738619484081276
16885,BPRES-2021-14843,2021-10-04,8000,New Building,New Building,Expired (Closed),MUSQUODOBOIT HARBOUR,District 02,0,1,Accessory Structure,44.79946144775435,-63.15894905033864
16886,BPRES-2021-14926,2021-10-04,150000,New Building,New Building,Cancelled,LUCASVILLE,District 14,1,2,Dwelling - Single Detached,44.75793963454643,-63.724032331869616
16887,BPRES-2021-14984,,595000,New Building,New Building,Applicant Revisions,,District 04,1,1,Dwelling - Single Detached,44.715909824140184,-63.4011013360566
16888,BPRES-2021-15093,2021-11-19,680000,New Building,New Building,Completed,WEST PETPESWICK,District 02,1,1,Dwelling - Single Detached,44.752061694110154,-63.1665009647195
16889,BPRES-2021-15150,2021-10-04,1000000,New Building,New Building,Completed,FALL RIVER,District 01,1,1,Dwelling - Single Detached,44.82999672552909,-63.65023905158266
16890,BPRES-2021-15225,2021-10-06,120000,New Building,New Building,Completed,CLAM BAY,District 02,1,1,Dwelling - Backyard Suite,44.72932947579496,-62.92166110323298
16891,BPRES-2021-15297,2021-09-21,25000,Renovation,Renovation,Expired,DARTMOUTH,District 05,0,2,Dwelling - Single Detached,44.671689795372075,-63.56629159403656
16892,BPRES-2021-15385,2022-01-20,180000,Addition,Addition,Expired,DARTMOUTH,District 06,1,2,Dwelling - Multiple Units,44.70086929929945,-63.534743256862455
16893,BPRES-2021-15490,2021-10-19,96798,Addition,Addition,Completed,HAMMONDS PLAINS,District 14,0,2,Dwelling - Single Detached,44.706352321811174,-63.75790485785488
16894,BPRES-2021-15577,2021-10-19,511000,New Building,New Building,Completed,PORTUGUESE COVE,District 11,1,1,Dwelling - Single Detached,44.51984707316868,-63.57885825643838
16895,BPRES-2021-15639,2021-10-15,411500,New Building,New Building,Completed,HUBLEY,District 13,1,2,Dwelling - Single Detached,44.66544811008215,-63.812164211181674
16896,BPRES-2021-15671,2021-11-08,500000,New Building,New Building,Completed,MIDDLE SACKVILLE,District 14,1,3,Dwelling - Single Detached,44.8138202244708,-63.741238933197415
16897,BPRES-2021-15723,2021-10-06,30000,New Building,New Building,Completed,FALL RIVER,District 01,0,1,Accessory Structure,44.8181411658788,-63.64508759571755
16898,BPRES-2021-15770,2021-10-06,7000,Renovation,Renovation,Expired,MIDDLE SACKVILLE,District 14,0,1,Dwelling - Single Detached,44.7780830408288,-63.70573350058916
16899,BPRES-2021-15807,2023-05-02,125000,New Building,New Building,Expired,HALIFAX,District 12,0,1,Accessory Structure,44.675882493749164,-63.67145132969137
16900,BPRES-2021-15852,2021-10-07,40000,Renovation,Renovation,Completed,COLE HARBOUR,District 04,0,1,Dwelling - Single Detached,44.661231563453995,-63.48793281147985
16901,BPRES-2021-15884,2021-11-25,23000,New Building,New Building,Expired (Closed),TIMBERLEA,District 12,0,1,Accessory Structure,44.64158210046544,-63.707240322062134
16902,BPRES-2021-15988,,45000,New Building,New Building,Cancelled,DEVON,District 01,0,1,Accessory Structure,44.914576786007295,-63.40073534376587
16903,BPRES-2021-16101,,250000,New Building,New Building,Withdrawn,TIMBERLEA,District 12,1,1,Dwelling - Backyard Suite,44.6612426525128,-63.74347138040391
16904,BPRES-2021-16207,2021-10-07,4500,New Building,New Building,Expired,WHITES LAKE,District 13,0,1,Accessory Structure,44.5115975498976,-63.76927685761572
16905,BPRES-2021-16277,2021-11-25,21000,New Building,New Building,Expired (Closed),DARTMOUTH,District 06,0,1,Accessory Structure,44.672118009360844,-63.54546062396164
16906,BPRES-2021-16344,,5000,Addition,Addition,Applicant Revisions,DARTMOUTH,District 06,0,1,Dwelling - Single Detached,44.67450390344648,-63.50766242183236
16907,BPRES-2021-16388,2021-11-19,2000,Addition,Addition,Expired,HEAD OF ST MARGARETS BAY,District 13,0,1,Dwelling - Single Detached,44.67285143749755,-63.92404929469082
16908,BPRES-2021-16403,2021-10-15,52000,New Building,New Building,Expired,MIDDLE PORTERS LAKE,District 02,0,2,Accessory Structure,44.69507325530337,-63.2955353700613
16909,BPRES-2021-16446,2021-11-25,70000,New Building,New Building,Completed,BOUTILIERS POINT,District 13,1,1,Dwelling - Backyard Suite,44.67195442078127,-63.92892812844814
16910,BPRES-2021-16490,2021-10-15,25000,Renovation,Renovation,Completed,EAST LAWRENCETOWN,District 02,0,2,Dwelling - Single Detached,44.659920844172646,-63.32748213884351
16911,BPRES-2021-16550,2021-12-03,275000,Addition,Addition,Completed,HALIFAX,District 07,0,3,Dwelling - Single Detached,44.64125052941895,-63.59125031931594
16912,BPRES-2021-16617,2021-12-01,19000,New Building,New Building,Expired (Closed),HAMMONDS PLAINS,District 14,0,1,Accessory Structure,44.76463497955554,-63.7876957466833
16913,BPRES-2021-16683,2021-11-19,500000,New Building,New Building,Completed,TIMBERLEA,District 12,4,3,Dwelling - Semi-Detached,44.654218285946214,-63.737063576730215
16914,BPRES-2021-16748,2021-12-02,50000,Addition,Addition,Issued,HAMMONDS PLAINS,District 14,0,2,Dwelling - Single Detached,44.74763681845068,-63.79319623249754
16915,BPRES-2021-16822,2022-07-08,3947175,New Building,New Building,Completed,HALIFAX,District 08,40,7,Dwelling - Multiple Units,44.66035687000956,-63.59576012069133
16916,BPRES-2021-16851,2022-04-01,462880,New Building,New Building,Completed,DARTMOUTH,District 05,3,2,Dwelling - Multiple Units,44.68060682130032,-63.58849241849768
16917,BPRES-2021-16896,2021-10-19,365000,New Building,New Building,Completed,BEDFORD,District 16,1,2,Dwelling - Single Detached,44.701490593378715,-63.71381576985951
16918,BPRES-2021-16959,2021-10-26,8000,New Building,New Building,Completed,LOWER SACKVILLE,District 15,0,1,Accessory Structure,44.786990243177975,-63.68082217407592
16919,BPRES-2021-17015,2021-11-16,675000,New Building,New Building,Completed,BEDFORD,District 16,1,3,Dwelling - Single Detached,44.70409215186326,-63.716725696963934
16920,BPRES-2021-17041,2021-11-03,600000,New Building,New Building,Completed,BEDFORD,District 16,1,3,Dwelling - Single Detached,44.704198157421516,-63.71612955335279
16921,BPRES-2021-17074,2021-12-20,200000,New Building,New Building,Completed,MUSQUODOBOIT HARBOUR,District 02,1,1,Dwelling - Single Detached,44.81582709942426,-63.18721288148789
16922,BPRES-2021-17137,2021-11-15,550000,New Building,New Building,Completed,BEDFORD,District 16,1,2,Dwelling - Single Detached,44.70307999774661,-63.71827429511671
16923,BPRES-2021-17176,2021-11-16,400000,New Building,New Building,Completed,UPPER SACKVILLE,District 14,1,2,Dwelling - Single Detached,44.836572398832125,-63.78823385509767
16924,BPRES-2021-17206,2021-11-03,450000,New Building,New Building,Completed,BEDFORD,District 16,1,2,Dwelling - Single Detached,44.70410997840606,-63.71815397316654
16925,BPRES-2021-17234,2021-11-04,400000,New Building,New Building,Completed,BEDFORD,District 16,1,3,Dwelling - Single Detached,44.70456383341184,-63.715805480252286
16926,BPRES-2021-17254,2021-11-08,400000,New Building,New Building,Completed,BEDFORD,District 16,1,3,Dwelling - Single Detached,44.70425273036346,-63.71514937686643
16927,BPRES-2021-17279,2021-11-04,425000,New Building,New Building,Completed,BEDFORD,District 16,1,2,Dwelling - Single Detached,44.703491030588324,-63.717886012957344
16928,BPRES-2021-17311,2021-11-25,590000,New Building,New Building,Completed,HAMMONDS PLAINS,District 14,1,2,Dwelling - Single Detached,44.769271545819656,-63.75961350276977
16929,BPRES-2021-17369,2022-07-21,13000,New Building,New Building,Completed,LEWIS LAKE,District 13,0,1,Accessory Structure,44.67679171747757,-63.83441514889635
16930,BPRES-2021-17435,2022-06-20,145000,New Building,New Building,Expired,LAWRENCETOWN,District 02,0,2,Accessory Structure,44.65102356731872,-63.36766124091955
16931,BPRES-2021-17536,2021-12-02,15000,Renovation,Renovation,Completed,BEAVER BANK,District 15,1,3,Dwelling - Multiple Units,44.80682329474547,-63.68856025289623
16932,BPRES-2021-17594,2021-11-30,30000,Addition,Addition,Expired,HALIFAX,District 09,0,1,Dwelling - Single Detached,44.6578330578191,-63.62299214544532
16933,BPRES-2021-17644,2021-11-01,675000,New Building,New Building,Completed,BEDFORD,District 16,1,3,Dwelling - Single Detached,44.7036226639589,-63.71847066804059
16934,BPRES-2021-17669,2021-11-22,185000,New Building,New Building,Completed,HALIFAX,District 11,4,3,Dwelling - Semi-Detached,44.60191816561593,-63.61368928198048
16935,BPRES-2021-17707,2021-11-25,49707,Renovation,Renovation,Expired,BEDFORD,District 16,0,2,Dwelling - Single Detached,44.70264425664807,-63.6787816452783
16936,BPRES-2021-17776,2021-12-01,375000,New Building,New Building,Completed,TIMBERLEA,District 12,1,3,Dwelling - Single Detached,44.63932524203517,-63.724196655648605
16937,BPRES-2021-17846,2021-11-29,94500,Renovation,Renovation,Completed,DARTMOUTH,District 05,0,2,Dwelling - Single Detached,44.672327282111986,-63.568755964568574
16938,BPRES-2021-17879,2022-05-05,650000,New Building,New Building,Completed,HALIFAX,District 11,3,3,Dwelling - Multiple Units,44.61640400591903,-63.61909223437774
16939,BPRES-2021-17934,2021-12-07,30000,Renovation,Renovation,Completed,DARTMOUTH,District 03,0,2,Dwelling - Single Detached,44.659349753724904,-63.54802416630675
16940,BPRES-2021-17992,2021-12-20,9000,Renovation,Renovation,Expired (Closed),HALIFAX,District 10,0,3,Dwelling - Multiple Units,44.65212893481136,-63.65199044349102
16941,BPRES-2021-18019,2021-11-16,675000,New Building,New Building,Completed,BEDFORD,District 16,1,3,Dwelling - Single Detached,44.70389927341128,-63.71745010247504
16942,BPRES-2021-18065,,10000,Addition,Addition,Applicant Revisions,LAWRENCETOWN,District 02,0,1,Dwelling - Single Detached,44.651243910141844,-63.40976047074228
16943,BPRES-2021-18094,2021-11-16,64000,New Building,New Building,Expired,LUCASVILLE,District 14,0,1,Accessory Structure,44.75875255983128,-63.7170318127439
16944,BPRES-2021-18169,2021-11-25,46500,New Building,New Building,Completed,BEAVER BANK,District 15,0,1,Accessory Structure,44.83807730686104,-63.67416469582346
16945,BPRES-2021-18203,2021-12-03,300000,New Building,New Building,Expired,OLDHAM,District 01,1,2,Dwelling - Single Detached,44.91989855957352,-63.49520300511637
16946,BPRES-2021-18286,2021-11-29,46700,New Building,New Building,Completed,UPPER HAMMONDS PLAINS,District 14,0,1,Accessory Structure,44.767791094749704,-63.85618708520268
16947,BPRES-2021-18410,2021-12-08,21500,Renovation,Renovation,Completed,HALIFAX,District 09,0,2,Dwelling - Single Detached,44.64239878487663,-63.606525759029644
16948,BPRES-2021-18480,2021-12-13,19000,Renovation,Renovation,Completed,MEAGHERS GRANT,District 01,0,1,Dwelling - Semi-Detached,44.92114533400831,-63.23888827390964
16949,BPRES-2021-18566,2021-12-13,425000,New Building,New Building,Completed,MIDDLE SACKVILLE,District 14,1,2,Dwelling - Single Detached,44.77710580380454,-63.73815312014136
16950,BPRES-2021-18669,2022-01-04,45000,New Building,New Building,Expired (Closed),HACKETTS COVE,District 13,0,1,Accessory Structure,44.55727319526813,-63.939567190308246
16951,BPRES-2021-18683,2021-12-20,400000,New Building,New Building,Completed,PROSPECT,District 13,1,2,Dwelling - Single Detached,44.47973773009766,-63.792497539875065
16952,BPRES-2021-18728,2021-12-01,300000,New Building,New Building,Completed,HERRING COVE,District 11,1,2,Dwelling - Single Detached,44.575318962897065,-63.57164306144218
16953,BPRES-2021-18802,2022-01-13,90000,New Building,New Building,Completed,WELLINGTON,District 01,1,1,Dwelling - Backyard Suite,44.858376678380985,-63.60238351897381
16954,BPRES-2021-18868,2022-01-27,300000,New Building,New Building,Completed,HERRING COVE,District 11,1,2,Dwelling - Single Detached,44.57389781978579,-63.571657157591055
16955,BPRES-2021-18934,2025-06-09,125000,New Building,New Building,Completed,COW BAY,District 03,1,2,Dwelling - Backyard Suite,44.615731154535794,-63.43271496230916
16956,BPRES-2021-18980,2021-12-14,500000,New Building,New Building,Completed,TIMBERLEA,District 12,4,3,Dwelling - Semi-Detached,44.65404635692062,-63.737350141059316
16957,BPRES-2021-19010,2021-12-13,22000,New Building,New Building,Cancelled,EASTERN PASSAGE,District 03,0,1,Accessory Structure,44.61690266805744,-63.466528844074766
16958,BPRES-2021-19069,2021-12-22,760000,New Building,New Building,Completed,LOWER SACKVILLE,District 15,2,2,Dwelling - Multiple Units,44.76734691204967,-63.642705723209176
16959,BPRES-2021-19137,2022-01-27,32000,New Building,New Building,Completed,HALIFAX,District 08,0,1,Accessory Structure,44.66543992844558,-63.61286811517906
16960,BPRES-2021-19170,2021-12-14,250000,New Building,New Building,Completed,LUCASVILLE,District 14,1,2,Dwelling - Single Detached,44.74334446756632,-63.75362941321344
16961,BPRES-2021-19209,2022-03-28,38000,New Building,New Building,Expired (Closed),DARTMOUTH,District 06,0,1,Accessory Structure,44.68024538137129,-63.51478335347909
16962,BPRES-2021-19273,2021-12-15,650000,New Building,New Building,Completed,HAMMONDS PLAINS,District 14,1,2,Dwelling - Single Detached,44.769771338940544,-63.75871318005167
16963,BPRES-2021-19341,,25000,Renovation,Renovation,Applicant Revisions,HALIFAX,District 09,0,2,Dwelling - Single Detached,44.650325036445835,-63.61568703180465
16964,BPRES-2021-19394,2022-04-26,450000,New Building,New Building,Expired (Closed),DUTCH SETTLEMENT,District 01,1,2,Dwelling - Single Detached,44.9952049728581,-63.428619928600504
16965,BPRES-2021-19510,2021-12-20,250000,Renovation,Renovation,Expired,HALIFAX,District 07,0,2,Dwelling - Single Detached,44.62941565638031,-63.587418236385844
16966,BPRES-2021-19590,2021-12-21,13000,Renovation,Renovation,Expired (Closed),COLE HARBOUR,District 04,0,1,Dwelling - Single Detached,44.652326924667165,-63.48545102293701
16967,BPRES-2021-19662,2022-09-29,75000,Renovation,Renovation,Completed,LAKE ECHO,District 02,1,3,Dwelling - Single Detached,44.73883530486088,-63.38265338505298
16968,BPRES-2021-19696,2022-04-26,19000,Renovation,Renovation,Expired (Closed),HALIFAX,District 10,1,3,Dwelling - Multiple Units,44.676462380460094,-63.65089744423177
16969,BPRES-2021-19813,2022-10-21,110000,Addition,Addition,Expired,HALIFAX,District 11,0,1,Dwelling - Single Detached,44.61824213310621,-63.61196636529982
16970,BPRES-2021-19917,2022-02-24,35000,Renovation,Renovation,Completed,HALIFAX,District 08,1,2,Dwelling - Multiple Units,44.66680454549125,-63.616311117625976
16971,BPRES-2021-19953,2021-12-24,450000,New Building,New Building,Completed,UPPER TANTALLON,District 13,1,1,Dwelling - Single Detached,44.70292332416967,-63.883854884076335
16972,BPRES-2021-20029,2022-01-19,16100,Renovation,Renovation,Completed,FALL RIVER,District 01,0,2,Dwelling - Multiple Units,44.811512493503955,-63.60841535514641
16973,BPRES-2021-20071,2022-01-12,30000,New Building,New Building,Completed,FALL RIVER,District 01,0,1,Accessory Structure,44.819666127486634,-63.64640661199855
16974,BPRES-2021-20128,2022-01-12,150000,New Building,New Building,Completed,ENFIELD,District 01,1,2,Dwelling - Single Detached,44.94120138085804,-63.518507601422414
16975,BPRES-2021-20205,2022-01-12,35000,New Building,New Building,Completed,MINEVILLE,District 02,0,1,Accessory Structure,44.708397310158105,-63.389385731383456
16976,BPRES-2021-20251,2022-01-07,46500,Addition,Addition,Issued,LOWER SACKVILLE,District 15,0,1,Dwelling - Single Detached,44.77877430790175,-63.69559288142133
16977,BPRES-2021-20272,2022-02-01,65000,New Building,New Building,Completed,HACKETTS COVE,District 13,0,1,Accessory Structure,44.5474105704853,-63.940505833045556
16978,BPRES-2021-20345,2022-01-19,16500,Renovation,Renovation,Completed,HALIFAX,District 07,0,3,Dwelling - Multiple Units,44.63617623488691,-63.57242882816954
16979,BPRES-2021-20387,2022-03-28,22500,Renovation,Renovation,Expired,,District 14,1,1,Dwelling - Multiple Units,,
16980,BPRES-2022-00071,2022-02-10,180000,Renovation,Renovation,Expired,HALIFAX,District 08,0,2,Dwelling - Single Detached,44.66962357268638,-63.60612909892027
16981,BPRES-2022-00142,2022-02-16,25000,Renovation,Renovation,Completed,HUBLEY,District 13,0,2,Dwelling - Single Detached,44.65774187363357,-63.828993364736924
16982,BPRES-2022-00207,,15000,New Building,New Building,Applicant Revisions,HALIFAX,District 10,0,1,Accessory Structure,44.6795779519993,-63.65437476956381
16983,BPRES-2022-00261,2022-03-17,200000,Addition,Addition,Completed,HALIFAX,District 09,0,2,Dwelling - Single Detached,44.643470156440685,-63.615014627359734
16984,BPRES-2022-00311,,4000,New Building,New Building,Withdrawn,HATCHET LAKE,District 13,0,1,Accessory Structure,44.56964375229622,-63.70892939052552
16985,BPRES-2022-00333,2022-04-27,56000,New Building,New Building,Cancelled,MIDDLE SACKVILLE,District 14,1,3,Dwelling - Single Detached,44.787793617330564,-63.715771041979224
16986,BPRES-2022-00357,2022-01-18,100000,Renovation,Renovation,Expired,HALIFAX,District 09,0,2,Dwelling - Single Detached,44.63886036134089,-63.63471839860634
16987,BPRES-2022-00402,2022-02-16,800000,New Building,New Building,Completed,EAST PETPESWICK,District 02,1,2,Dwelling - Single Detached,44.70089332615542,-63.14196447378047
16988,BPRES-2022-00465,2022-05-02,5000,New Building,New Building,Completed,HUBLEY,District 13,0,1,Accessory Structure,44.66094943014136,-63.793913889635384
16989,BPRES-2022-00547,,31500,New Building,New Building,Applicant Revisions,MIDDLE SACKVILLE,District 14,0,1,Accessory Structure,44.79092688060395,-63.747163547011326
16990,BPRES-2022-00580,2022-02-18,50000,Addition,Addition,Completed,WESTPHAL,District 04,0,1,Dwelling - Single Detached,44.69601056076023,-63.48834410390714
16991,BPRES-2022-00638,2022-04-21,150000,New Building,New Building,Completed,ELMSVALE,District 01,1,1,Dwelling - Single Detached,45.079174505092126,-63.093961010519564
16992,BPRES-2022-00704,2022-02-14,32000,New Building,New Building,Completed,MIDDLE SACKVILLE,District 14,0,1,Accessory Structure,44.79316474426201,-63.72175994056918
16993,BPRES-2022-00768,2022-07-20,50000,New Building,New Building,Expired,DARTMOUTH,District 06,0,1,Accessory Structure,44.68149866345004,-63.52881848078618
16994,BPRES-2022-00826,,25000,Renovation,Renovation,Application Incomplete,PORTERS LAKE,District 02,1,2,Dwelling - Single Detached,44.752001079151256,-63.29254143493035
16995,BPRES-2022-00907,2022-02-11,22849.5,Renovation,Renovation,Completed,HALIFAX,District 07,0,6,Dwelling - Multiple Units,44.64437543826798,-63.56958909112941
16996,BPRES-2022-00983,2022-03-01,61500,Renovation,Renovation,Completed,HALIFAX,District 11,0,2,Dwelling - Townhouse,44.612080595010276,-63.61285651376249
16997,BPRES-2022-01051,2022-03-03,318000,New Building,New Building,Completed,TIMBERLEA,District 12,1,2,Dwelling - Single Detached,44.63926689863743,-63.72245689953091
16998,BPRES-2022-01101,2022-02-17,350000,New Building,New Building,Completed,MIDDLE SACKVILLE,District 14,1,2,Dwelling - Single Detached,44.79302249344018,-63.75491826980847
16999,BPRES-2022-01157,2022-03-02,400000,New Building,New Building,Completed,LOWER SACKVILLE,District 15,1,2,Dwelling - Single Detached,44.77086433836558,-63.685934265845376
17000,BPRES-2022-01216,2022-05-20,700000,Addition,Addition,Completed,HALIFAX,District 07,7,3,Dwelling - Multiple Units,44.634872266046564,-63.57587432818649
17001,BPRES-2022-01250,2022-04-12,150000,Addition,Addition,Completed,FALL RIVER,District 01,1,2,Dwelling - Multiple Units,44.83230586238012,-63.61597432982241
17002,BPRES-2022-01253,2022-10-27,425000,New Building,New Building,Completed,TIMBERLEA,District 12,1,2,Dwelling - Single Detached,44.639178903395845,-63.72387474141421
17003,BPRES-2022-01270,2022-04-28,400000,New Building,New Building,Completed,TERENCE BAY,District 11,1,2,Dwelling - Single Detached,44.49696603500568,-63.72850948769269
17004,BPRES-2022-01305,2022-04-05,30000,Renovation,Renovation,Completed,PORTERS LAKE,District 02,1,1,Dwelling - Multiple Units,44.752001079151256,-63.29254143493035
17005,BPRES-2022-01353,,20000,Renovation,Renovation,Applicant Revisions,DARTMOUTH,District 03,1,2,Dwelling - Semi-Detached,44.65746422964792,-63.54839416250778
17006,BPRES-2022-01447,2022-05-18,469500,New Building,New Building,Completed,OYSTER POND,District 02,2,1,Dwelling - Multiple Units,44.752543846445676,-63.013357045291976
17007,BPRES-2022-01490,2022-03-02,340000,New Building,New Building,Completed,EASTERN PASSAGE,District 03,1,2,Dwelling - Single Detached,44.61689351317092,-63.477500400233794
17008,BPRES-2022-01517,2022-05-09,8500,Renovation,Renovation,Completed,DARTMOUTH,District 06,0,2,Dwelling - Single Detached,44.69479424673523,-63.53800385173164
17009,BPRES-2022-01569,2022-05-31,156900,New Building,New Building,Expired,HERRING COVE,District 11,1,2,Dwelling - Backyard Suite,44.57339775295892,-63.559366353228235
17010,BPRES-2022-01618,2022-03-15,215000,Renovation,Renovation,Completed,HALIFAX,District 07,0,3,Dwelling - Single Detached,44.6261515393086,-63.57915290845562
17011,BPRES-2022-01652,2022-04-12,2700000,New Building,New Building,Completed,BEDFORD,District 16,6,2,Dwelling - Townhouse,44.70727323402366,-63.721931948372244
17012,BPRES-2022-01673,2022-05-03,750000,New Building,New Building,Completed,EAST LAWRENCETOWN,District 02,1,2,Dwelling - Single Detached,44.65421095795035,-63.318389266580986
17013,BPRES-2022-01746,2022-03-15,3300000,New Building,New Building,Completed,DARTMOUTH,District 05,12,3,Dwelling - Multiple Units,44.68990629687526,-63.58250673793066
17014,BPRES-2022-01807,2022-03-30,20000,New Building,New Building,Cancelled,HALIFAX,District 10,0,1,Accessory Structure,44.67900624907778,-63.655257860362184
17015,BPRES-2022-01846,2022-03-03,10000,New Building,New Building,Expired (Closed),FLETCHERS LAKE,District 01,0,1,Accessory Structure,44.84949211909176,-63.60026741139125
17016,BPRES-2022-01937,2022-03-03,10000,New Building,New Building,Completed,PACE SETTLEMENT,District 02,0,1,Accessory Structure,44.98700776431619,-62.176133740208584
17017,BPRES-2022-01973,2022-03-16,30000,New Building,New Building,Completed,HATCHET LAKE,District 13,0,1,Accessory Structure,44.56879281793385,-63.71455731996363
17018,BPRES-2022-02077,2022-03-17,250000,New Building,New Building,Completed,BEECHVILLE,District 12,1,2,Dwelling - Single Detached,44.63691079474133,-63.67895176596616
17019,BPRES-2022-02092,2022-04-12,620000,Addition,Addition,Expired,HALIFAX,District 09,0,2,Dwelling - Single Detached,44.6489364217213,-63.613253480518935
17020,BPRES-2022-02114,2022-04-05,380000,New Building,New Building,Completed,UPPER HAMMONDS PLAINS,District 14,1,1,Dwelling - Single Detached,44.755105991488286,-63.84012471381821
17021,BPRES-2022-02138,2022-03-17,31000,New Building,New Building,Expired,BOUTILIERS POINT,District 13,0,1,Accessory Structure,44.66948622135821,-63.926599738182304
17022,BPRES-2022-02142,2022-03-17,275000,New Building,New Building,Completed,BEECHVILLE,District 12,1,2,Dwelling - Single Detached,44.63783839459687,-63.67956761044734
17023,BPRES-2022-02159,2022-06-21,200000,Addition,Addition,Expired,COW BAY,District 03,0,2,Dwelling - Single Detached,44.63984990524543,-63.4227246677453
17024,BPRES-2022-02176,,4000,Renovation,Renovation,Withdrawn,COLE HARBOUR,District 04,0,1,Dwelling - Single Detached,44.676658061365416,-63.48538653215978
17025,BPRES-2022-02242,2022-03-15,25000,New Building,New Building,Completed,GOFFS,District 01,0,1,Accessory Structure,44.89320112430276,-63.453735455310216
17026,BPRES-2022-02311,2022-03-16,375000,New Building,New Building,Completed,BEAVER BANK,District 15,1,1,Dwelling - Single Detached,44.8163032393845,-63.6960171103055
17027,BPRES-2022-02383,2022-03-21,600000,New Building,New Building,Completed,TIMBERLEA,District 12,1,2,Dwelling - Single Detached,44.63813975401735,-63.72186803592894
17028,BPRES-2022-02415,,50000,Addition,Addition,Applicant Revisions,EAST LAWRENCETOWN,District 02,0,2,Dwelling - Single Detached,44.64370566713373,-63.32236936121273
17029,BPRES-2022-02454,2022-03-17,42500,Renovation,Renovation,Expired,HALIFAX,District 09,0,2,Dwelling - Single Detached,44.642655299396075,-63.597825041965564
17030,BPRES-2022-02510,2022-04-08,1005000,New Building,New Building,Completed,FERGUSONS COVE,District 11,1,3,Dwelling - Single Detached,44.590636039445066,-63.564930576707454
17031,BPRES-2022-02549,2022-03-15,375000,New Building,New Building,Completed,UPPER TANTALLON,District 13,1,1,Dwelling - Single Detached,44.723280024300514,-63.89112260956805
17032,BPRES-2022-02624,2022-04-22,364389.45,New Building,New Building,Cancelled,CLAM BAY,District 02,1,2,Dwelling - Single Detached,44.733580633780825,-62.940807777539796
17033,BPRES-2022-02728,2022-04-01,73500,Renovation,Renovation,Expired,HALIFAX,District 07,0,16,Dwelling - Multiple Units,44.64129518739388,-63.578961610397236
17034,BPRES-2022-02797,2022-07-28,1800000,New Building,New Building,Completed,WESTPHAL,District 04,2,1,Dwelling - Semi-Detached,44.700422463512986,-63.477114699844385
17035,BPRES-2022-02826,2022-04-21,200000,New Building,New Building,Completed,BEECHVILLE,District 12,1,3,Dwelling - Single Detached,44.63880146790904,-63.680814906271024
17036,BPRES-2022-02843,2022-04-21,200000,New Building,New Building,Completed,BEECHVILLE,District 12,1,3,Dwelling - Single Detached,44.63847099975497,-63.68077970796554
17037,BPRES-2022-02848,2022-03-22,200000,New Building,New Building,Completed,BEECHVILLE,District 12,1,3,Dwelling - Single Detached,44.63703658303793,-63.67949386653847
17038,BPRES-2022-02850,2022-03-22,200000,New Building,New Building,Completed,BEECHVILLE,District 12,1,3,Dwelling - Single Detached,44.63724119902484,-63.679538390725746
17039,BPRES-2022-02856,2022-03-21,275000,New Building,New Building,Completed,BEECHVILLE,District 12,1,2,Dwelling - Single Detached,44.638753911537215,-63.680275365609965
17040,BPRES-2022-02861,2022-03-30,200000,New Building,New Building,Completed,BEECHVILLE,District 12,1,2,Dwelling - Single Detached,44.63783559775281,-63.68039200883257
17041,BPRES-2022-02866,2022-03-30,200000,New Building,New Building,Completed,BEECHVILLE,District 12,1,2,Dwelling - Single Detached,44.638021526959584,-63.68058137361139
17042,BPRES-2022-02873,2022-03-17,275000,New Building,New Building,Completed,BEECHVILLE,District 12,1,2,Dwelling - Single Detached,44.63963278668882,-63.679431985625264
17043,BPRES-2022-02898,2022-04-07,468000,New Building,New Building,Completed,COLE HARBOUR,District 04,1,2,Dwelling - Single Detached,44.64654811058402,-63.4643021413772
17044,BPRES-2022-02935,2022-04-12,200000,New Building,New Building,Completed,BEDFORD,District 16,1,2,Dwelling - Single Detached,44.72008908706691,-63.71665667543814
17045,BPRES-2022-03006,2022-04-05,61965.62,New Building,New Building,Completed,HALIFAX,District 07,0,1,Accessory Structure,44.633210828854516,-63.5849276110349
17046,BPRES-2022-03016,2022-03-21,600000,New Building,New Building,Completed,TIMBERLEA,District 12,1,3,Dwelling - Single Detached,44.63863351960801,-63.721947998025904
17047,BPRES-2022-03025,2022-04-26,405500,New Building,New Building,Completed,DARTMOUTH,District 06,1,2,Dwelling - Single Detached,44.72118670734605,-63.54390277945725
17048,BPRES-2022-03139,2022-04-01,200000,New Building,New Building,Completed,PORTERS LAKE,District 02,1,1,Dwelling - Single Detached,44.75504633146962,-63.288302209474445
17049,BPRES-2022-03206,2022-06-29,650000,New Building,New Building,Completed,BEECH HILL,District 02,1,1,Dwelling - Single Detached,44.77005401390839,-62.91718541319835
17050,BPRES-2022-03269,2022-03-25,300000,New Building,New Building,Completed,TIMBERLEA,District 12,1,3,Dwelling - Single Detached,44.63971126816826,-63.7239264478475
17051,BPRES-2022-03294,,120000,New Building,New Building,Withdrawn,WESTPHAL,District 04,1,1,Dwelling - Backyard Suite,44.701795710203534,-63.487954290797575
17052,BPRES-2022-03314,2022-05-05,30000,New Building,New Building,Completed,GRAND LAKE,District 01,0,1,Accessory Structure,44.89214032212535,-63.5911644288777
17053,BPRES-2022-03343,2022-04-08,600000,New Building,New Building,Completed,TIMBERLEA,District 12,1,2,Dwelling - Single Detached,44.63845437898438,-63.72195066314834
17054,BPRES-2022-03437,2022-03-25,375000,New Building,New Building,Completed,MIDDLE SACKVILLE,District 14,1,1,Dwelling - Single Detached,44.78841638217446,-63.74071082221259
17055,BPRES-2022-03452,2022-06-08,250000,New Building,New Building,Issued,WELLINGTON,District 01,1,2,Accessory Structure,44.87097618832853,-63.62946731376625
17056,BPRES-2022-03467,2022-04-05,600000,New Building,New Building,Completed,TERENCE BAY,District 13,1,2,Dwelling - Single Detached,44.47459741875907,-63.72163990484734
17057,BPRES-2022-03527,,38000,Renovation,Renovation,Applicant Revisions,LUCASVILLE,District 14,1,2,Dwelling - Multiple Units,44.760165924437295,-63.73017129296458
17058,BPRES-2022-03562,2022-04-13,500000,New Building,New Building,Completed,COLE HARBOUR,District 04,1,2,Dwelling - Single Detached,44.65130685225052,-63.474661233982495
17059,BPRES-2022-03659,2022-06-23,24000,New Building,New Building,Expired,HAMMONDS PLAINS,District 14,0,1,Accessory Structure,44.779403348526166,-63.76936160608307
17060,BPRES-2022-03718,,730000,New Building,New Building,Withdrawn,HALIFAX,District 07,0,3,Dwelling - Single Detached,44.63410118732994,-63.59776126532443
17061,BPRES-2022-03762,2022-05-10,252000,Addition,Addition,Expired,HALIFAX,District 08,0,2,Dwelling - Semi-Detached,44.65347084785887,-63.592324079707474
17062,BPRES-2022-03793,,700000,New Building,New Building,Withdrawn,BEDFORD,District 16,1,3,Dwelling - Single Detached,44.70662922016262,-63.72496264804227
17063,BPRES-2022-03827,,16000,New Building,New Building,Withdrawn,HALIFAX,District 11,0,1,Accessory Structure,44.62182699413439,-63.618738019704686
17064,BPRES-2022-03915,2022-05-03,85000,New Building,New Building,Completed,BEAVER BANK,District 15,1,1,Dwelling - Backyard Suite,44.812862851478144,-63.66498885075895
17065,BPRES-2022-03967,2022-04-13,20000,New Building,New Building,Completed,LANTZ,District 01,0,1,Accessory Structure,44.97508875737278,-63.47219162739573
17066,BPRES-2022-03999,2022-12-15,250000,New Building,New Building,Issued,WELLINGTON,District 01,1,2,Dwelling - Single Detached,44.870591595805514,-63.62250983830307
17067,BPRES-2022-04039,2022-04-12,200000,New Building,New Building,Completed,PROSPECT,District 13,1,1,Dwelling - Single Detached,44.49987189081727,-63.80427630305582
17068,BPRES-2022-04071,2022-09-15,150000,Addition,Addition,Issued,DARTMOUTH,District 05,0,2,Dwelling - Single Detached,44.66852951958244,-63.55169405606754
17069,BPRES-2022-04110,2022-04-20,25000,New Building,New Building,Cancelled,LAKE ECHO,District 02,0,1,Accessory Structure,44.72394540455184,-63.40020404866025
17070,BPRES-2022-04149,,20000,New Building,New Building,Application Incomplete,COLE HARBOUR,District 04,0,1,Accessory Structure,44.6746004982574,-63.49462122463528
17071,BPRES-2022-04208,2022-05-17,30000,New Building,New Building,Completed,HAMMONDS PLAINS,District 14,0,1,Accessory Structure,44.70482734900837,-63.81588753112583
17072,BPRES-2022-04247,,2000,Addition,Addition,Applicant Revisions,LOWER SACKVILLE,District 15,0,1,Dwelling - Single Detached,44.76041429459247,-63.66872514733092
17073,BPRES-2022-04264,2022-05-02,10000,Addition,Addition,Completed,LAWRENCETOWN,District 02,0,1,Dwelling - Single Detached,44.65914632778527,-63.36343946425767
17074,BPRES-2022-04331,2022-05-18,300000,New Building,New Building,Expired,WEST CHEZZETCOOK,District 02,1,1,Dwelling - Single Detached,44.726418588475575,-63.28884412942513
17075,BPRES-2022-04388,2022-04-27,350000,New Building,New Building,Completed,WEST CHEZZETCOOK,District 02,1,1,Dwelling - Single Detached,44.715901452122736,-63.265862224793125
17076,BPRES-2022-04461,2022-08-02,1353,Renovation,Renovation,Expired,DARTMOUTH,District 05,0,2,Dwelling - Single Detached,44.65769348502522,-63.553072219328875
17077,BPRES-2022-04514,2022-08-03,400000,New Building,New Building,Completed,HALIFAX,District 09,1,2,Dwelling - Single Detached,44.63736880131617,-63.62346834681625
17078,BPRES-2022-04566,2022-04-25,425000,New Building,New Building,Completed,MIDDLE SACKVILLE,District 14,1,1,Dwelling - Single Detached,44.78441693104831,-63.74479207547125
17079,BPRES-2022-04620,2022-07-19,38500,Addition,Addition,Completed,DARTMOUTH,District 06,0,1,Dwelling - Single Detached,44.67617417483076,-63.524781590466226
17080,BPRES-2022-04689,2022-06-14,65000,Addition,Addition,Completed,HUBBARDS,District 13,0,2,Dwelling - Single Detached,44.636954514543724,-64.04761431543108
17081,BPRES-2022-04731,2022-06-24,253000,New Building,New Building,Completed,PROSPECT,District 13,1,2,Dwelling - Single Detached,44.48003907772843,-63.78044292586311
17082,BPRES-2022-04753,2022-06-28,75000,New Building,New Building,Completed,MIDDLE SACKVILLE,District 14,1,2,Dwelling - Backyard Suite,44.78686810120855,-63.75755649368033
17083,BPRES-2022-04800,2022-05-13,700000,New Building,New Building,Completed,WEST CHEZZETCOOK,District 02,1,2,Dwelling - Single Detached,44.71947781037363,-63.2746117788885
17084,BPRES-2022-04842,2022-04-28,800000,New Building,New Building,Completed,TIMBERLEA,District 12,1,3,Dwelling - Single Detached,44.63907503297285,-63.722479092142585
17085,BPRES-2022-04895,2022-05-03,80000,Addition,Addition,Amendment Applicant Revisions,HALIFAX,District 08,1,2,Dwelling - Single Detached,44.666905467517736,-63.60026137774681
17086,BPRES-2022-04968,2022-05-17,150000,Addition,Addition,Completed,HALIFAX,District 08,0,2,Dwelling - Single Detached,44.66239323152106,-63.603276846444125
17087,BPRES-2022-05046,2022-04-26,50000,New Building,New Building,Completed,UPPER TANTALLON,District 13,0,1,Accessory Structure,44.72208440923729,-63.86873169491446
17088,BPRES-2022-05102,2024-05-06,400000,New Building,New Building,Amendment Application Incomplete,BEDFORD,District 16,1,3,Dwelling - Single Detached,44.71421310306777,-63.70379966282448
17089,BPRES-2022-05148,2022-05-12,8500,Renovation,Renovation,Completed,TIMBERLEA,District 12,1,3,Dwelling - Multiple Units,44.64188145850474,-63.70568139877423
17090,BPRES-2022-05166,2022-05-10,100000,Addition,Addition,Issued,BEDFORD,District 16,0,3,Dwelling - Single Detached,44.72521716778669,-63.655303004932975
17091,BPRES-2022-05202,2022-05-16,3000,New Building,New Building,Expired,DEVON,District 01,0,1,Accessory Structure,44.90411644944247,-63.435958255876294
17092,BPRES-2022-05255,2022-06-22,60000,New Building,New Building,Completed,STILLWATER LAKE,District 13,1,2,Dwelling - Backyard Suite,44.68941562690662,-63.811037156473105
17093,BPRES-2022-05297,2022-06-17,135000,Addition,Addition,Completed,WEST PORTERS LAKE,District 02,0,2,Dwelling - Single Detached,44.679841513331986,-63.30122267986002
17094,BPRES-2022-05385,2022-05-17,227000,Renovation,Renovation,Expired,HALIFAX,District 08,0,2,Dwelling - Multiple Units,44.650936584887745,-63.59595751872439
17095,BPRES-2022-05416,2022-05-19,15500,New Building,New Building,Expired,HALIFAX,District 10,0,1,Accessory Structure,44.6750291440986,-63.65250607382493
17096,BPRES-2022-05458,2022-05-17,200000,Addition,Addition,Issued,HAMMONDS PLAINS,District 14,0,2,Dwelling - Single Detached,44.71815849090847,-63.826177125394636
17097,BPRES-2022-05513,2022-06-20,399000,New Building,New Building,Completed,DEVON,District 01,1,1,Dwelling - Single Detached,44.907655071501914,-63.422719328072
17098,BPRES-2022-05555,2022-07-12,400000,New Building,New Building,Issued,LOWER SACKVILLE,District 15,1,1,Dwelling - Single Detached,44.76989747603219,-63.63522828499538
17099,BPRES-2022-05590,2022-05-09,375000,New Building,New Building,Completed,HERRING COVE,District 11,1,2,Dwelling - Single Detached,44.574985196225064,-63.5717809360438
17100,BPRES-2022-05642,2022-05-12,45000,New Building,New Building,Completed,MIDDLE MUSQUODOBOIT,District 01,0,1,Accessory Structure,45.05138657168808,-63.147332093076805
17101,BPRES-2022-05694,2022-10-04,250000,New Building,New Building,Amendment Applicant Revisions,HALIFAX,District 11,4,3,Dwelling - Semi-Detached,44.621006691711735,-63.61931759255508
17102,BPRES-2022-05743,,42000,New Building,New Building,Withdrawn,LAKE ECHO,District 02,0,1,Accessory Structure,44.739201554428384,-63.394598934073976
17103,BPRES-2022-05767,2022-09-15,1000000,New Building,New Building,Completed,HALIFAX,District 10,10,2,Dwelling - Townhouse,44.67740170098628,-63.66271023475955
17104,BPRES-2022-05778,2022-06-07,58000,New Building,New Building,Completed,HAMMONDS PLAINS,District 14,1,2,Dwelling - Backyard Suite,44.727764270059005,-63.83866811479808
17105,BPRES-2022-05829,2022-05-19,233000,Addition,Addition,Expired,HALIFAX,District 11,0,2,Dwelling - Single Detached,44.6227878570281,-63.593269435028255
17106,BPRES-2022-05917,2022-05-30,45600,New Building,New Building,Completed,LAKE ECHO,District 02,0,1,Accessory Structure,44.7390954813493,-63.39499432588664
17107,BPRES-2022-05950,2022-06-08,650000,New Building,New Building,Completed,MIDDLE SACKVILLE,District 14,2,2,Dwelling - Semi-Detached,44.79035779989933,-63.71890117868361
17108,BPRES-2022-05956,2022-06-22,130000,New Building,New Building,Completed,BEAVER BANK,District 15,1,1,Dwelling - Backyard Suite,44.81224060847701,-63.665009991247864
17109,BPRES-2022-06007,2022-06-08,10000,Addition,Addition,Completed,COLE HARBOUR,District 04,0,2,Dwelling - Single Detached,44.655791625668925,-63.4891394748119
17110,BPRES-2022-06063,2022-07-28,1000,Renovation,Renovation,Completed,WAVERLEY,District 01,1,1,Dwelling - Single Detached,44.78203665096373,-63.5988862319054
17111,BPRES-2022-06144,2022-09-28,50000,New Building,New Building,Completed,HALIFAX,District 09,-1,1,Accessory Structure,44.64862136294168,-63.59921388936897
17112,BPRES-2022-06194,2022-10-07,1500,Renovation,Renovation,Expired,DARTMOUTH,District 05,1,1,Dwelling - Multiple Units,44.67545138584445,-63.593516086993816
17113,BPRES-2022-06254,2022-05-16,600000,New Building,New Building,Completed,BEDFORD,District 16,1,2,Dwelling - Single Detached,44.70658683408591,-63.722064244016686
17114,BPRES-2022-06318,2022-05-27,50000,New Building,New Building,Completed,HALIFAX,District 10,0,1,Accessory Structure,44.690523958567596,-63.66092115884695
17115,BPRES-2022-06380,2022-06-13,20000,New Building,New Building,Expired,UPPER TANTALLON,District 13,0,1,Accessory Structure,44.69692980660256,-63.86192814093637
17116,BPRES-2022-06396,2022-06-15,580000,New Building,New Building,Completed,STILLWATER LAKE,District 13,1,2,Dwelling - Single Detached,44.71458957913947,-63.84184326118265
17117,BPRES-2022-06427,2022-06-29,160000,Addition,Addition,Completed,WHITES LAKE,District 13,1,2,Dwelling - Multiple Units,44.546766070430365,-63.7390237042913
17118,BPRES-2022-06458,,471562.47,New Building,New Building,Withdrawn,MUSQUODOBOIT HARBOUR,District 02,1,2,Dwelling - Single Detached,44.78980867182607,-63.172417381602074
17119,BPRES-2022-06498,2022-06-22,160000,New Building,New Building,Completed,HATCHET LAKE,District 13,1,2,Dwelling - Backyard Suite,44.548997903456296,-63.733549040404995
17120,BPRES-2022-06565,2022-09-22,250000,Renovation,Renovation,Completed,HALIFAX,District 10,1,2,Dwelling - Multiple Units,44.68112413343554,-63.66577460125147
17121,BPRES-2022-06611,2022-06-23,36000,Addition,Addition,Expired,TIMBERLEA,District 12,0,1,Dwelling - Single Detached,44.65079041214833,-63.72740929461001
17122,BPRES-2022-06666,2022-05-19,28000,New Building,New Building,Completed,WELLINGTON,District 01,0,1,Accessory Structure,44.87434839881449,-63.60546193891252
17123,BPRES-2022-06768,2022-05-27,30000,New Building,New Building,Completed,MUSQUODOBOIT HARBOUR,District 02,0,1,Accessory Structure,44.78333961954077,-63.18038314424844
17124,BPRES-2022-06803,2022-07-22,95000,New Building,New Building,Completed,WAVERLEY,District 01,0,2,Accessory Structure,44.77753165136001,-63.58154242287845
17125,BPRES-2022-06829,2022-06-22,152034,Renovation,Renovation,Completed,DARTMOUTH,District 03,0,2,Dwelling - Single Detached,44.6632431047093,-63.507725778700795
17126,BPRES-2022-06877,2022-06-02,80000,Renovation,Renovation,Completed,BEDFORD,District 16,0,1,Dwelling - Single Detached,44.72733139397488,-63.6687071510861
17127,BPRES-2022-06922,2022-06-28,,Renovation,Renovation,Expired,LOWER SACKVILLE,District 15,1,1,Dwelling - Single Detached,44.76916761072856,-63.66319970493427
17128,BPRES-2022-06987,2022-06-27,20000,New Building,New Building,Expired,WESTPHAL,District 04,0,1,Accessory Structure,44.70144340421583,-63.47148827588418
17129,BPRES-2022-07109,2022-06-14,30000,New Building,New Building,Completed,MIDDLE SACKVILLE,District 14,0,1,Accessory Structure,44.80108055926434,-63.73635670057972
17130,BPRES-2022-07154,2022-08-10,13000,Renovation,Renovation,Expired,HALIFAX,District 08,1,2,Dwelling - Multiple Units,44.65128244042719,-63.59478308881508
17131,BPRES-2022-07268,2022-06-20,20000,New Building,New Building,Completed,MIDDLE SACKVILLE,District 14,0,1,Accessory Structure,44.78342182452961,-63.749488347083854
17132,BPRES-2022-07333,2022-06-27,5000,Renovation,Renovation,Completed,HAMMONDS PLAINS,District 14,0,2,Dwelling - Single Detached,44.69921863950443,-63.760470353043274
17133,BPRES-2022-07381,2022-10-12,278000,Addition,Addition,Expired,TANTALLON,District 13,0,2,Dwelling - Single Detached,44.680430203274206,-63.89354569122107
17134,BPRES-2022-07481,2022-08-02,375000,New Building,New Building,Issued,HATCHET LAKE,District 13,1,2,Dwelling - Single Detached,44.54848200207686,-63.733345982338335
17135,BPRES-2022-07571,2022-07-15,30000,Renovation,Renovation,Completed,BEAVER BANK,District 15,1,1,Dwelling - Multiple Units,44.84040363389295,-63.677405000542386
17136,BPRES-2022-07709,2022-06-21,250000,Renovation,Renovation,Completed,HUBLEY,District 13,0,2,Dwelling - Single Detached,44.669455699157474,-63.78897917237059
17137,BPRES-2022-07758,2022-09-02,723000,Renovation,Renovation,Completed,HALIFAX,District 08,0,2,Dwelling - Single Detached,44.66885306466445,-63.60385903455376
17138,BPRES-2022-07825,2022-06-30,427000,New Building,New Building,Completed,GRAND LAKE,District 01,1,2,Dwelling - Single Detached,44.89737262175743,-63.58664237991265
17139,BPRES-2022-07893,,81100,New Building,New Building,Withdrawn,,District 01,1,1,Dwelling - Single Detached,44.93497791968403,-63.49659001594762
17140,BPRES-2022-07917,2022-07-15,1000,Renovation,Renovation,Completed,HALIFAX,District 07,1,2,Dwelling - Multiple Units,44.64061154778113,-63.576975753010174
17141,BPRES-2022-07936,2022-08-02,140000,Renovation,Renovation,Completed,MIDDLE SACKVILLE,District 14,1,2,Dwelling - Multiple Units,44.780184182010515,-63.70271962470284
17142,BPRES-2022-07988,2022-07-13,50000,New Building,New Building,Expired,,District 01,0,1,Accessory Structure,,
17143,BPRES-2022-08010,2022-06-22,250000,New Building,New Building,Completed,BEECHVILLE,District 12,1,3,Dwelling - Single Detached,44.63794123671884,-63.677930841817194
17144,BPRES-2022-08068,2022-06-24,30,New Building,New Building,Completed,FALL RIVER,District 01,0,1,Accessory Structure,44.82577891835021,-63.60830838244721
17145,BPRES-2022-08091,2022-07-15,60000,Renovation,Renovation,Completed,SEABRIGHT,District 13,0,1,Dwelling - Single Detached,44.61178129442744,-63.930357223241344
17146,BPRES-2022-08122,2022-08-03,86262,Renovation,Renovation,Expired,HALIFAX,District 09,1,1,Dwelling - Multiple Units,44.65096427285813,-63.62472003969104
17147,BPRES-2022-08178,2022-06-22,520592,New Building,New Building,Completed,GAETZ BROOK,District 02,1,1,Dwelling - Single Detached,44.78530336780109,-63.19368852974095
17148,BPRES-2022-08231,,800500,New Building,New Building,Withdrawn,BEDFORD,District 16,1,2,Dwelling - Single Detached,44.70727767931559,-63.701381388980636
17149,BPRES-2022-08310,2022-07-08,392000,New Building,New Building,Completed,BEDFORD,District 16,2,2,Dwelling - Multiple Units,44.72768185948311,-63.67696197883346
17150,BPRES-2022-08355,2022-07-28,510500,New Building,New Building,Issued,PORTERS LAKE,District 02,1,1,Dwelling - Single Detached,44.75094244235205,-63.33012015076615
17151,BPRES-2022-08364,2022-06-30,40000,Addition,Addition,Completed,HEAD OF ST MARGARETS BAY,District 13,0,3,Dwelling - Single Detached,44.68178063826842,-63.908747296714516
17152,BPRES-2022-08438,2022-07-04,450000,New Building,New Building,Completed,OAKFIELD,District 01,1,2,Dwelling - Single Detached,44.90502300185522,-63.57208630759692
17153,BPRES-2022-08484,2022-08-17,200000,New Building,New Building,Completed,BEDFORD,District 16,1,1,Dwelling - Single Detached,44.730579888522925,-63.6796678237723
17154,BPRES-2022-08539,2023-02-27,300000,New Building,New Building,Completed,LAKE CHARLOTTE,District 02,1,1,Dwelling - Single Detached,44.766020633418265,-62.94390936040444
17155,BPRES-2022-08624,2022-11-18,377000,New Building,New Building,Completed,MUSQUODOBOIT HARBOUR,District 02,1,2,Dwelling - Single Detached,44.79059700920199,-63.173301369281994
17156,BPRES-2022-08665,2022-09-23,450000,New Building,New Building,Completed,HALIFAX,District 11,2,3,Dwelling - Semi-Detached,44.585436187742836,-63.58998315289016
17157,BPRES-2022-08697,2022-06-29,30000,New Building,New Building,Completed,EASTERN PASSAGE,District 03,0,1,Accessory Structure,44.6130273848155,-63.47012804190615
17158,BPRES-2022-08757,2022-07-27,173500,Renovation,Renovation,Expired,WINDSOR JUNCTION,District 01,0,2,Dwelling - Single Detached,44.78356845248053,-63.62710051207453
17159,BPRES-2022-08788,2022-08-02,80000,New Building,New Building,Completed,WEST JEDDORE,District 02,0,1,Accessory Structure,44.69924285173426,-63.01695030099019
17160,BPRES-2022-08823,2022-07-26,5000,Renovation,Renovation,Completed,HALIFAX,District 07,0,2,Dwelling - Single Detached,44.6336352425246,-63.58667669367527
17161,BPRES-2022-08866,2022-07-04,1000000,New Building,New Building,Withdrawn,BEDFORD,District 16,1,2,Dwelling - Single Detached,44.70220659061616,-63.71499099469333
17162,BPRES-2022-08890,2022-11-16,116000,New Building,New Building,Completed,DARTMOUTH,District 05,1,1,Dwelling - Backyard Suite,44.67754360351698,-63.579031993928325
17163,BPRES-2022-08955,2022-07-04,500000,New Building,New Building,Completed,TANTALLON,District 13,1,1,Dwelling - Single Detached,44.6534032685328,-63.90323474273526
17164,BPRES-2022-09018,2022-08-03,1000000,New Building,New Building,Completed,INGRAMPORT,District 13,1,2,Dwelling - Single Detached,44.65225519023897,-63.96994493916989
17165,BPRES-2022-09060,2022-11-29,65000,Renovation,Renovation,Completed,TIMBERLEA,District 12,1,1,Dwelling - Multiple Units,44.64740107281528,-63.73488421175609
17166,BPRES-2022-09095,2022-09-27,20000,Renovation,Renovation,Issued,BAYSIDE,District 13,1,2,Dwelling - Single Detached,44.52894304385677,-63.8071292948938
17167,BPRES-2022-09141,2022-07-20,475000,New Building,New Building,Completed,PORTERS LAKE,District 02,1,2,Dwelling - Single Detached,44.75234356998977,-63.329235391770965
17168,BPRES-2022-09210,2022-07-15,200000,New Building,New Building,Completed,PORTERS LAKE,District 02,1,1,Dwelling - Single Detached,44.75506881115988,-63.28674110031613
17169,BPRES-2022-09300,2022-08-22,460000,New Building,New Building,Completed,BLACK POINT,District 13,1,2,Dwelling - Single Detached,44.655991572075884,-63.98140349063893
17170,BPRES-2022-09351,2022-08-15,50000,New Building,New Building,Completed,WHITES LAKE,District 13,0,2,Accessory Structure,44.51668974782472,-63.74859704344848
17171,BPRES-2022-09401,2022-10-19,1400000,New Building,New Building,Completed,DARTMOUTH,District 05,3,4,Dwelling - Multiple Units,44.665794517670534,-63.55956710178893
17172,BPRES-2022-09461,2024-05-08,21223725,New Building,New Building,Issued,BEAVER BANK,District 15,64,4,Dwelling - Multiple Units,44.80022498422243,-63.6895368474202
17173,BPRES-2022-09549,2022-08-18,1006000,Addition,Addition,Completed,TANTALLON,District 13,0,2,Dwelling - Single Detached,44.65691513178983,-63.92223294090898
17174,BPRES-2022-09604,2022-07-26,66881,Renovation,Renovation,Completed,HALIFAX,District 12,0,4,Dwelling - Multiple Units,44.67213893967803,-63.67684339186145
17175,BPRES-2022-09670,2022-11-23,25000,Renovation,Renovation,Completed,COLE HARBOUR,District 04,2,2,Dwelling - Multiple Units,44.67223736301013,-63.47832749959247
17176,BPRES-2022-09726,2022-11-25,699000,New Building,New Building,Expired,WELLINGTON,District 01,1,1,Dwelling - Single Detached,44.895391115816025,-63.62395368044851
17177,BPRES-2022-09788,2022-07-19,145000,Addition,Addition,Expired,HALIFAX,District 07,0,3,Dwelling - Single Detached,44.62400918273027,-63.57732413600076
17178,BPRES-2022-09856,2022-08-17,180000,Addition,Addition,Completed,HALIFAX,District 09,0,2,Dwelling - Single Detached,44.648124105711865,-63.60959717592435
17179,BPRES-2022-09886,2022-09-22,405000,New Building,New Building,Expired,LEWIS LAKE,District 13,2,2,Dwelling - Multiple Units,44.680129452060434,-63.83532666595169
17180,BPRES-2022-09920,2022-09-12,430000,New Building,New Building,Cancelled,CHASWOOD,District 01,1,1,Dwelling - Single Detached,45.0737908654889,-63.2297753312109
17181,BPRES-2022-09945,2022-08-12,50000,New Building,New Building,Completed,MIDDLE SACKVILLE,District 14,0,1,Accessory Structure,44.80317348290741,-63.73869318848751
17182,BPRES-2022-10022,2022-09-15,25000,New Building,New Building,Completed,UPPER SACKVILLE,District 14,0,1,Accessory Structure,44.8383738836503,-63.79303171398655
17183,BPRES-2022-10082,2022-08-03,22000,New Building,New Building,Expired,PORTERS LAKE,District 02,0,1,Accessory Structure,44.738022946816265,-63.3344133079954
17184,BPRES-2022-10125,,50000,New Building,New Building,Withdrawn,WEST PORTERS LAKE,District 02,1,1,Dwelling - Single Detached,44.68878903595779,-63.30977280197957
17185,BPRES-2022-10161,2022-09-22,750000,Addition,Addition,Issued,QUEENSLAND,District 13,0,2,Dwelling - Single Detached,44.64242247771579,-64.00735523437721
17186,BPRES-2022-10194,2022-08-11,700000,New Building,New Building,Completed,BEDFORD,District 16,1,3,Dwelling - Single Detached,44.70486427133346,-63.72157373143835
17187,BPRES-2022-10222,2022-08-11,450000,New Building,New Building,Completed,EASTERN PASSAGE,District 03,3,1,Dwelling - Townhouse,44.609273874235186,-63.48736930292057
17188,BPRES-2022-10350,2022-08-03,500000,New Building,New Building,Completed,BLACK POINT,District 13,1,2,Dwelling - Single Detached,44.656209473365244,-63.982237743453844
17189,BPRES-2022-10399,2022-11-08,55000,Addition,Addition,Completed,HALIFAX,District 07,0,2,Dwelling - Single Detached,44.641605489334005,-63.59016573009187
17190,BPRES-2022-10469,2022-09-14,22000,New Building,New Building,Expired,MUSHABOOM,District 02,0,1,Accessory Structure,44.85018963543584,-62.52750279965104
17191,BPRES-2022-10504,2023-05-01,73000,New Building,New Building,Completed,HALIFAX,District 09,1,1,Dwelling - Backyard Suite,44.65481296262542,-63.605581411474546
17192,BPRES-2022-10581,2022-08-31,25000,New Building,New Building,Amendment Requested,MIDDLE SACKVILLE,District 14,0,1,Accessory Structure,44.798956798361,-63.723959647321
17193,BPRES-2022-10593,,51000,Addition,Addition,Withdrawn,HALIFAX,District 09,1,1,Accessory Structure,44.63987988091342,-63.621405892583134
17194,BPRES-2022-10632,2023-08-11,15000,New Building,New Building,Expired,WEST CHEZZETCOOK,District 02,0,1,Accessory Structure,44.72250000207972,-63.26217977996904
17195,BPRES-2022-10695,2022-08-30,300000,Renovation,Renovation,Expired,HALIFAX,District 09,0,2,Dwelling - Single Detached,44.64268333586019,-63.62269479598017
17196,BPRES-2022-10726,2022-08-31,45000,New Building,New Building,Completed,TIMBERLEA,District 12,0,1,Accessory Structure,44.65630601440838,-63.741974553746424
17197,BPRES-2022-10794,2022-09-21,150000,Addition,Addition,Completed,GLEN MARGARET,District 13,0,2,Dwelling - Single Detached,44.58519249929028,-63.917294044408386
17198,BPRES-2022-10853,2022-08-30,561000,New Building,New Building,Completed,BROOKSIDE,District 13,1,2,Dwelling - Single Detached,44.54799587667679,-63.723143862626834
17199,BPRES-2022-10912,2022-09-26,25000,New Building,New Building,Completed,HUBLEY,District 13,0,1,Accessory Structure,44.664810088953836,-63.80892609305507
17200,BPRES-2022-10979,2022-09-14,1125000,New Building,New Building,Completed,,District 12,5,3,Dwelling - Townhouse,,
17201,BPRES-2022-11068,2022-08-30,755000,New Building,New Building,Completed,BEAVER HARBOUR,District 02,1,1,Dwelling - Single Detached,44.90287159608144,-62.41129697401278
17202,BPRES-2022-11130,2022-10-03,33500,New Building,New Building,Expired,LAWRENCETOWN,District 02,1,1,Dwelling - Single Detached,44.67722587848893,-63.40158247094712
17203,BPRES-2022-11180,2022-10-04,900000,New Building,New Building,Completed,BEECHVILLE,District 12,4,3,Dwelling - Townhouse,44.6402636316969,-63.681162423819686
17204,BPRES-2022-11283,,400000,New Building,New Building,Withdrawn,BLIND BAY,District 13,1,1,Dwelling - Single Detached,44.51588343190173,-63.819044793500794
17205,BPRES-2022-11311,2022-10-25,12000,Renovation,Renovation,Completed,HALIFAX,District 07,1,2,Dwelling - Single Detached,44.62793884574399,-63.57735777688424
17206,BPRES-2022-11356,2022-08-19,3000,Renovation,Renovation,Expired,HALIFAX,District 07,0,7,Dwelling - Multiple Units,44.6427672567122,-63.569268130226405
17207,BPRES-2022-11409,2022-12-20,80000,Renovation,Renovation,Amendment Application Incomplete,LUCASVILLE,District 14,1,2,Dwelling - Multiple Units,44.76362726149623,-63.72303703815686
17208,BPRES-2022-11470,2023-04-05,50000,New Building,New Building,Issued,HALIFAX,District 11,1,1,Dwelling - Single Detached,44.60883839030065,-63.56340573568473
17209,BPRES-2022-11544,2022-09-22,100000,Renovation,Renovation,Expired,MIDDLE MUSQUODOBOIT,District 01,0,1,Dwelling - Single Detached,45.04763184189523,-63.14029647254845
17210,BPRES-2022-11604,2022-09-13,32000,New Building,New Building,Completed,LUCASVILLE,District 14,0,1,Accessory Structure,44.75377186029124,-63.74504836531825
17211,BPRES-2022-11634,2022-09-12,320000,New Building,New Building,Expired,WYSES CORNER,District 01,1,1,Dwelling - Single Detached,44.96141886077426,-63.29801399633248
17212,BPRES-2022-11744,2022-08-31,42000,New Building,New Building,Completed,WELLINGTON,District 01,0,1,Accessory Structure,44.867797601374065,-63.62242487760846
17213,BPRES-2022-11810,2022-09-13,500000,New Building,New Building,Completed,WHITES LAKE,District 13,1,2,Dwelling - Single Detached,44.522176102333866,-63.75536790020196
17214,BPRES-2022-11892,2022-09-16,33000,New Building,New Building,Issued,HAMMONDS PLAINS,District 14,0,1,Accessory Structure,44.70542235298628,-63.73480405235551
17215,BPRES-2022-11950,,125000,Renovation,Renovation,Withdrawn,GAETZ BROOK,District 02,1,1,Dwelling - Single Detached,44.77054493146715,-63.19959739912259
17216,BPRES-2022-11995,2022-11-16,1800000,New Building,New Building,Issued,UPPER TANTALLON,District 13,2,2,Dwelling - Multiple Units,44.739076579005534,-63.872325901869104
17217,BPRES-2022-12017,2022-09-15,51000,New Building,New Building,Completed,MIDDLE SACKVILLE,District 14,0,2,Accessory Structure,44.784382361115206,-63.74575063114218
17218,BPRES-2022-12041,2023-07-12,15000,Renovation,Renovation,Completed,HALIFAX,District 11,1,2,Dwelling - Multiple Units,44.59101674312366,-63.599510537107506
17219,BPRES-2022-12080,2022-09-29,22000,Renovation,Renovation,Completed,BEAVER BANK,District 15,0,1,Dwelling - Single Detached,44.84861581557818,-63.67370397515918
17220,BPRES-2022-12096,,2500,New Building,New Building,Application Incomplete,DARTMOUTH,District 05,0,1,Accessory Structure,44.67424768167106,-63.58006808567032
17221,BPRES-2022-12120,,30000,Renovation,Renovation,Withdrawn,DARTMOUTH,District 05,1,3,Dwelling - Multiple Units,44.68031792286669,-63.575486431298124
17222,BPRES-2022-12205,,3000,New Building,New Building,Withdrawn,HERRING COVE,District 11,0,1,Accessory Structure,44.56427290654231,-63.564872809758995
17223,BPRES-2022-12336,2022-09-28,1200000,New Building,New Building,Completed,HEAD OF ST MARGARETS BAY,District 13,1,1,Dwelling - Single Detached,44.66303112014971,-63.91298283441548
17224,BPRES-2022-12378,2023-06-12,328000,New Building,New Building,Completed,DARTMOUTH,District 03,2,2,Dwelling - Multiple Units,44.659893831279966,-63.54883967534134
17225,BPRES-2022-12429,2022-10-17,400000,Renovation,Renovation,Expired,HALIFAX,District 08,0,2,Dwelling - Single Detached,44.650951155323234,-63.58468525668052
17226,BPRES-2022-12554,2022-09-28,600000,New Building,New Building,Completed,,District 12,4,3,Dwelling - Townhouse,,
17227,BPRES-2022-12584,2023-03-14,330000,New Building,New Building,Completed,TIMBERLEA,District 12,1,3,Dwelling - Single Detached,44.639779095923004,-63.72179394307271
17228,BPRES-2022-12605,2022-10-28,200000,New Building,New Building,Expired,SEABRIGHT,District 13,1,2,Dwelling - Backyard Suite,44.622163132110714,-63.93814817654269
17229,BPRES-2022-12611,2022-11-25,300000,New Building,New Building,Completed,HALIFAX,District 08,1,2,Dwelling - Single Detached,44.65857085036406,-63.594266231649684
17230,BPRES-2022-12640,2022-09-28,8840.3,Renovation,Renovation,Completed,LOWER SACKVILLE,District 15,0,1,Dwelling - Single Detached,44.775772300392035,-63.662468094293544
17231,BPRES-2022-12724,2022-11-10,350000,New Building,New Building,Completed,CONROD SETTLEMENT,District 02,1,2,Dwelling - Single Detached,44.755422662137626,-63.241334244853455
17232,BPRES-2022-12784,2022-10-21,41000,New Building,New Building,Completed,COLE HARBOUR,District 04,0,1,Accessory Structure,44.66775331493533,-63.49410872865073
17233,BPRES-2022-12843,2022-09-28,41077,Renovation,Renovation,Completed,DARTMOUTH,District 06,0,2,Dwelling - Single Detached,44.67755913790027,-63.50660113587101
17234,BPRES-2022-12963,,15000,Addition,Addition,Withdrawn,HALIFAX,District 10,0,1,Accessory Structure,44.656163568499984,-63.64159262890872
17235,BPRES-2022-13068,2022-10-12,700000,New Building,New Building,Completed,LUCASVILLE,District 14,1,2,Dwelling - Single Detached,44.76373752327102,-63.73146846685327
17236,BPRES-2022-13109,2022-10-24,190500,New Building,New Building,Completed,OSTREA LAKE,District 02,1,1,Dwelling - Single Detached,44.710223405297405,-63.06554959530559
17237,BPRES-2022-13141,2022-10-25,16500,Renovation,Renovation,Cancelled,DARTMOUTH,District 06,0,2,Dwelling - Multiple Units,44.689410373854486,-63.52914164499984
17238,BPRES-2022-13169,2022-11-22,90000,Addition,Addition,Completed,HALIFAX,District 10,0,2,Dwelling - Single Detached,44.65398199867831,-63.63324533164818
17239,BPRES-2022-13221,2022-10-25,640000,New Building,New Building,Completed,OAKFIELD,District 01,1,1,Dwelling - Single Detached,44.90724842762713,-63.56567481616174
17240,BPRES-2022-13262,2022-10-13,550000,New Building,New Building,Completed,,District 16,1,2,Dwelling - Single Detached,44.706860185641766,-63.72273709963936
17241,BPRES-2022-13313,2023-02-01,75000,Addition,Addition,Issued,HALIFAX,District 08,0,2,Dwelling - Townhouse,44.6627546440008,-63.6013037030159
17242,BPRES-2022-13361,2022-10-20,375000,New Building,New Building,Completed,BEAVER BANK,District 15,1,2,Dwelling - Single Detached,44.827281432494,-63.675486706500834
17243,BPRES-2022-13428,2023-07-28,20000,Addition,Addition,Issued,HALIFAX,District 08,0,1,Accessory Structure,44.66981902840149,-63.605345432779174
17244,BPRES-2022-13452,2022-10-21,525000,New Building,New Building,Completed,BEDFORD,District 16,1,2,Dwelling - Single Detached,44.70643236436312,-63.72164711994098
17245,BPRES-2022-13487,2022-10-19,425000,New Building,New Building,Completed,MIDDLE SACKVILLE,District 14,1,1,Dwelling - Single Detached,44.78685098819437,-63.74519966055961
17246,BPRES-2022-13504,2023-09-07,1460000,New Building,New Building,Expired,,District 13,4,1,Dwelling - Townhouse,,
17247,BPRES-2022-13539,2022-11-08,375000,New Building,New Building,Completed,BEAVER BANK,District 15,1,2,Dwelling - Single Detached,44.82714824729219,-63.67438246241905
17248,BPRES-2022-13576,2022-10-26,22500,Renovation,Renovation,Completed,HALIFAX,District 07,1,2,Dwelling - Multiple Units,44.64034758431317,-63.57330029020901
17249,BPRES-2022-13631,2022-11-24,295000,Addition,Addition,Completed,HALIFAX,District 08,0,2,Dwelling - Single Detached,44.66798607930286,-63.60941171974006
17250,BPRES-2022-13675,2022-10-26,400000,New Building,New Building,Completed,MIDDLE SACKVILLE,District 14,1,2,Dwelling - Single Detached,44.811117183953094,-63.715915277483354
17251,BPRES-2022-13711,2022-12-07,600000,New Building,New Building,Issued,HALIFAX,District 08,5,3,Dwelling - Multiple Units,44.673026735314934,-63.612517571160716
17252,BPRES-2022-13777,,35000,Addition,Addition,Application Incomplete,HALIFAX,District 11,0,1,Dwelling - Single Detached,44.6312670646638,-63.6101421713241
17253,BPRES-2022-13831,2022-11-22,202500,New Building,New Building,Completed,OYSTER POND,District 02,1,1,Dwelling - Single Detached,44.77504430046736,-63.00500450403571
17254,BPRES-2022-13864,2023-03-14,38900,Renovation,Renovation,Completed,DARTMOUTH,District 05,0,2,Dwelling - Single Detached,44.67766478894734,-63.57771203819663
17255,BPRES-2022-13942,2022-11-09,50000,New Building,New Building,Completed,GRAND LAKE,District 01,0,1,Accessory Structure,44.89302086251159,-63.5899413208103
17256,BPRES-2022-14024,,22500,Renovation,Renovation,Applicant Revisions,HAMMONDS PLAINS,District 14,1,2,Dwelling - Single Detached,44.73275391722662,-63.73367315773177
17257,BPRES-2022-14093,2023-03-28,50000,Renovation,Renovation,Completed,HALIFAX,District 10,1,3,Dwelling - Semi-Detached,44.65292669875399,-63.64013425857312
17258,BPRES-2022-14144,2022-11-23,535000,New Building,New Building,Completed,OAKFIELD,District 01,1,1,Dwelling - Single Detached,44.906862525670604,-63.58589247946374
17259,BPRES-2022-14202,2022-12-12,800000,New Building,New Building,Completed,FALL RIVER,District 01,1,2,Dwelling - Single Detached,44.8299437567119,-63.6323436376232
17260,BPRES-2022-14259,2022-12-02,50000,Addition,Addition,Expired,MIDDLE SACKVILLE,District 14,0,1,Dwelling - Single Detached,44.796918877323996,-63.741442144518395
17261,BPRES-2022-14310,2022-11-09,20000,New Building,New Building,Expired,EAST PENNANT,District 11,0,1,Accessory Structure,44.46687992134917,-63.6320273210832
17262,BPRES-2022-14365,2023-07-20,60000,Addition,Addition,Completed,HALIFAX,District 11,1,2,Dwelling - Multiple Units,44.62852094739282,-63.61708038699126
17263,BPRES-2022-14408,,60000,New Building,New Building,Applicant Revisions,PROSPECT BAY,District 13,0,1,Accessory Structure,44.511606576156275,-63.79533891790433
17264,BPRES-2022-14449,2023-03-16,20000,New Building,New Building,Expired,,District 02,0,1,Accessory Structure,,
17265,BPRES-2022-14603,2022-12-19,1500000,New Building,New Building,Completed,BOUTILIERS POINT,District 13,1,3,Dwelling - Single Detached,44.65929043207664,-63.94233581984494
17266,BPRES-2022-14671,2023-05-15,832761,New Building,New Building,Issued,HUBBARDS,District 13,1,3,Dwelling - Single Detached,44.63305480768186,-64.04887408292633
17267,BPRES-2022-14719,,125000,New Building,New Building,Applicant Revisions,TIMBERLEA,District 12,0,1,Accessory Structure,44.67134310602418,-63.77559556605947
17268,BPRES-2022-14765,2022-11-23,36000,New Building,New Building,Completed,MIDDLE SACKVILLE,District 14,0,1,Accessory Structure,44.79356559194091,-63.77143485731206
17269,BPRES-2022-14799,2022-11-28,384000,New Building,New Building,Completed,WEST PORTERS LAKE,District 02,1,1,Dwelling - Single Detached,44.692496773236314,-63.31459574790469
17270,BPRES-2022-14849,2023-03-03,12010,Renovation,Renovation,Completed,BEDFORD,District 16,1,2,Dwelling - Single Detached,44.72860287079434,-63.675647715600576
17271,BPRES-2022-14884,2022-12-22,150000,New Building,New Building,Expired,HATCHET LAKE,District 13,1,2,Dwelling - Multiple Units,44.56798848507987,-63.72372472769965
17272,BPRES-2022-14919,2023-02-10,65000,Renovation,Renovation,Completed,HALIFAX,District 09,1,2,Dwelling - Multiple Units,44.65050952985858,-63.62775719335193
17273,BPRES-2022-15014,2022-12-16,30000,New Building,New Building,Completed,DARTMOUTH,District 06,0,1,Accessory Structure,44.67458790346006,-63.50583333354438
17274,BPRES-2022-15078,,80000,New Building,New Building,Applicant Revisions,HALIFAX,District 11,0,1,Accessory Structure,44.620274841743395,-63.578829837826625
17275,BPRES-2022-15132,2023-06-09,15500,Addition,Addition,Completed,BALD ROCK,District 11,0,1,Dwelling - Single Detached,44.4692259308006,-63.580342631139835
17276,BPRES-2022-15161,2022-12-09,800000,New Building,New Building,Completed,BEDFORD,District 16,1,2,Dwelling - Single Detached,44.705183261785315,-63.72286321772229
17277,BPRES-2022-15227,2022-12-22,275821,New Building,New Building,Completed,HAMMONDS PLAINS,District 14,1,1,Dwelling - Backyard Suite,44.720291114712076,-63.74399935432002
17278,BPRES-2022-15290,2022-12-29,82500,New Building,New Building,Expired,WEST CHEZZETCOOK,District 02,0,1,Accessory Structure,44.71912318846321,-63.26870127553468
17279,BPRES-2022-15419,2022-12-09,4000,Renovation,Renovation,Expired,BEECHVILLE,District 12,0,2,Dwelling - Single Detached,44.632866342167816,-63.68031013868839
17280,BPRES-2022-15485,2023-01-05,75000,Renovation,Renovation,Completed,HALIFAX,District 12,1,1,Dwelling - Single Detached,44.674951748509876,-63.66425640482876
17281,BPRES-2022-15521,2023-01-05,475000,New Building,New Building,Completed,SEAFORTH,District 02,1,1,Dwelling - Single Detached,44.654150398632034,-63.26995946185094
17282,BPRES-2022-15653,2023-01-11,41600,Renovation,Renovation,Completed,HALIFAX,District 10,0,1,Dwelling - Single Detached,44.65858154953944,-63.63416535669057
17283,BPRES-2022-15694,2023-01-24,120000,New Building,New Building,Completed,WHITES LAKE,District 13,1,1,Dwelling - Backyard Suite,44.52521223559947,-63.76758449303642
17284,BPRES-2022-15761,2023-01-10,18000,New Building,New Building,Completed,COLE HARBOUR,District 04,0,1,Accessory Structure,44.64856931413055,-63.47676198570252
17285,BPRES-2022-15865,2023-01-05,4000,Renovation,Renovation,Completed,HERRING COVE,District 11,1,2,Dwelling - Single Detached,44.58431194498074,-63.58595785943883
17286,BPRES-2022-15934,,600000,New Building,New Building,Applicant Revisions,BAYSIDE,District 13,1,3,Dwelling - Single Detached,44.52871274771359,-63.80536810715527
17287,BPRES-2023-00008,2023-03-08,53500,Renovation,Renovation,Completed,LAKE ECHO,District 02,1,1,Dwelling - Single Detached,44.74007030950631,-63.39379465123687
17288,BPRES-2023-00069,2023-01-19,25000,New Building,New Building,Expired (Closed),OWLS HEAD,District 02,0,1,Accessory Structure,44.734421257535054,-62.83011381542153
17289,BPRES-2023-00107,,88000,Addition,Addition,Applicant Revisions,FALL RIVER,District 01,1,2,Dwelling - Single Detached,44.82327316270117,-63.622260007005174
17290,BPRES-2023-00187,,,Renovation,Renovation,Application Incomplete,HALIFAX,District 10,1,2,Dwelling - Multiple Units,44.66641080123372,-63.638265984564335
17291,BPRES-2023-00336,2024-10-29,35000,Renovation,Renovation,Completed,BEDFORD,District 16,1,2,Dwelling - Multiple Units,44.731068483475035,-63.6763461549124
17292,BPRES-2023-00427,2023-04-19,10000,Renovation,Renovation,Amendment Applicant Revisions,QUEENSLAND,District 13,1,2,Dwelling - Backyard Suite,44.64314462388549,-64.00908717563786
17293,BPRES-2023-00472,2023-01-20,158000,Addition,Addition,Expired,DARTMOUTH,District 05,0,1,Dwelling - Single Detached,44.67964154834594,-63.58077364871493
17294,BPRES-2023-00547,,415000,New Building,New Building,Applicant Revisions,WEST PENNANT,District 11,1,2,Dwelling - Single Detached,44.47476564299832,-63.63067319240288
17295,BPRES-2023-00636,2023-03-09,300000,New Building,New Building,Expired,PLEASANT VALLEY,District 01,1,1,Dwelling - Single Detached,45.09695019006647,-62.871976941959836
17296,BPRES-2023-00682,2023-07-21,90000,Addition,Addition,Issued,HALIFAX,District 11,0,2,Dwelling - Single Detached,44.62406197525627,-63.61377685027574
17297,BPRES-2023-00725,2024-05-09,96000,New Building,New Building,Issued,BALD ROCK,District 11,1,2,Dwelling - Single Detached,44.472791600223715,-63.57668951975661
17298,BPRES-2023-00769,2023-04-25,86000,New Building,New Building,Issued,GLEN HAVEN,District 13,0,2,Accessory Structure,44.640275480695806,-63.91679380573139
17299,BPRES-2023-00836,2023-01-31,130000,Renovation,Renovation,Expired,DARTMOUTH,District 05,0,2,Dwelling - Multiple Units,44.67863921482811,-63.58641148819
17300,BPRES-2023-00887,2023-03-06,600000,New Building,New Building,Completed,BEECHVILLE,District 12,4,3,Dwelling - Townhouse,44.640790581559486,-63.67928539975175
17301,BPRES-2023-00902,2023-03-02,25000,Renovation,Renovation,Issued,DARTMOUTH,District 05,0,1,Dwelling - Single Detached,44.67875831246856,-63.57916673093688
17302,BPRES-2023-00948,2023-04-06,7025,Addition,Addition,Expired,QUEENSLAND,District 13,0,2,Dwelling - Single Detached,44.63809067378728,-64.02976724992523
17303,BPRES-2023-00997,,12000,Renovation,Renovation,Withdrawn,DARTMOUTH,District 05,1,2,Dwelling - Semi-Detached,44.69133734205532,-63.56885969326945
17304,BPRES-2023-01053,2023-02-23,107819,Addition,Addition,Completed,DARTMOUTH,District 05,0,2,Dwelling - Single Detached,44.66888031615591,-63.582202373282094
17305,BPRES-2023-01138,2023-05-09,815000,New Building,New Building,Expired,HALIFAX,District 11,1,2,Dwelling - Single Detached,44.607626347367734,-63.56314098622108
17306,BPRES-2023-01193,2023-02-13,30000,New Building,New Building,Completed,HAMMONDS PLAINS,District 14,0,1,Accessory Structure,44.713447721480314,-63.746075218173814
17307,BPRES-2023-01273,,284332,Addition,Addition,Applicant Revisions,OAKFIELD,District 01,0,2,Dwelling - Single Detached,44.917208622672995,-63.55820184818784
17308,BPRES-2023-01376,2023-04-04,334500,New Building,New Building,Completed,LOWER SACKVILLE,District 15,1,1,Dwelling - Single Detached,44.764696090305144,-63.64269466529286
17309,BPRES-2023-01396,2024-01-04,300000,New Building,New Building,Issued,THREE FATHOM HARBOUR,District 02,1,2,Dwelling - Single Detached,44.65093422843032,-63.288333751684185
17310,BPRES-2023-01445,2023-04-17,2000,Addition,Addition,Completed,DARTMOUTH,District 05,1,2,Accessory Structure,44.66718652431927,-63.5772866439201
17311,BPRES-2023-01525,2023-07-07,40000,Addition,Addition,Completed,DARTMOUTH,District 03,1,1,Dwelling - Single Detached,44.66374746515473,-63.54936713606132
17312,BPRES-2023-01643,2023-05-09,529737.35,Renovation,Renovation,Completed,HALIFAX,District 08,0,3,Dwelling - Multiple Units,44.67276907923116,-63.608908435613905
17313,BPRES-2023-01800,2023-03-22,515000,New Building,New Building,Completed,HACKETTS COVE,District 13,1,2,Dwelling - Backyard Suite,44.551671767466864,-63.94081813666599
17314,BPRES-2023-01878,2023-11-14,800000,New Building,New Building,Issued,HALIFAX,District 11,4,2,Dwelling - Multiple Units,44.62400723395196,-63.619706120061466
17315,BPRES-2023-01899,2023-11-14,800000,New Building,New Building,Issued,HALIFAX,District 11,2,2,Dwelling - Multiple Units,44.62385556406034,-63.619590572030205
17316,BPRES-2023-01947,2023-03-07,375000,New Building,New Building,Completed,TERENCE BAY,District 13,1,1,Dwelling - Single Detached,44.46171552941526,-63.72085590089397
17317,BPRES-2023-02055,2023-03-06,25000,New Building,New Building,Issued,SHAD BAY,District 13,0,1,Accessory Structure,44.531451920470914,-63.78463930714662
17318,BPRES-2023-02174,2023-07-20,90000,New Building,New Building,Expired,UPPER TANTALLON,District 13,0,1,Accessory Structure,44.72065062964289,-63.87687943645309
17319,BPRES-2023-02276,,20000,New Building,New Building,Applicant Revisions,HUBLEY,District 13,0,1,Accessory Structure,44.66336751557216,-63.78915064705139
17320,BPRES-2023-02340,2023-03-23,56000,Renovation,Renovation,Completed,BEDFORD,District 16,0,1,Dwelling - Single Detached,44.716636065252125,-63.68164396542401
17321,BPRES-2023-02356,2023-09-19,22000000,Addition,Addition,Issued,HALIFAX,District 07,71,9,Dwelling - Multiple Units,44.6403300005738,-63.570035027251244
17322,BPRES-2023-02386,2023-04-18,500000,New Building,New Building,Completed,HAMMONDS PLAINS,District 14,1,1,Dwelling - Single Detached,44.696765573782585,-63.803451116403906
17323,BPRES-2023-02456,,750000,New Building,New Building,Withdrawn,HALIBUT BAY,District 11,1,2,Dwelling - Single Detached,44.541698824474686,-63.54764550538818
17324,BPRES-2023-02480,2023-06-19,300000,New Building,New Building,Completed,EAST LAWRENCETOWN,District 02,1,1,Dwelling - Single Detached,44.67621915281896,-63.3173266774973
17325,BPRES-2023-02497,2023-04-05,50000,Renovation,Renovation,Expired,PROSPECT BAY,District 13,0,2,Dwelling - Single Detached,44.51192457177105,-63.77844979750792
17326,BPRES-2023-02531,2023-03-23,15000,New Building,New Building,Expired,LAKESIDE,District 12,0,1,Accessory Structure,44.633274551213326,-63.706533995062664
17327,BPRES-2023-02607,2023-03-15,123530,Renovation,Renovation,Expired,HALIFAX,District 09,0,2,Dwelling - Single Detached,44.65334377731232,-63.60646740106122
17328,BPRES-2023-02690,2023-07-10,1038100,New Building,New Building,Cancelled,HERRING COVE,District 11,1,2,Dwelling - Single Detached,44.56553565605601,-63.557337112631565
17329,BPRES-2023-02749,2023-06-02,336000,New Building,New Building,Completed,MIDDLE MUSQUODOBOIT,District 01,1,2,Dwelling - Single Detached,45.046988571583135,-63.14924287008785
17330,BPRES-2023-02808,2023-04-03,5050,New Building,New Building,Completed,MIDDLE SACKVILLE,District 14,0,1,Accessory Structure,44.81437597843066,-63.74890937480052
17331,BPRES-2023-02839,2023-04-26,21500,New Building,New Building,Completed,WEST PORTERS LAKE,District 02,0,1,Accessory Structure,44.68166843892836,-63.32235267174114
17332,BPRES-2023-02902,2023-04-03,1125000,New Building,New Building,Completed,BEECHVILLE,District 12,5,3,Dwelling - Townhouse,44.63748713637706,-63.678743066104886
17333,BPRES-2023-02951,2023-03-28,35000,New Building,New Building,Expired,OAKFIELD,District 01,0,1,Accessory Structure,44.91710312289302,-63.565760346512924
17334,BPRES-2023-02965,2023-03-28,140000,New Building,New Building,Completed,RIVER LAKE,District 02,1,1,Dwelling - Single Detached,44.917726662094246,-62.74487943815738
17335,BPRES-2023-03026,2023-09-26,92000,Renovation,Renovation,Expired,HALIFAX,District 07,0,3,Dwelling - Single Detached,44.64049705977647,-63.59849883068409
17336,BPRES-2023-03131,2023-04-14,75000,Renovation,Renovation,Expired,SAMBRO,District 11,0,1,Accessory Structure,44.484677188899774,-63.594406727846156
17337,BPRES-2023-03279,2023-05-30,828000,New Building,New Building,Completed,HALIFAX,District 08,1,2,Dwelling - Single Detached,44.66780813668978,-63.60985385890927
17338,BPRES-2023-03327,2024-01-10,20000,New Building,New Building,Completed,HALIFAX,District 11,0,1,Accessory Structure,44.62437243931285,-63.58935620461133
17339,BPRES-2023-03385,2023-06-16,150000,New Building,New Building,Issued,LAKESIDE,District 12,1,1,Dwelling - Single Detached,44.639874173653986,-63.694077985150436
17340,BPRES-2023-03489,2023-04-11,31000,New Building,New Building,Completed,DARTMOUTH,District 06,0,1,Accessory Structure,44.68973884518867,-63.54599993027458
17341,BPRES-2023-03517,,310000,New Building,New Building,Withdrawn,WEST CHEZZETCOOK,District 02,1,1,Dwelling - Semi-Detached,44.707347106867594,-63.26729280395891
17342,BPRES-2023-03578,2023-05-01,100000,New Building,New Building,Completed,LOWER SACKVILLE,District 15,1,1,Dwelling - Backyard Suite,44.757494645188984,-63.68498088722725
17343,BPRES-2023-03608,2023-04-18,82500,Addition,Addition,Issued,HALIFAX,District 09,0,2,Dwelling - Single Detached,44.63644860878819,-63.62239793541511
17344,BPRES-2023-03663,2023-05-24,20000,New Building,New Building,Completed,COLE HARBOUR,District 04,0,1,Accessory Structure,44.67856184213171,-63.48905139329079
17345,BPRES-2023-03688,2023-05-05,120000,Addition,Addition,Expired,HALIFAX,District 09,0,2,Dwelling - Single Detached,44.653434993897996,-63.611238208512965
17346,BPRES-2023-03755,2023-07-11,200000,New Building,New Building,Completed,HALIFAX,District 11,1,2,Dwelling - Single Detached,44.60814159741812,-63.60082264596256
17347,BPRES-2023-03873,2023-04-20,16667,New Building,New Building,Completed,LUCASVILLE,District 14,0,1,Accessory Structure,44.76373752327102,-63.73146846685327
17348,BPRES-2023-03920,2023-04-19,350000,New Building,New Building,Completed,TERENCE BAY,District 13,1,1,Dwelling - Single Detached,44.4779314658796,-63.722040457420114
17349,BPRES-2023-03964,2023-05-15,275000,New Building,New Building,Completed,HAMMONDS PLAINS,District 14,1,1,Dwelling - Backyard Suite,44.711081983783366,-63.729371590946826
17350,BPRES-2023-04017,2023-05-10,300000,Addition,Addition,Issued,UPPER TANTALLON,District 13,1,2,Dwelling - Single Detached,44.73085794543021,-63.882905709881975
17351,BPRES-2023-04061,2023-04-20,100000,New Building,New Building,Expired,DARTMOUTH,District 05,0,1,Accessory Structure,44.6759811384578,-63.56488710000544
17352,BPRES-2023-04132,2023-04-25,16000,New Building,New Building,Expired,MIDDLE SACKVILLE,District 14,0,1,Accessory Structure,44.78598654901026,-63.772512965278054
17353,BPRES-2023-04213,2023-05-26,75000,New Building,New Building,Cancelled,HALIFAX,District 08,1,2,Dwelling - Backyard Suite,44.653690847917545,-63.61358953600434
17354,BPRES-2023-04261,2023-04-26,400000,New Building,New Building,Completed,HALIFAX,District 11,2,3,Dwelling - Semi-Detached,44.60071678111183,-63.60387206755926
17355,BPRES-2023-04339,2023-05-10,434593.88,New Building,New Building,Completed,CLAM BAY,District 02,1,1,Dwelling - Single Detached,44.73312302154519,-62.94951873045258
17356,BPRES-2023-04381,2023-05-04,41200,New Building,New Building,Completed,UPPER TANTALLON,District 13,0,1,Accessory Structure,44.67690670112602,-63.88979416012671
17357,BPRES-2023-04425,2023-04-25,400000,New Building,New Building,Completed,HALIFAX,District 11,2,3,Dwelling - Semi-Detached,44.60081894272465,-63.604055700531255
17358,BPRES-2023-04462,2024-07-24,60000,Addition,Addition,Completed,HAMMONDS PLAINS,District 14,0,1,Accessory Structure,44.76990295272082,-63.76536285216571
17359,BPRES-2023-04477,2023-04-28,35000,New Building,New Building,Expired,HAMMONDS PLAINS,District 14,0,1,Accessory Structure,44.75219881361765,-63.79430506982406
17360,BPRES-2023-04502,2023-06-06,342000,Addition,Addition,Completed,HALIFAX,District 08,0,2,Dwelling - Single Detached,44.66411681884005,-63.60477991830975
17361,BPRES-2023-04609,,67000,Addition,Addition,Cancelled,HALIFAX,District 07,0,1,Dwelling - Townhouse,44.63575131067367,-63.57808121219247
17362,BPRES-2023-04685,2023-05-10,800000,New Building,New Building,Completed,FALL RIVER,District 01,1,2,Dwelling - Single Detached,44.825621395085946,-63.63943454194825
17363,BPRES-2023-04780,2023-05-16,160000,Addition,Addition,Completed,HATCHET LAKE,District 13,0,2,Dwelling - Single Detached,44.564626683363514,-63.74359415859956
17364,BPRES-2023-04841,2023-05-03,60000,New Building,New Building,Completed,PROSPECT,District 13,0,2,Accessory Structure,44.471381384658876,-63.79292078143522
17365,BPRES-2023-04882,2024-02-12,150000,New Building,New Building,Issued,QUEENSLAND,District 13,1,2,Dwelling - Backyard Suite,44.64320863654061,-64.01273062562493
17366,BPRES-2023-04972,2023-05-16,48671,New Building,New Building,Completed,HEAD OF JEDDORE,District 02,0,1,Accessory Structure,44.781443495133445,-63.082449619756915
17367,BPRES-2023-05032,2023-05-05,14000,New Building,New Building,Completed,TANTALLON,District 13,0,1,Accessory Structure,44.65013539299931,-63.896309278624976
17368,BPRES-2023-05061,2023-05-03,33000,New Building,New Building,Completed,HEAD OF CHEZZETCOOK,District 02,0,1,Accessory Structure,44.74645767667176,-63.25247020022983
17369,BPRES-2023-05107,2023-05-08,16000,Renovation,Renovation,Expired,HALIFAX,District 07,0,2,Dwelling - Semi-Detached,44.635433885238754,-63.570563822104
17370,BPRES-2023-05166,2023-06-02,360000,New Building,New Building,Completed,BEDFORD,District 16,1,3,Dwelling - Single Detached,44.706483847079554,-63.72321371185167
17371,BPRES-2023-05234,2023-08-30,218500,Renovation,Renovation,Cancelled,HALIFAX,District 10,0,1,Dwelling - Multiple Units,44.654522730187836,-63.64516998465398
17372,BPRES-2023-05319,2023-07-05,200000,New Building,New Building,Completed,MUSQUODOBOIT HARBOUR,District 02,1,2,Dwelling - Single Detached,44.79031759636859,-63.170124716107544
17373,BPRES-2023-05398,2023-05-16,76492,Renovation,Renovation,Completed,LAWRENCETOWN,District 02,0,2,Dwelling - Single Detached,44.698672587232885,-63.4276437811898
17374,BPRES-2023-05454,2023-05-29,500000,New Building,New Building,Completed,BEAVER BANK,District 15,2,3,Dwelling - Multiple Units,44.814056330919385,-63.685634462796465
17375,BPRES-2023-05544,2023-05-11,32000,New Building,New Building,Completed,DEVON,District 01,0,1,Accessory Structure,44.91453193442251,-63.41192256889479
17376,BPRES-2023-05642,2023-06-29,70000,New Building,New Building,Completed,WYSES CORNER,District 01,0,1,Accessory Structure,44.958627879024085,-63.30295913769036
17377,BPRES-2023-05675,2023-05-15,84837.98,New Building,New Building,Issued,EASTERN PASSAGE,District 03,0,1,Accessory Structure,44.60383280745795,-63.47259985640654
17378,BPRES-2023-05750,2023-05-25,14000,New Building,New Building,Expired,MURPHY COVE,District 02,0,1,Accessory Structure,44.77863181945968,-62.76643924148827
17379,BPRES-2023-05798,2023-06-05,30000,New Building,New Building,Completed,LAWRENCETOWN,District 02,0,1,Accessory Structure,44.68782197128802,-63.40214191808561
17380,BPRES-2023-05927,2023-06-13,152000,Addition,Addition,Completed,COW BAY,District 03,1,2,Dwelling - Single Detached,44.62698205547191,-63.44223881529735
17381,BPRES-2023-05976,2023-05-17,40000,Renovation,Renovation,Issued,HALIFAX,District 09,0,1,Dwelling - Single Detached,44.64831582340479,-63.60706399123459
17382,BPRES-2023-06035,,35000,Renovation,Renovation,Withdrawn,HALIFAX,District 08,1,2,Dwelling - Multiple Units,44.6525430200497,-63.58792319468508
17383,BPRES-2023-06108,2023-07-20,150000,Addition,Addition,Expired,BEECHVILLE,District 12,0,3,Dwelling - Single Detached,44.633448297512516,-63.686125403453566
17384,BPRES-2023-06156,2023-06-22,42500,Addition,Addition,Completed,MIDDLE SACKVILLE,District 14,0,2,Dwelling - Single Detached,44.81110683550891,-63.733931049749636
17385,BPRES-2023-06174,2023-07-19,47000,Renovation,Renovation,Completed,DARTMOUTH,District 05,1,2,Dwelling - Multiple Units,44.6801030021846,-63.57617479735356
17386,BPRES-2023-06204,2023-05-29,400000,New Building,New Building,Completed,PORTERS LAKE,District 02,1,1,Dwelling - Single Detached,44.75152999415934,-63.32424306588057
17387,BPRES-2023-06279,2023-06-08,600000,New Building,New Building,Completed,HALIFAX,District 12,1,2,Dwelling - Single Detached,44.64670892410707,-63.65396144575038
17388,BPRES-2023-06303,2023-07-14,25000,New Building,New Building,Completed,DARTMOUTH,District 03,0,1,Accessory Structure,44.66704789746989,-63.51695548700802
17389,BPRES-2023-06363,2023-06-16,25000,New Building,New Building,Completed,HALIFAX,District 09,0,1,Accessory Structure,44.650847243419356,-63.59856166549833
17390,BPRES-2023-06423,2023-06-02,8000,Renovation,Renovation,Completed,HALIFAX,District 10,0,2,Dwelling - Semi-Detached,44.67408974611525,-63.64786492792211
17391,BPRES-2023-06473,2023-07-26,27500,New Building,New Building,Expired,EAST LAWRENCETOWN,District 02,0,1,Accessory Structure,44.649290305524254,-63.3232693521457
17392,BPRES-2023-06523,2023-06-14,20000,Renovation,Renovation,Completed,COLE HARBOUR,District 04,1,2,Dwelling - Multiple Units,44.67701454088778,-63.48398533951999
17393,BPRES-2023-06592,2023-07-28,40000,Renovation,Renovation,Completed,HALIFAX,District 08,1,2,Dwelling - Multiple Units,44.66898987087526,-63.60530900443126
17394,BPRES-2023-06618,2023-06-02,360000,New Building,New Building,Completed,BEDFORD,District 16,1,3,Dwelling - Single Detached,44.70652372998913,-63.72333437790507
17395,BPRES-2023-06629,2023-06-02,360000,New Building,New Building,Completed,BEDFORD,District 16,1,3,Dwelling - Single Detached,44.70660845898954,-63.72357217117968
17396,BPRES-2023-06656,2023-06-26,336000,New Building,New Building,Expired,WILLIAMSWOOD,District 11,1,1,Dwelling - Single Detached,44.539386886376214,-63.6286916073351
17397,BPRES-2023-06701,2023-06-01,45000,New Building,New Building,Expired,SEABRIGHT,District 13,0,1,Accessory Structure,44.61278354041847,-63.92058544439019
17398,BPRES-2023-06802,2023-06-27,35000,Addition,Addition,Completed,OSTREA LAKE,District 02,0,2,Dwelling - Single Detached,44.719586072001555,-63.0909113128735
17399,BPRES-2023-06889,2023-06-12,650000,New Building,New Building,Completed,BROOKSIDE,District 13,1,2,Dwelling - Single Detached,44.531153614341804,-63.71075007623864
17400,BPRES-2023-06947,2023-06-05,3404,Renovation,Renovation,Completed,WESTPHAL,District 04,0,2,Dwelling - Single Detached,44.693429634302085,-63.487350769431366
17401,BPRES-2023-07004,2023-07-07,40000,New Building,New Building,Completed,CLAM BAY,District 02,0,1,Accessory Structure,44.734370232019145,-62.93529494586002
17402,BPRES-2023-07061,2023-07-21,93000,Renovation,Renovation,Expired,DARTMOUTH,District 05,0,3,Dwelling - Single Detached,44.67803955260894,-63.56314865666968
17403,BPRES-2023-07089,2023-06-29,70000,New Building,New Building,Completed,MIDDLE SACKVILLE,District 14,0,2,Accessory Structure,44.78495757467645,-63.70725933681483
17404,BPRES-2023-07159,,200000,Addition,Addition,Withdrawn,HALIFAX,District 08,1,2,Dwelling - Multiple Units,44.65998637991471,-63.61443172699181
17405,BPRES-2023-07206,2023-06-14,450000,New Building,New Building,Completed,ENFIELD,District 01,1,3,Dwelling - Single Detached,44.93812042754009,-63.54851011975507
17406,BPRES-2023-07253,2023-06-12,47000,Renovation,Renovation,Expired,HALIFAX,District 07,0,2,Dwelling - Single Detached,44.64018322395625,-63.58832361907583
17407,BPRES-2023-07312,2023-07-05,81000,New Building,New Building,Completed,BEDFORD,District 16,1,2,Dwelling - Single Detached,44.70230410493588,-63.70407689848586
17408,BPRES-2023-07400,2023-06-20,650000,New Building,New Building,Completed,BROOKSIDE,District 13,1,3,Dwelling - Single Detached,44.52848811179575,-63.710406485733884
17409,BPRES-2023-07539,2023-06-27,150000,New Building,New Building,Completed,TERENCE BAY,District 13,1,2,Dwelling - Single Detached,44.48937991458691,-63.72858324266444
17410,BPRES-2023-07616,2023-09-14,440000,New Building,New Building,Completed,MIDDLE SACKVILLE,District 14,2,2,Dwelling - Multiple Units,44.81790489417329,-63.742197790367435
17411,BPRES-2023-07635,2023-07-25,480000,New Building,New Building,Completed,,District 11,4,2,Dwelling - Multiple Units,44.60281395609837,-63.60509251970937
17412,BPRES-2023-07673,2023-09-13,25000,New Building,New Building,Issued,BEAVER BANK,District 15,0,1,Accessory Structure,44.810780864703396,-63.670525458597574
17413,BPRES-2023-07742,2023-08-15,647000,New Building,New Building,Completed,PORTUGUESE COVE,District 11,2,1,Dwelling - Multiple Units,44.51598222377669,-63.546077589658594
17414,BPRES-2023-07792,2023-07-07,200000,Addition,Addition,Issued,DARTMOUTH,District 05,0,3,Dwelling - Single Detached,44.67170023720613,-63.55561529037838
17415,BPRES-2023-07840,2023-08-22,40000,New Building,New Building,Completed,UPPER TANTALLON,District 13,0,1,Accessory Structure,44.68744797136255,-63.87023143813677
17416,BPRES-2023-07966,2023-09-07,40000,New Building,New Building,Expired,DARTMOUTH,District 06,0,1,Accessory Structure,44.68436322577283,-63.51776134620762
17417,BPRES-2023-07995,2023-06-28,1000000,New Building,New Building,Completed,HAMMONDS PLAINS,District 14,1,3,Dwelling - Single Detached,44.700205031383376,-63.80721886228206
17418,BPRES-2023-08057,2023-06-29,10000,New Building,New Building,Expired,LAKE ECHO,District 02,0,1,Accessory Structure,44.73308918446926,-63.40089126047798
17419,BPRES-2023-08163,2023-12-15,670000,New Building,New Building,Expired,UPPER SACKVILLE,District 14,1,1,Dwelling - Single Detached,44.82710047968692,-63.78218394999415
17420,BPRES-2023-08227,2023-11-28,19000,Renovation,Renovation,Completed,HALIFAX,District 09,0,1,Accessory Structure,44.65459069962041,-63.60537844397372
17421,BPRES-2023-08308,2023-08-01,25000,Renovation,Renovation,Completed,HALIFAX,District 10,1,1,Dwelling - Multiple Units,44.660693922184045,-63.643619036903765
17422,BPRES-2023-08372,2023-07-17,425000,New Building,New Building,Completed,PORTUGUESE COVE,District 11,1,1,Dwelling - Single Detached,44.5129711212271,-63.54327292272694
17423,BPRES-2023-08426,2026-04-22,400000,New Building,New Building,Issued,HALIFAX,District 11,4,3,Dwelling - Semi-Detached,44.59912944733082,-63.60094789028848
17424,BPRES-2023-08542,2023-08-11,15000,New Building,New Building,Expired,PORTUGUESE COVE,District 11,0,1,Accessory Structure,44.5166803577698,-63.54293667006735
17425,BPRES-2023-08578,2023-07-14,1000,Renovation,Renovation,Completed,DARTMOUTH,District 06,0,2,Dwelling - Single Detached,44.703502570712914,-63.53004172340852
17426,BPRES-2023-08637,2023-07-14,400000,New Building,New Building,Completed,HALIFAX,District 11,3,3,Dwelling - Multiple Units,44.586218066598654,-63.58779524726457
17427,BPRES-2023-08655,2023-07-28,74000,Renovation,Renovation,Completed,BEDFORD,District 16,1,3,Dwelling - Multiple Units,44.734682500331395,-63.65025624073237
17428,BPRES-2023-08697,2023-09-05,675000,New Building,New Building,Completed,HALIFAX,District 08,2,3,Dwelling - Single Detached,44.652943888104964,-63.59096535709133
17429,BPRES-2023-08728,2023-07-24,500000,New Building,New Building,Completed,BEDFORD,District 16,2,1,Dwelling - Single Detached,44.727212632705076,-63.645397863399225
17430,BPRES-2023-08764,2023-08-02,20000,Addition,Addition,Completed,DUTCH SETTLEMENT,District 01,1,1,Dwelling - Single Detached,45.001466796101425,-63.42701097530701
17431,BPRES-2023-08788,2023-08-04,200000,New Building,New Building,Completed,HALIFAX,District 11,2,2,Dwelling - Semi-Detached,44.60025074734786,-63.60388797251401
17432,BPRES-2023-08793,2023-08-18,200000,New Building,New Building,Completed,HALIFAX,District 11,3,2,Dwelling - Semi-Detached,44.600547106370996,-63.604415797308306
17433,BPRES-2023-08825,2023-07-11,40000,New Building,New Building,Completed,HAMMONDS PLAINS,District 14,0,1,Accessory Structure,44.73841907299081,-63.80317134235482
17434,BPRES-2023-08919,,85000,New Building,New Building,Applicant Revisions,DARTMOUTH,District 05,0,1,Accessory Structure,44.677405888065046,-63.58266192971581
17435,BPRES-2023-08951,2023-08-16,250500,Addition,Addition,Expired,PORTERS LAKE,District 02,0,2,Dwelling - Single Detached,44.73687008243252,-63.311580281700806
17436,BPRES-2023-08962,2023-07-24,400000,New Building,New Building,Completed,FLETCHERS LAKE,District 01,1,2,Dwelling - Single Detached,44.85103201598652,-63.598593495649496
17437,BPRES-2023-08974,2023-07-26,80000,Renovation,Renovation,Expired,HALIFAX,District 07,0,3,Dwelling - Multiple Units,44.63544299452968,-63.57751888390095
17438,BPRES-2023-09036,,50000,New Building,New Building,Application Incomplete,,Unidentified,0,1,Accessory Structure,,
17439,BPRES-2023-09127,2023-07-18,35000,New Building,New Building,Completed,MINEVILLE,District 02,0,1,Accessory Structure,44.68798215752973,-63.36407989196489
17440,BPRES-2023-09246,2023-07-24,523500,New Building,New Building,Issued,BEDFORD,District 16,2,2,Dwelling - Single Detached,44.73093142801006,-63.67949430633247
17441,BPRES-2023-09358,2023-08-30,1500,Renovation,Renovation,Completed,EAST LAWRENCETOWN,District 02,0,3,Dwelling - Single Detached,44.6507789341394,-63.3231018281556
17442,BPRES-2023-09627,,27000,New Building,New Building,Applicant Revisions,BEAVER BANK,District 15,1,2,Dwelling - Backyard Suite,44.84476349820239,-63.66779716777056
17443,BPRES-2023-09783,2023-08-03,400000,New Building,New Building,Completed,HALIFAX,District 11,4,2,Dwelling - Semi-Detached,44.60074180025142,-63.604771100710785
17444,BPRES-2023-09834,2023-08-17,26000,New Building,New Building,Completed,LAKE ECHO,District 02,0,1,Accessory Structure,44.723084716880415,-63.3974121495323
17445,BPRES-2023-09926,2023-07-28,600000,New Building,New Building,Completed,BEDFORD,District 16,1,2,Dwelling - Single Detached,44.70748627429303,-63.7254144592458
17446,BPRES-2023-09989,2025-09-16,52000,New Building,New Building,Completed,WAVERLEY,District 01,0,1,Accessory Structure,44.77672201450225,-63.58531726726268
17447,BPRES-2023-10057,2023-08-08,544333,New Building,New Building,Completed,ENFIELD,District 01,1,1,Dwelling - Single Detached,44.937440631050805,-63.548202414383354
17448,BPRES-2023-10114,2023-08-11,15000,New Building,New Building,Cancelled,BEAVER BANK,District 15,0,1,Accessory Structure,44.84559435985502,-63.667704227074644
17449,BPRES-2023-10158,2023-12-15,300000,New Building,New Building,Issued,HALIFAX,District 09,2,3,Dwelling - Multiple Units,44.635817515107654,-63.624565865062635
17450,BPRES-2023-10221,2023-09-01,454000,New Building,New Building,Completed,HALIFAX,District 11,2,3,Dwelling - Semi-Detached,44.601680372747566,-63.60590426636453
17451,BPRES-2023-10241,2023-08-08,650000,New Building,New Building,Completed,WINDSOR JUNCTION,District 01,1,2,Dwelling - Single Detached,44.804663696701,-63.644382871508455
17452,BPRES-2023-10284,,10350,New Building,New Building,Withdrawn,HALIFAX,District 08,0,1,Accessory Structure,44.654838574185526,-63.6140889995887
17453,BPRES-2023-10313,2023-09-05,500000,New Building,New Building,Completed,HACKETTS COVE,District 13,1,2,Dwelling - Single Detached,44.55867702324402,-63.93948607788798
17454,BPRES-2023-10392,,100000,New Building,New Building,Application Incomplete,BEDFORD,District 16,1,1,Dwelling - Backyard Suite,44.74379257622883,-63.6498512559324
17455,BPRES-2023-10434,,65000,New Building,New Building,Applicant Revisions,HALIFAX,District 09,1,2,Dwelling - Backyard Suite,44.635696459155206,-63.62424590624905
17456,BPRES-2023-10480,,5000,Renovation,Renovation,Withdrawn,LAKESIDE,District 12,0,2,Dwelling - Single Detached,44.64028969308553,-63.704894575856706
17457,BPRES-2023-10542,2023-11-20,25000,Renovation,Renovation,Expired,EAST LAWRENCETOWN,District 02,1,2,Dwelling - Backyard Suite,44.6488820998461,-63.321910981545265
17458,BPRES-2023-10651,2023-08-18,460000,New Building,New Building,Completed,BEDFORD,District 16,1,3,Dwelling - Single Detached,44.70728879965852,-63.724020491067336
17459,BPRES-2023-10811,2023-09-15,175000,New Building,New Building,Completed,KINSAC,District 15,1,1,Dwelling - Backyard Suite,44.84418291543505,-63.65750134982873
17460,BPRES-2023-10866,2023-08-30,25000,New Building,New Building,Withdrawn,BEDFORD,District 16,0,1,Accessory Structure,44.71990456617913,-63.71069463555402
17461,BPRES-2023-10943,2023-09-05,215100,Renovation,Renovation,Expired,HALIFAX,District 07,0,8,Dwelling - Multiple Units,44.640778411624574,-63.57337789770812
17462,BPRES-2023-10998,2023-11-08,80000,New Building,New Building,Completed,HALIFAX,District 08,1,2,Dwelling - Backyard Suite,44.65402808287263,-63.61584931214004
17463,BPRES-2023-11030,2024-04-19,346000,New Building,New Building,Amendment Requested,LOWER SACKVILLE,District 15,2,2,Dwelling - Semi-Detached,44.76529841643636,-63.6859011695121
17464,BPRES-2023-11081,2023-08-31,580000,New Building,New Building,Completed,DARTMOUTH,District 06,1,2,Dwelling - Single Detached,44.67235439511382,-63.5283743788154
17465,BPRES-2023-11142,2023-09-14,57500,Addition,Addition,Completed,MIDDLE SACKVILLE,District 14,1,1,Dwelling - Multiple Units,44.77765761822145,-63.740897588203765
17466,BPRES-2023-11214,2023-10-10,500000,New Building,New Building,Completed,WEST CHEZZETCOOK,District 02,1,2,Dwelling - Single Detached,44.72255485623049,-63.26936499598558
17467,BPRES-2023-11279,2023-08-31,15000,New Building,New Building,Expired,MURCHYVILLE,District 01,0,1,Accessory Structure,44.995019186976016,-63.13588238860254
17468,BPRES-2023-11333,2024-01-18,180000,Renovation,Renovation,Completed,DARTMOUTH,District 06,1,1,Dwelling - Multiple Units,44.6774993768683,-63.52778788786938
17469,BPRES-2023-11389,2023-10-19,200000,New Building,New Building,Completed,HALIFAX,District 11,1,3,Dwelling - Single Detached,44.60713189742479,-63.60034910515501
17470,BPRES-2023-11430,2023-08-30,13000,New Building,New Building,Completed,LOWER SACKVILLE,District 15,0,1,Accessory Structure,44.7853473464071,-63.69505178408819
17471,BPRES-2023-11471,2023-09-06,5200,Renovation,Renovation,Completed,HALIFAX,District 07,0,3,Dwelling - Single Detached,44.631957761085545,-63.57607164812679
17472,BPRES-2023-11511,2023-09-05,9000,Renovation,Renovation,Expired,WHITES LAKE,District 13,0,1,Dwelling - Single Detached,44.519961272990585,-63.74900641216992
17473,BPRES-2023-11544,2023-09-28,12000,New Building,New Building,Completed,TIMBERLEA,District 12,0,1,Accessory Structure,44.6523539508993,-63.73640275605178
17474,BPRES-2023-11573,2023-09-01,695000,New Building,New Building,Completed,UPPER TANTALLON,District 13,1,2,Dwelling - Single Detached,44.72234076103401,-63.87312017735338
17475,BPRES-2023-11609,2023-09-05,10000,Renovation,Renovation,Expired,,District 06,1,1,Dwelling - Multiple Units,,
17476,BPRES-2023-11674,2023-09-08,10000,Renovation,Renovation,Expired,LOWER SACKVILLE,District 15,0,1,Dwelling - Single Detached,44.7639998482535,-63.699822406253716
17477,BPRES-2023-11710,2023-11-17,950000,New Building,New Building,Expired,HALIFAX,District 10,1,3,Dwelling - Single Detached,44.67851151525523,-63.657690215709
17478,BPRES-2023-11799,2023-09-13,550000,New Building,New Building,Completed,BEDFORD,District 16,1,3,Dwelling - Single Detached,44.70769731169074,-63.7276770903098
17479,BPRES-2023-11868,2023-09-18,600000,New Building,New Building,Completed,MIDDLE SACKVILLE,District 14,1,1,Dwelling - Single Detached,44.79575836012628,-63.76826829592422
17480,BPRES-2023-11941,2023-09-13,30000,New Building,New Building,Completed,HALIFAX,District 09,0,1,Accessory Structure,44.651483869798625,-63.62664580363519
17481,BPRES-2023-12033,2023-09-21,10000,Renovation,Renovation,Completed,HALIFAX,District 09,1,1,Dwelling - Multiple Units,44.64972025693565,-63.60505551819439
17482,BPRES-2023-12106,2023-09-27,32000,Renovation,Renovation,Completed,MIDDLE SACKVILLE,District 14,1,1,Dwelling - Backyard Suite,44.78255341030935,-63.71182138009737
17483,BPRES-2023-12165,2023-09-26,400000,New Building,New Building,Completed,UPPER SACKVILLE,District 14,1,1,Dwelling - Single Detached,44.807408399971855,-63.759410267300275
17484,BPRES-2023-12236,2023-12-15,17000,Renovation,Renovation,Issued,DARTMOUTH,District 05,0,3,Dwelling - Single Detached,44.68927555138817,-63.58064392709071
17485,BPRES-2023-12261,2023-09-20,65000,Renovation,Renovation,Completed,PLEASANT POINT,District 02,0,2,Dwelling - Single Detached,44.703703106100996,-63.06436983301617
17486,BPRES-2023-12311,2023-09-18,20000,New Building,New Building,Completed,BEAVER BANK,District 15,0,1,Accessory Structure,44.801255511894894,-63.678954184222086
17487,BPRES-2023-12343,2023-09-26,200000,New Building,New Building,Issued,HALIFAX,District 11,1,3,Dwelling - Single Detached,44.60640951683798,-63.601197666344376
17488,BPRES-2023-12368,,130000,Renovation,Renovation,Withdrawn,DARTMOUTH,District 05,0,1,Dwelling - Single Detached,44.68346949159484,-63.595811864447704
17489,BPRES-2023-12433,2023-10-30,46000,New Building,New Building,Completed,MIDDLE SACKVILLE,District 14,0,1,Accessory Structure,44.779773733064964,-63.70387814825612
17490,BPRES-2023-12500,2023-10-13,400000,New Building,New Building,Completed,FALL RIVER,District 01,1,2,Dwelling - Single Detached,44.80196727142536,-63.60608504157316
17491,BPRES-2023-12560,,140000,Addition,Addition,Withdrawn,EASTERN PASSAGE,District 03,0,2,Dwelling - Single Detached,44.61231111471437,-63.450259010274415
17492,BPRES-2023-12616,2023-10-03,60000,Renovation,Renovation,Expired,HALIFAX,District 09,0,2,Dwelling - Multiple Units,44.650454731899515,-63.628235940346705
17493,BPRES-2023-12677,2023-09-26,75000,New Building,New Building,Completed,HAMMONDS PLAINS,District 14,0,1,Accessory Structure,44.72932069479466,-63.809446980990096
17494,BPRES-2023-12724,2023-09-28,39000,New Building,New Building,Completed,HUBLEY,District 13,0,1,Accessory Structure,44.663135663663304,-63.79836180301555
17495,BPRES-2023-12803,2023-10-18,394000,New Building,New Building,Completed,DARTMOUTH,District 05,3,3,Dwelling - Multiple Units,44.68199571691738,-63.59347920831576
17496,BPRES-2023-12851,2025-03-18,123000,Addition,Addition,Issued,HALIFAX,District 08,0,3,Dwelling - Multiple Units,44.66592895740917,-63.60414924049026
17497,BPRES-2023-12877,,6500,New Building,New Building,Cancelled,OYSTER POND,District 02,0,1,Accessory Structure,44.778290027366616,-62.9965029963652
17498,BPRES-2023-12925,2023-10-13,200000,New Building,New Building,Completed,TERENCE BAY,District 11,1,1,Dwelling - Single Detached,44.49611969058514,-63.725485792974816
17499,BPRES-2023-12966,2023-10-10,913000,New Building,New Building,Completed,HAMMONDS PLAINS,District 14,1,2,Dwelling - Single Detached,44.72310131640918,-63.841948654616715
17500,BPRES-2023-13011,2023-10-12,46500,Addition,Addition,Completed,WINDSOR JUNCTION,District 01,0,2,Dwelling - Single Detached,44.793383302282614,-63.655096490117224
17501,BPRES-2023-13056,2023-10-12,550000,New Building,New Building,Completed,BEDFORD,District 16,1,3,Dwelling - Single Detached,44.707000592698826,-63.724482178636684
17502,BPRES-2023-13088,2023-10-05,550000,New Building,New Building,Completed,HAMMONDS PLAINS,District 14,1,2,Dwelling - Single Detached,44.73047795916079,-63.80916775881036
17503,BPRES-2023-13157,2024-02-01,32500,Renovation,Renovation,Expired,HALIFAX,District 10,1,1,Dwelling - Multiple Units,44.65873379654625,-63.634663463700015
17504,BPRES-2023-13201,2023-10-18,30000,Renovation,Renovation,Completed,DARTMOUTH,District 05,0,3,Dwelling - Single Detached,44.67827900890826,-63.565355962916755
17505,BPRES-2023-13248,2023-10-11,180000,Renovation,Renovation,Completed,HALIFAX,District 11,0,2,Dwelling - Multiple Units,44.61663969559552,-63.62051492936791
17506,BPRES-2023-13283,2023-10-27,893000,New Building,New Building,Completed,BEDFORD,District 16,1,2,Dwelling - Single Detached,44.70793381169232,-63.728154999165284
17507,BPRES-2023-13315,2023-10-30,430000,New Building,New Building,Completed,WEST PETPESWICK,District 02,1,2,Dwelling - Single Detached,44.73540652073238,-63.17031169500131
17508,BPRES-2023-13353,2023-10-17,13000,New Building,New Building,Expired,WHITES LAKE,District 13,0,1,Accessory Structure,44.52325807606122,-63.76318362347308
17509,BPRES-2023-13409,,448500,New Building,New Building,Applicant Revisions,HALIFAX,District 11,4,3,Dwelling - Multiple Units,44.624454245492906,-63.61321700177118
17510,BPRES-2023-13461,2023-10-16,625000,New Building,New Building,Completed,FALL RIVER,District 01,1,2,Dwelling - Single Detached,44.8327200772833,-63.63173946067859
17511,BPRES-2023-13589,,60000,New Building,New Building,Withdrawn,QUEENSLAND,District 13,0,1,Accessory Structure,44.65036910923809,-64.00080548510681
17512,BPRES-2023-13645,2024-02-29,150000,Renovation,Renovation,Issued,BEDFORD,District 16,0,3,Dwelling - Single Detached,44.716985434109766,-63.657474348794736
17513,BPRES-2023-13716,2023-10-24,650000,New Building,New Building,Cancelled,FALL RIVER,District 01,1,2,Dwelling - Single Detached,44.83363990915571,-63.63210682707863
17514,BPRES-2023-13765,,18879.25,Renovation,Renovation,Application Incomplete,MIDDLE PORTERS LAKE,District 02,0,1,Dwelling - Single Detached,44.704073473812755,-63.28920573074177
17515,BPRES-2023-13854,2024-04-16,450000,New Building,New Building,Completed,BEDFORD,District 16,1,2,Dwelling - Single Detached,44.7204772794348,-63.71741055650083
17516,BPRES-2023-13904,2023-11-14,278500,New Building,New Building,Completed,LUCASVILLE,District 14,1,2,Dwelling - Single Detached,44.75745495323749,-63.73410539807068
17517,BPRES-2023-13937,2023-10-27,650000,New Building,New Building,Completed,HAMMONDS PLAINS,District 14,1,2,Dwelling - Single Detached,44.72584865137722,-63.840301634656726
17518,BPRES-2023-14010,2023-10-26,40000,New Building,New Building,Completed,PORTERS LAKE,District 02,0,1,Accessory Structure,44.77893422418079,-63.36112777660995
17519,BPRES-2023-14098,2023-11-08,1739396,New Building,New Building,Completed,DARTMOUTH,District 03,6,2,Dwelling - Townhouse,44.65908352142138,-63.53229006411604
17520,BPRES-2023-14192,2023-11-23,250000,Addition,Addition,Completed,MIDDLE SACKVILLE,District 14,1,3,Dwelling - Multiple Units,44.80453107045938,-63.74585153936617
17521,BPRES-2023-14248,2023-11-07,375000,New Building,New Building,Completed,DARTMOUTH,District 06,1,3,Dwelling - Single Detached,44.71440163032559,-63.54389190006697
17522,BPRES-2023-14292,2023-10-31,37000,New Building,New Building,Completed,HAMMONDS PLAINS,District 14,0,1,Accessory Structure,44.73047795916079,-63.80916775881036
17523,BPRES-2023-14352,2023-12-04,10000,Renovation,Renovation,Completed,DARTMOUTH,District 05,1,1,Dwelling - Multiple Units,44.677833470141,-63.56205207969694
17524,BPRES-2023-14390,2024-06-07,20000,New Building,New Building,Completed,TIMBERLEA,District 12,0,1,Accessory Structure,44.64178826773035,-63.71087825447102
17525,BPRES-2023-14471,2023-12-05,80600,Addition,Addition,Expired,DARTMOUTH,District 06,1,2,Dwelling - Multiple Units,44.68576239611432,-63.50131479427156
17526,BPRES-2023-14537,2023-11-28,60000,New Building,New Building,Completed,MIDDLE SACKVILLE,District 14,0,1,Accessory Structure,44.79670700301605,-63.77037212742134
17527,BPRES-2023-14572,2023-12-07,440000,New Building,New Building,Completed,UPPER TANTALLON,Unidentified,1,2,Dwelling - Single Detached,44.72247750611494,-63.869107055422695
17528,BPRES-2023-14636,2023-11-09,460000,New Building,New Building,Completed,HAMMONDS PLAINS,District 14,1,2,Dwelling - Single Detached,44.719048433372656,-63.83403930140268
17529,BPRES-2023-14712,2023-11-20,855000,New Building,New Building,Completed,HAMMONDS PLAINS,District 14,1,2,Dwelling - Single Detached,44.72808609477474,-63.838920530728885
17530,BPRES-2023-14758,2024-04-02,50000,Addition,Addition,Expired,HALIFAX,District 09,0,2,Dwelling - Single Detached,44.64730017315781,-63.61150334989511
17531,BPRES-2023-14832,2023-11-29,130000,Renovation,Renovation,Completed,HALIFAX,District 08,1,3,Dwelling - Multiple Units,44.66394712259573,-63.60563498702959
17532,BPRES-2023-14853,2023-11-17,350000,New Building,New Building,Completed,HAMMONDS PLAINS,District 14,1,1,Dwelling - Single Detached,44.728740537669296,-63.81252056228805
17533,BPRES-2023-14912,2023-12-06,386442.69,New Building,New Building,Completed,LUCASVILLE,District 14,1,1,Dwelling - Backyard Suite,44.762959085684855,-63.72356103676098
17534,BPRES-2023-14969,2023-11-23,15000,New Building,New Building,Completed,HAMMONDS PLAINS,District 14,0,1,Accessory Structure,44.697266744001936,-63.80405553481988
17535,BPRES-2023-15028,2023-12-08,370000,Addition,Addition,Completed,HALIFAX,District 09,0,2,Dwelling - Single Detached,44.65157846030685,-63.60330599858804
17536,BPRES-2023-15112,2023-11-30,10000,New Building,New Building,Expired,HAMMONDS PLAINS,District 14,0,1,Accessory Structure,44.72556100964268,-63.83668021271064
17537,BPRES-2023-15176,2023-11-22,525000,New Building,New Building,Completed,HAMMONDS PLAINS,District 14,1,2,Dwelling - Single Detached,44.73237319684336,-63.804840426695485
17538,BPRES-2023-15265,2023-12-18,125000,New Building,New Building,Completed,MYERS POINT,District 02,1,1,Dwelling - Single Detached,44.764098783466416,-63.04170265510696
17539,BPRES-2023-15292,2024-10-03,400000,Renovation,Renovation,Issued,HALIFAX,District 07,0,3,Dwelling - Single Detached,44.63085216264186,-63.57346761378458
17540,BPRES-2023-15320,2023-11-28,9500,Renovation,Renovation,Expired,TIMBERLEA,District 12,0,2,Dwelling - Townhouse,44.64019891015806,-63.70235563788544
17541,BPRES-2023-15344,2024-03-05,200000,Addition,Addition,Completed,HALIFAX,District 09,1,3,Dwelling - Multiple Units,44.64736442614392,-63.603601623535965
17542,BPRES-2023-15403,2024-02-16,222000,New Building,New Building,Issued,BOUTILIERS POINT,District 13,1,1,Dwelling - Single Detached,44.669906875245,-63.95462067234177
17543,BPRES-2023-15430,2023-12-01,600000,New Building,New Building,Completed,HAMMONDS PLAINS,District 14,1,2,Dwelling - Single Detached,44.72582753035241,-63.83446853798869
17544,BPRES-2023-15482,,15000,New Building,New Building,Cancelled,UPPER SACKVILLE,District 14,0,1,Accessory Structure,44.83012900527066,-63.77577085926657
17545,BPRES-2023-15586,2024-01-31,272500,New Building,New Building,Completed,HALIFAX,District 11,4,3,Dwelling - Semi-Detached,44.59318921967857,-63.60204441816522
17546,BPRES-2023-15615,2023-12-12,650000,New Building,New Building,Completed,BEDFORD,District 16,1,3,Dwelling - Single Detached,44.70711798843792,-63.72469204312567
17547,BPRES-2023-15695,2024-01-03,20000,New Building,New Building,Issued,WINDSOR JUNCTION,District 01,1,1,Dwelling - Single Detached,44.783475666343904,-63.650367927704785
17548,BPRES-2023-15808,2023-12-14,700000,New Building,New Building,Completed,HAMMONDS PLAINS,District 14,1,2,Dwelling - Single Detached,44.723754092343526,-63.83537398467643
17549,BPRES-2023-15879,2024-03-15,726100,New Building,New Building,Completed,HAMMONDS PLAINS,District 14,2,2,Dwelling - Multiple Units,44.72016194921792,-63.83499653451718
17550,BPRES-2023-15957,2024-02-05,120000,Renovation,Renovation,Completed,COLE HARBOUR,District 04,1,1,Dwelling - Multiple Units,44.65651239075686,-63.485012403119924
17551,BPRES-2023-16019,,20000,New Building,New Building,Application Incomplete,UPPER SACKVILLE,District 14,0,1,Accessory Structure,44.816323722380126,-63.767786593329575
17552,BPRES-2023-16077,2023-12-15,875000,New Building,New Building,Completed,MIDDLE SACKVILLE,District 14,1,1,Dwelling - Single Detached,44.79339163758609,-63.759291458968605
17553,BPRES-2023-16112,2023-12-18,200000,New Building,New Building,Completed,MIDDLE SACKVILLE,District 14,1,2,Dwelling - Single Detached,44.7941214506527,-63.75639677615359
17554,BPRES-2023-16179,2024-02-01,578811.3,New Building,New Building,Completed,WYSES CORNER,District 01,1,1,Dwelling - Single Detached,44.96887293424356,-63.27512969241484
17555,BPRES-2023-16278,2024-01-09,15000,New Building,New Building,Completed,ELMSDALE,District 01,0,1,Accessory Structure,44.94624215679997,-63.49460896769068
17556,BPRES-2023-16308,2024-02-05,74975,Renovation,Renovation,Completed,FALL RIVER,District 01,1,2,Dwelling - Multiple Units,44.815854505394,-63.61590792023533
17557,BPRES-2023-16375,2024-02-05,695000,Addition,Addition,Completed,HALIFAX,District 07,0,2,Dwelling - Single Detached,44.62954013197512,-63.57437824476395
17558,BPRES-2023-16411,2024-01-31,192000,Renovation,Renovation,Completed,BEDFORD,District 16,0,2,Dwelling - Single Detached,44.69702540975314,-63.705243138754206
17559,BPRES-2023-16470,2024-01-09,186000,New Building,New Building,Completed,UPPER TANTALLON,District 13,1,2,Dwelling - Backyard Suite,44.720950898779606,-63.86472833486782
17560,BPRES-2023-16516,2024-05-24,110000,Renovation,Renovation,Expired,DARTMOUTH,District 05,0,2,Dwelling - Single Detached,44.66710448814864,-63.57660187938301
17561,BPRES-2024-00014,2024-01-11,137000,Renovation,Renovation,Completed,HALIFAX,District 09,0,3,Dwelling - Single Detached,44.653969040785796,-63.60345578652697
17562,BPRES-2024-00062,2024-01-08,40000,New Building,New Building,Completed,BEDFORD,District 16,0,1,Accessory Structure,44.720099902252215,-63.67288410581931
17563,BPRES-2024-00151,2024-03-05,8300,Addition,Addition,Completed,SEAFORTH,District 02,0,1,Dwelling - Single Detached,44.673469203412104,-63.252715832421686
17564,BPRES-2024-00217,2024-03-11,152000,Addition,Addition,Expired,HALIFAX,District 09,0,3,Dwelling - Single Detached,44.64437335777239,-63.59203230714079
17565,BPRES-2024-00296,2024-04-23,50500,Renovation,Renovation,Completed,DARTMOUTH,District 06,1,2,Dwelling - Multiple Units,44.701179564028074,-63.53747015228903
17566,BPRES-2024-00326,2024-01-19,55500,Renovation,Renovation,Completed,LAKE ECHO,District 02,1,2,Dwelling - Multiple Units,44.723084716880415,-63.3974121495323
17567,BPRES-2024-00366,2024-05-17,1500000,New Building,New Building,Completed,UPPER TANTALLON,District 13,1,2,Dwelling - Single Detached,44.72888790453379,-63.8931938726977
17568,BPRES-2024-00419,2024-02-01,22000,Renovation,Renovation,Completed,LOWER SACKVILLE,District 15,0,3,Dwelling - Semi-Detached,44.77308473157156,-63.6982630560035
17569,BPRES-2024-00465,2024-01-16,30000,New Building,New Building,Completed,FALL RIVER,District 01,0,1,Accessory Structure,44.80624446410689,-63.61383796071844
17570,BPRES-2024-00512,2024-02-23,500000,Renovation,Renovation,Completed,HALIFAX,District 07,1,2,Dwelling - Multiple Units,44.63907165145847,-63.587119659393636
17571,BPRES-2024-00546,2024-02-01,70000,Addition,Addition,Issued,HUBBARDS,District 13,0,1,Dwelling - Single Detached,44.63219273009766,-64.0405751427793
17572,BPRES-2024-00643,2024-02-12,305000,New Building,New Building,Completed,UPPER SACKVILLE,District 14,1,2,Dwelling - Single Detached,44.81399147943283,-63.75970339630495
17573,BPRES-2024-00696,2025-05-28,500000,New Building,New Building,Issued,COLE HARBOUR,District 04,3,3,Dwelling - Townhouse,44.67496987361011,-63.495271857662964
17574,BPRES-2024-00802,2024-03-19,30000,New Building,New Building,Completed,MIDDLE SACKVILLE,District 14,0,1,Accessory Structure,44.79777143149673,-63.703681305537934
17575,BPRES-2024-00857,2024-04-03,1907300,New Building,New Building,Completed,MIDDLE SACKVILLE,District 14,2,2,Dwelling - Multiple Units,44.800807426937524,-63.76159179832315
17576,BPRES-2024-00891,2024-05-07,450000,New Building,New Building,Expired,BEDFORD,District 16,1,1,Dwelling - Single Detached,44.729985906616676,-63.65902744652998
17577,BPRES-2024-00921,2024-02-08,1836200,Renovation,Renovation,Issued,DARTMOUTH,District 05,0,3,Dwelling - Multiple Units,44.66849879220036,-63.548540413499744
17578,BPRES-2024-00995,2024-05-31,13000,Renovation,Renovation,Expired,TIMBERLEA,District 12,0,2,Dwelling - Single Detached,44.66342776391899,-63.747860459768255
17579,BPRES-2024-01055,,30000,Renovation,Renovation,Withdrawn,LAKESIDE,District 12,0,2,Dwelling - Single Detached,44.63743325969573,-63.696681198611515
17580,BPRES-2024-01168,2024-02-08,825000,New Building,New Building,Completed,BEDFORD,District 16,1,2,Dwelling - Single Detached,44.70220659061616,-63.71499099469333
17581,BPRES-2024-01257,2024-03-04,50000,Renovation,Renovation,Completed,TIMBERLEA,District 12,1,2,Dwelling - Semi-Detached,44.65615010854266,-63.74113051988158
17582,BPRES-2024-01399,2024-02-15,2500,Renovation,Renovation,Completed,HALIFAX,District 08,0,2,Dwelling - Multiple Units,44.66389895095669,-63.59893584567281
17583,BPRES-2024-01452,2024-04-02,150000,New Building,New Building,Completed,MIDDLE SACKVILLE,District 14,1,1,Dwelling - Backyard Suite,44.78373882134205,-63.749945565279276
17584,BPRES-2024-01507,2024-02-21,300000,New Building,New Building,Completed,TIMBERLEA,District 12,1,2,Dwelling - Single Detached,44.64529782435654,-63.72494185535839
17585,BPRES-2024-01561,2024-02-16,16000,Renovation,Renovation,Expired,DARTMOUTH,District 05,0,2,Dwelling - Single Detached,44.67209491664027,-63.567630854101935
17586,BPRES-2024-01648,2024-03-15,25995,Addition,Addition,Expired,HEAD OF CHEZZETCOOK,District 02,0,1,Accessory Structure,44.742870641125116,-63.25024317579481
17587,BPRES-2024-01679,,27000,Renovation,Renovation,Withdrawn,HALIFAX,District 11,0,1,Dwelling - Backyard Suite,44.60319870190873,-63.62628832723282
17588,BPRES-2024-01811,2024-03-11,90400,Renovation,Renovation,Completed,HALIFAX,District 08,0,2,Dwelling - Multiple Units,44.65081392959187,-63.5949147810851
17589,BPRES-2024-01849,2024-03-28,356000,New Building,New Building,Completed,BROOKSIDE,District 13,2,2,Dwelling - Multiple Units,44.5534679334006,-63.708675994726995
17590,BPRES-2024-01918,2024-03-01,20000,New Building,New Building,Issued,HALIFAX,District 11,0,1,Accessory Structure,44.59397458506155,-63.60018523708643
17591,BPRES-2024-01973,2024-03-01,450000,New Building,New Building,Completed,HAMMONDS PLAINS,District 14,1,1,Dwelling - Single Detached,44.731777479333964,-63.80499531843787
17592,BPRES-2024-02045,2024-03-04,20000,New Building,New Building,Amendment Requested,FALL RIVER,District 01,0,1,Accessory Structure,44.82549455095198,-63.62324045572469
17593,BPRES-2024-02085,2024-03-07,610000,New Building,New Building,Completed,BEDFORD,District 16,1,3,Dwelling - Single Detached,44.725500200771926,-63.65780224112748
17594,BPRES-2024-02112,2024-05-01,147000,Addition,Addition,Expired,DARTMOUTH,District 05,0,2,Dwelling - Single Detached,44.66917189064365,-63.5563411151406
17595,BPRES-2024-02157,2024-03-20,61200,Addition,Addition,Completed,COLE HARBOUR,District 04,1,1,Dwelling - Multiple Units,44.641996023514956,-63.471103873896794
17596,BPRES-2024-02216,2024-03-06,262000,New Building,New Building,Completed,HAMMONDS PLAINS,District 14,1,1,Dwelling - Backyard Suite,44.766550099038476,-63.78738242205128
17597,BPRES-2024-02259,2024-03-08,5000,Renovation,Renovation,Completed,BEDFORD,District 16,0,1,Dwelling - Single Detached,44.702738024635664,-63.69720486840648
17598,BPRES-2024-02310,2024-03-07,800000,New Building,New Building,Completed,FALL RIVER,District 01,1,2,Dwelling - Single Detached,44.83677412232552,-63.633134799704976
17599,BPRES-2024-02427,2024-09-17,35000,New Building,New Building,Issued,EASTERN PASSAGE,District 03,0,1,Accessory Structure,44.6051253057411,-63.47863021700866
17600,BPRES-2024-02481,2024-03-15,72500,New Building,New Building,Issued,FALL RIVER,District 01,1,2,Dwelling - Backyard Suite,44.8347566523702,-63.592372182712296
17601,BPRES-2024-02575,2024-04-11,165000,Renovation,Renovation,Completed,DARTMOUTH,District 05,0,2,Dwelling - Multiple Units,44.669718984438504,-63.566310546881574
17602,BPRES-2024-02654,2024-03-20,50000,New Building,New Building,Completed,OAKFIELD,District 01,0,1,Accessory Structure,44.92364720991396,-63.55872246815283
17603,BPRES-2024-02700,2024-03-15,1000000,Renovation,Renovation,Expired,HALIFAX,District 07,0,1,Dwelling - Single Detached,44.62759593773785,-63.58439556948913
17604,BPRES-2024-02754,2024-09-18,150000,Addition,Addition,Issued,BEDFORD,District 16,1,2,Dwelling - Multiple Units,44.731453077231734,-63.65067608316122
17605,BPRES-2024-02814,2024-03-26,325000,New Building,New Building,Completed,UPPER SACKVILLE,District 14,1,1,Dwelling - Single Detached,44.80842938498601,-63.75928768294759
17606,BPRES-2024-02884,2024-05-27,62000,New Building,New Building,Completed,GLEN HAVEN,District 13,0,2,Accessory Structure,44.63676718800323,-63.934495775560926
17607,BPRES-2024-02924,2024-04-26,550000,New Building,New Building,Completed,OAKFIELD,District 01,1,2,Dwelling - Single Detached,44.92235540983311,-63.55606908578891
17608,BPRES-2024-02985,2024-06-07,200000,Addition,Addition,Issued,HALIFAX,District 08,1,3,Dwelling - Multiple Units,44.65360153962161,-63.59200809488917
17609,BPRES-2024-03107,2024-05-17,4700,Renovation,Renovation,Completed,DARTMOUTH,District 03,1,3,Dwelling - Multiple Units,44.66685087863796,-63.55351723444971
17610,BPRES-2024-03154,2024-03-22,250000,New Building,New Building,Completed,BEECHVILLE,District 12,1,3,Dwelling - Single Detached,44.63819875350198,-63.67745144266216
17611,BPRES-2024-03175,2024-04-08,500000,New Building,New Building,Completed,BEECHVILLE,District 12,2,3,Dwelling - Semi-Detached,44.63953281004903,-63.67876904850216
17612,BPRES-2024-03201,2024-03-28,200000,New Building,New Building,Completed,BEECHVILLE,District 12,1,3,Dwelling - Single Detached,44.63854499717009,-63.67815264628997
17613,BPRES-2024-03249,2024-04-29,220000,New Building,New Building,Completed,MUSQUODOBOIT HARBOUR,District 02,1,1,Dwelling - Single Detached,44.78962429029367,-63.11862699263722
17614,BPRES-2024-03282,2024-04-02,220000,New Building,New Building,Expired,TIMBERLEA,District 12,1,3,Dwelling - Single Detached,44.639484056739036,-63.72183051578615
17615,BPRES-2024-03313,2024-04-08,500000,New Building,New Building,Completed,BEECHVILLE,District 12,2,3,Dwelling - Semi-Detached,44.63920786498132,-63.678357807830636
17616,BPRES-2024-03334,2024-04-08,350000,New Building,New Building,Completed,BEECHVILLE,District 12,2,3,Dwelling - Semi-Detached,44.639044469547756,-63.677576504242445
17617,BPRES-2024-03396,2024-03-28,200000,New Building,New Building,Completed,BEECHVILLE,District 12,1,3,Dwelling - Single Detached,44.63756102463494,-63.67627903995913
17618,BPRES-2024-03448,2024-04-05,585000,New Building,New Building,Completed,BEDFORD,District 16,1,2,Dwelling - Single Detached,44.70722732335489,-63.723913158039096
17619,BPRES-2024-03517,2025-01-08,50500,Renovation,Renovation,Completed,SEAFORTH,District 02,1,3,Dwelling - Multiple Units,44.64227234751806,-63.27660650145564
17620,BPRES-2024-03588,,50000,New Building,New Building,Withdrawn,CLAM HARBOUR,District 02,1,2,Dwelling - Backyard Suite,44.75403787007176,-62.9033851364396
17621,BPRES-2024-03628,2024-06-07,344000,Addition,Addition,Completed,HALIFAX,District 10,0,3,Dwelling - Single Detached,44.68910679632248,-63.6887651920662
17622,BPRES-2024-03685,2024-04-30,48000,Renovation,Renovation,Issued,HALIFAX,District 08,0,2,Dwelling - Single Detached,44.66242707868069,-63.6056406969064
17623,BPRES-2024-03725,2024-04-11,200000,New Building,New Building,Completed,BEECHVILLE,District 12,1,3,Dwelling - Single Detached,44.63862506577411,-63.67872915667479
17624,BPRES-2024-03802,2024-10-01,612000,New Building,New Building,Issued,HALIFAX,District 11,4,2,Dwelling - Semi-Detached,44.58721552074131,-63.58946787214689
17625,BPRES-2024-03836,2024-04-25,625000,New Building,New Building,Completed,FALL RIVER,District 01,1,1,Dwelling - Single Detached,44.83557177616077,-63.63094871613165
17626,BPRES-2024-03905,2024-04-16,520000,New Building,New Building,Completed,SEABRIGHT,District 13,1,2,Dwelling - Single Detached,44.62061775138691,-63.93510733818284
17627,BPRES-2024-03972,2024-05-06,100000,Renovation,Renovation,Expired,DARTMOUTH,District 03,0,3,Dwelling - Semi-Detached,44.63696747986021,-63.52607356309788
17628,BPRES-2024-03987,2024-04-11,250000,New Building,New Building,Completed,BEECHVILLE,District 12,1,3,Dwelling - Single Detached,44.63885726557729,-63.67904908681674
17629,BPRES-2024-03993,2024-04-12,250000,New Building,New Building,Completed,BEECHVILLE,District 12,1,3,Dwelling - Single Detached,44.638383838506485,-63.67943997686122
17630,BPRES-2024-04025,2024-05-24,200000,New Building,New Building,Completed,BEECHVILLE,District 12,1,3,Dwelling - Single Detached,44.63897174436345,-63.678220907905306
17631,BPRES-2024-04079,2024-05-23,300000,New Building,New Building,Completed,MILFORD,District 01,1,2,Dwelling - Single Detached,45.030071141785385,-63.427614537125464
17632,BPRES-2024-04148,2024-08-12,900000,New Building,New Building,Completed,PORTERS LAKE,District 02,1,2,Dwelling - Single Detached,44.76588072344738,-63.33607244073714
17633,BPRES-2024-04166,2024-04-15,250000,New Building,New Building,Completed,BEECHVILLE,District 12,1,3,Dwelling - Single Detached,44.63906369896254,-63.67965838296794
17634,BPRES-2024-04199,2024-05-23,455000,New Building,New Building,Issued,TIMBERLEA,District 12,1,3,Dwelling - Single Detached,44.64606852829505,-63.72638188105892
17635,BPRES-2024-04257,2024-06-17,305000,New Building,New Building,Issued,HALIFAX,District 10,4,2,Dwelling - Multiple Units,44.65323750282216,-63.637879176166976
17636,BPRES-2024-04263,2024-04-24,924228,New Building,New Building,Completed,DARTMOUTH,District 03,5,2,Dwelling - Townhouse,44.66082099464053,-63.534890804036046
17637,BPRES-2024-04294,2024-04-15,10000,Renovation,Renovation,Completed,HAMMONDS PLAINS,District 14,0,1,Accessory Structure,44.72434153668865,-63.83930732689781
17638,BPRES-2024-04314,2024-04-18,30000,New Building,New Building,Completed,PORTERS LAKE,District 02,0,1,Accessory Structure,44.7462784743505,-63.28473264446441
17639,BPRES-2024-04375,2024-11-12,200000,New Building,New Building,Completed,BEECHVILLE,District 12,1,3,Dwelling - Single Detached,44.63702885416291,-63.67581931531929
17640,BPRES-2024-04418,2024-04-19,99000,New Building,New Building,Completed,HAMMONDS PLAINS,District 14,0,1,Accessory Structure,44.71939819157672,-63.83778324807216
17641,BPRES-2024-04517,2024-04-19,34000,New Building,New Building,Completed,HAMMONDS PLAINS,District 14,0,1,Accessory Structure,44.72310131640918,-63.841948654616715
17642,BPRES-2024-04630,2024-05-15,21000,Addition,Addition,Issued,BEDFORD,District 16,0,1,Dwelling - Single Detached,44.727160016355924,-63.67411409895094
17643,BPRES-2024-04722,2025-02-26,300000,New Building,New Building,Issued,CLAM BAY,District 02,1,2,Dwelling - Single Detached,44.732643159871245,-62.949651388216544
17644,BPRES-2024-04818,2024-06-21,290000,New Building,New Building,Completed,WESTPHAL,District 04,1,1,Dwelling - Backyard Suite,44.688700452679115,-63.48439906979595
17645,BPRES-2024-04838,2024-04-24,500000,New Building,New Building,Completed,BEECHVILLE,District 12,2,2,Dwelling - Semi-Detached,44.639863982343655,-63.67852566027336
17646,BPRES-2024-04845,2024-04-25,500000,New Building,New Building,Completed,BEECHVILLE,District 12,2,2,Dwelling - Semi-Detached,44.63948103758857,-63.677986913295065
17647,BPRES-2024-04862,2024-04-26,25000,New Building,New Building,Completed,WELLINGTON,District 01,0,1,Accessory Structure,44.858260205722694,-63.60251381656458
17648,BPRES-2024-04934,2024-07-03,80000,Renovation,Renovation,Completed,HALIFAX,District 08,0,2,Dwelling - Multiple Units,44.66876075143179,-63.61652387649081
17649,BPRES-2024-04962,2024-05-10,75000,New Building,New Building,Completed,HAMMONDS PLAINS,District 14,0,1,Accessory Structure,44.72582753035241,-63.83446853798869
17650,BPRES-2024-05041,2024-04-30,57756,Addition,Addition,Completed,UPPER TANTALLON,District 13,0,1,Dwelling - Single Detached,44.69885983866437,-63.88095067593933
17651,BPRES-2024-05120,2024-04-29,250000,New Building,New Building,Completed,BEECHVILLE,District 12,1,3,Dwelling - Single Detached,44.63845867240672,-63.67705625996963
17652,BPRES-2024-05186,2024-04-30,30000,New Building,New Building,Completed,SEABRIGHT,District 13,0,1,Accessory Structure,44.59840938207825,-63.928044564793645
17653,BPRES-2024-05235,2024-05-27,1350000,New Building,New Building,Issued,DARTMOUTH,District 06,5,3,Dwelling - Townhouse,44.71525445466023,-63.542151768119986
17654,BPRES-2024-05315,2024-05-02,575000,New Building,New Building,Completed,HAMMONDS PLAINS,District 14,1,1,Dwelling - Single Detached,44.72337593636154,-63.83736361889745
17655,BPRES-2024-05384,2024-05-06,650000,New Building,New Building,Completed,GLEN HAVEN,District 13,1,2,Dwelling - Single Detached,44.63522434553684,-63.93285271320736
17656,BPRES-2024-05449,2024-05-10,41300,New Building,New Building,Completed,LUCASVILLE,District 14,0,1,Accessory Structure,44.7577949714005,-63.737776099339435
17657,BPRES-2024-05516,2024-05-10,795000,New Building,New Building,Completed,BEDFORD,District 16,1,3,Dwelling - Single Detached,44.70775901559299,-63.726793075727564
17658,BPRES-2024-05571,2024-07-03,51000,Renovation,Renovation,Completed,LOWER THREE FATHOM HARBOUR,District 02,1,2,Dwelling - Multiple Units,44.63924798352215,-63.29888735608364
17659,BPRES-2024-05615,2024-05-23,35500,Renovation,Renovation,Expired,HAMMONDS PLAINS,District 14,1,2,Dwelling - Single Detached,44.74783254832363,-63.72436579623511
17660,BPRES-2024-05667,2024-05-24,180000,New Building,New Building,Completed,WEST CHEZZETCOOK,District 02,1,1,Dwelling - Single Detached,44.705510683780574,-63.27029919171416
17661,BPRES-2024-05709,2024-05-31,400000,New Building,New Building,Completed,HEAD OF JEDDORE,District 02,1,2,Dwelling - Single Detached,44.781146806205555,-63.067489208846816
17662,BPRES-2024-05743,2024-05-16,650000,New Building,New Building,Completed,TANTALLON,District 13,1,1,Dwelling - Single Detached,44.650994218271755,-63.897857602320904
17663,BPRES-2024-05767,2024-07-17,30000,Renovation,Renovation,Completed,COW BAY,District 03,1,2,Dwelling - Single Detached,44.62729279080978,-63.42971882091339
17664,BPRES-2024-05792,2024-05-30,308000,New Building,New Building,Completed,WILLIAMSWOOD,District 11,1,1,Dwelling - Single Detached,44.54254955272456,-63.63926874737788
17665,BPRES-2024-05836,2024-06-28,900000,New Building,New Building,Completed,HALIFAX,District 11,4,2,Dwelling - Semi-Detached,44.62038071363394,-63.620870716578416
17666,BPRES-2024-05897,2024-05-24,25000,Renovation,Renovation,Completed,HAMMONDS PLAINS,District 14,1,2,Dwelling - Single Detached,44.720687021203766,-63.745099127350265
17667,BPRES-2024-05953,2024-05-23,550000,New Building,New Building,Completed,UPPER TANTALLON,District 13,1,2,Dwelling - Single Detached,44.724347917635725,-63.87984916297593
17668,BPRES-2024-06043,2024-05-30,281500,New Building,New Building,Completed,WEST PORTERS LAKE,District 02,1,2,Dwelling - Single Detached,44.69453471507053,-63.31584648437057
17669,BPRES-2024-06151,2024-06-18,150000,Addition,Addition,Completed,EAST SHIP HARBOUR,District 02,0,2,Dwelling - Single Detached,44.78240999198232,-62.81512350567938
17670,BPRES-2024-06208,2024-06-10,575000,New Building,New Building,Completed,FALL RIVER,District 01,1,2,Dwelling - Single Detached,44.838497196795146,-63.64100190591884
17671,BPRES-2024-06264,2024-05-28,600000,New Building,New Building,Completed,BEDFORD,District 16,1,2,Dwelling - Single Detached,44.70802502635097,-63.721234597292785
17672,BPRES-2024-06305,2024-07-15,465000,New Building,New Building,Completed,HERRING COVE,District 11,4,2,Dwelling - Multiple Units,44.57899926224019,-63.57814716465411
17673,BPRES-2024-06385,,,Renovation,Renovation,Withdrawn,HALIFAX,District 11,4,3,Dwelling - Townhouse,44.62447220449004,-63.621924031116016
17674,BPRES-2024-06428,2025-10-06,150000,New Building,New Building,Issued,HALIFAX,District 07,1,3,Dwelling - Backyard Suite,44.64272375440247,-63.59024767553266
17675,BPRES-2024-06502,2024-06-03,525000,New Building,New Building,Completed,FLETCHERS LAKE,District 01,1,1,Dwelling - Single Detached,44.85196306682062,-63.59602282756372
17676,BPRES-2024-06570,2024-05-29,40000,Renovation,Renovation,Completed,EAST LAWRENCETOWN,District 02,0,3,Dwelling - Single Detached,44.64891114447198,-63.320410130391814
17677,BPRES-2024-06630,2024-06-11,60000,New Building,New Building,Expired,TIMBERLEA,District 12,0,1,Accessory Structure,44.66496071716993,-63.74858846731932
17678,BPRES-2024-06690,2024-06-04,80000,Renovation,Renovation,Issued,COLE HARBOUR,District 04,1,2,Dwelling - Multiple Units,44.678558009798536,-63.48772351371104
17679,BPRES-2024-06713,,50000,Renovation,Renovation,Applicant Revisions,DARTMOUTH,District 06,1,2,Dwelling - Multiple Units,44.68527623040888,-63.54154234326203
17680,BPRES-2024-06755,,500,Renovation,Renovation,Cancelled,LEWIS LAKE,District 13,0,1,Dwelling - Backyard Suite,44.679180040097094,-63.83475272843422
17681,BPRES-2024-06784,2024-06-12,6000,New Building,New Building,Expired,DARTMOUTH,District 03,0,1,Accessory Structure,44.6375868669991,-63.52535860015254
17682,BPRES-2024-06839,2024-06-12,3580,Renovation,Renovation,Expired,HALIFAX,District 10,1,2,Dwelling - Single Detached,44.65423330545014,-63.63469786084763
17683,BPRES-2024-06853,2024-06-05,2500,Renovation,Renovation,Completed,COLE HARBOUR,District 04,0,2,Dwelling - Single Detached,44.6472331714969,-63.475498330963255
17684,BPRES-2024-06925,2024-06-04,725000,New Building,New Building,Completed,BEDFORD,District 16,1,3,Dwelling - Single Detached,44.70764875266711,-63.724635960281084
17685,BPRES-2024-06990,2024-06-13,30000,Addition,Addition,Expired,FALL RIVER,District 01,0,1,Dwelling - Single Detached,44.81879756828202,-63.588536875609975
17686,BPRES-2024-07069,2024-08-02,19000,New Building,New Building,Completed,MUSHABOOM,District 02,0,1,Accessory Structure,44.857278730786064,-62.555589425344195
17687,BPRES-2024-07119,2024-08-07,66500,New Building,New Building,Issued,PORTERS LAKE,District 02,0,2,Accessory Structure,44.7636052059916,-63.338387419400405
17688,BPRES-2024-07189,2024-06-25,70000,Addition,Addition,Completed,MIDDLE SACKVILLE,District 14,0,1,Dwelling - Single Detached,44.79816565854289,-63.71761751761311
17689,BPRES-2024-07248,2024-07-08,663000,New Building,New Building,Completed,HEAD OF CHEZZETCOOK,District 02,1,1,Dwelling - Single Detached,44.75592696522071,-63.227650297909456
17690,BPRES-2024-07296,2024-06-13,400000,New Building,New Building,Completed,HALIFAX,District 11,2,2,Dwelling - Semi-Detached,44.586134623797626,-63.58884861371438
17691,BPRES-2024-07325,2024-07-29,99000,New Building,New Building,Issued,MIDDLE MUSQUODOBOIT,District 01,0,2,Accessory Structure,44.99814375222328,-63.186106598503116
17692,BPRES-2024-07429,2024-06-17,350000,New Building,New Building,Completed,DARTMOUTH,District 06,1,2,Dwelling - Single Detached,44.71449511052516,-63.54390316022041
17693,BPRES-2024-07519,2024-07-03,150000,Renovation,Renovation,Completed,HALIFAX,District 10,1,1,Dwelling - Multiple Units,44.672120720449136,-63.652056485319
17694,BPRES-2024-07559,2024-06-14,18000,New Building,New Building,Completed,PROSPECT,District 13,0,1,Accessory Structure,44.50540085638781,-63.79831346133154
17695,BPRES-2024-07630,2024-06-28,1400000,New Building,New Building,Amendment Applicant Revisions,HALIFAX,District 07,1,3,Dwelling - Single Detached,44.63437632601096,-63.57775232446708
17696,BPRES-2024-07693,,10000,New Building,New Building,Applicant Revisions,HAMMONDS PLAINS,District 14,0,1,Accessory Structure,44.72852449123733,-63.813804493638145
17697,BPRES-2024-07733,2024-10-09,340000,New Building,New Building,Issued,WHITES LAKE,District 13,2,2,Dwelling - Single Detached,44.54371492641227,-63.737531796105976
17698,BPRES-2024-07892,2025-07-07,760000,New Building,New Building,Issued,WILLIAMSWOOD,District 11,2,2,Dwelling - Semi-Detached,44.541868840000255,-63.64311875609261
17699,BPRES-2024-07932,2024-06-21,270000,New Building,New Building,Issued,HALIFAX,District 11,1,2,Dwelling - Single Detached,44.610031167828154,-63.60426783502995
17700,BPRES-2024-08060,2024-08-01,18000,New Building,New Building,Completed,DARTMOUTH,District 06,0,1,Accessory Structure,44.680457171464305,-63.51669712079726
17701,BPRES-2024-08097,2024-06-25,360000,New Building,New Building,Completed,BEDFORD,District 16,1,3,Dwelling - Single Detached,44.70707546665924,-63.72357399084101
17702,BPRES-2024-08165,,500,New Building,New Building,Application Incomplete,NORTH PRESTON,District 04,0,1,Accessory Structure,44.74300046967962,-63.467916882662216
17703,BPRES-2024-08243,2024-09-16,5000,Addition,Addition,Issued,DARTMOUTH,District 06,0,1,Dwelling - Single Detached,44.67896164878052,-63.52533652744509
17704,BPRES-2024-08299,2024-07-05,50000,Renovation,Renovation,Completed,DARTMOUTH,District 06,1,2,Dwelling - Multiple Units,44.67783975379909,-63.51949119724496
17705,BPRES-2024-08323,2024-07-04,300000,New Building,New Building,Completed,DUTCH SETTLEMENT,District 01,1,1,Dwelling - Single Detached,44.98953200826701,-63.45729993366595
17706,BPRES-2024-08357,2024-07-10,28000,New Building,New Building,Completed,PORTERS LAKE,District 02,0,1,Accessory Structure,44.75557518148144,-63.287551307333686
17707,BPRES-2024-08401,2024-07-29,400000,New Building,New Building,Completed,HALIFAX,District 11,4,3,Dwelling - Semi-Detached,44.60075732524088,-63.603240529019956
17708,BPRES-2024-08408,2024-07-29,,New Building,New Building,Completed,HALIFAX,District 11,4,3,Dwelling - Multiple Units,44.60061888331862,-63.60337474688588
17709,BPRES-2024-08414,2024-07-30,400000,New Building,New Building,Completed,HALIFAX,District 11,4,3,Dwelling - Multiple Units,44.6018528295895,-63.60340999878258
17710,BPRES-2024-08416,2024-07-31,400000,New Building,New Building,Completed,HALIFAX,District 11,4,3,Dwelling - Multiple Units,44.60167094152819,-63.60334392308919
17711,BPRES-2024-08459,2024-07-03,300000,New Building,New Building,Completed,TIMBERLEA,District 12,1,2,Dwelling - Single Detached,44.64419764193566,-63.72392645357534
17712,BPRES-2024-08549,2024-07-10,25000,Renovation,Renovation,Issued,HALIFAX,District 08,0,2,Dwelling - Single Detached,44.659880328039606,-63.59777114449185
17713,BPRES-2024-08605,2024-12-05,36000,Renovation,Renovation,Completed,DARTMOUTH,District 03,1,1,Dwelling - Backyard Suite,44.66556973546304,-63.540646619859395
17714,BPRES-2024-08637,2024-07-04,450000,New Building,New Building,Completed,BEDFORD,District 16,1,3,Dwelling - Single Detached,44.70834234116585,-63.72017522812136
17715,BPRES-2024-08647,2024-07-05,450000,New Building,New Building,Completed,BEDFORD,District 16,1,3,Dwelling - Single Detached,44.70831155127465,-63.72005184869372
17716,BPRES-2024-08725,2024-07-18,18000,New Building,New Building,Completed,MIDDLE SACKVILLE,District 14,0,1,Accessory Structure,44.787161734709414,-63.701084885375614
17717,BPRES-2024-08863,2024-07-11,75000,New Building,New Building,Issued,MIDDLE SACKVILLE,District 14,0,2,Accessory Structure,44.81025992051826,-63.714433988496985
17718,BPRES-2024-09054,2024-07-16,25000,Renovation,Renovation,Issued,DARTMOUTH,District 05,0,2,Dwelling - Single Detached,44.68368879429896,-63.5789927544989
17719,BPRES-2024-09068,2024-07-29,500000,New Building,New Building,Issued,HALIFAX,District 11,4,2,Dwelling - Semi-Detached,44.601441037758974,-63.602831897968166
17720,BPRES-2024-09076,2024-08-02,500000,New Building,New Building,Completed,HALIFAX,District 11,4,2,Dwelling - Semi-Detached,44.60228993117769,-63.603290904600534
17721,BPRES-2024-09088,2024-07-29,500000,New Building,New Building,Issued,HALIFAX,District 11,4,2,Dwelling - Semi-Detached,44.602133467432225,-63.60302803868561
17722,BPRES-2024-09190,2024-09-17,37000,Renovation,Renovation,Completed,LOWER SACKVILLE,District 15,1,1,Dwelling - Multiple Units,44.78763078815089,-63.688604055683086
17723,BPRES-2024-09320,,30000,Renovation,Renovation,Applicant Revisions,HALIFAX,District 09,1,1,Dwelling - Backyard Suite,44.65479980296792,-63.60587767475154
17724,BPRES-2024-09384,,1,Renovation,Renovation,Application Incomplete,FLETCHERS LAKE,District 01,0,1,Dwelling - Backyard Suite,44.83914968313685,-63.60712074589603
17725,BPRES-2024-09457,2024-07-22,600000,New Building,New Building,Completed,DARTMOUTH,District 06,1,3,Dwelling - Single Detached,44.7136238194631,-63.54387691841762
17726,BPRES-2024-09499,2024-10-15,115000,New Building,New Building,Issued,MUSQUODOBOIT HARBOUR,District 02,0,2,Accessory Structure,44.779815181779014,-63.15804643737395
17727,BPRES-2024-09588,2025-08-28,20000,Renovation,Renovation,Issued,BEAVER BANK,District 15,1,1,Dwelling - Multiple Units,44.823989905423545,-63.6800704150586
17728,BPRES-2024-09678,2024-08-13,40000,Renovation,Renovation,Completed,WILLIAMSWOOD,District 11,1,2,Dwelling - Multiple Units,44.53697345387689,-63.641077315937736
17729,BPRES-2024-09740,2024-10-10,1500,New Building,New Building,Completed,HAMMONDS PLAINS,District 14,0,1,Accessory Structure,44.72392189350663,-63.83632150982576
17730,BPRES-2024-09771,2024-09-17,110000,Addition,Addition,Completed,PLEASANT VALLEY,District 01,0,1,Dwelling - Single Detached,45.04924290157485,-62.81993216647621
17731,BPRES-2024-09830,2024-08-01,125000,New Building,New Building,Completed,UPPER TANTALLON,District 13,1,1,Dwelling - Backyard Suite,44.69219268464641,-63.86723532731291
17732,BPRES-2024-09919,2024-07-30,56000,Addition,Addition,Issued,TANTALLON,District 13,0,1,Dwelling - Single Detached,44.662438000248905,-63.90008884680749
17733,BPRES-2024-09975,2024-09-18,500000,New Building,New Building,Issued,HALIFAX,District 11,4,3,Dwelling - Multiple Units,44.62100408081362,-63.61967489440684
17734,BPRES-2024-10034,2024-07-31,268000,New Building,New Building,Completed,HAMMONDS PLAINS,District 14,2,1,Dwelling - Multiple Units,44.7196688192007,-63.83701535671348
17735,BPRES-2024-10076,2024-08-02,30000,New Building,New Building,Issued,,District 02,0,1,Accessory Structure,44.84544387525637,-62.621886290765964
17736,BPRES-2024-10117,,52500,Renovation,Renovation,Applicant Revisions,HALIFAX,District 08,1,2,Dwelling - Multiple Units,44.66764525967589,-63.61815006364297
17737,BPRES-2024-10179,2024-08-14,356000,Renovation,Renovation,Issued,EASTERN PASSAGE,District 03,0,2,Dwelling - Single Detached,44.611337669417324,-63.465799943897906
17738,BPRES-2024-10269,2024-08-09,667000,New Building,New Building,Completed,BEDFORD,District 16,1,2,Dwelling - Single Detached,44.705428229693005,-63.72180949506741
17739,BPRES-2024-10349,2024-08-08,48000,New Building,New Building,Completed,GAETZ BROOK,District 02,0,1,Accessory Structure,44.78066074667966,-63.20154774702222
17740,BPRES-2024-10411,2024-08-14,323000,New Building,New Building,Completed,COW BAY,District 03,1,1,Dwelling - Single Detached,44.62425434668643,-63.436535328489235
17741,BPRES-2024-10440,2024-09-05,525000,New Building,New Building,Completed,MIDDLE SACKVILLE,District 14,1,1,Dwelling - Single Detached,44.80017994583023,-63.76702974678047
17742,BPRES-2024-10560,2024-09-10,200000,New Building,New Building,Issued,HALIFAX,District 09,1,1,Dwelling - Backyard Suite,44.6450779119474,-63.59092496971111
17743,BPRES-2024-10633,2024-08-26,55000,New Building,New Building,Issued,HALIFAX,District 10,0,1,Accessory Structure,44.65169834680078,-63.63497134277074
17744,BPRES-2024-10696,2024-08-28,128000,Addition,Addition,Completed,HALIFAX,District 07,1,1,Dwelling - Multiple Units,44.62817777551524,-63.57480168992699
17745,BPRES-2024-10762,2024-08-15,400000,New Building,New Building,Completed,MIDDLE SACKVILLE,District 14,1,1,Dwelling - Single Detached,44.79640644412138,-63.76935015593522
17746,BPRES-2024-10805,2024-09-09,274000,Addition,Addition,Completed,BEDFORD,District 16,0,2,Dwelling - Single Detached,44.71872816062193,-63.675719756604735
17747,BPRES-2024-10898,2025-02-04,150000,Addition,Addition,Issued,HALIFAX,District 10,0,2,Dwelling - Multiple Units,44.65455575244708,-63.64212955490907
17748,BPRES-2024-11005,2024-09-17,74000,Renovation,Renovation,Completed,DARTMOUTH,District 06,0,1,Dwelling - Single Detached,44.68242447609356,-63.5171104022065
17749,BPRES-2024-11103,,10000,New Building,New Building,Withdrawn,HALIFAX,District 09,0,1,Accessory Structure,44.644433656333455,-63.623850891783356
17750,BPRES-2024-11161,2024-10-31,32000,Renovation,Renovation,Completed,LOWER SACKVILLE,District 15,1,2,Dwelling - Multiple Units,44.777420652177405,-63.69226335367717
17751,BPRES-2024-11302,2024-09-18,325196,New Building,New Building,Issued,GLEN HAVEN,District 13,1,2,Dwelling - Single Detached,44.647818267095296,-63.923029617762325
17752,BPRES-2024-11423,,8000,Renovation,Renovation,Withdrawn,COLE HARBOUR,District 04,0,1,Dwelling - Single Detached,44.670423261119794,-63.49549923111192
17753,BPRES-2024-11487,2024-09-10,50000,Renovation,Renovation,Completed,HALIFAX,District 07,1,1,Dwelling - Multiple Units,44.63448131959307,-63.586013046147876
17754,BPRES-2024-11603,2025-01-17,700000,New Building,New Building,Completed,HALIFAX,District 11,4,3,Dwelling - Multiple Units,44.61855138387148,-63.61810814939227
17755,BPRES-2024-11656,2024-09-10,315000,New Building,New Building,Completed,WEST JEDDORE,District 02,1,1,Dwelling - Single Detached,44.72324824206036,-63.052578811530736
17756,BPRES-2024-11706,2024-09-16,10000,New Building,New Building,Completed,DEVON,District 01,0,1,Accessory Structure,44.90411644944247,-63.435958255876294
17757,BPRES-2024-11738,2024-09-06,100000,Renovation,Renovation,Completed,HATCHET LAKE,District 13,1,1,Dwelling - Multiple Units,44.56039093076683,-63.73429162302267
17758,BPRES-2024-11834,2024-09-12,5000,Renovation,Renovation,Issued,HALIFAX,District 09,0,2,Dwelling - Single Detached,44.644764271277964,-63.616571552976964
17759,BPRES-2024-11889,2024-10-29,300000,New Building,New Building,Completed,BEAVER BANK,District 15,1,2,Dwelling - Single Detached,44.82690489868842,-63.672463268655626
17760,BPRES-2024-12010,2024-09-20,55000,New Building,New Building,Completed,BEAVER BANK,District 15,0,1,Accessory Structure,44.82753791765338,-63.663747550250825
17761,BPRES-2024-12099,2024-09-18,108799,Renovation,Renovation,Issued,MINEVILLE,District 02,0,1,Dwelling - Single Detached,44.71050112547681,-63.38369234482644
17762,BPRES-2024-12131,,1500000,New Building,New Building,Withdrawn,HALIFAX,District 08,8,4,Dwelling - Multiple Units,44.66744829863787,-63.61124029578117
17763,BPRES-2024-12153,2024-09-23,53288,Addition,Addition,Completed,HALIFAX,District 09,0,2,Dwelling - Single Detached,44.65320976865115,-63.60449133027404
17764,BPRES-2024-12308,2024-09-10,600000,New Building,New Building,Completed,WHITES LAKE,District 13,1,1,Dwelling - Single Detached,44.5176741068389,-63.7520811115196
17765,BPRES-2024-12444,2024-10-01,55220,New Building,New Building,Completed,DARTMOUTH,District 05,0,1,Accessory Structure,44.69067372864103,-63.572181487763984
17766,BPRES-2024-12496,2024-11-12,400000,New Building,New Building,Completed,HALIFAX,District 11,4,3,Dwelling - Multiple Units,44.60093805082723,-63.60368611386903
17767,BPRES-2024-12579,2024-09-12,450000,New Building,New Building,Completed,HARRIETSFIELD,District 11,1,3,Dwelling - Single Detached,44.55158735615303,-63.64501805192147
17768,BPRES-2024-12675,2024-10-04,30000,New Building,New Building,Issued,HEAD OF JEDDORE,District 02,0,1,Accessory Structure,44.781146806205555,-63.067489208846816
17769,BPRES-2024-12702,2024-09-11,20000,New Building,New Building,Completed,COLE HARBOUR,District 04,0,1,Accessory Structure,44.677283108503076,-63.498279463767076
17770,BPRES-2024-12815,2024-09-19,45000,New Building,New Building,Completed,HATCHET LAKE,District 13,0,2,Accessory Structure,44.5637704996655,-63.73874150741777
17771,BPRES-2024-12888,2024-09-25,294000,New Building,New Building,Completed,BEAVER BANK,District 15,1,1,Dwelling - Backyard Suite,44.83424024303432,-63.663232357596875
17772,BPRES-2024-12971,2024-11-01,100000,New Building,New Building,Completed,HAMMONDS PLAINS,District 14,1,1,Dwelling - Backyard Suite,44.715195479739585,-63.73929082910423
17773,BPRES-2024-13217,2024-11-06,650000,New Building,New Building,Issued,BEAR COVE,District 11,1,2,Dwelling - Single Detached,44.539510555159545,-63.545996474240965
17774,BPRES-2024-13325,2024-10-04,123000,New Building,New Building,Issued,MIDDLE SACKVILLE,District 14,0,1,Accessory Structure,44.791972055061805,-63.75541554331659
17775,BPRES-2024-13441,2024-11-13,50000,New Building,New Building,Issued,ANTRIM,District 01,1,1,Dwelling - Seasonal,44.962894336397724,-63.36358241429301
17776,BPRES-2024-13626,,400000,New Building,New Building,Applicant Revisions,EAST JEDDORE,District 02,1,1,Dwelling - Single Detached,44.7132306611812,-62.99902495138185
17777,BPRES-2024-13687,2024-09-23,15000,New Building,New Building,Completed,EAST JEDDORE,District 02,0,1,Accessory Structure,44.742320140108035,-63.01512136659623
17778,BPRES-2024-13717,2025-09-04,420000,New Building,New Building,Issued,HALIFAX,District 11,4,3,Dwelling - Multiple Units,44.58663251927844,-63.591069684000374
17779,BPRES-2024-13787,2024-09-27,138600,Renovation,Renovation,Issued,HALIFAX,District 07,0,3,Dwelling - Single Detached,44.62953903587679,-63.58435113839656
17780,BPRES-2024-13878,,550000,New Building,New Building,Cancelled,DARTMOUTH,District 06,1,2,Dwelling - Single Detached,44.69450995242526,-63.612823949513995
17781,BPRES-2024-13923,2024-10-03,700000,New Building,New Building,Completed,BEDFORD,District 16,1,3,Dwelling - Single Detached,44.7076936711751,-63.7266705971012
17782,BPRES-2024-13997,2024-11-04,47000,New Building,New Building,Completed,LOWER SHIP HARBOUR,District 02,0,1,Accessory Structure,44.79319336090821,-62.84047629639337
17783,BPRES-2024-14053,2024-09-27,18000,New Building,New Building,Completed,WELLINGTON,District 01,0,1,Accessory Structure,44.861591813507886,-63.60200082110559
17784,BPRES-2024-14147,,80000,Renovation,Renovation,Applicant Revisions,DARTMOUTH,District 03,1,1,Dwelling - Multiple Units,44.66123656783376,-63.517566844409835
17785,BPRES-2024-14368,2024-09-26,250000,New Building,New Building,Completed,BEECHVILLE,District 12,1,3,Dwelling - Single Detached,44.637392857283444,-63.67676468679862
17786,BPRES-2024-14421,2024-10-16,454500,New Building,New Building,Completed,UPPER TANTALLON,District 13,1,1,Dwelling - Single Detached,44.72929337337935,-63.892795693508155
17787,BPRES-2024-14447,2024-11-14,50000,Renovation,Renovation,Completed,LOWER SACKVILLE,District 15,1,1,Dwelling - Multiple Units,44.76832286854234,-63.662287440339675
17788,BPRES-2024-14540,2024-10-17,675000,New Building,New Building,Completed,BEDFORD,District 16,1,3,Dwelling - Single Detached,44.708556659636514,-63.721042948806584
17789,BPRES-2024-14635,2024-11-26,30000,New Building,New Building,Issued,TIMBERLEA,District 12,0,1,Accessory Structure,44.651292681778486,-63.73502980033738
17790,BPRES-2024-14714,,12500,Renovation,Renovation,Application Incomplete,LOWER SACKVILLE,District 15,1,2,Dwelling - Multiple Units,44.76054433951798,-63.66226098542557
17791,BPRES-2024-14808,2025-01-24,276350,Addition,Addition,Issued,OAKFIELD,District 01,0,2,Dwelling - Single Detached,44.906227094289584,-63.57923618756733
17792,BPRES-2024-14894,2024-10-16,450000,New Building,New Building,Issued,GRAND DESERT,District 02,1,2,Dwelling - Single Detached,44.685545289910856,-63.264112492762635
17793,BPRES-2024-14965,2025-05-02,100000,Addition,Addition,Issued,NORTH PRESTON,District 04,0,1,Dwelling - Single Detached,44.73935090013153,-63.46560870859585
17794,BPRES-2024-15084,2024-11-18,128529,Renovation,Renovation,Completed,COLE HARBOUR,District 04,1,2,Dwelling - Single Detached,44.670787293348745,-63.47288311192706
17795,BPRES-2024-15163,2025-01-02,50000,New Building,New Building,Completed,BROOKSIDE,District 13,0,1,Accessory Structure,44.532071875898005,-63.702343784538066
17796,BPRES-2024-15238,2024-10-10,400000,New Building,New Building,Completed,MIDDLE SACKVILLE,District 14,1,1,Dwelling - Single Detached,44.795790356586224,-63.77180077793193
17797,BPRES-2024-15264,2024-10-15,135269.38,Renovation,Renovation,Completed,HAMMONDS PLAINS,District 14,0,2,Dwelling - Single Detached,44.72033038118793,-63.836362602254034
17798,BPRES-2024-15282,,115000,New Building,New Building,Withdrawn,WESTPHAL,District 04,1,2,Dwelling - Backyard Suite,44.68836203067268,-63.485849548305104
17799,BPRES-2024-15312,2024-10-11,400000,New Building,New Building,Completed,EAST PETPESWICK,District 02,1,1,Dwelling - Single Detached,44.74659721641114,-63.14835174041515
17800,BPRES-2024-15368,2024-10-18,29000,New Building,New Building,Amendment Applicant Revisions,PORTUGUESE COVE,District 11,0,1,Accessory Structure,44.51463334544482,-63.53697758178509
17801,BPRES-2024-15400,,185000,Renovation,Renovation,Cancelled,HALIFAX,District 09,1,2,Dwelling - Multiple Units,44.64101866182009,-63.60107614911082
17802,BPRES-2024-15439,2024-10-30,400000,New Building,New Building,Issued,HALIFAX,District 11,4,3,Dwelling - Multiple Units,44.58652638484806,-63.58939030675888
17803,BPRES-2024-15478,2025-07-21,425000,New Building,New Building,Amendment Applicant Revisions,DARTMOUTH,District 06,4,2,Dwelling - Multiple Units,44.68695402827356,-63.53829171506397
17804,BPRES-2024-15591,2025-02-05,300000,Addition,Addition,Issued,HALIFAX,District 08,3,2,Dwelling - Multiple Units,44.6525430200497,-63.58792319468508
17805,BPRES-2024-15661,2024-12-02,770000,New Building,New Building,Completed,SMITHS SETTLEMENT,District 02,2,1,Dwelling - Semi-Detached,44.78310912956462,-63.099747739180685
17806,BPRES-2024-15687,2024-10-29,100000,Addition,Addition,Completed,LAKE CHARLOTTE,District 02,0,1,Dwelling - Single Detached,44.775419957211334,-62.96738138479852
17807,BPRES-2024-15750,2024-11-18,57000,New Building,New Building,Completed,FALL RIVER,District 01,0,2,Accessory Structure,44.83604601864597,-63.591940305439515
17808,BPRES-2024-15805,2024-11-15,500000,New Building,New Building,Completed,BEAVER BANK,District 15,1,1,Dwelling - Single Detached,44.827396621211356,-63.67481222371582
17809,BPRES-2024-15871,2024-11-05,52000,Renovation,Renovation,Issued,LEWIS LAKE,District 13,0,2,Dwelling - Single Detached,44.67040922628507,-63.82664780380853
17810,BPRES-2024-15947,2024-11-18,1400000,New Building,New Building,Completed,DARTMOUTH,District 06,4,3,Dwelling - Townhouse,44.714492248137645,-63.539919288044686
17811,BPRES-2024-16029,2024-10-31,21000,Renovation,Renovation,Issued,HALIFAX,District 09,0,2,Dwelling - Single Detached,44.63569524364402,-63.62685739006936
17812,BPRES-2024-16080,2024-11-01,50000,New Building,New Building,Issued,UPPER LAKEVILLE,District 02,0,2,Accessory Structure,44.78138738580223,-62.95394136347113
17813,BPRES-2024-16134,2025-03-03,35000,New Building,New Building,Issued,WHITES LAKE,District 13,0,1,Accessory Structure,44.52995723247819,-63.762009148657974
17814,BPRES-2024-16208,2024-11-06,30000,Addition,Addition,Completed,HALIFAX,District 09,0,2,Dwelling - Single Detached,44.63891646079568,-63.633154526471046
17815,BPRES-2024-16229,2025-03-07,600000,New Building,New Building,Completed,SHAD BAY,District 13,1,2,Dwelling - Single Detached,44.52130718509918,-63.77700965631675
17816,BPRES-2024-16270,2025-01-03,100000,New Building,New Building,Completed,WILLIAMSWOOD,District 11,1,1,Dwelling - Backyard Suite,44.51241269887731,-63.63675513631721
17817,BPRES-2024-16298,2025-03-17,158000,Addition,Addition,Issued,HAMMONDS PLAINS,District 14,0,1,Dwelling - Single Detached,44.7232205153551,-63.7403398541982
17818,BPRES-2024-16370,2024-11-27,600000,New Building,New Building,Completed,DARTMOUTH,District 06,1,2,Dwelling - Single Detached,44.71530292183728,-63.54448999775128
17819,BPRES-2024-16472,2024-11-12,150000,Renovation,Renovation,Completed,HALIFAX,District 10,0,1,Dwelling - Multiple Units,44.654522730187836,-63.64516998465398
17820,BPRES-2024-16539,,50000,New Building,New Building,Applicant Revisions,ANTRIM,District 01,1,1,Dwelling - Seasonal,44.962894336397724,-63.36358241429301
17821,BPRES-2024-16639,2024-11-22,350000,New Building,New Building,Completed,BEAVER BANK,District 15,2,3,Dwelling - Multiple Units,44.82754005650561,-63.6725921376268
17822,BPRES-2024-16682,,292000,New Building,New Building,Withdrawn,HALIFAX,District 11,4,2,Dwelling - Multiple Units,44.60260719678138,-63.60400924572887
17823,BPRES-2024-16712,2024-11-18,584000,New Building,New Building,Issued,HALIFAX,District 11,4,2,Dwelling - Multiple Units,44.60274212632483,-63.60397705653575
17824,BPRES-2024-16736,2024-11-26,351000,New Building,New Building,Completed,BEAVER BANK,District 15,2,2,Dwelling - Multiple Units,44.82744292456436,-63.672665121068256
17825,BPRES-2024-16755,2024-11-22,351000,New Building,New Building,Issued,BEAVER BANK,District 15,2,3,Dwelling - Multiple Units,44.82705358823724,-63.6730127383411
17826,BPRES-2024-16812,2024-12-03,250000,New Building,New Building,Issued,HALIFAX,District 11,1,2,Dwelling - Single Detached,44.61061875716251,-63.604749266752165
17827,BPRES-2024-16874,,350000,New Building,New Building,Cancelled,UPPER HAMMONDS PLAINS,District 14,1,2,Dwelling - Backyard Suite,44.7554533986686,-63.847047356597464
17828,BPRES-2024-16926,2024-12-05,200000,Renovation,Renovation,Completed,HALIFAX,District 09,0,2,Dwelling - Multiple Units,44.65735727755519,-63.61998952406944
17829,BPRES-2024-16983,2024-12-17,260000,New Building,New Building,Issued,WEST PETPESWICK,District 02,1,3,Dwelling - Single Detached,44.73965093581092,-63.172487132420144
17830,BPRES-2024-17027,2025-04-11,45000,New Building,New Building,Issued,BOUTILIERS POINT,District 13,0,2,Accessory Structure,44.661238355524446,-63.94489739550704
17831,BPRES-2024-17084,2024-11-20,140220,New Building,New Building,Issued,WILLIAMSWOOD,District 11,0,1,Accessory Structure,44.535796605002865,-63.63896583806781
17832,BPRES-2024-17194,2024-11-22,500000,New Building,New Building,Issued,HALIFAX,District 11,4,2,Dwelling - Semi-Detached,44.601612224842455,-63.602813937647525
17833,BPRES-2024-17225,2025-03-07,82500,Addition,Addition,Issued,HALIFAX,District 11,1,2,Dwelling - Multiple Units,44.62934652160557,-63.61699856864467
17834,BPRES-2024-17303,2024-11-26,367695,New Building,New Building,Completed,MEAGHERS GRANT,District 01,1,1,Dwelling - Single Detached,44.94623180839107,-63.23204154170075
17835,BPRES-2024-17356,2024-12-04,110000,Renovation,Renovation,Completed,HALIFAX,District 10,1,1,Dwelling - Multiple Units,44.65675305829645,-63.63693501503605
17836,BPRES-2024-17444,2024-12-03,72627,Renovation,Renovation,Completed,TIMBERLEA,District 12,0,2,Dwelling - Semi-Detached,44.6552339973492,-63.741818290268604
17837,BPRES-2024-17565,2025-01-02,800000,Renovation,Renovation,Completed,FALL RIVER,District 01,0,2,Dwelling - Single Detached,44.80335942475633,-63.63438648474889
17838,BPRES-2024-17651,2025-01-09,60000,Renovation,Renovation,Completed,LOWER SACKVILLE,District 15,1,1,Dwelling - Multiple Units,44.78479299469248,-63.690599991898935
17839,BPRES-2024-17711,2024-12-24,150000,New Building,New Building,Issued,WELLINGTON,District 01,1,1,Dwelling - Backyard Suite,44.85661326959012,-63.610813694716185
17840,BPRES-2024-17766,,62000,New Building,New Building,Withdrawn,,District 01,1,1,Dwelling - Single Detached,44.78510322366999,-63.64566945270809
17841,BPRES-2024-17794,2025-01-17,150000,New Building,New Building,Completed,HALIFAX,District 11,1,1,Dwelling - Backyard Suite,44.60156993502233,-63.62732839894943
17842,BPRES-2024-17807,2024-12-02,33000,Renovation,Renovation,Issued,BEDFORD,District 16,0,2,Dwelling - Single Detached,44.72215963242604,-63.65088638445776
17843,BPRES-2024-17901,2024-12-10,195000,Addition,Addition,Issued,HALIFAX,District 10,0,3,Dwelling - Single Detached,44.67928009544649,-63.65510945074293
17844,BPRES-2024-17939,2024-12-16,680000,New Building,New Building,Completed,HALIFAX,District 11,4,2,Dwelling - Multiple Units,44.602691274404584,-63.60345618618825
17845,BPRES-2024-17951,2025-03-05,680000,New Building,New Building,Completed,HALIFAX,District 11,4,2,Dwelling - Multiple Units,44.60310085936495,-63.60337795021314
17846,BPRES-2024-17993,2024-12-06,307000,New Building,New Building,Completed,HUBLEY,District 13,1,1,Dwelling - Single Detached,44.66235019532052,-63.786720779745266
17847,BPRES-2024-18058,2025-02-26,25000,New Building,New Building,Issued,DARTMOUTH,District 06,0,1,Accessory Structure,44.67672684829311,-63.54686585918446
17848,BPRES-2024-18155,2024-12-05,180000,Renovation,Renovation,Completed,DARTMOUTH,District 05,0,3,Dwelling - Single Detached,44.67487272955295,-63.5582384176116
17849,BPRES-2024-18233,2025-03-19,400000,Addition,Addition,Issued,HALIFAX,District 08,0,2,Dwelling - Single Detached,44.66258517150016,-63.59531180274323
17850,BPRES-2024-18270,2025-08-22,110000,Renovation,Renovation,Completed,HALIFAX,District 09,1,2,Dwelling - Backyard Suite,44.65318969640804,-63.60265708754207
17851,BPRES-2024-18300,2024-12-12,400000,New Building,New Building,Completed,WYSES CORNER,District 01,2,1,Dwelling - Multiple Units,44.96237418935824,-63.297356371321
17852,BPRES-2024-18335,,70000,New Building,New Building,Cancelled,,District 02,1,1,Dwelling - Single Detached,44.79723011525248,-63.39320962588997
17853,BPRES-2024-18387,2024-12-19,600000,New Building,New Building,Completed,BEDFORD,District 16,1,2,Dwelling - Single Detached,44.707216524686245,-63.725914802826864
17854,BPRES-2024-18457,2024-12-20,350000,Addition,Addition,Issued,WEST PORTERS LAKE,District 02,1,2,Dwelling - Multiple Units,44.674705218736214,-63.310105749327946
17855,BPRES-2024-18606,2024-12-18,800000,New Building,New Building,Issued,TIMBERLEA,District 12,1,2,Dwelling - Single Detached,44.64473441294228,-63.72472584605214
17856,BPRES-2024-18655,2025-02-12,40000,Renovation,Renovation,Completed,HALIFAX,District 08,1,1,Dwelling - Multiple Units,44.67108782792199,-63.607151303435266
17857,BPRES-2024-18711,,25000,Renovation,Renovation,Withdrawn,MIDDLE SACKVILLE,District 14,1,2,Dwelling - Semi-Detached,44.792574140805506,-63.712561836469845
17858,BPRES-2024-18818,2025-01-10,10000,Renovation,Renovation,Issued,TIMBERLEA,District 12,0,2,Dwelling - Single Detached,44.66311410693779,-63.74601582137061
17859,BPRES-2024-18927,2025-01-02,750000,New Building,New Building,Completed,TIMBERLEA,District 12,1,3,Dwelling - Single Detached,44.64413569716079,-63.72377532840831
17860,BPRES-2024-19030,2025-08-14,50500,Addition,Addition,Issued,HARRIETSFIELD,District 11,0,1,Dwelling - Single Detached,44.56661581456679,-63.64020351842723
17861,BPRES-2025-00052,2025-01-23,515000,New Building,New Building,Issued,UPPER SACKVILLE,District 14,1,1,Dwelling - Single Detached,44.83781360778609,-63.7908725994519
17862,BPRES-2025-00083,2025-01-20,750000,New Building,New Building,Completed,PORTERS LAKE,District 02,1,1,Dwelling - Single Detached,44.75823915101871,-63.28555213492492
17863,BPRES-2025-00119,2025-01-30,3000,Renovation,Renovation,Completed,DARTMOUTH,District 06,0,2,Dwelling - Semi-Detached,44.70349941057249,-63.55239625428064
17864,BPRES-2025-00183,2025-12-05,12000,Addition,Addition,Completed,HAMMONDS PLAINS,District 14,0,2,Dwelling - Single Detached,44.73371797089356,-63.76438289822872
17865,BPRES-2025-00257,2025-04-08,3740000,New Building,New Building,Issued,PORTERS LAKE,District 02,22,1,Dwelling - Townhouse,44.748999929194575,-63.285225499048956
17866,BPRES-2025-00305,2025-01-21,350000,New Building,New Building,Completed,HACKETTS COVE,District 13,1,2,Dwelling - Single Detached,44.5443519349989,-63.934308752842846
17867,BPRES-2025-00341,2025-01-21,20000,Renovation,Renovation,Completed,DARTMOUTH,District 05,0,2,Dwelling - Multiple Units,44.67927177116255,-63.54921455016904
17868,BPRES-2025-00378,2025-01-23,500000,New Building,New Building,Completed,,District 15,4,2,Dwelling - Multiple Units,44.82300756300025,-63.68625679083226
17869,BPRES-2025-00410,2025-02-11,400000,New Building,New Building,Issued,HALIFAX,District 08,1,2,Dwelling - Backyard Suite,44.65378594371252,-63.588136980333246
17870,BPRES-2025-00491,2025-02-28,1200000,New Building,New Building,Issued,DARTMOUTH,District 06,2,3,Dwelling - Multiple Units,44.704994982854764,-63.55059266898813
17871,BPRES-2025-00550,,200000,Addition,Addition,Withdrawn,,Unidentified,0,2,Dwelling - Single Detached,,
17872,BPRES-2025-00604,2025-02-21,280747.02,Addition,Addition,Completed,HALIFAX,District 07,0,2,Dwelling - Single Detached,44.62788598735607,-63.577721576214564
17873,BPRES-2025-00665,2025-03-12,325000,Addition,Addition,Issued,THREE FATHOM HARBOUR,District 02,0,2,Dwelling - Single Detached,44.63917394145676,-63.30507333291134
17874,BPRES-2025-00749,2025-02-11,50000,Addition,Addition,Issued,HALIFAX,District 10,0,1,Dwelling - Single Detached,44.688923610922814,-63.66347883982412
17875,BPRES-2025-00832,2025-02-28,60000,Renovation,Renovation,Completed,LOWER SACKVILLE,District 15,1,2,Dwelling - Multiple Units,44.777536612417464,-63.676878496463914
17876,BPRES-2025-00845,2025-03-25,100000,Addition,Addition,Issued,HALIFAX,District 09,0,3,Dwelling - Multiple Units,44.639495794320005,-63.617806572562756
17877,BPRES-2025-00884,2025-01-30,675000,New Building,New Building,Completed,DARTMOUTH,District 06,1,2,Dwelling - Single Detached,44.71558240480085,-63.544406774579485
17878,BPRES-2025-00953,2025-01-31,400000,New Building,New Building,Completed,HALIFAX,District 11,4,3,Dwelling - Multiple Units,44.60192261578163,-63.6040358524255
17879,BPRES-2025-01001,2025-01-31,20000,Renovation,Renovation,Completed,TIMBERLEA,District 12,1,1,Dwelling - Multiple Units,44.64388539215579,-63.711684370064084
17880,BPRES-2025-01121,2025-02-04,675000,New Building,New Building,Completed,DARTMOUTH,District 06,1,3,Dwelling - Single Detached,44.715401774719076,-63.544485979071624
17881,BPRES-2025-01231,,710000,New Building,New Building,Withdrawn,HALIFAX,District 07,6,3,Dwelling - Multiple Units,44.626417886963814,-63.57580836406881
17882,BPRES-2025-01280,2025-02-04,400000,New Building,New Building,Issued,HALIFAX,District 11,2,3,Dwelling - Semi-Detached,44.60183438798532,-63.604139720131606
17883,BPRES-2025-01311,2025-02-10,102000,Renovation,Renovation,Issued,HAMMONDS PLAINS,District 14,0,2,Dwelling - Single Detached,44.701723241771234,-63.75066647923929
17884,BPRES-2025-01367,2025-02-21,20000,Renovation,Renovation,Completed,HALIFAX,District 07,1,3,Dwelling - Multiple Units,44.64068430822078,-63.59793499240909
17885,BPRES-2025-01410,2025-02-25,108000,Addition,Addition,Completed,DARTMOUTH,District 05,0,1,Dwelling - Single Detached,44.67357592420442,-63.56604192451808
17886,BPRES-2025-01428,2025-02-19,10000,Renovation,Renovation,Completed,LOWER SACKVILLE,District 15,0,2,Dwelling - Semi-Detached,44.76976382582448,-63.70016857379432
17887,BPRES-2025-01494,2025-02-13,400000,New Building,New Building,Amendment Review,HALIFAX,District 11,4,3,Dwelling - Multiple Units,44.60153425933768,-63.60448303732041
17888,BPRES-2025-01537,2025-02-07,400000,New Building,New Building,Completed,BEAVER BANK,District 15,1,2,Dwelling - Single Detached,44.838950721336474,-63.66284071405344
17889,BPRES-2025-01565,2025-02-11,500000,New Building,New Building,Completed,FALL RIVER,District 01,1,2,Dwelling - Single Detached,44.840571632887226,-63.642678363267905
17890,BPRES-2025-01626,2025-02-24,400000,Renovation,Renovation,Issued,HALIFAX,District 10,1,2,Dwelling - Single Detached,44.6674508766047,-63.63882440710471
17891,BPRES-2025-01709,2025-02-11,400000,New Building,New Building,Completed,FLETCHERS LAKE,District 01,1,2,Dwelling - Single Detached,44.85005496847024,-63.59890436038391
17892,BPRES-2025-01745,2025-03-10,250000,New Building,New Building,Completed,EAST PETPESWICK,District 02,1,2,Dwelling - Backyard Suite,44.68045570718164,-63.15849114528695
17893,BPRES-2025-01761,2025-02-19,8000,Addition,Addition,Issued,DARTMOUTH,District 05,0,1,Dwelling - Single Detached,44.68003076569822,-63.57503436547985
17894,BPRES-2025-01905,2025-02-24,900000,New Building,New Building,Completed,WHITES LAKE,District 13,2,1,Dwelling - Multiple Units,44.53449889968235,-63.750226744067724
17895,BPRES-2025-01941,2025-04-16,1000000,New Building,New Building,Issued,HALIFAX,District 10,4,3,Dwelling - Semi-Detached,44.65274299636792,-63.64058546629801
17896,BPRES-2025-01983,,190000,New Building,New Building,Withdrawn,DARTMOUTH,District 06,1,1,Dwelling - Backyard Suite,44.67582496981446,-63.545345598308295
17897,BPRES-2025-02082,,529,Renovation,Renovation,Applicant Revisions,HALIFAX,District 08,1,3,Dwelling - Multiple Units,44.653422527044775,-63.59702394008183
17898,BPRES-2025-02146,2025-02-25,250000,New Building,New Building,Completed,BEECHVILLE,District 12,1,3,Dwelling - Single Detached,44.63591287439248,-63.675157701683766
17899,BPRES-2025-02256,2025-02-25,250000,New Building,New Building,Completed,BEECHVILLE,District 12,1,3,Dwelling - Single Detached,44.63654837228297,-63.67603705056995
17900,BPRES-2025-02300,2025-03-20,18000,Renovation,Renovation,Completed,LOWER SACKVILLE,District 15,0,3,Dwelling - Semi-Detached,44.77372843139537,-63.67718902410144
17901,BPRES-2025-02461,2025-02-27,250000,New Building,New Building,Completed,BEECHVILLE,District 12,1,3,Dwelling - Single Detached,44.63895814490619,-63.68126692474573
17902,BPRES-2025-02466,2025-03-03,275000,New Building,New Building,Completed,BEECHVILLE,District 12,1,3,Dwelling - Single Detached,44.63894842968459,-63.68180917765875
17903,BPRES-2025-02471,2025-03-03,275000,New Building,New Building,Completed,BEECHVILLE,District 12,1,2,Dwelling - Single Detached,44.63951574692706,-63.68167433598592
17904,BPRES-2025-02562,2025-03-06,400000,New Building,New Building,Completed,FALL RIVER,District 01,1,2,Dwelling - Single Detached,44.83759134705334,-63.64506677454643
17905,BPRES-2025-02623,2025-03-12,86891.41,Renovation,Renovation,Completed,COLE HARBOUR,District 04,0,2,Dwelling - Single Detached,44.67455609625853,-63.49765925140487
17906,BPRES-2025-02803,2025-03-18,450000,New Building,New Building,Completed,WHITES LAKE,District 13,1,1,Dwelling - Single Detached,44.52001560978413,-63.753124289195995
17907,BPRES-2025-02859,2025-08-08,392000,New Building,New Building,Completed,HERRING COVE,District 11,1,2,Dwelling - Single Detached,44.55966655221346,-63.5674393034195
17908,BPRES-2025-02924,2025-03-07,540000,New Building,New Building,Issued,BEAVER BANK,District 15,1,3,Dwelling - Single Detached,44.839118164235124,-63.66405665299611
17909,BPRES-2025-03013,2025-04-01,25000,Renovation,Renovation,Completed,LAKE LOON,District 04,1,2,Dwelling - Multiple Units,44.70743430923805,-63.486261011106606
17910,BPRES-2025-03042,2025-03-24,5000,Addition,Addition,Issued,KINSAC,District 15,0,1,Dwelling - Single Detached,44.83696215325735,-63.656353666291004
17911,BPRES-2025-03068,2025-03-11,24000,Renovation,Renovation,Issued,BEDFORD,District 16,0,2,Dwelling - Single Detached,44.72456879497884,-63.647858052547626
17912,BPRES-2025-03133,2025-03-28,397000,New Building,New Building,Issued,SAMBRO HEAD,District 11,1,2,Dwelling - Single Detached,44.48624315882507,-63.58919754381139
17913,BPRES-2025-03181,,25000,Renovation,Renovation,Withdrawn,HALIFAX,District 10,1,1,Dwelling - Multiple Units,44.64996476810855,-63.64606657249509
17914,BPRES-2025-03263,2025-04-02,59000,New Building,New Building,Issued,WHITES LAKE,District 13,0,1,Accessory Structure,44.54186907333064,-63.743227967868094
17915,BPRES-2025-03353,2025-04-09,80000,New Building,New Building,Completed,HALIFAX,District 09,1,2,Dwelling - Backyard Suite,44.6560965004364,-63.62315828952543
17916,BPRES-2025-03458,2025-09-09,1500000,Addition,Addition,Issued,HALIFAX,District 09,2,3,Dwelling - Multiple Units,44.64293787247376,-63.61647366651711
17917,BPRES-2025-03482,2025-05-05,2400000,New Building,New Building,Completed,BEDFORD,District 16,6,2,Dwelling - Townhouse,44.718987586647216,-63.718352841416504
17918,BPRES-2025-03546,2025-08-06,2000000,New Building,New Building,Issued,LAKE LOON,District 04,4,2,Dwelling - Townhouse,44.70909390150036,-63.49631170433256
17919,BPRES-2025-03664,2025-04-04,350000,New Building,New Building,Completed,DARTMOUTH,District 05,1,3,Dwelling - Single Detached,44.67744940395527,-63.55587432224576
17920,BPRES-2025-03709,2025-05-01,1230000,New Building,New Building,Cancelled,LEWIS LAKE,District 13,2,2,Dwelling - Multiple Units,44.68043026002802,-63.8383851450726
17921,BPRES-2025-03774,2025-04-07,100000,Addition,Addition,Issued,LOWER SACKVILLE,District 15,0,1,Dwelling - Single Detached,44.76086067581275,-63.66761345614556
17922,BPRES-2025-03807,2025-04-07,950000,New Building,New Building,Completed,PORTERS LAKE,District 02,4,1,Dwelling - Townhouse,44.751258277429656,-63.29569098271549
17923,BPRES-2025-03870,2025-05-12,1465644,New Building,New Building,Issued,DARTMOUTH,District 03,6,2,Dwelling - Townhouse,44.66040432023835,-63.53238503551386
17924,BPRES-2025-03902,2025-03-31,500000,New Building,New Building,Completed,MIDDLE SACKVILLE,District 14,1,1,Dwelling - Single Detached,44.804516131808235,-63.762086163154194
17925,BPRES-2025-03927,2025-04-04,540000,New Building,New Building,Completed,FALL RIVER,District 01,1,2,Dwelling - Single Detached,44.8418991997687,-63.643283696483515
17926,BPRES-2025-03966,2025-05-06,115000,New Building,New Building,Amendment Applicant Revisions,DARTMOUTH,District 03,1,1,Dwelling - Single Detached,44.65061557653324,-63.53327476200581
17927,BPRES-2025-04071,2025-03-31,575000,New Building,New Building,Issued,HEAD OF CHEZZETCOOK,District 02,1,1,Dwelling - Single Detached,44.74677508811412,-63.23726971160421
17928,BPRES-2025-04156,2025-04-01,90000,Addition,Addition,Issued,MIDDLE SACKVILLE,District 14,0,1,Dwelling - Single Detached,44.79395016836423,-63.71707666727626
17929,BPRES-2025-04214,2025-04-14,200000,Addition,Addition,Completed,DARTMOUTH,District 05,0,1,Dwelling - Single Detached,44.66711447237311,-63.578393814408656
17930,BPRES-2025-04310,2025-04-07,200000,New Building,New Building,Issued,EAST JEDDORE,District 02,1,1,Dwelling - Single Detached,44.73080442569921,-63.0042624724003
17931,BPRES-2025-04363,2025-04-09,35000,New Building,New Building,Issued,GAETZ BROOK,District 02,1,1,Dwelling - Seasonal,44.763043883391916,-63.223238263333236
17932,BPRES-2025-04426,2025-04-07,400000,New Building,New Building,Issued,HALIFAX,District 11,4,3,Dwelling - Multiple Units,44.6021539104581,-63.60445347436782
17933,BPRES-2025-04501,2025-04-16,400000,New Building,New Building,Completed,HALIFAX,District 11,4,3,Dwelling - Semi-Detached,44.602030070772834,-63.60459326427363
17934,BPRES-2025-04525,2025-07-14,700000,New Building,New Building,Amendment Applicant Revisions,DARTMOUTH,District 06,4,2,Dwelling - Multiple Units,44.689862221316496,-63.54550795127629
17935,BPRES-2025-04573,2025-04-17,300000,New Building,New Building,Completed,MEAGHERS GRANT,District 01,1,1,Dwelling - Single Detached,44.94550131333231,-63.26409057613019
17936,BPRES-2025-04603,2025-04-30,700000,Addition,Addition,Issued,HALIFAX,District 07,0,3,Dwelling - Single Detached,44.63019212474733,-63.59077117194625
17937,BPRES-2025-04623,2025-04-07,500000,New Building,New Building,Completed,DARTMOUTH,District 06,1,2,Dwelling - Single Detached,44.715865339227406,-63.53905662656172
17938,BPRES-2025-04675,2025-05-09,187500,Renovation,Renovation,Issued,FALL RIVER,District 01,0,1,Dwelling - Single Detached,44.813921137241216,-63.61935936086703
17939,BPRES-2025-04736,2025-04-11,220000,New Building,New Building,Issued,TIMBERLEA,District 12,1,2,Dwelling - Single Detached,44.645062090928796,-63.725546599721234
17940,BPRES-2025-04799,2025-04-16,280000,New Building,New Building,Issued,WEST CHEZZETCOOK,District 02,1,1,Dwelling - Single Detached,44.707347106867594,-63.26729280395891
17941,BPRES-2025-04954,2025-05-01,300000,Addition,Addition,Issued,HALIFAX,District 07,0,2,Dwelling - Multiple Units,44.641677486122845,-63.57659701684436
17942,BPRES-2025-05020,,8000,New Building,New Building,Cancelled,TANTALLON,District 13,0,1,Accessory Structure,44.65087775978069,-63.90060036112593
17943,BPRES-2025-05077,2025-04-15,450000,New Building,New Building,Completed,BEAVER BANK,District 15,1,2,Dwelling - Single Detached,44.83812506955966,-63.66417410343699
17944,BPRES-2025-05156,2025-05-02,50000,New Building,New Building,Completed,LOWER THREE FATHOM HARBOUR,District 02,0,1,Accessory Structure,44.63848043059383,-63.29811998059644
17945,BPRES-2025-05183,2025-04-15,35000,Renovation,Renovation,Issued,BEDFORD,District 16,0,2,Dwelling - Single Detached,44.72934021877152,-63.67343541104961
17946,BPRES-2025-05252,2025-04-17,15000,Renovation,Renovation,Completed,DARTMOUTH,District 06,0,1,Dwelling - Single Detached,44.67752836073898,-63.52075024992865
17947,BPRES-2025-05277,2025-11-04,450000,New Building,New Building,Issued,CLAM BAY,District 02,1,2,Dwelling - Single Detached,44.73253418260217,-62.9318416105709
17948,BPRES-2025-05308,2025-05-12,750000,New Building,New Building,Issued,HALIFAX,District 11,4,2,Dwelling - Semi-Detached,44.58761645833395,-63.58975475038166
17949,BPRES-2025-05323,2025-05-21,995000,New Building,New Building,Issued,BEDFORD,District 16,1,3,Dwelling - Single Detached,44.705085455803,-63.72262319977183
17950,BPRES-2025-05389,2025-08-14,500000,Addition,Addition,Issued,HALIFAX,District 09,0,1,Dwelling - Single Detached,44.64476475398762,-63.610784413973754
17951,BPRES-2025-05426,2025-04-22,410000,New Building,New Building,Completed,HARRIETSFIELD,District 11,1,1,Dwelling - Single Detached,44.54709371439789,-63.64674474484531
17952,BPRES-2025-05456,2025-04-17,200000,New Building,New Building,Issued,BEECHVILLE,District 12,1,2,Dwelling - Single Detached,44.63872512813349,-63.681924162355756
17953,BPRES-2025-05505,2025-05-09,25000,New Building,New Building,Issued,CARROLLS CORNER,District 01,0,1,Accessory Structure,45.01391506694865,-63.382723589338
17954,BPRES-2025-05540,,80000,Renovation,Renovation,Withdrawn,HALIFAX,District 10,0,2,Dwelling - Multiple Units,44.65363631305326,-63.63846654114245
17955,BPRES-2025-05612,2025-05-12,65000,New Building,New Building,Completed,TERENCE BAY,District 13,0,2,Accessory Structure,44.4668965592343,-63.71782560355215
17956,BPRES-2025-05660,2025-07-03,150000,Addition,Addition,Completed,EASTERN PASSAGE,District 03,1,1,Dwelling - Multiple Units,44.615232580561404,-63.482709887741315
17957,BPRES-2025-05691,2025-05-09,1800000,New Building,New Building,Completed,BEDFORD,District 16,6,2,Dwelling - Townhouse,44.71795800074717,-63.71841082096911
17958,BPRES-2025-05751,2025-04-25,592945,New Building,New Building,Completed,HATCHET LAKE,District 13,1,1,Dwelling - Single Detached,44.54964381128188,-63.73171813513303
17959,BPRES-2025-05785,2025-06-02,324000,Addition,Addition,Completed,MUSQUODOBOIT HARBOUR,District 02,1,2,Dwelling - Multiple Units,44.7913847474605,-63.14764371108779
17960,BPRES-2025-05820,2025-05-23,1550000,New Building,New Building,Completed,BEDFORD,District 16,5,3,Dwelling - Townhouse,44.71863606958099,-63.71794649762364
17961,BPRES-2025-05836,2025-05-20,11000,Renovation,Renovation,Completed,WESTPHAL,District 04,1,2,Dwelling - Multiple Units,44.694413837536054,-63.49132514953556
17962,BPRES-2025-05871,2025-08-25,110000,New Building,New Building,Issued,HAMMONDS PLAINS,District 14,1,1,Dwelling - Backyard Suite,44.73147469162128,-63.80507561544996
17963,BPRES-2025-05950,2025-05-27,40000,New Building,New Building,Issued,MYERS POINT,District 02,0,1,Accessory Structure,44.767986254047266,-63.04090810699569
17964,BPRES-2025-05999,,310000,New Building,New Building,Cancelled,BEDFORD,District 16,1,3,Dwelling - Townhouse,44.71883784295931,-63.71782967723138
17965,BPRES-2025-06052,2025-08-11,800000,New Building,New Building,Completed,FALL RIVER,District 01,2,2,Dwelling - Semi-Detached,44.81843351047038,-63.614622662131175
17966,BPRES-2025-06132,2025-05-28,350000,Addition,Addition,Issued,HALIFAX,District 09,0,2,Dwelling - Single Detached,44.64534455720418,-63.6338013422235
17967,BPRES-2025-06235,2025-05-08,150000,Renovation,Renovation,Issued,HALIFAX,District 07,0,2,Dwelling - Single Detached,44.63641910636237,-63.576633701584164
17968,BPRES-2025-06341,2025-05-14,120000,New Building,New Building,Completed,BOUTILIERS POINT,District 13,1,1,Dwelling - Backyard Suite,44.674066801646575,-63.93011036060558
17969,BPRES-2025-06384,2026-01-26,50000,New Building,New Building,Completed,DARTMOUTH,District 06,2,3,Dwelling - Semi-Detached,44.714085258343616,-63.539417717757935
17970,BPRES-2025-06400,2025-06-24,175000,New Building,New Building,Completed,WESTPHAL,District 04,1,1,Dwelling - Backyard Suite,44.69978243881377,-63.45665275730818
17971,BPRES-2025-06408,2025-05-14,400000,New Building,New Building,Issued,LAWRENCETOWN,District 02,1,2,Dwelling - Single Detached,44.685567955151534,-63.39176269359143
17972,BPRES-2025-06450,2025-05-14,150000,Renovation,Renovation,Completed,DARTMOUTH,District 05,1,1,Dwelling - Single Detached,44.68013432712624,-63.57893680343832
17973,BPRES-2025-06504,2025-07-18,600000,New Building,New Building,Issued,PORTERS LAKE,District 02,2,1,Dwelling - Multiple Units,44.7454777739768,-63.30707457845822
17974,BPRES-2025-06652,2025-05-23,10000,New Building,New Building,Completed,COW BAY,District 03,0,1,Accessory Structure,44.63465728006941,-63.42086818317942
17975,BPRES-2025-06721,2025-05-23,350000,New Building,New Building,Completed,EAST PETPESWICK,District 02,1,1,Dwelling - Single Detached,44.73842359893146,-63.148096624511815
17976,BPRES-2025-06809,2025-05-21,36000,New Building,New Building,Completed,HALIFAX,District 11,0,1,Accessory Structure,44.615925706161725,-63.613689564990125
17977,BPRES-2025-06854,2025-05-16,30000,New Building,New Building,Issued,DARTMOUTH,District 06,0,1,Accessory Structure,44.67474133443785,-63.53547995719614
17978,BPRES-2025-06893,2025-05-23,40000,New Building,New Building,Issued,EAST JEDDORE,District 02,0,1,Accessory Structure,44.72424567424522,-62.99780913412853
17979,BPRES-2025-06941,2025-07-03,80000,New Building,New Building,Issued,WEST PETPESWICK,District 02,0,1,Accessory Structure,44.73258928546546,-63.16989050479322
17980,BPRES-2025-07011,2025-06-09,75000,Renovation,Renovation,Completed,TIMBERLEA,District 12,1,2,Dwelling - Multiple Units,44.64024885763664,-63.70627728474477
17981,BPRES-2025-07077,2025-05-29,400000,New Building,New Building,Issued,HALIFAX,District 11,4,3,Dwelling - Multiple Units,44.603486603249046,-63.60355702311445
17982,BPRES-2025-07119,,100000,Addition,Addition,Application Incomplete,HEAD OF ST MARGARETS BAY,District 13,0,3,Dwelling - Single Detached,44.679694393706455,-63.90230812077775
17983,BPRES-2025-07182,2025-06-20,24000,Renovation,Renovation,Issued,HALIFAX,District 07,0,2,Dwelling - Multiple Units,44.63734109724271,-63.57545943676224
17984,BPRES-2025-07258,2025-05-27,300000,New Building,New Building,Completed,BEECHVILLE,District 12,1,3,Dwelling - Single Detached,44.63671760643085,-63.67729655477318
17985,BPRES-2025-07304,2025-06-02,20000,New Building,New Building,Completed,PORTERS LAKE,District 02,0,1,Accessory Structure,44.75796039920114,-63.28555185245903
17986,BPRES-2025-07465,2025-05-27,200000,New Building,New Building,Issued,FLETCHERS LAKE,District 01,1,2,Dwelling - Backyard Suite,44.85345375672319,-63.59750126484356
17987,BPRES-2025-07504,,1000000,New Building,New Building,Withdrawn,HALIFAX,District 07,2,2,Dwelling - Multiple Units,44.63311180728047,-63.59662297830615
17988,BPRES-2025-07527,2025-07-14,60000,New Building,New Building,Issued,EAST JEDDORE,District 02,1,2,Dwelling - Backyard Suite,44.73083911952459,-63.00413409635486
17989,BPRES-2025-07599,2025-07-18,50000,Renovation,Renovation,Completed,FERGUSONS COVE,District 11,1,2,Dwelling - Multiple Units,44.60038827864451,-63.55907950366429
17990,BPRES-2025-07651,2025-06-06,400000,New Building,New Building,Issued,HALIFAX,District 11,4,2,Dwelling - Multiple Units,44.58643390456234,-63.58850070061484
17991,BPRES-2025-07679,2026-04-10,200000,New Building,New Building,Issued,BEECHVILLE,District 12,1,3,Dwelling - Single Detached,44.637327803338486,-63.675704786221814
17992,BPRES-2025-07730,2025-06-05,22000,Renovation,Renovation,Issued,LOWER SACKVILLE,District 15,1,1,Dwelling - Single Detached,44.77168211465467,-63.70371755285813
17993,BPRES-2025-07841,2025-11-03,300000,New Building,New Building,Issued,HALIFAX,District 10,1,2,Dwelling - Single Detached,44.67869194444959,-63.65569280422966
17994,BPRES-2025-07900,2025-06-12,147500,Addition,Addition,Issued,DARTMOUTH,District 05,0,1,Dwelling - Single Detached,44.67726347557184,-63.553389569378176
17995,BPRES-2025-08017,2025-08-27,250000,New Building,New Building,Completed,MIDDLE SACKVILLE,District 14,1,1,Dwelling - Backyard Suite,44.79292373699082,-63.7592158935361
17996,BPRES-2025-08068,2025-06-17,100000,New Building,New Building,Issued,LOWER SHIP HARBOUR,District 02,1,1,Dwelling - Single Detached,44.79319336090821,-62.84047629639337
17997,BPRES-2025-08111,2025-07-30,325000,Addition,Addition,Issued,MIDDLE SACKVILLE,District 14,0,2,Dwelling - Single Detached,44.789241301189534,-63.71755738031868
17998,BPRES-2025-08157,2025-06-30,300000,New Building,New Building,Completed,EASTERN PASSAGE,District 03,2,1,Dwelling - Semi-Detached,44.60848271645553,-63.489466440530634
17999,BPRES-2025-08203,2025-06-09,150000,New Building,New Building,Issued,COLE HARBOUR,District 04,1,2,Dwelling - Backyard Suite,44.67379761962035,-63.488879094250805
18000,BPRES-2025-08257,2025-06-26,374770,Addition,Addition,Issued,HALIFAX,District 09,0,2,Dwelling - Multiple Units,44.655758644109675,-63.6186670959534
18001,BPRES-2025-08326,,150000,Renovation,Renovation,Application Incomplete,HALIFAX,District 12,0,2,Dwelling - Single Detached,44.66588914869786,-63.67019493484369
18002,BPRES-2025-08359,2026-01-26,1450000,New Building,New Building,Issued,HALIFAX,District 08,7,3,Dwelling - Multiple Units,44.658997627490585,-63.61099814123143
18003,BPRES-2025-08435,2025-07-14,250000,New Building,New Building,Completed,BEAVER BANK,District 15,1,1,Dwelling - Backyard Suite,44.832658137139425,-63.65879880486529
18004,BPRES-2025-08485,2025-06-09,650000,New Building,New Building,Completed,BLACK POINT,District 13,1,2,Dwelling - Single Detached,44.657739932078044,-63.9813031652229
18005,BPRES-2025-08535,2025-06-06,26000,New Building,New Building,Completed,FALL RIVER,District 01,0,1,Accessory Structure,44.787595309592575,-63.627408874550014
18006,BPRES-2025-08591,2025-07-24,750000,New Building,New Building,Issued,HALIFAX,District 10,4,3,Dwelling - Multiple Units,44.6560875459586,-63.634642426078486
18007,BPRES-2025-08641,2025-07-22,30000,New Building,New Building,Issued,EASTERN PASSAGE,District 03,0,1,Accessory Structure,44.61391531517706,-63.46590405338316
18008,BPRES-2025-08710,2025-06-25,20000,New Building,New Building,Issued,LAWRENCETOWN,District 02,0,1,Accessory Structure,44.68364926757445,-63.43406319678294
18009,BPRES-2025-08753,2025-08-01,2400,Renovation,Renovation,Issued,PROSPECT,District 13,0,2,Dwelling - Single Detached,44.49414070414134,-63.80097321230088
18010,BPRES-2025-08798,2025-06-17,100000,New Building,New Building,Issued,HALIBUT BAY,District 11,1,2,Dwelling - Backyard Suite,44.548235685490106,-63.55147750491969
18011,BPRES-2025-08873,2025-07-30,40000,New Building,New Building,Completed,WELLINGTON,District 01,1,2,Dwelling - Seasonal,44.88673155480722,-63.62896685428342
18012,BPRES-2025-08952,2025-06-20,800000,New Building,New Building,Completed,OAKFIELD,District 01,1,1,Dwelling - Single Detached,44.91386610355917,-63.58321064782597
18013,BPRES-2025-08994,2025-06-18,20000,New Building,New Building,Issued,MIDDLE SACKVILLE,District 14,0,1,Accessory Structure,44.80536576539139,-63.76359757259395
18014,BPRES-2025-09029,2025-06-16,75000,New Building,New Building,Completed,HAMMONDS PLAINS,District 14,0,2,Accessory Structure,44.74226540123303,-63.80895604081627
18015,BPRES-2025-09089,2025-08-08,160000,Renovation,Renovation,Issued,HALIFAX,District 07,-1,2,Dwelling - Semi-Detached,44.63526819927191,-63.57488103720839
18016,BPRES-2025-09174,2026-01-13,40000,Renovation,Renovation,Issued,COLE HARBOUR,District 04,1,1,Dwelling - Multiple Units,44.67333984059841,-63.48696887239727
18017,BPRES-2025-09236,2026-01-29,700000,New Building,New Building,Issued,HERRING COVE,District 11,1,2,Dwelling - Single Detached,44.56952376575359,-63.558266894449815
18018,BPRES-2025-09295,2025-08-20,300000,Addition,Addition,Issued,EASTERN PASSAGE,District 03,1,2,Dwelling - Multiple Units,44.62407291028307,-63.45668447449312
18019,BPRES-2025-09372,2025-07-10,555000,New Building,New Building,Completed,MIDDLE SACKVILLE,District 14,1,3,Dwelling - Single Detached,44.78299848984501,-63.75271811990641
18020,BPRES-2025-09417,2025-09-23,112500,Addition,Addition,Issued,EAST PRESTON,District 04,1,2,Dwelling - Multiple Units,44.711480998650266,-63.411026896146645
18021,BPRES-2025-09479,,750000,New Building,New Building,Applicant Revisions,HALIFAX,District 11,1,2,Dwelling - Single Detached,44.61445283924494,-63.5753690182227
18022,BPRES-2025-09533,2026-03-23,425000,New Building,New Building,Completed,GOFFS,District 01,1,1,Dwelling - Single Detached,44.88587854030617,-63.4833145072997
18023,BPRES-2025-09555,2025-09-08,500000,New Building,New Building,Issued,HALIFAX,District 11,4,2,Dwelling - Semi-Detached,44.62091672769908,-63.62063430524633
18024,BPRES-2025-09659,2025-07-08,1300,Renovation,Renovation,Completed,LOWER SACKVILLE,District 15,0,1,Dwelling - Single Detached,44.778194790019526,-63.68318553511488
18025,BPRES-2025-09696,2025-07-08,315000,New Building,New Building,Issued,DARTMOUTH,District 06,1,3,Dwelling - Single Detached,44.71545834365356,-63.543816839864675
18026,BPRES-2025-09720,2025-08-07,700000,New Building,New Building,Issued,BEAR COVE,District 11,1,2,Dwelling - Single Detached,44.53688373995515,-63.54763076142616
18027,BPRES-2025-09870,2025-07-25,260000,Addition,Addition,Completed,LUCASVILLE,District 14,1,1,Dwelling - Multiple Units,44.76256965481725,-63.726909055742794
18028,BPRES-2025-09933,2025-08-19,35000,New Building,New Building,Issued,MIDDLE SACKVILLE,District 14,0,2,Accessory Structure,44.7829972120703,-63.738703187599114
18029,BPRES-2025-09997,2025-07-16,150000,Addition,Addition,Issued,LAKE ECHO,District 02,0,2,Dwelling - Single Detached,44.7347734227724,-63.393887863784364
18030,BPRES-2025-10087,2025-07-18,150000,Addition,Addition,Issued,UPPER SACKVILLE,District 14,0,1,Dwelling - Single Detached,44.83121608447535,-63.78210290089054
18031,BPRES-2025-10173,2025-09-16,375000,Addition,Addition,Issued,DARTMOUTH,District 03,0,2,Dwelling - Single Detached,44.663250027286125,-63.54820880368712
18032,BPRES-2025-10254,2025-08-28,90000,Addition,Addition,Issued,HUBLEY,District 13,1,1,Dwelling - Multiple Units,44.66211540638378,-63.794958879926035
18033,BPRES-2025-10309,2025-08-14,95000,Renovation,Renovation,Issued,HALIFAX,District 09,0,2,Dwelling - Single Detached,44.64894267565788,-63.60769985892792
18034,BPRES-2025-10339,2026-03-16,160000,Addition,Addition,Issued,WEST JEDDORE,District 02,1,1,Dwelling - Multiple Units,44.70258636002086,-63.02026488169235
18035,BPRES-2025-10398,2025-11-03,2737428,New Building,New Building,Issued,WEST PORTERS LAKE,District 02,14,2,Dwelling - Townhouse,44.68587537187557,-63.319618473137375
18036,BPRES-2025-10472,2025-08-06,25000,Renovation,Renovation,Issued,HALIFAX,District 09,0,3,Dwelling - Multiple Units,44.637292247901655,-63.621613962562485
18037,BPRES-2025-10539,,500000,New Building,New Building,Withdrawn,HALIFAX,District 11,4,2,Dwelling - Semi-Detached,44.601786664096394,-63.60476699494026
18038,BPRES-2025-10565,2025-09-05,50000,New Building,New Building,Issued,PORTUGUESE COVE,District 11,0,1,Accessory Structure,44.51409400332669,-63.54674294197387
18039,BPRES-2025-10593,2025-09-24,150000,New Building,New Building,Issued,MUSQUODOBOIT HARBOUR,District 02,1,1,Dwelling - Backyard Suite,44.788289933187656,-63.148154976422
18040,BPRES-2025-10617,,5000,New Building,New Building,Withdrawn,POPES HARBOUR,District 02,0,1,Accessory Structure,44.81102419437445,-62.638146615851824
18041,BPRES-2025-10751,2025-11-05,250000,New Building,New Building,Issued,TIMBERLEA,District 12,1,2,Dwelling - Single Detached,44.645640777957894,-63.72563704727039
18042,BPRES-2025-10786,2025-09-22,850000,New Building,New Building,Amendment Application Incomplete,HALIFAX,District 09,1,2,Dwelling - Single Detached,44.648218535412084,-63.60975666537123
18043,BPRES-2025-10891,,965000,New Building,New Building,Applicant Revisions,HALIFAX,District 08,4,3,Dwelling - Multiple Units,44.66354703290434,-63.606951339146214
18044,BPRES-2025-11013,,100000,Renovation,Renovation,Application Incomplete,LOWER SACKVILLE,District 15,1,3,Dwelling - Semi-Detached,44.76749059418419,-63.690621677976395
18045,BPRES-2025-11117,2025-07-30,275000,New Building,New Building,Issued,BEECHVILLE,District 12,1,3,Dwelling - Single Detached,44.63774601226806,-63.67519340996218
18046,BPRES-2025-11205,2025-07-25,57965,Renovation,Renovation,Completed,PORT DUFFERIN,District 02,0,1,Dwelling - Single Detached,44.89906512131171,-62.37656291352092
18047,BPRES-2025-11284,,,New Building,New Building,Application Incomplete,MUSQUODOBOIT HARBOUR,District 02,0,,Dwelling - Single Detached,44.82309498267441,-63.20469077091375
18048,BPRES-2025-11322,2025-09-08,45000,Renovation,Renovation,Issued,UPPER TANTALLON,District 13,0,1,Accessory Structure,44.73362243147001,-63.883289074480075
18049,BPRES-2025-11361,2025-07-28,275000,New Building,New Building,Issued,BEECHVILLE,District 12,1,3,Dwelling - Single Detached,44.63692835770346,-63.67451362858674
18050,BPRES-2025-11370,2025-08-01,275000,New Building,New Building,Issued,BEECHVILLE,District 12,1,3,Dwelling - Single Detached,44.636835082687206,-63.67493229392856
18051,BPRES-2025-11444,,3000,New Building,New Building,Withdrawn,DARTMOUTH,District 03,0,1,Accessory Structure,44.668975660865115,-63.517793094456465
18052,BPRES-2025-11522,2025-08-08,49268,Renovation,Renovation,Issued,HALIFAX,District 16,0,2,Dwelling - Townhouse,44.697215498362524,-63.670936673920394
18053,BPRES-2025-11610,2025-08-12,248000,Renovation,Renovation,Issued,BEDFORD,District 16,0,1,Dwelling - Single Detached,44.70338958918332,-63.706522193448514
18054,BPRES-2025-11644,2025-10-29,20000,New Building,New Building,Issued,WHITES LAKE,District 13,0,1,Accessory Structure,44.54228003571484,-63.742195595499
18055,BPRES-2025-11727,2025-09-03,50000,New Building,New Building,Issued,EASTERN PASSAGE,District 03,0,2,Accessory Structure,44.61302613503139,-63.47088780844475
18056,BPRES-2025-11830,2025-08-18,400000,New Building,New Building,Issued,HALIFAX,District 11,4,3,Dwelling - Multiple Units,44.58664726070412,-63.5887556860014
18057,BPRES-2025-11834,2025-08-15,400000,New Building,New Building,Issued,HALIFAX,District 11,4,3,Dwelling - Semi-Detached,44.58675035211458,-63.588881881580555
18058,BPRES-2025-11866,2025-08-18,400000,New Building,New Building,Issued,HALIFAX,District 11,4,3,Dwelling - Semi-Detached,44.5868508067294,-63.5890128540907
18059,BPRES-2025-11925,2025-08-18,400000,New Building,New Building,Issued,HALIFAX,District 11,4,2,Dwelling - Semi-Detached,44.58695190247293,-63.58914512932151
18060,BPRES-2025-11952,2025-12-03,15000,Addition,Addition,Issued,HALIFAX,District 10,0,2,Dwelling - Multiple Units,44.66384396006744,-63.64906088209219
18061,BPRES-2025-12019,2025-08-28,40000,Renovation,Renovation,Issued,HALIFAX,District 11,0,3,Dwelling - Single Detached,44.61022664290273,-63.62088759871151
18062,BPRES-2025-12071,2026-03-24,686290,Addition,Addition,Issued,HALIFAX,District 07,1,3,Dwelling - Multiple Units,44.635113558282015,-63.590349106752626
18063,BPRES-2025-12132,2025-08-15,90000,New Building,New Building,Issued,EAST PETPESWICK,District 02,0,1,Accessory Structure,44.69544329488338,-63.15174491662539
18064,BPRES-2025-12180,2025-08-22,60000,Renovation,Renovation,Issued,HALIFAX,District 10,0,2,Dwelling - Single Detached,44.66848656522088,-63.64395338777897
18065,BPRES-2025-12288,2025-09-03,502169,New Building,New Building,Issued,HAMMONDS PLAINS,District 14,1,2,Dwelling - Single Detached,44.7314220375966,-63.78550724897823
18066,BPRES-2025-12362,2025-11-26,40000,New Building,New Building,Issued,LOWER SACKVILLE,District 15,0,1,Accessory Structure,44.76176915803272,-63.681861826646085
18067,BPRES-2025-12431,,80000,New Building,New Building,Applicant Revisions,WELLINGTON,District 01,0,2,Accessory Structure,44.89771497019904,-63.625472613794464
18068,BPRES-2025-12495,2025-10-08,1600000,New Building,New Building,Issued,BEDFORD,District 16,5,2,Dwelling - Townhouse,44.708199991576144,-63.726277461701535
18069,BPRES-2025-12546,2025-09-18,63303.53,Addition,Addition,Issued,KINSAC,District 15,0,1,Dwelling - Single Detached,44.844170365918316,-63.65650303434212
18070,BPRES-2025-12578,,80000,New Building,New Building,Cancelled,OAKFIELD,District 01,0,1,Accessory Structure,44.91560899912703,-63.580445773004854
18071,BPRES-2025-12686,,40000,New Building,New Building,In Review,HATCHET LAKE,District 13,0,1,Accessory Structure,44.58743166792151,-63.70109781493263
18072,BPRES-2025-12716,2025-10-09,50000,New Building,New Building,Issued,MIDDLE SACKVILLE,District 14,0,1,Accessory Structure,44.8245197204614,-63.71813871085104
18073,BPRES-2025-12813,2025-09-02,29910,Renovation,Renovation,Issued,HALIFAX,District 08,0,2,Dwelling - Single Detached,44.66714830465946,-63.61289375266414
18074,BPRES-2025-12884,2025-09-11,20000,New Building,New Building,Completed,FALL RIVER,District 01,0,1,Accessory Structure,44.835973228949726,-63.6498137418428
18075,BPRES-2025-12932,,200000,New Building,New Building,Applicant Revisions,WEST PORTERS LAKE,District 02,1,1,Dwelling - Single Detached,44.685415373688485,-63.31487395534541
18076,BPRES-2025-13040,2025-09-26,350000,New Building,New Building,Issued,DARTMOUTH,District 06,1,2,Dwelling - Single Detached,44.67165171810065,-63.54617584139287
18077,BPRES-2025-13126,2025-09-10,40000,New Building,New Building,Completed,PORTERS LAKE,District 02,0,1,Accessory Structure,44.73864946726204,-63.32602413770319
18078,BPRES-2025-13219,2026-06-08,100000,New Building,New Building,Issued,EASTERN PASSAGE,District 03,1,1,Dwelling - Backyard Suite,44.60566830068203,-63.47504921162349
18079,BPRES-2025-13273,2025-09-17,50000,Renovation,Renovation,Completed,HALIFAX,District 10,1,1,Dwelling - Multiple Units,44.65513671876542,-63.635270718078964
18080,BPRES-2025-13316,2025-09-10,30000,New Building,New Building,Completed,FALL RIVER,District 01,0,1,Accessory Structure,44.82327316270117,-63.622260007005174
18081,BPRES-2025-13350,2025-09-09,38000,New Building,New Building,Completed,WESTPHAL,District 04,0,1,Accessory Structure,44.68978779678522,-63.45822802468288
18082,BPRES-2025-13376,,240000,New Building,New Building,Issued,TIMBERLEA,District 12,1,2,Dwelling - Single Detached,44.644572944859604,-63.72542013095112
18083,BPRES-2025-13418,2025-09-09,350000,New Building,New Building,Completed,TIMBERLEA,District 12,1,1,Dwelling - Single Detached,44.64700697266091,-63.72619841844349
18084,BPRES-2025-13429,2025-10-01,1600000,New Building,New Building,Issued,BEDFORD,District 16,5,2,Dwelling - Townhouse,44.70836524574126,-63.72661909540391
18085,BPRES-2025-13475,2025-10-06,550000,New Building,New Building,Completed,BEDFORD,District 16,1,2,Dwelling - Single Detached,44.71003661804722,-63.725216293260175
18086,BPRES-2025-13616,2025-09-10,25000,New Building,New Building,Issued,PORTERS LAKE,District 02,0,1,Accessory Structure,44.7454777739768,-63.30707457845822
18087,BPRES-2025-13695,2025-09-18,700665,New Building,New Building,Completed,WEST PETPESWICK,District 02,1,2,Dwelling - Single Detached,44.7349264335746,-63.1824597564443
18088,BPRES-2025-13721,2025-11-05,100000,Addition,Addition,Issued,HALIFAX,District 11,1,2,Dwelling - Multiple Units,44.614384494918724,-63.57962721177738
18089,BPRES-2025-13757,2025-09-22,33600,Renovation,Renovation,Issued,DARTMOUTH,District 05,0,3,Dwelling - Multiple Units,44.66269215782243,-63.554830724707365
18090,BPRES-2025-13906,2025-09-18,25000,New Building,New Building,Completed,WEST PETPESWICK,District 02,0,1,Accessory Structure,44.74414378717545,-63.16720488222114
18091,BPRES-2025-13921,2025-10-07,350000,New Building,New Building,Issued,DARTMOUTH,District 06,2,3,Dwelling - Semi-Detached,44.713837355439345,-63.53971585475577
18092,BPRES-2025-13977,2025-09-22,36705,Renovation,Renovation,Issued,HUBLEY,District 13,0,2,Dwelling - Single Detached,44.656165795269374,-63.78855770313564
18093,BPRES-2025-13990,2025-09-23,300000,New Building,New Building,Issued,BEAVER BANK,District 15,2,2,Dwelling - Multiple Units,44.82697322953116,-63.67315038786943
18094,BPRES-2025-14119,2025-09-22,20000,New Building,New Building,Completed,DARTMOUTH,District 06,0,1,Accessory Structure,44.69603310264051,-63.5389182981641
18095,BPRES-2025-14195,2025-11-14,20000,Renovation,Renovation,Completed,HALIFAX,District 10,0,2,Dwelling - Single Detached,44.65408778018937,-63.63949878263551
18096,BPRES-2025-14250,2025-10-08,800000,New Building,New Building,Issued,LAKE ECHO,District 02,2,2,Dwelling - Multiple Units,44.73623762310838,-63.39217566576569
18097,BPRES-2025-14279,2025-12-24,40000,Renovation,Renovation,Issued,HUBLEY,District 13,1,2,Dwelling - Multiple Units,44.659421897232995,-63.786679414593415
18098,BPRES-2025-14360,2025-11-10,160000,New Building,New Building,Issued,BEAVER BANK,District 15,0,2,Accessory Structure,44.81352075309745,-63.666203694814705
18099,BPRES-2025-14436,2025-09-22,26571.47,Renovation,Renovation,Issued,DARTMOUTH,District 06,0,2,Dwelling - Single Detached,44.68819524876435,-63.55476794638793
18100,BPRES-2025-14525,2025-10-30,100000,Addition,Addition,Issued,HAMMONDS PLAINS,District 14,0,3,Dwelling - Single Detached,44.74252777336821,-63.79800028860312
18101,BPRES-2025-14587,2025-11-04,1500000,New Building,New Building,Issued,BEDFORD,District 16,5,3,Dwelling - Townhouse,44.70897299901438,-63.726628861039806
18102,BPRES-2025-14649,2025-10-14,750000,New Building,New Building,Issued,BEDFORD,District 16,1,3,Dwelling - Single Detached,44.71026632491805,-63.72630655259142
18103,BPRES-2025-14696,2025-10-02,85000,New Building,New Building,Completed,HAMMONDS PLAINS,District 14,0,2,Accessory Structure,44.70894857514805,-63.752085263345506
18104,BPRES-2025-14753,2025-12-19,40000,Addition,Addition,Issued,COLE HARBOUR,District 04,1,2,Dwelling - Multiple Units,44.65905069455277,-63.48922293522724
18105,BPRES-2025-14816,,1000000,New Building,New Building,Withdrawn,,District 04,4,1,Dwelling - Multiple Units,44.69570435805899,-63.494553067371804
18106,BPRES-2025-14893,,240000,New Building,New Building,Withdrawn,,District 02,1,1,Dwelling - Single Detached,44.69208934518024,-63.320159604622425
18107,BPRES-2025-14943,2025-12-11,830000,New Building,New Building,Issued,COLE HARBOUR,District 04,2,1,Dwelling - Multiple Units,44.66029798703586,-63.45971399099441
18108,BPRES-2025-14976,2026-05-26,9000,Renovation,Renovation,Issued,HALIFAX,District 09,1,2,Dwelling - Multiple Units,44.64837459685214,-63.59588690443603
18109,BPRES-2025-14989,,42863,Renovation,Renovation,Cancelled,HALIFAX,District 09,0,2,Dwelling - Single Detached,44.65292757198067,-63.609178217117616
18110,BPRES-2025-15005,2025-10-27,100000,Addition,Addition,Issued,WILLIAMSWOOD,District 11,0,2,Dwelling - Single Detached,44.52565349988395,-63.644577638409984
18111,BPRES-2025-15063,2025-10-08,75000,Addition,Addition,Completed,DARTMOUTH,District 05,0,2,Dwelling - Single Detached,44.67402006960406,-63.57495590585337
18112,BPRES-2025-15137,2025-10-30,500000,New Building,New Building,Issued,LOWER SACKVILLE,District 15,4,3,Dwelling - Multiple Units,44.7741846874325,-63.68320028962162
18113,BPRES-2025-15241,2026-01-15,710000,Renovation,Renovation,Completed,GRAND LAKE,District 01,1,2,Dwelling - Single Detached,44.87840132733072,-63.57289861649672
18114,BPRES-2025-15299,2025-10-28,900000,New Building,New Building,Issued,HAMMONDS PLAINS,District 14,2,3,Dwelling - Multiple Units,44.6967644431407,-63.80155445492171
18115,BPRES-2025-15412,,40000,Renovation,Renovation,Applicant Revisions,LAKEVIEW,District 01,1,1,Dwelling - Multiple Units,44.7652741506738,-63.6260459603233
18116,BPRES-2025-15457,2025-10-08,533000,New Building,New Building,Issued,FALL RIVER,District 01,1,2,Dwelling - Single Detached,44.842595487832654,-63.64245348206692
18117,BPRES-2025-15553,2025-12-15,1000,Renovation,Renovation,Completed,PROSPECT,District 13,1,2,Dwelling - Multiple Units,44.502519344048835,-63.80277079590018
18118,BPRES-2025-15569,2025-10-28,115000,Renovation,Renovation,Completed,HAMMONDS PLAINS,District 14,1,3,Dwelling - Multiple Units,44.768921038629095,-63.7766253746081
18119,BPRES-2025-15590,2025-10-22,38189,New Building,New Building,Completed,HALIFAX,District 09,0,1,Accessory Structure,44.65072721405289,-63.59874759481529
18120,BPRES-2025-15684,2025-11-05,350000,New Building,New Building,Issued,TIMBERLEA,District 12,1,2,Dwelling - Single Detached,44.647098047138364,-63.726317226747234
18121,BPRES-2025-15753,2025-10-23,425000,New Building,New Building,Issued,HEAD OF JEDDORE,District 02,1,1,Dwelling - Single Detached,44.747881841569075,-63.05340627712218
18122,BPRES-2025-15799,2025-10-16,5000,Renovation,Renovation,Completed,DARTMOUTH,District 05,0,3,Dwelling - Multiple Units,44.68610934343934,-63.58353504122579
18123,BPRES-2025-15839,,250000,New Building,New Building,Withdrawn,SAMBRO CREEK,District 11,1,2,Dwelling - Single Detached,44.467764043454665,-63.61171764461473
18124,BPRES-2025-15872,2025-10-30,500000,New Building,New Building,Issued,HERRING COVE,District 11,2,2,Dwelling - Semi-Detached,44.580225293570145,-63.57524150801547
18125,BPRES-2025-15930,2025-12-11,15000,New Building,New Building,Issued,LUCASVILLE,District 14,0,2,Accessory Structure,44.764018787290844,-63.71168590283672
18126,BPRES-2025-15978,2026-03-25,550000,New Building,New Building,Issued,WEST DOVER,District 13,1,1,Dwelling - Single Detached,44.505729975322254,-63.8814221829601
18127,BPRES-2025-16022,2025-11-21,50000,Renovation,Renovation,Issued,HALIFAX,District 09,1,2,Dwelling - Multiple Units,44.64179088713263,-63.60337107077333
18128,BPRES-2025-16028,2025-10-17,30000,New Building,New Building,Issued,OSTREA LAKE,District 02,0,1,Accessory Structure,44.710223405297405,-63.06554959530559
18129,BPRES-2025-16107,,15000,Renovation,Renovation,Application Incomplete,DARTMOUTH,District 06,1,3,Dwelling - Semi-Detached,44.689252440087,-63.52898405832419
18130,BPRES-2025-16142,2025-10-27,450000,New Building,New Building,Issued,FALL RIVER,District 01,1,2,Dwelling - Single Detached,44.84409046400572,-63.63827672714585
18131,BPRES-2025-16170,2025-11-04,425000,New Building,New Building,Issued,BEDFORD,District 16,1,3,Dwelling - Single Detached,44.70982925284217,-63.72604967160573
18132,BPRES-2025-16237,,20000,New Building,New Building,Applicant Revisions,LAWRENCETOWN,District 02,0,1,Accessory Structure,44.70351120785229,-63.43198802820403
18133,BPRES-2025-16306,2025-10-31,100000,New Building,New Building,Completed,MIDDLE SACKVILLE,District 14,0,1,Accessory Structure,44.78130628513398,-63.745259883360106
18134,BPRES-2025-16348,2026-03-25,60000,Renovation,Renovation,Issued,STILLWATER LAKE,District 13,1,1,Dwelling - Multiple Units,44.693158512506486,-63.83388602566031
18135,BPRES-2025-16399,2025-12-02,260000,Addition,Addition,Issued,COLE HARBOUR,District 04,2,2,Dwelling - Multiple Units,44.64198318102114,-63.47122926392597
18136,BPRES-2025-16482,2025-12-11,200000,New Building,New Building,Issued,PORTERS LAKE,District 02,1,1,Dwelling - Backyard Suite,44.756209319686775,-63.32859710610125
18137,BPRES-2025-16558,,125000,New Building,New Building,Application Incomplete,DARTMOUTH,District 06,2,2,Dwelling - Backyard Suite,44.68777789482942,-63.54258865621636
18138,BPRES-2025-16651,,300000,Addition,Addition,Applicant Revisions,DARTMOUTH,District 05,6,3,Dwelling - Multiple Units,44.65951731173308,-63.55345359782331
18139,BPRES-2025-16730,2025-11-14,400000,New Building,New Building,Issued,BEDFORD,District 16,1,3,Dwelling - Single Detached,44.70995923095548,-63.72551552064406
18140,BPRES-2025-16789,,200000,New Building,New Building,Withdrawn,HAMMONDS PLAINS,District 14,1,2,Dwelling - Backyard Suite,44.73304041049511,-63.788830281584204
18141,BPRES-2025-16869,2025-11-06,30000,New Building,New Building,Cancelled,MIDDLE MUSQUODOBOIT,District 01,0,1,Accessory Structure,45.03217973999482,-63.15879738380645
18142,BPRES-2025-16929,2025-11-28,60000,New Building,New Building,Completed,HARRIETSFIELD,District 11,0,1,Accessory Structure,44.56757079179277,-63.63835985403636
18143,BPRES-2025-16972,2025-11-20,20000,New Building,New Building,Completed,EAST PETPESWICK,District 02,0,1,Accessory Structure,44.737530966504345,-63.147047414389526
18144,BPRES-2025-17009,2025-11-17,150000,New Building,New Building,Issued,HERRING COVE,District 11,1,2,Dwelling - Backyard Suite,44.56328509416833,-63.56872035310221
18145,BPRES-2025-17039,2025-11-18,320000,New Building,New Building,Issued,BEAVER BANK,District 15,2,2,Dwelling - Multiple Units,44.82688172367079,-63.6736629052717
18146,BPRES-2025-17130,,90000,Renovation,Renovation,Applicant Revisions,BEDFORD,District 16,1,2,Dwelling - Backyard Suite,44.695298345892056,-63.69300925256026
18147,BPRES-2025-17228,2025-12-11,100000,Renovation,Renovation,Completed,MIDDLE SACKVILLE,District 14,1,1,Dwelling - Backyard Suite,44.79824267752619,-63.73778831063517
18148,BPRES-2025-17275,2026-02-10,10000,Renovation,Renovation,Issued,HALIFAX,District 08,0,2,Dwelling - Multiple Units,44.65727689519511,-63.59391778525177
18149,BPRES-2025-17346,,,New Building,New Building,Applicant Revisions,SEAFORTH,District 02,1,1,Dwelling - Backyard Suite,44.67708578548114,-63.25532091467319
18150,BPRES-2025-17424,2025-11-18,78000,New Building,New Building,Completed,LAWRENCETOWN,District 02,0,2,Accessory Structure,44.69808380682683,-63.405985405868385
18151,BPRES-2025-17467,2026-01-20,80000,Renovation,Renovation,Issued,TIMBERLEA,District 12,1,3,Dwelling - Single Detached,44.65102231747598,-63.740636289812116
18152,BPRES-2025-17503,2026-03-06,12700000,New Building,New Building,Issued,HAMMONDS PLAINS,District 14,127,2,Dwelling - Townhouse,44.73802560321655,-63.80731196745438
18153,BPRES-2025-17528,2025-11-26,100000,Addition,Addition,Issued,HALIFAX,District 09,0,2,Dwelling - Single Detached,44.65092151834914,-63.62254917723787
18154,BPRES-2025-17578,2026-03-13,350000,New Building,New Building,Issued,LAWRENCETOWN,District 02,1,2,Dwelling - Single Detached,44.70246237520097,-63.415653994962284
18155,BPRES-2025-17659,,2500,Renovation,Renovation,Applicant Revisions,BEDFORD,District 16,1,3,Dwelling - Multiple Units,44.717860038602055,-63.68365764632554
18156,BPRES-2025-17774,2026-01-14,330000,New Building,New Building,Issued,BEDFORD,District 16,1,1,Dwelling - Backyard Suite,44.724642828952106,-63.685640150262714
18157,BPRES-2025-17855,2025-12-01,20000,New Building,New Building,Issued,CLAM BAY,District 02,0,1,Accessory Structure,44.73008202765417,-62.934353341569235
18158,BPRES-2025-17915,2025-12-22,500000,New Building,New Building,Issued,HALIFAX,District 11,4,2,Dwelling - Multiple Units,44.60217562206806,-63.60589745608953
18159,BPRES-2025-17988,2025-11-28,6500,Renovation,Renovation,Completed,HALIFAX,District 10,0,2,Dwelling - Townhouse,44.65723714680464,-63.65231483075856
18160,BPRES-2025-18046,2025-12-01,400000,New Building,New Building,Issued,HALIFAX,District 11,4,3,Dwelling - Semi-Detached,44.586833442387494,-63.589785918642285
18161,BPRES-2025-18116,2026-01-12,50000,Renovation,Renovation,Issued,DARTMOUTH,District 06,1,1,Dwelling - Multiple Units,44.68223838108083,-63.52849328248601
18162,BPRES-2025-18151,2025-12-02,35000,New Building,New Building,Issued,FALL RIVER,District 01,0,1,Accessory Structure,44.80008025299425,-63.6274272250696
18163,BPRES-2025-18184,2025-12-30,32000,New Building,New Building,Issued,PORTERS LAKE,District 02,0,1,Accessory Structure,44.747644262185375,-63.29539574314711
18164,BPRES-2025-18283,2026-01-06,644267,New Building,New Building,Completed,EAST PETPESWICK,District 02,1,1,Dwelling - Single Detached,44.696169158610054,-63.155073573437136
18165,BPRES-2025-18366,2025-12-17,800000,New Building,New Building,Issued,HARRIETSFIELD,District 11,1,3,Dwelling - Single Detached,44.5497039061633,-63.64666454407104
18166,BPRES-2025-18424,2025-12-29,420000,New Building,New Building,Issued,LOWER SACKVILLE,District 15,1,1,Dwelling - Single Detached,44.783170090971815,-63.68749182643021
18167,BPRES-2025-18535,2025-12-12,300000,New Building,New Building,Issued,HALIFAX,District 08,1,1,Dwelling - Backyard Suite,44.66263731079291,-63.60313517128488
18168,BPRES-2025-18589,2025-12-12,560000,New Building,New Building,Issued,TIMBERLEA,District 12,1,2,Dwelling - Single Detached,44.6456284178962,-63.724459863174516
18169,BPRES-2025-18677,2025-12-22,280000,New Building,New Building,Issued,TIMBERLEA,District 12,1,3,Dwelling - Single Detached,44.64398604014985,-63.72343912245081
18170,BPRES-2025-18764,2026-02-04,200000,New Building,New Building,Issued,OSTREA LAKE,District 02,1,1,Dwelling - Backyard Suite,44.72041101603785,-63.07360382910677
18171,BPRES-2025-18893,2026-01-08,320000,New Building,New Building,Issued,BEAVER BANK,District 15,2,2,Dwelling - Multiple Units,44.826495424070316,-63.67378954266856
18172,BPRES-2025-18935,2026-04-09,80000,Renovation,Renovation,Issued,DARTMOUTH,District 05,1,2,Dwelling - Multiple Units,44.680369058334,-63.58698474024873
18173,BPRES-2025-18993,2026-02-13,555708,New Building,New Building,Amendment Applicant Revisions,DEVON,District 01,2,1,Dwelling - Semi-Detached,44.90238317833931,-63.434826062446206
18174,BPRES-2025-19036,2026-01-06,325000,New Building,New Building,Issued,HEAD OF JEDDORE,District 02,1,1,Dwelling - Single Detached,44.746366219618345,-63.05741740090791
18175,BPRES-2025-19081,2026-02-24,350000,New Building,New Building,Issued,,District 02,1,1,Dwelling - Single Detached,44.76621167700585,-62.94270362389141
18176,BPRES-2026-00020,,250000,New Building,New Building,In Review,BEDFORD,District 16,1,2,Dwelling - Single Detached,44.73034266599626,-63.65837337945464
18177,BPRES-2026-00066,,1200000,New Building,New Building,Applicant Revisions,HALIFAX,District 11,16,3,Dwelling - Multiple Units,44.603717776170726,-63.606715293030064
18178,BPRES-2026-00092,,20000,Renovation,Renovation,Application Incomplete,TERENCE BAY,District 13,0,1,Accessory Structure,44.46369295218445,-63.72099067729344
18179,BPRES-2026-00136,2026-03-04,100000,New Building,New Building,Issued,HALIFAX,District 09,1,2,Dwelling - Backyard Suite,44.64229280225233,-63.594043461484
18180,BPRES-2026-00159,2026-01-13,650000,New Building,New Building,Issued,HAMMONDS PLAINS,District 14,1,2,Dwelling - Single Detached,44.72245405676016,-63.77043211173203
18181,BPRES-2026-00228,2026-01-16,100000,Renovation,Renovation,Issued,DARTMOUTH,District 05,0,2,Dwelling - Single Detached,44.6762066331281,-63.58563236766673
18182,BPRES-2026-00273,2026-02-17,350000,New Building,New Building,Issued,MUSQUODOBOIT HARBOUR,District 02,2,1,Dwelling - Semi-Detached,44.8195527597681,-63.19394591384831
18183,BPRES-2026-00335,2026-01-20,30000,Renovation,Renovation,Issued,HALIFAX,District 07,0,2,Dwelling - Semi-Detached,44.63280653187863,-63.57652455464436
18184,BPRES-2026-00431,2026-01-27,80000,New Building,New Building,Issued,UPPER SACKVILLE,District 14,0,1,Accessory Structure,44.82021330008304,-63.754160892288546
18185,BPRES-2026-00539,2026-05-06,150000,New Building,New Building,Issued,WEST CHEZZETCOOK,District 02,1,1,Dwelling - Backyard Suite,44.72575234762619,-63.29324545488418
18186,BPRES-2026-00599,2026-02-02,15000,New Building,New Building,Issued,MIDDLE SACKVILLE,District 14,0,1,Accessory Structure,44.78987054821429,-63.740414451373695
18187,BPRES-2026-00618,2026-01-26,400000,New Building,New Building,Issued,LAKE CHARLOTTE,District 02,1,1,Dwelling - Single Detached,44.76958021584838,-62.943866006909666
18188,BPRES-2026-00650,2026-02-02,40000,New Building,New Building,Issued,BEDFORD,District 16,0,1,Accessory Structure,44.70747165606905,-63.669808137824795
18189,BPRES-2026-00666,2026-01-26,30000,New Building,New Building,Completed,HAMMONDS PLAINS,District 14,0,1,Accessory Structure,44.711319606705125,-63.723543110363764
18190,BPRES-2026-00711,,120000,Addition,Addition,Applicant Revisions,UPPER TANTALLON,District 13,0,1,Dwelling - Single Detached,44.689540487618736,-63.87171262629725
18191,BPRES-2026-00829,,80000,New Building,New Building,Applicant Revisions,HALIBUT BAY,District 11,1,1,Dwelling - Single Detached,44.55047051685701,-63.558535364777995
18192,BPRES-2026-00957,2026-04-28,11500,New Building,New Building,Issued,SHIP HARBOUR,District 02,0,2,Accessory Structure,44.81354171745056,-62.85535079143644
18193,BPRES-2026-01022,2026-02-12,425000,New Building,New Building,Issued,BEDFORD,District 16,1,3,Dwelling - Single Detached,44.7097995384282,-63.726703814848044
18194,BPRES-2026-01106,2026-06-16,750000,New Building,New Building,Issued,LAWRENCETOWN,District 02,1,2,Dwelling - Single Detached,44.65273724295091,-63.38256823352673
18195,BPRES-2026-01185,2026-02-10,550000,New Building,New Building,Amendment Review,DEVON,District 01,1,1,Dwelling - Single Detached,44.90139629705424,-63.4297820418534
18196,BPRES-2026-01302,2026-02-17,675000,New Building,New Building,Issued,BEDFORD,District 16,1,3,Dwelling - Single Detached,44.708387766920595,-63.72866418659452
18197,BPRES-2026-01334,2026-02-13,499000,New Building,New Building,Issued,LUCASVILLE,District 14,1,1,Dwelling - Single Detached,44.76033983170712,-63.72376788152003
18198,BPRES-2026-01388,2026-02-23,400000,New Building,New Building,Issued,HEAD OF JEDDORE,District 02,1,1,Dwelling - Single Detached,44.74568876632446,-63.05480595260736
18199,BPRES-2026-01438,,1100000,Addition,Addition,Applicant Revisions,HALIFAX,District 07,14,3,Dwelling - Multiple Units,44.63955525373685,-63.594688999922205
18200,BPRES-2026-01496,,400000,New Building,New Building,Applicant Revisions,FERGUSONS COVE,District 11,1,3,Dwelling - Single Detached,44.598540598191434,-63.5529628144797
18201,BPRES-2026-01558,2026-02-13,280000,New Building,New Building,Issued,HALIFAX,District 11,1,3,Dwelling - Single Detached,44.60848335151396,-63.60529797937999
18202,BPRES-2026-01629,2026-04-10,171202,Addition,Addition,Issued,DARTMOUTH,District 06,0,1,Dwelling - Multiple Units,44.67664027506777,-63.53654329922816
18203,BPRES-2026-01682,,1,Renovation,Renovation,Applicant Revisions,WINDSOR JUNCTION,District 01,1,1,Dwelling - Backyard Suite,44.803377878004056,-63.64109366872637
18204,BPRES-2026-01754,,10000,New Building,New Building,Applicant Revisions,CONROD SETTLEMENT,District 02,0,1,Accessory Structure,44.76504299486152,-63.244619959348945
18205,BPRES-2026-01823,2026-06-24,400000,New Building,New Building,Issued,BROOKSIDE,District 13,1,1,Dwelling - Single Detached,44.55473780436354,-63.72452024462097
18206,BPRES-2026-01874,2026-03-24,3500,Renovation,Renovation,Completed,HALIFAX,District 11,1,2,Dwelling - Multiple Units,44.6350140641252,-63.622521634253665
18207,BPRES-2026-01993,2026-03-12,2500,Addition,Addition,Completed,BEAVER BANK,District 15,0,1,Dwelling - Single Detached,44.80053405141651,-63.683766469471614
18208,BPRES-2026-02055,2026-03-04,240000,New Building,New Building,Issued,WEST PETPESWICK,District 02,1,1,Dwelling - Single Detached,44.74061297213461,-63.17318689597227
18209,BPRES-2026-02130,2026-04-28,340000,Renovation,Renovation,Issued,DARTMOUTH,District 06,0,2,Dwelling - Single Detached,44.69460238856317,-63.534887913967964
18210,BPRES-2026-02207,2026-03-23,100000,Addition,Addition,Issued,DARTMOUTH,District 05,0,2,Dwelling - Single Detached,44.67319163558522,-63.56979657806199
18211,BPRES-2026-02312,2026-03-06,150000,Addition,Addition,Issued,BEDFORD,District 16,0,1,Dwelling - Single Detached,44.730254017421274,-63.676845045422496
18212,BPRES-2026-02342,2026-03-23,65500,New Building,New Building,Issued,DARTMOUTH,District 06,0,1,Accessory Structure,44.69660719672452,-63.60447038952697
18213,BPRES-2026-02384,2026-03-23,410000,New Building,New Building,Issued,GAETZ BROOK,District 02,1,1,Dwelling - Single Detached,44.76691344309779,-63.21064724077182
18214,BPRES-2026-02412,,6440,New Building,New Building,Applicant Revisions,MIDDLE MUSQUODOBOIT,District 01,0,1,Accessory Structure,45.026282418027186,-63.159457999934936
18215,BPRES-2026-02461,2026-03-31,300000,New Building,New Building,Issued,WEST DOVER,District 13,1,2,Dwelling - Single Detached,44.493985668725685,-63.87127608764269
18216,BPRES-2026-02521,2026-03-13,200000,New Building,New Building,Issued,MIDDLE SACKVILLE,District 14,1,2,Dwelling - Single Detached,44.8016050598658,-63.76355741609203
18217,BPRES-2026-02570,2026-04-10,200000,Addition,Addition,Issued,HAMMONDS PLAINS,District 14,1,1,Dwelling - Backyard Suite,44.711747059867406,-63.769213534164436
18218,BPRES-2026-02686,2026-03-23,350000,New Building,New Building,Issued,PORTERS LAKE,District 02,1,1,Dwelling - Single Detached,44.73968363905458,-63.316930901659305
18219,BPRES-2026-02733,2026-04-21,9000,Renovation,Renovation,Completed,LOWER EAST CHEZZETCOOK,District 02,0,2,Dwelling - Single Detached,44.68367159405692,-63.216068512772154
18220,BPRES-2026-02798,,200000,New Building,New Building,Applicant Revisions,,District 16,5,3,Dwelling - Townhouse,44.70654346710515,-63.70887074440472
18221,BPRES-2026-02831,2026-03-16,3000,New Building,New Building,Issued,LOWER SACKVILLE,District 15,0,1,Accessory Structure,44.76176915803272,-63.681861826646085
18222,BPRES-2026-02902,2026-03-26,65000,Renovation,Renovation,Issued,HALIFAX,District 11,1,1,Dwelling - Multiple Units,44.6205461007723,-63.61486736554539
18223,BPRES-2026-02933,,1000000,New Building,New Building,In Review,,District 02,9,1,Dwelling - Townhouse,44.740837247711944,-63.28298758902505
18224,BPRES-2026-02958,2026-04-20,400000,New Building,New Building,Issued,HALIFAX,District 11,4,3,Dwelling - Semi-Detached,44.598988555512754,-63.60078920694601
18225,BPRES-2026-02960,2026-04-23,400000,New Building,New Building,Issued,HALIFAX,District 11,4,3,Dwelling - Semi-Detached,44.59872948928852,-63.6005320293106
18226,BPRES-2026-02962,2026-04-21,400000,New Building,New Building,Issued,HALIFAX,District 11,4,3,Dwelling - Semi-Detached,44.59876417198202,-63.60132712186961
18227,BPRES-2026-02965,2026-04-21,400000,New Building,New Building,Issued,HALIFAX,District 11,4,3,Dwelling - Semi-Detached,44.59773392347557,-63.60027757285857
18228,BPRES-2026-02994,2026-03-17,390000,New Building,New Building,Issued,BEAVER BANK,District 15,1,1,Dwelling - Single Detached,44.835450747862566,-63.66067785765011
18229,BPRES-2026-03104,2026-03-25,225000,Addition,Addition,Issued,HACKETTS COVE,District 13,0,2,Dwelling - Single Detached,44.57359889703655,-63.92846704356497
18230,BPRES-2026-03133,,350000,New Building,New Building,Applicant Revisions,,District 02,1,1,Dwelling - Single Detached,44.65445599362984,-63.36939308711895
18231,BPRES-2026-03201,,27899,New Building,New Building,Application Incomplete,UPPER LAKEVILLE,District 02,0,1,Accessory Structure,44.77907308062427,-62.96121042325415
18232,BPRES-2026-03282,2026-06-19,1500000,New Building,New Building,Issued,HALIFAX,District 07,6,3,Dwelling - Multiple Units,44.62834712290766,-63.58795291255763
18233,BPRES-2026-03333,2026-04-17,8000,New Building,New Building,Issued,MIDDLE SACKVILLE,District 14,0,1,Accessory Structure,44.78462397639536,-63.71918545376609
18234,BPRES-2026-03410,,9000000,New Building,New Building,Applicant Revisions,BEAVER BANK,District 15,60,3,Dwelling - Townhouse,44.793419089298574,-63.6883206786832
18235,BPRES-2026-03427,2026-04-20,400000,New Building,New Building,Amendment Review,HALIFAX,District 11,4,3,Dwelling - Semi-Detached,44.58715310821817,-63.589402594812654
18236,BPRES-2026-03491,2026-07-06,1075000,New Building,New Building,Issued,DARTMOUTH,District 05,4,3,Dwelling - Multiple Units,44.680280106682595,-63.55204589555808
18237,BPRES-2026-03539,2026-06-23,38000,Renovation,Renovation,Issued,HALIFAX,District 07,1,3,Dwelling - Multiple Units,44.64132816149723,-63.58890697806064
18238,BPRES-2026-03584,2026-04-21,934119,New Building,New Building,Issued,DARTMOUTH,District 03,6,2,Dwelling - Townhouse,44.66224565944951,-63.537613133041795
18239,BPRES-2026-03606,2026-04-24,1158446,New Building,New Building,Issued,DARTMOUTH,District 03,6,3,Dwelling - Townhouse,44.66292891701055,-63.53834779084984
18240,BPRES-2026-03669,,80000,Renovation,Renovation,Applicant Revisions,MONTAGUE GOLD MINES,District 01,1,2,Dwelling - Backyard Suite,44.71982906545687,-63.51857056948087
18241,BPRES-2026-03780,,50000,Renovation,Renovation,Applicant Revisions,HALIFAX,District 10,1,1,Dwelling - Multiple Units,44.66448767476748,-63.64198940032082
18242,BPRES-2026-03842,2026-05-11,34000,New Building,New Building,Issued,DARTMOUTH,District 06,0,1,Accessory Structure,44.68573152668224,-63.505723174739636
18243,BPRES-2026-03870,2026-04-13,600000,New Building,New Building,Issued,HEAD OF ST MARGARETS BAY,District 13,1,2,Dwelling - Single Detached,44.666000105009644,-63.91350043017575
18244,BPRES-2026-03935,2026-04-13,200000,New Building,New Building,Issued,MIDDLE SACKVILLE,District 14,1,32,Dwelling - Single Detached,44.7946873197035,-63.76412198802856
18245,BPRES-2026-03953,2026-05-11,60000,New Building,New Building,Issued,MIDDLE SACKVILLE,District 14,1,2,Dwelling - Backyard Suite,44.79315916050496,-63.73186597720985
18246,BPRES-2026-04038,,360000,Renovation,Renovation,Withdrawn,HALIFAX,District 16,0,3,Dwelling - Multiple Units,44.695504641113175,-63.6614386026639
18247,BPRES-2026-04110,2026-04-17,100000,Addition,Addition,Issued,ENFIELD,District 01,0,2,Dwelling - Single Detached,44.93318206061771,-63.54971107027583
18248,BPRES-2026-04145,2026-06-03,80000,New Building,New Building,Issued,OAKFIELD,District 01,0,1,Accessory Structure,44.920878429103546,-63.55655545705699
18249,BPRES-2026-04174,2026-05-14,2000,Renovation,Renovation,Issued,HALIFAX,District 09,0,2,Dwelling - Single Detached,44.64888019931794,-63.61343084072793
18250,BPRES-2026-04239,2026-05-28,200000,Renovation,Renovation,Issued,LOWER SACKVILLE,District 15,2,2,Dwelling - Multiple Units,44.76487082569494,-63.68670177322254
18251,BPRES-2026-04334,2026-06-04,558320,New Building,New Building,Issued,HEAD OF ST MARGARETS BAY,District 13,1,2,Dwelling - Single Detached,44.677368649573,-63.920710693321176
18252,BPRES-2026-04378,,255000,Addition,Addition,Applicant Revisions,HARRIETSFIELD,District 11,0,1,Dwelling - Single Detached,44.56523997200894,-63.63760932665712
18253,BPRES-2026-04420,2026-05-21,25000,Addition,Addition,Issued,HALIFAX,District 08,0,1,Dwelling - Single Detached,44.663100976800564,-63.59521298799888
18254,BPRES-2026-04458,2026-06-08,90000,New Building,New Building,Issued,SOUTHWEST COVE,District 02,1,1,Dwelling - Single Detached,44.729957940707536,-62.820690001389295
18255,BPRES-2026-04499,2026-04-27,50000,New Building,New Building,Completed,MIDDLE SACKVILLE,District 14,0,1,Accessory Structure,44.80862300596958,-63.72898672959436
18256,BPRES-2026-04566,2026-04-29,600000,New Building,New Building,Amendment Review,WINDSOR JUNCTION,District 01,1,1,Dwelling - Single Detached,44.802048733908094,-63.65774960849654
18257,BPRES-2026-04624,2026-04-29,27900,New Building,New Building,Issued,UPPER TANTALLON,District 13,0,1,Accessory Structure,44.691369216134284,-63.882917995733344
18258,BPRES-2026-04649,2026-05-06,584850,New Building,New Building,Issued,WEST PETPESWICK,District 02,1,1,Dwelling - Single Detached,44.736798570462106,-63.179223624797366
18259,BPRES-2026-04662,2026-05-13,475000,New Building,New Building,Issued,MIDDLE SACKVILLE,District 14,1,2,Dwelling - Single Detached,44.79910082603396,-63.770216197798625
18260,BPRES-2026-04709,2026-05-11,520000,New Building,New Building,Amendment Review,BEECHVILLE,District 12,1,2,Dwelling - Single Detached,44.63662274619202,-63.677213138996976
18261,BPRES-2026-04789,,180000,Addition,Addition,Applicant Revisions,HALIFAX,District 09,1,2,Dwelling - Multiple Units,44.64491724825408,-63.629554306335365
18262,BPRES-2026-04846,2026-05-11,520000,New Building,New Building,Issued,BEECHVILLE,District 12,1,2,Dwelling - Single Detached,44.636391970573406,-63.67709505704916
18263,BPRES-2026-04947,2026-04-28,41000,New Building,New Building,Completed,MUSQUODOBOIT HARBOUR,District 02,0,1,Accessory Structure,44.789460638075404,-63.11312418282312
18264,BPRES-2026-05001,,16000,Renovation,Renovation,Applicant Revisions,WESTPHAL,District 04,0,2,Dwelling - Semi-Detached,44.68598492122811,-63.48217468023818
18265,BPRES-2026-05083,2026-06-01,500000,New Building,New Building,Issued,PORTUGUESE COVE,District 11,1,3,Dwelling - Single Detached,44.51447832448463,-63.539227984527116
18266,BPRES-2026-05189,,82000,New Building,New Building,In Review,EAST PENNANT,District 11,1,1,Dwelling - Backyard Suite,44.47062340476985,-63.62617961730942
18267,BPRES-2026-05241,,20000,Addition,Addition,Application Incomplete,OSTREA LAKE,District 02,0,1,Dwelling - Single Detached,44.718408246611574,-63.06926841185213
18268,BPRES-2026-05284,2026-06-15,130000,New Building,New Building,Issued,HALIFAX,District 08,1,2,Dwelling - Backyard Suite,44.670825708537954,-63.604836819788225
18269,BPRES-2026-05355,2026-05-01,54000,New Building,New Building,Issued,WINDSOR JUNCTION,District 01,0,1,Accessory Structure,44.79562212367682,-63.66546462657441
18270,BPRES-2026-05442,2026-06-08,200000,New Building,New Building,Amendment Review,TIMBERLEA,District 12,1,1,Dwelling - Single Detached,44.6369698430126,-63.72076172755626
18271,BPRES-2026-05548,2026-06-04,1100000,New Building,New Building,Issued,FALL RIVER,District 01,2,2,Dwelling - Multiple Units,44.83929689754174,-63.64422635629423
18272,BPRES-2026-05590,2026-05-20,500000,New Building,New Building,Issued,MIDDLE SACKVILLE,District 14,1,1,Dwelling - Single Detached,44.796912265007364,-63.766539997229366
18273,BPRES-2026-05622,2026-05-25,100000,Addition,Addition,Issued,FALL RIVER,District 01,1,1,Dwelling - Multiple Units,44.81211037574365,-63.623115428619485
18274,BPRES-2026-05711,2026-05-25,30000,New Building,New Building,Issued,WELLINGTON,District 01,0,1,Accessory Structure,44.884347871952116,-63.634275829665164
18275,BPRES-2026-05757,2026-05-19,150000,Addition,Addition,Issued,HUBBARDS,District 13,0,1,Dwelling - Single Detached,44.64307406156845,-64.05123292494633
18276,BPRES-2026-05800,,24000,New Building,New Building,Application Incomplete,TIMBERLEA,District 12,0,2,Accessory Structure,44.66006081448059,-63.73997374101182
18277,BPRES-2026-05862,,527000,New Building,New Building,In Review,LOWER SACKVILLE,District 15,1,1,Dwelling - Single Detached,44.77339694401673,-63.636169993287886
18278,BPRES-2026-05942,2026-05-22,12000,New Building,New Building,Issued,LOWER SACKVILLE,District 15,0,1,Accessory Structure,44.77878885947697,-63.66577161660644
18279,BPRES-2026-06011,2026-05-29,300000,Addition,Addition,Issued,UPPER TANTALLON,District 13,0,2,Dwelling - Single Detached,44.71387575760433,-63.86814605749656
18280,BPRES-2026-06068,2026-06-08,120000,New Building,New Building,Issued,FLETCHERS LAKE,District 01,1,1,Dwelling - Backyard Suite,44.83914968313685,-63.60712074589603
18281,BPRES-2026-06102,2026-06-05,25000,New Building,New Building,Issued,GRAND LAKE,District 01,0,1,Accessory Structure,44.88498555925116,-63.591527789873616
18282,BPRES-2026-06241,,57000,Addition,Addition,Applicant Revisions,DARTMOUTH,District 05,0,2,Dwelling - Single Detached,44.67431422828968,-63.57538385438312
18283,BPRES-2026-06299,,22350,Renovation,Renovation,Applicant Revisions,HALIFAX,District 08,0,1,Dwelling - Single Detached,44.66704372819675,-63.6142623459373
18284,BPRES-2026-06362,,500000,New Building,New Building,In Review,HALIFAX,District 12,1,2,Dwelling - Single Detached,44.64572581834704,-63.65283929465281
18285,BPRES-2026-06405,,100000,Addition,Addition,In Review,DARTMOUTH,District 05,2,2,Dwelling - Multiple Units,44.66687123687047,-63.58026037636318
18286,BPRES-2026-06472,,146000,New Building,New Building,Applicant Revisions,ENFIELD,District 01,1,1,Dwelling - Backyard Suite,44.924282358130355,-63.53538695437062
18287,BPRES-2026-06595,,29563.03,Renovation,Renovation,Submitted,THREE FATHOM HARBOUR,District 02,0,1,Dwelling - Single Detached,44.64650645808157,-63.31023484595699
18288,BPRES-2026-06668,2026-06-03,50000,Renovation,Renovation,Issued,HALIFAX,District 07,0,1,Dwelling - Multiple Units,44.625464058648596,-63.57927969697295
18289,BPRES-2026-06744,2026-06-08,60000,New Building,New Building,Issued,WILLIAMSWOOD,District 11,0,1,Accessory Structure,44.5172963191941,-63.64289685324579
18290,BPRES-2026-06824,2026-06-24,365230,Addition,Addition,Issued,HALIFAX,District 07,1,2,Dwelling - Single Detached,44.63284099087502,-63.58695759193782
18291,BPRES-2026-06874,,20000,Addition,Addition,Application Incomplete,WELLINGTON,District 01,0,1,Dwelling - Single Detached,44.854430598111875,-63.60579956439358
18292,BPRES-2026-06924,2026-06-12,600000,New Building,New Building,Issued,HALIFAX,District 11,4,3,Dwelling - Semi-Detached,44.59840573450449,-63.60022050504024
18293,BPRES-2026-06989,2026-06-22,39995,New Building,New Building,Issued,PORTERS LAKE,District 02,0,1,Accessory Structure,44.74063642297167,-63.33459749538259
18294,BPRES-2026-07040,,1600000,New Building,New Building,Applicant Revisions,DARTMOUTH,District 06,6,3,Dwelling - Townhouse,44.71418668150005,-63.54103214916862
18295,BPRES-2026-07100,,25000,Renovation,Renovation,Applicant Revisions,HALIFAX,District 11,1,2,Dwelling - Single Detached,44.6141329155002,-63.61848385190197
18296,BPRES-2026-07210,,105693.96,Addition,Addition,Applicant Revisions,HALIFAX,District 08,0,3,Dwelling - Single Detached,44.66755135224332,-63.61276024655594
18297,BPRES-2026-07291,,800000,New Building,New Building,In Review,CHASWOOD,District 01,1,1,Dwelling - Single Detached,45.03582351516922,-63.21429875628953
18298,BPRES-2026-07326,,2000,Renovation,Renovation,Application Incomplete,HALIFAX,District 07,1,3,Dwelling - Multiple Units,44.642853391695155,-63.58842676519517
18299,BPRES-2026-07424,,200000,New Building,New Building,Applicant Revisions,PLEASANT POINT,District 02,1,1,Dwelling - Single Detached,44.69010299268289,-63.04979438285903
18300,BPRES-2026-07561,,425000,New Building,New Building,In Review,DARTMOUTH,District 06,1,3,Dwelling - Single Detached,44.71595499253738,-63.538425660194996
18301,BPRES-2026-07600,,80000,Renovation,Renovation,In Review,MUSQUODOBOIT HARBOUR,District 02,0,1,Dwelling - Single Detached,44.79729744448985,-63.152529360956436
18302,BPRES-2026-07668,,150000,New Building,New Building,Applicant Revisions,HALIFAX,District 10,1,2,Dwelling - Backyard Suite,44.68284654386842,-63.664156691712535
18303,BPRES-2026-07779,,350000,New Building,New Building,Applicant Revisions,EAST CHEZZETCOOK,District 02,1,1,Dwelling - Single Detached,44.711190292394896,-63.22191385588168
18304,BPRES-2026-07846,,809671.32,New Building,New Building,In Review,EAST DOVER,District 13,1,1,Dwelling - Single Detached,44.49956475852883,-63.850243477849986
18305,BPRES-2026-07938,,425000,New Building,New Building,In Review,MIDDLE SACKVILLE,District 14,1,3,Dwelling - Single Detached,44.80277873207061,-63.76472792712738
18306,BPRES-2026-08014,,100000,New Building,New Building,Application Incomplete,HALIFAX,District 07,0,1,Accessory Structure,44.62834712290766,-63.58795291255763
18307,BPRES-2026-08083,,600000,New Building,New Building,Submitted,,District 15,1,1,Dwelling - Single Detached,44.84364890022126,-63.672072004177956
18308,BPRES-2026-08157,2026-06-29,6500,Renovation,Renovation,Issued,HALIFAX,District 16,0,3,Dwelling - Semi-Detached,44.692767406091946,-63.67625364185929
18309,BPRES-2026-08226,,17000,New Building,New Building,Applicant Revisions,SHEET HARBOUR,District 02,0,1,Accessory Structure,44.91004749303028,-62.53374343581293
18310,BPRES-2026-08332,,450000,New Building,New Building,In Review,,District 11,1,2,Dwelling - Backyard Suite,44.534519421225845,-63.54318060610311
18311,BPRES-2026-08389,,36000,New Building,New Building,In Review,HUBBARDS,District 13,0,2,Accessory Structure,44.6412150742851,-64.05147175115023
18312,BPRES-2026-08471,,48000,New Building,New Building,In Review,UPPER HAMMONDS PLAINS,District 14,0,1,Accessory Structure,44.76288486837788,-63.85239248271712
18313,BPRES-2026-08601,,75000,Addition,Addition,In Review,SPRY HARBOUR,District 02,0,1,Dwelling - Single Detached,44.83873157936573,-62.61954012891863
18314,BPRES-2026-08756,,6500,New Building,New Building,In Review,WESTPHAL,District 04,0,1,Accessory Structure,44.69357858601007,-63.49146630785135
18315,BPRES-2026-08872,,65000,New Building,New Building,Application Incomplete,LUCASVILLE,District 14,0,1,Accessory Structure,44.751777732795865,-63.736895301479386
18316,BPRES-2026-08968,,500000,New Building,New Building,Applicant Revisions,HALIFAX,District 07,1,2,Dwelling - Single Detached,44.63148109869776,-63.58752207177374
